0 0.01166844747526789 0.7880826731986804 0.02333689495053578 0.08804230497815269
0 0.6581780916830526 0.7582770967265653 0.11241642100931237 0.12819026052376917
0 0.7003036242518318 0.9153143584050477 0.10480774440092269 0.10750627461060631
0 0.6191910597389735 0.5081574247815261 0.048215082574004066 0.057626334248762845
0 0.6872665535151962 0.4983936313663014 0.054812880136357836 0.06239803442525371
0 0.2472755578648737 0.7768569828447343 0.12474656818297039 0.14560119452679174
0 0.6285292483263929 0.5812455837944416 0.046541583351976355 0.056116026392140125
0 0.4999683856737012 0.45927599241164563 0.07751410645978148 0.09579872630468458
0 0.7421969715571839 0.8170958187507467 0.04967252637586874 0.05757130059872182
0 0.5110037419021228 0.28264529625171153 0.06507004621561059 0.07945632803833398
0 0.19511771015853635 0.30790474287386405 0.09616645020978147 0.09634145407749281
0 0.5490902020606592 0.5859808964099962 0.0513741684661948 0.06073892319868044
0 0.07781181098837335 0.3060574348771629 0.09761392619579339 0.11801545856416498
0 0.5424123043403888 0.6844411284633075 0.11800962853029055 0.13770733585696499
0 0.5804711792401424 0.5438305003292043 0.051883192636357836 0.06231278922533612
0 0.8112960493660113 0.49417279578949314 0.09974173610255299 0.12294941818411545
0 0.9081440481166115 0.6833382473597036 0.051248369347896984 0.05907876694868044
0 0.7497637856690569 0.6552406764308787 0.046324071007570564 0.05581737462881229
0 0.8120162545501703 0.598329098375918 0.09363938908448902 0.10542737185758355
0 0.7979000906573674 0.2886442098169736 0.06293035026106572 0.07179367643171135
0 0.01786738396929865 0.8737617604248413 0.0357347679385973 0.08945779809143914
0 0.4060729852541384 0.6444573229738889 0.056632921396846926 0.06712815702521233
0 0.8864242586993551 0.6083238754938066 0.060077576090902696 0.07015161424512169
0 0.32498431553854357 0.8879512587089817 0.06215515861188088 0.07956639533841639
0 0.422428000601478 0.8625995692129653 0.0738593393694554 0.09257427357144721
0 0.34199606201405863 0.7874427933487176 0.08965634108157472 0.1133016335443795
0 0.5708845369184566 0.4636883592629776 0.0853119218904336 0.10226183930447838
0 0.8662991676177804 0.7189203946941365 0.06136930718530849 0.07048152258175264
0 0.22529658193479038 0.6329334866056578 0.080428994063511 0.09568865900460218
0 0.7000140846340828 0.5574874865391508 0.051269112268059656 0.060638425442016516
0 0.6033102250816688 0.9140580837944416 0.09363344606059662 0.10406302586424729
0 0.5599881228019392 0.8141430003292044 0.10308279152271585 0.12460568790402463
0 0.7825216991608743 0.39859587133717145 0.05070525928554268 0.0544832401853526
0 0.4985583284103054 0.5398811347315137 0.058097765146846926 0.0671707796251713
0 0.32092931326345847 0.6004823509497074 0.05478619419230224 0.05947402993858155
0 0.3445812234312836 0.5260051881758682 0.09207094606059663 0.10401756175762475
0 0.7392667613986474 0.5147831609914725 0.061459563487172984 0.07038670783841657
0 0.41764206036367335 0.40911921654739813 0.0429133868787833 0.04938447317889487
0 0.4210971018555222 0.4875170011871342 0.04959561304603195 0.05912811758539398
0 0.743846595007045 0.5783371956312087 0.057317856744167096 0.059450252861843286
0 0.2290522344289457 0.4490442199126104 0.04756691631351497 0.05293030972877126
0 0.6285804829790532 0.3635807106749034 0.04822102559789663 0.05899068024209901
0 0.45174252799538694 0.5377359615328332 0.04972881211246545 0.06088593008539398
0 0.6971356931375896 0.6678028609123302 0.04777557178554268 0.054397994985435
0 0.7557732968672116 0.8652521739235961 0.04322127085197636 0.05601941516556721
0 0.34777892364106505 0.4321415279093115 0.07538035352912935 0.08950042069139794
0 0.01341926949652455 0.5235428000791422 0.0268385389930491 0.14708560015828454
0 0.28437558400938284 0.6385673726573198 0.04317978501165021 0.05290009817889487
0 0.20841858048489792 0.5353537929530063 0.08243840480010753 0.09906011862455255
0 0.39905062280193926 0.8094601973470683 0.04453957256351497 0.05284222302218957
0 0.6588329775804684 0.5429787056603385 0.04496428345570571 0.05587524978551741
0 0.4029255970816374 0.5723322703874641 0.058571361827499044 0.07342077962517131
0 0.8104598742518319 0.9185195779219468 0.12122611110255299 0.12357454965017745
0 0.1362187360793309 0.8268676915410804 0.06203081641782515 0.07663954934508048
0 0.8241923327599829 0.8406218984550602 0.04091877603845724 0.046208326058944496
0 0.09741114812125583 0.4710519490629279 0.11689112541840177 0.14352124675034225
0 0.4177021825641347 0.35666180628084143 0.04756545938927239 0.05419699947210717
0 0.8926294823543532 0.46443748317393857 0.08768235783448901 0.10525403995108462
0 0.25153516014460325 0.8756354636444043 0.04490811304603195 0.05899172526552583
0 0.10386021243362147 0.5926003401291547 0.09946345192190079 0.11670510119744329
0 0.8818990115991401 0.802369392186854 0.092343287217356 0.10889753275096084
0 0.8304156701165801 0.34518136632260654 0.06853241465442181 0.08014171827157117
0 0.2741405140979398 0.41199050079142285 0.0824310048519723 0.09896246237455256
0 0.911253702261152 0.8799548345858643 0.05388386182749905 0.0732843873053028
0 0.6731430086993552 0.6021180249398107 0.04791471387586874 0.05752015347877126
0 0.7369257792447869 0.3596864840318684 0.07505329888693843 0.08647023543473402
0 0.8012176966620747 0.7718347945358519 0.09923999655360234 0.11504210344077936
0 0.6696655790350053 0.4516861159268952 0.04442117339335194 0.05127972302218957
0 0.8861343804756092 0.9324660691464581 0.0480123701258691 0.057522994985435005
0 0.7010508306853905 0.8331239840318684 0.05208456348717298 0.07011392319868044
0 0.6263066653426953 0.4245864068348374 0.04611541553554286 0.05434968937214855
0 0.08203091139400306 0.6843559311162393 0.07599566016782515 0.07704588479802066
0 0.7358896172028618 0.7143428917911426 0.05124836934789663 0.05907876694868044
0 0.5551196721911725 0.3410859335570147 0.0822490353240001 0.10041878160456079
0 0.2748168655524767 0.32040239436493206 0.0624836701783142 0.0813298908517444
0 0.35343877302100946 0.33678356380268887 0.0825908898624613 0.10364427936122471
0 0.43895541761778034 0.7064859615328333 0.06528015861188088 0.07965732355166182
0 0.751211576960413 0.45014399947127454 0.052950011438222686 0.06224638954863906
0 0.9326597186573988 0.6284605307457983 0.04892996369463241 0.06963236998543501
0 0.04801999645229311 0.8438756836235217 0.04636701377213924 0.05767000187214819
0 0.38161651429843246 0.698553789587794 0.04318572803554286 0.054264444172230954
0 0.44351747613057596 0.4396250704666064 0.0393710759347277 0.04635817445232178
0 0.5027713091142736 0.5979436873179383 0.044218460945216795 0.05117638375886191
0 0.723814747076993 0.7703655712580292 0.04477637090384103 0.05596722302218975
0 0.7177721149277768 0.4264648070722642 0.04474822803554286 0.054309908278853666
0 0.16943305516558135 0.8638508659934022 0.04746926006351497 0.052927468222107164
0 0.3971393835991087 0.4523691113745486 0.04306732886537974 0.05270194417223095
0 0.39874389209797123 0.7515113050272002 0.048394253580413604 0.06513449947210717
0 0.48264437280193934 0.8118925270513817 0.07826598732108572 0.10829304329135674
0 0.8616172033100591 0.4087270407749283 0.044763027931813325 0.05450522077885367
0 0.4863981800653351 0.7313555808914477 0.05417211382400389 0.057799666155261956
0 0.8291193989464485 0.6826048099752582 0.056326609674819395 0.0656576302618845
0 0.9278341991608741 0.40282403325308086 0.038032031303026057 0.04797570810236298
0 0.8610169039208259 0.8816249831739386 0.04488737012586874 0.05743206677218957
0 0.927733575086313 0.7348014589590438 0.04224336675465636 0.06368879480894449
0 0.26185215641962556 0.49149614436493216 0.04834682471619489 0.060650836492099104
0 0.041719100405629705 0.3793896347980207 0.05760354087295436 0.06579222609851546
0 0.26795860123082227 0.5762348572179136 0.07176695695220685 0.08296417997815268
0 0.1272357450024006 0.749092032528165 0.07585395020978147 0.09575042069139794
0 0.43709264522147084 0.28675848324044556 0.06509964600815117 0.07984695303833397
0 0.5895492586993551 0.5996856952354972 0.04296372959148727 0.051334756672230954
0 0.29374966139400305 0.6905163175636125 0.04463722881351497 0.052845064528853666
0 0.6718801970862819 0.3914616697669612 0.055425618907336015 0.07177019291858962
0 0.17074005911427356 0.5882825646606186 0.04621307178554281 0.05435253087881229
0 0.6455461918881897 0.8526492223533857 0.041288773445216795 0.051091138558944496
0 0.3360080163730249 0.7011415804957363 0.049678469399761484 0.058935646592057724
0 0.14272792259215786 0.8959586723407507 0.04307472881351497 0.052799600422230954
0 0.6314398381585677 0.6564956363808663 0.07848461060896632 0.08803169041130729
0 0.4808058338088902 0.36084685259905996 0.09375184523075966 0.10562552586424748
0 0.8657439831795457 0.6539175203209571 0.04070417754253697 0.04337629480894432
0 0.3573511427226711 0.6571331677218971 0.041615828087407714 0.05412132381560823
0 0.3230945418928341 0.6545704573761981 0.04107866104894633 0.050890143045616655
0 0.05404669873666699 0.7540092015702105 0.08606514434905779 0.10705836158113406
0 0.08502216636838053 0.8825350183424 0.07700170713344343 0.0710338198979791
0 0.8210514028951404 0.4067637240027385 0.034488263434727884 0.04621609911912579
0 0.7440297294545684 0.2659364840318684 0.06841255856001602 0.07984590801490725
0 0.003158130463609881 0.7156848359725195 0.006316260927219762 0.0721899844450391
0 0.2545571068298997 0.6807632328447342 0.03578582222610347 0.041479248482412245
0 0.13233244501168936 0.3718475709288248 0.06865675684847723 0.08306856426490725
0 0.45870107778560554 0.6318951384924374 0.032863534674238616 0.041491659532494826
0 0.17648334148256004 0.46082515439406196 0.05535610552563428 0.07342466615526178
0 0.9453857842191642 0.5638441012789117 0.03262416846619516 0.060193353919208194
0 0.7796755060000627 0.6944766726699549 0.04283647354894633 0.05094129016556703
0 0.15460465102104087 0.6668932979675712 0.07570000822318504 0.09243294969806186
0 0.6025918651282695 0.7065494606749034 0.034775289160835145 0.04486027764578147
0 0.28894099437770066 0.8469709060434145 0.04625455762586892 0.05747184786548445
0 0.027491399000465787 0.659099866851332 0.054982798000931574 0.08770775865162062
0 0.44077710413060733 0.7754405500126353 0.03773906255302588 0.04796718358237122
0 0.0885624860793309 0.8254810362890886 0.032779221396266454 0.04295082026916717
0 0.512614370102647 0.9020234335570148 0.09152043605010754 0.09932437874429709
0 0.959664539617749 0.3857418333322231 0.03283765601864026 0.08358538981258565
0 0.9186033383590605 0.9482872974388457 0.0285434642132806 0.06806477409934004
0 0.9539958026900036 0.31589233458586435 0.05354940723717298 0.07015654579863924
0 0.6740123047645961 0.31166050950040447 0.0772773081194554 0.09267372630468458
0 0.008022297090926195 0.39985524749271756 0.01604459418185239 0.06846049498543509
0 0.2655850821352831 0.9175418188172536 0.03468951895862036 0.047586128125789884
0 0.9513891757156575 0.4536196551189778 0.03708227007400424 0.057302402489076344
0 0.37301999645229306 0.8533322178010394 0.03980912979894633 0.050853203458985516
0 0.9141716730163651 0.5417956050398355 0.05834936338344328 0.07049109212517113
0 0.029289032769271778 0.44009981426490724 0.05159762383449312 0.06240192095534436
0 0.9047644746806836 0.35595739344049526 0.05865433350815117 0.07965941359851544
0 0.2193263113893587 0.8770471994586394 0.030102589057105434 0.04491919782591367
0 0.43877966409329544 0.6054773909997199 0.03445417754253697 0.043194438382453626
0 0.933650765748325 0.8117049397587138 0.01998245850815117 0.0785341769596041
0 0.9576974526853593 0.5046964218120251 0.015599121344401824 0.042548371346317636
0 0.3021103035151962 0.48718672908381044 0.03335047432691853 0.04920366177583091
0 0.7267765715618282 0.6279507507249158 0.041399772667244504 0.052555982308944316
0 0.44966961990215426 0.61675587179939 0.034091580083912554 0.03840928213245363
0 0.17103328919354177 0.7394047954602888 0.04801977007400406 0.05762065123543501
0 0.2272446325502016 0.9172091982049981 0.03898773555594044 0.04001335970898552
0 0.18246492881593518 0.9088594891129403 0.053085778372373806 0.04217750766192587
0 0.7388621744662576 0.6337832135778972 0.0669991684661948 0.061193564264907255
0 0.8876254414872043 0.2928208959477777 0.04826251143822269 0.062109997228771176