0 0.525 0.684375 0.146875 0.18203125
0 0.92265625 0.76953125 0.10078125 0.11328125
0 0.63203125 0.40703125 0.10078125 0.12265625
0 0.35078125 0.4015625 0.08984375 0.10234375
0 0.8578125 0.57265625 0.08671875 0.10234375
0 0.9375 0.5828125 0.084375 0.10078125
0 0.2515625 0.35234375 0.09765625 0.11953125
0 0.784375 0.39609375 0.09921875 0.1109375
0 0.08671875 0.60625 0.096875 0.1234375
0 0.078125 0.33671875 0.0953125 0.1375
0 0.47578125 0.38125 0.059375 0.07734375
0 0.46171875 0.5 0.06015625 0.0765625
0 0.71796875 0.58125 0.0875 0.10546875
0 0.64921875 0.67890625 0.10234375 0.13359375
0 0.5125 0.25859375 0.078125 0.1015625
0 0.78984375 0.525 0.078125 0.0921875
0 0.596875 0.575 0.08125 0.1
0 0.5984375 0.77265625 0.06796875 0.08515625
0 0.571875 0.3125 0.0703125 0.0890625
0 0.43046875 0.4328125 0.071875 0.0921875
0 0.334375 0.2953125 0.0875 0.11015625
0 0.4109375 0.5265625 0.0609375 0.07890625
0 0.8109375 0.77734375 0.08828125 0.11953125
0 0.79296875 0.65 0.07734375 0.09375
0 0.18359375 0.28671875 0.07421875 0.09921875
0 0.15390625 0.51171875 0.065625 0.0953125
0 0.7015625 0.47421875 0.08203125 0.0984375
0 0.15390625 0.39609375 0.096875 0.1328125
0 0.87109375 0.68515625 0.0890625 0.1203125
0 0.55625 0.4734375 0.06875 0.08984375
0 0.9109375 0.4953125 0.06640625 0.0765625
0 0.1609375 0.17421875 0.07265625 0.0984375
0 0.45546875 0.578125 0.05625 0.071875
0 0.7078125 0.3359375 0.08828125 0.10546875
0 0.0828125 0.446875 0.0609375 0.08203125
0 0.41796875 0.3390625 0.065625 0.08828125
0 0.5015625 0.44296875 0.04765625 0.059375
0 0.85625 0.43984375 0.08671875 0.109375
0 0.25859375 0.24140625 0.0734375 0.0984375
0 0.51796875 0.54765625 0.07265625 0.08515625
0 0.3640625 0.571875 0.07109375 0.0859375
0 0.94765625 0.675 0.065625 0.07578125
0 0.6140625 0.4953125 0.05234375 0.0625
0 0.03828125 0.50390625 0.0640625 0.10546875
0 0.9796875 0.49765625 0.03984375 0.09140625
0 0.40078125 0.75078125 0.08046875 0.09140625
0 0.73125 0.72109375 0.07265625 0.0875
0 0.5390625 0.38359375 0.05703125 0.07734375
0 0.26953125 0.4578125 0.05546875 0.07265625
0 0.1796875 0.61484375 0.08046875 0.1046875
0 0.3 0.6125 0.06171875 0.08359375
0 0.515625 0.809375 0.06328125 0.07734375
0 0.03046875 0.20390625 0.0609375 0.11953125
0 0.440625 0.8265625 0.059375 0.0765625
0 0.65859375 0.53984375 0.05859375 0.078125
0 0.0125 0.5953125 0.025 0.10625
0 0.05234375 0.66484375 0.046875 0.0515625
0 0.06953125 0.734375 0.065625 0.1046875
0 0.290625 0.53515625 0.05859375 0.07265625
0 0.41171875 0.6609375 0.065625 0.08203125
0 0.01640625 0.73359375 0.0328125 0.1203125
0 0.23125 0.553125 0.059375 0.0765625
0 0.66796875 0.78671875 0.0734375 0.0953125
0 0.43828125 0.2453125 0.06328125 0.09296875
0 0.9828125 0.7296875 0.034375 0.1359375
0 0.33984375 0.69296875 0.059375 0.0890625
0 0.36875 0.81796875 0.06640625 0.0921875
0 0.24453125 0.68671875 0.0796875 0.08125
0 0.134375 0.678125 0.06796875 0.06171875
0 0.63359375 0.284375 0.06015625 0.07578125
0 0.10546875 0.23125 0.0515625 0.0796875
0 0.990625 0.61171875 0.01796875 0.06796875
0 0.3015625 0.759375 0.0671875 0.09140625
0 0.35390625 0.49296875 0.06328125 0.07890625
0 0.16640625 0.76015625 0.05859375 0.0984375
0 0.32421875 0.1984375 0.06640625 0.078125
0 0.00625 0.41640625 0.01171875 0.07578125
0 0.57890625 0.20625 0.05 0.07890625