0 0 0.8130804015624999 0.0147149828125 0.8131660109375 0.024719739062500003 0.80590365 0.0372278265625 0.7915840453125 0.0472878359375 0.773325003125 0.0473607453125 0.7731291671875 0.052340048437499995 0.732575996875 0.05143509375000001 0.7236300124999999 0.047181082812500004 0.7105212859375001 0.0382047953125 0.6960766875 0.0228788328125 0.683433365625 0.003402559375 0.68332005625 0 0.6847409015625 0 0.8130804015624999
0 0 0.6754821796875 0.0018770031249999999 0.6754931 0.014375965625 0.6692806609375 0.033385573437499996 0.6497652890625 0.041222228124999996 0.632103896875 0.0455995203125 0.5964537140624999 0.0449975703125 0.5870297484375 0.04106463125 0.5713060953125 0.023607009374999998 0.5463449687499999 0.012851478125 0.538432009375 0 0.5383572421875 0 0.6754821796875
0 0 0.47253304218750003 0.000977521875 0.47436289218749994 0.0037891171874999997 0.47536135625 0.019650425 0.475453634375 0.026368146874999998 0.4745106109375 0.0432774390625 0.46414180156249996 0.053511328125 0.4524257625 0.0638924109375 0.4315517921875 0.0671298265625 0.42110344531250005 0.06905626249999999 0.4054138796875 0.06707645 0.38970158593750004 0.0641334171875 0.381834078125 0.053204004687499994 0.3673781171875 0.042127399999999995 0.36208008281250004 0.030087578124999997 0.364626834375 0.008629890625 0.3802027703125 0 0.390082509375 0 0.47253304218750003
0 0 0.5300658765625 0.0079322671875 0.530112025 0.0144467203125 0.5226540984375 0.0196372625 0.5122171125 0.020147621875 0.5108462640625 0.022266701562499998 0.49358774062500005 0.022205843750000002 0.491297690625 0.016814734375 0.4794907453125 0.0080123265625 0.4715891484375 0 0.47154253281249997 0 0.5300658765625
0 0.0708836140625 0.5513060203125 0.0809436234375 0.533046978125 0.082870059375 0.5173574125 0.081880153125 0.509501265625 0.0779472140625 0.4937776109375 0.0725561046875 0.481970665625 0.0638406359375 0.47414710937500004 0.0480524109375 0.47405525624999995 0.0313932875 0.490889971875 0.0239285484375 0.503930521875 0.017453717187500002 0.5248272187499999 0.015848353125 0.53790185625 0.0245035671875 0.5549613812499999 0.034377228125 0.5677926656250001 0.035928153125 0.5678016890625 0.056743475 0.5629993359375 0.0651981203125 0.55781493125 0.0708836140625 0.5513060203125
0 0.11150615312500001 0.5945418 0.11124395625000001 0.5934935546875 0.1025887421875 0.5764340296875 0.09366800625 0.5712648406249999 0.0816454375 0.571194896875 0.060141634374999996 0.595813046875 0.0575463640625 0.601031540625 0.061158229687499996 0.6193701234375 0.0701345171875 0.6338147203125 0.084854184375 0.638449059375 0.08919928125 0.6384743375 0.09520406875000001 0.6365773671875 0.10771215625 0.6222577593749999 0.10823121093750002 0.6212140625 0.11150615312500001 0.5945418
0 0.17282415 0.45967562187500005 0.14157415 0.45949381562499997 0.1266179828125 0.4698739859375 0.1030599796875 0.49459648749999996 0.0956219296875 0.5233379671875 0.0940432546875 0.5521135328125 0.10223020468749999 0.580945915625 0.1190189921875 0.595435965625 0.12334940624999999 0.59645538125 0.13667104531250002 0.596532884375 0.1505900640625 0.5930028468749999 0.1613189078125 0.5852148781250001 0.17837539062500002 0.56568814375 0.1861612015625 0.5500326640625001 0.19199388906249998 0.5343658234374999 0.1958467609375 0.502986690625 0.1948568546875 0.4951305453125 0.1876598109375 0.4741543109375 0.18357968125 0.46758858437499995 0.17282415 0.45967562187500005
0 0.0783636390625 0.689762684375 0.0829654109375 0.7159574125 0.10042303281250001 0.7409185359375 0.10246395156250002 0.741750175 0.14402061093750002 0.7419919453125 0.153799553125 0.7359954796875 0.1666287140625 0.719060946875 0.17181925468749998 0.7086239625 0.17562321875 0.696347153125 0.1788018390625 0.67045936875 0.17890954375 0.66679648125 0.1736656265625 0.6458316078124999 0.166321390625 0.6340133 0.1523017546875 0.6208477578125 0.14676345156249998 0.6181987421875 0.1233259515625 0.6180623875 0.110643984375 0.6258389906249999 0.0841696375 0.6583949125 0.0815743671875 0.66361340625 0.0783636390625 0.689762684375
0 0.0748770234375 0.8240155093749999 0.07717791093750001 0.8371128750000001 0.0874651765625 0.8567986921875 0.096267584375 0.8647002890625 0.10402804531250001 0.8684121843750001 0.11572268125 0.8684802218750001 0.12133713593749999 0.8674629359375 0.1382464265625 0.8570941281250001 0.14848031718750002 0.8453780859375 0.1539952671875 0.834288790625 0.15985484375 0.786566359375 0.159771240625 0.785257475 0.1558383015625 0.7695338203125 0.146540940625 0.7577041515625 0.131879159375 0.7497684625 0.11430103437500001 0.749666196875 0.101619065625 0.757442803125 0.08488365625 0.7743546109375 0.0764556984375 0.79523994375 0.0742081890625 0.8135444375 0.0748770234375 0.8240155093749999
0 0 0.9234945531250001 0.0017251218749999998 0.924107184375 0.0173410796875 0.9241980359375 0.0240253734375 0.921792965625 0.04303498125 0.90227759375 0.0456302515625 0.8970591000000001 0.0485465953125 0.8892256812499999 0.05047303125 0.8735361156250001 0.0510884890625 0.8526053296875 0.048466529687499996 0.84212289375 0.0398113140625 0.8250633671875001 0.029055782812499997 0.81715040625 0.0192901578125 0.8170935921875 0 0.8219858171875 0 0.9234945531250001
0 0 0.9960234921875 0.082934221875 0.9965059890625 0.0843442265625 0.9940427749999999 0.08471881249999999 0.990992025 0.0858506546875 0.9674474500000001 0.07929575625 0.9412413562499999 0.07163044843750001 0.9320379765625001 0.031230281250000002 0.9108685718749999 0.01169903125 0.91075494375 0.0035654578125 0.9133244156250001 0 0.9162729031250001 0 0.9960234921875
0 0.1430424703125 0.9362267953125001 0.1459588125 0.928393375 0.1491962296875 0.9179450265625 0.149169540625 0.9022440968750001 0.143925621875 0.8812792249999999 0.1331434078125 0.86701795625 0.10924557500000001 0.8668789218749999 0.10110406406250001 0.8718713125 0.09346544531249999 0.8783688609375 0.0811312375 0.8992314671875 0.0769572921875 0.9332255265624999 0.079258178125 0.9463228921875 0.0849703609375 0.9555149093749999 0.0918751484375 0.960594834375 0.10663209375 0.9606806875 0.1279391109375 0.95576489375 0.1430424703125 0.9362267953125001
0 0.217671190625 0.9898295734375001 0.2284000328125 0.9820416062499999 0.2409081203125 0.967722 0.25647974375000004 0.9364110468750001 0.2576128390625 0.9327541234375 0.2621881265625 0.8954914031250001 0.26080088125 0.8932590578124999 0.14947275625 0.8926113703125 0.142502971875 0.9095799921875001 0.1418875140625 0.9305107765624999 0.146810359375 0.9540905765625001 0.16199378281250001 0.9816552656249999 0.1760134203125 0.9948208078125 0.177664253125 0.9954934953125001 0.20154361875000001 0.995632421875 0.217671190625 0.9898295734375001
0 0.1259336984375 1 0.128147025 0.9986427828125001 0.1361067171875 0.98953030625 0.1356117640625 0.9856022328125 0.1298871609375 0.9844705203125 0.1064496609375 0.9843341656250001 0.10127154062499999 0.9867108453125001 0.10226144687500001 0.9945669921875 0.1056376734375 1 0.1259336984375 1
0 0.2156860296875 0.8800071046875001 0.2195219328125 0.877654921875 0.238531540625 0.8581395484375 0.24469329687500002 0.846955884375 0.25076558437499996 0.7975010640625 0.249795775 0.7823180078124999 0.24408359218750003 0.773125990625 0.2262590171875 0.7627974046875 0.2039608390625 0.7626676765625 0.19589761249999998 0.7676120625 0.181115328125 0.7845352328125 0.1759247859375 0.79497221875 0.1700921 0.8106390578125 0.1691555703125 0.8341847703124999 0.1727674359375 0.852523353125 0.1817437234375 0.8669679515625001 0.19217818281250001 0.8774958390625001 0.197203678125 0.8798995765625 0.2156860296875 0.8800071046875001
0 0.178752446875 0.7623917953125 0.18233525 0.7641054796875 0.20209798124999998 0.76422045625 0.206096196875 0.7625508765625 0.214871915625 0.7547515453125 0.22315268124999998 0.7430241390625001 0.22558074218750002 0.7351878796875 0.22959415156250002 0.7025012859374999 0.2272999375 0.693329153125 0.21963462968749997 0.6841257734374999 0.21409632812499998 0.6814767546875 0.19847132812499998 0.6813858515625 0.1922908796875 0.6839666921875 0.17750859531250002 0.7008898593749999 0.17199698125000001 0.713941771875 0.1684384921875 0.7270050484375 0.16846518125 0.7427059765624999 0.178752446875 0.7623917953125
0 0.1673057953125 0.6307714515625 0.17319185937499998 0.646506471875 0.18738537500000002 0.666215015625 0.1894502703125 0.6672026718749999 0.22109813749999999 0.66738679375 0.22449475 0.6664309109375 0.232949396875 0.66124650625 0.24773168124999997 0.6443233359375 0.2551964203125 0.631282784375 0.25570678125 0.6299119375 0.26056300625 0.59036115625 0.2590226046875 0.584202725 0.24873533750000001 0.564516909375 0.236347753125 0.5539776578125 0.23080945156250002 0.551328640625 0.20541882656250002 0.551180921875 0.199238378125 0.5537617609375001 0.186730290625 0.5680813671875 0.16920554375000002 0.5993809578125 0.1666369609375 0.6203003812500001 0.1673057953125 0.6307714515625
0 0.31301178749999997 0.42903555000000004 0.304557140625 0.4342199546875 0.2855475328125 0.4537353265625 0.27612966875 0.4667645125 0.27160796249999997 0.487672571875 0.2726245578125 0.5112296453125 0.2822696796875 0.53614531875 0.302817525 0.5598160234375 0.3077424453125 0.5615649765625 0.33000445156249997 0.5616944937499999 0.340247971875 0.5574169906249999 0.363805975 0.5326944890624999 0.3709496421875 0.5222688671875 0.37937759843749996 0.501383534375 0.3809562734375 0.47260796875000005 0.3753912828125 0.45425802343750005 0.3644618703125 0.4398020609375 0.34621491249999997 0.42922872031250003 0.323098484375 0.4264774359375 0.31301178749999997 0.42903555000000004
0 0.3373443125 0.613336528125 0.3662498109375 0.6135046953125001 0.37295670625 0.6077996875 0.3801003734375 0.5973740656250001 0.382433446875 0.591107328125 0.3859652484375 0.5623431234375 0.3849164640625 0.55815015 0.377572228125 0.5463318421875 0.366495625 0.541033809375 0.36063625 0.5409997203125 0.34600115625 0.5487649625000001 0.3286236 0.5709066265625 0.32577680937500003 0.5813572453125 0.32530590312499996 0.5851924734375 0.3286769765625 0.6023084843750001 0.3373443125 0.613336528125
0 0.270383825 0.69582508125 0.2844034609375 0.7089906234375001 0.28794808125000004 0.7099933515625 0.29730218750000004 0.710047771875 0.31043623125 0.7039084875 0.3297669125 0.6817781859375 0.3309347828125 0.679429865625 0.336623121875 0.6331020625 0.3348773875 0.6242384125 0.3226369953125 0.604541234375 0.3118814640625 0.596628271875 0.2923502140625 0.5965146421874999 0.28194244375 0.6016876859375 0.2648859609375 0.6212144203125 0.256458003125 0.642099753125 0.25648469218750003 0.6578006828125 0.25977548437500003 0.6787541921875 0.270383825 0.69582508125
0 0.30931685781249996 0.7663513156249999 0.3122607890625 0.7423749187500001 0.3094360546875 0.7343398765625 0.304218825 0.7290759328124999 0.29477427343749996 0.7264041890625 0.2801391796875 0.7341694328124999 0.2767278828125 0.7380747796875 0.2715373421875 0.7485117625 0.27156403125 0.7642126921875 0.27604775 0.7740323796874999 0.303942571875 0.7741946671875 0.30931685781249996 0.7663513156249999
0 0.31578565 0.7618200578125001 0.318407609375 0.7723024953125 0.3241197921875 0.7814945125 0.3382257796875 0.7900302828125 0.3736138703125 0.7902361640625 0.390673234375 0.772722925 0.40300744218749995 0.7518603140625 0.40357398906249997 0.7500318546875 0.406487725 0.7263013875000001 0.4065392421875 0.7230961125 0.40129532343749996 0.7021312375 0.388733859375 0.6850489875 0.374072078125 0.6771133 0.3561728796875 0.6796259625000001 0.345765109375 0.684799003125 0.324481303125 0.706917940625 0.3192907625 0.717354925 0.3144479828125 0.7408779109375 0.31578565 0.7618200578125001
0 0.3232642765625 0.8915330593749999 0.3312239671875 0.8824205828125 0.343879246875 0.85894305 0.34711666406249997 0.8484947015625 0.3509695359375 0.81711556875 0.3499796296875 0.8092594234374999 0.3470365984375 0.8013919140624999 0.33284308125 0.781683371875 0.320992128125 0.7742938578125 0.3016015359375 0.774181046875 0.2836938828125 0.7840142265625001 0.2731389203125 0.79834519375 0.2679483796875 0.8087821796875 0.261152475 0.832293803125 0.2595471109375 0.8453684406249999 0.2608847796875 0.8663105890624999 0.26563374375 0.8833473890624999 0.2878781921875 0.9038813484375 0.3029835640625 0.903969228125 0.3232642765625 0.8915330593749999
0 0.36655073125 0.8653181062499999 0.3718812046875 0.8684068921874999 0.394814153125 0.8685403125000001 0.3955265328125 0.8681034796875 0.4099877453125 0.8537952359375 0.41546188749999996 0.844232165625 0.41929335625 0.8130273609374999 0.415098221875 0.7962554640625 0.4077539859375 0.78443715625 0.39863050625 0.7791504859375 0.39277113125 0.7791163984375 0.3804102359375 0.784278075 0.370176346875 0.7959941171875 0.3601163375 0.8142531578125001 0.35623677656249997 0.8299313609375 0.36083854843749996 0.8561260890625 0.36655073125 0.8653181062499999
0 0.3778416484375 0.654769703125 0.39008204062499996 0.674466884375 0.3945823234375 0.6777777921875 0.42579133281250003 0.6779593609375001 0.431097665625 0.67470550625 0.44360575312500006 0.6603858984375 0.44659031406249994 0.6543846328125 0.45148667343750004 0.6145069859375 0.45133818750000004 0.6133285640625 0.448716228125 0.6028461296875001 0.4361547640625 0.5857638734374999 0.42898440937500004 0.58048856875 0.41726565937500004 0.580420390625 0.4006774421875 0.588174271875 0.38394203125000004 0.6050860796875 0.378751490625 0.6155230656249999 0.37521968906250003 0.6442872687500001 0.3778416484375 0.654769703125
0 0.41289010312499996 0.5690974828125 0.42807352656250003 0.596662171875 0.45089557031250005 0.617729315625 0.46665903281250004 0.621906940625 0.50214630625 0.6221134 0.5200442828125 0.6037392359375 0.5244535734375 0.5932977046875 0.528499090625 0.5603496140625001 0.53291388125 0.5148430562499999 0.5286598687499999 0.50173433125 0.51968358125 0.48728973125 0.49817251875 0.47146380624999995 0.48613269531250003 0.47401055937500003 0.475403853125 0.481798528125 0.4157797578125 0.545563134375 0.4142225953125 0.5486942296875 0.412296159375 0.5643838 0.41289010312499996 0.5690974828125
0 0.406093365625 0.7362784546875 0.416059559375 0.7585791984375 0.42637480937500005 0.7670888765625 0.45664969375000003 0.7672650109375 0.4642455390625 0.7640931281250001 0.4748005015625 0.7497621578125 0.4852264296875 0.7217576828125 0.4863863046875 0.71231125625 0.486091425 0.6896415484375 0.47417210625 0.667329440625 0.4670017515625 0.6620541328125 0.4494236265625 0.6619518671875 0.4432431796875 0.6645327046875 0.4325143359375 0.6723206734375 0.41286258125 0.6970659015625 0.40702989531249995 0.712732740625 0.405103459375 0.7284223062499999 0.406093365625 0.7362784546875
0 0.3528415359375 1 0.37032679687500003 0.9881760171874999 0.3831559578125 0.9712414812500001 0.38965619687499997 0.952525596875 0.39555216249999997 0.9045068078125 0.3932830921875 0.8967217249999999 0.2995330921875 0.896176303125 0.296121796875 0.9000816484374999 0.2896469640625 0.9209783453125 0.2890315078125 0.9419091296875 0.296897384375 0.9733564390625 0.31109090156249997 0.9930649812500001 0.31826125625 0.9983402890624999 0.32648495 1 0.3528415359375 1
0 0.4539037640625 0.9446257812500001 0.4664118515625 0.9303061749999999 0.47215422812499996 0.9173646375000001 0.4754853578125 0.8902347625000001 0.4731543796875 0.87539269375 0.4570077375 0.8556727875 0.441135515625 0.8531736406249999 0.43935921093749997 0.8531633062499999 0.4251155921875 0.8607208359375 0.41488170156250004 0.8724368765625 0.40937008906249994 0.885488790625 0.40487507031250003 0.9220977781249999 0.4058649765625 0.9299539234375 0.4084869359375 0.940436359375 0.41583117031250005 0.95225466875 0.4209250390625 0.9546911093749999 0.4354197609375 0.9547754375 0.4539037640625 0.9446257812500001
0 0.4635714984375 1 0.46436984375 0.9934979875 0.46043690625 0.9777743296875 0.45146061875 0.9633297328125 0.44265821250000004 0.9554281343750001 0.42312696250000004 0.9553145046875 0.414672315625 0.9604989078124999 0.402164228125 0.9748185171875001 0.396652615625 0.9878704265625 0.3934151984375 0.9983187750000001 0.39362703906249996 1 0.4635714984375 1
0 0.45721732656249997 0.8479964578124999 0.46438768125 0.853271765625 0.4749443109375 0.85493395 0.48480276718750004 0.8549913046875 0.48977830625 0.853419484375 0.50050715 0.8456315140624999 0.5130152375 0.831311909375 0.518205778125 0.8208749234375 0.518561628125 0.819568596875 0.5220292125 0.7913273796875 0.5220586515625001 0.7894957921875 0.5119185765625 0.760652046875 0.5075173734375 0.7567012484375 0.496119696875 0.7540181421875001 0.47822049843750003 0.756530803125 0.4515722703125 0.782543725 0.4465822984375 0.8152246406250001 0.4472511328125 0.8256957140625 0.44987309218749993 0.8361781515625 0.45721732656249997 0.8479964578124999
0 0.4953906265625 0.7169765515625001 0.503758465625 0.7221942125 0.524149740625 0.7223128453125 0.5325000015625 0.7171924468750001 0.5453291625000001 0.7002579171875001 0.5502896140625 0.6885111953124999 0.553468234375 0.6626234125 0.551108471875 0.6531892187499999 0.54050013125 0.6361183296874999 0.5294235265625 0.630820296875 0.5196579015625 0.6307634828124999 0.5134774546875 0.6333443171875001 0.49852128906250004 0.643724490625 0.4875150265625 0.6649146515625 0.48465391249999995 0.688216565625 0.48772531875 0.7077731703125 0.4953906265625 0.7169765515625001
0 0.5652807375 0.6412440984375001 0.5761654734375 0.6361562140625 0.5841251656249999 0.6270437375 0.59710151875 0.600951275 0.599770384375 0.59115381875 0.603081446875 0.564187378125 0.59751640625 0.5577765609374999 0.5720990921875 0.5419279140625 0.5441131968749999 0.5469986890625 0.5316051093749999 0.5613182937500001 0.528688765625 0.5691517140625 0.523872675 0.6083756296875 0.5281266859375 0.6214843578125 0.53383886875 0.630676375 0.5449663046875 0.6411259125 0.5652807375 0.6412440984375001
0 0.6112429109375 0.4690646671875 0.59856094375 0.476841271875 0.5850896375 0.49900566093750004 0.58217329375 0.50683908125 0.58056793125 0.51991371875 0.585490775 0.5434935203125 0.5944670624999999 0.55793811875 0.6016374171875001 0.5632134265625 0.6250749171875001 0.56334978125 0.6377568859375 0.5555731765624999 0.65286024375 0.5360350781250001 0.6557765875 0.5282016578125 0.658024096875 0.5098971625 0.6560442828124999 0.49418487187500004 0.6470679953125 0.4797402734375 0.6363124640625 0.4718273125 0.623282734375 0.466517915625 0.6112429109375 0.4690646671875
0 0.53912050625 0.835190296875 0.5518291625 0.8431146203125 0.567133090625 0.8458204500000001 0.5772197875 0.8432623390625 0.5856744328125 0.838077934375 0.6001356453125 0.8237696921875 0.6059683328125 0.80810285 0.6085369140625 0.7871834296875 0.6062093390625 0.7583851359375 0.5959220734375 0.7386993203125 0.5819024359375 0.7255337765625 0.562692259375 0.7228052203125 0.5358701515625001 0.742275140625 0.5310006828125 0.7500971984375 0.5245258515625 0.7709938937499999 0.5225994140625 0.7866834609375 0.5258902078125 0.80763696875 0.53912050625 0.835190296875
0 0.5233862765625 0.9255785046874999 0.537195009375 0.9097698828125 0.5395280828125 0.9035031484375 0.542803025 0.8768308859375 0.54102119375 0.862689821875 0.52618553125 0.8482111359375001 0.50860740625 0.84810886875 0.5001527609374999 0.853293271875 0.485514121875 0.8722301968749999 0.48299987499999997 0.89270709375 0.48478170625 0.9068481578125 0.49180486874999996 0.92128139375 0.49744045625 0.9254275562500001 0.5233862765625 0.9255785046874999
0 0.516504525 1 0.5364561578125 0.994582878125 0.542462725 0.9854590390625001 0.5482726578125 0.9723652484375 0.551993534375 0.942061140625 0.54712225625 0.9241529796875 0.5406685625 0.9241154328125001 0.49515989843749997 0.9249975390625 0.486731940625 0.9458828718750001 0.4854743390625 0.9720435109375 0.5026108875 0.9996195625000001 0.5034062687499999 1 0.516504525 1
0 0.59496848125 0.95340346875 0.618526484375 0.928680965625 0.6211217546875 0.923462475 0.62039954375 0.8815895421875 0.6194096375 0.8737333953125 0.5986879109375 0.8435196906250001 0.5917477156250001 0.8384137140625001 0.5775742968750001 0.83833125625 0.5736183593749999 0.8407570453125001 0.5568829484375 0.857668853125 0.538073909375 0.8994281546874999 0.5303147859374999 0.9307845609375001 0.5287094234375 0.9438592 0.5296993296875 0.9517153468749999 0.5387212140625001 0.9631945078124999 0.57354470625 0.9633971046875001 0.5822865125 0.961180075 0.59496848125 0.95340346875
0 0.65573261875 0.70246706875 0.6664614609374999 0.6946791 0.6789695499999999 0.6803594937499999 0.6819320421875 0.673344090625 0.6870973 0.6312764421875 0.68603315 0.622831084375 0.6741138296875 0.600518978125 0.66009419375 0.5873534359375 0.638424534375 0.5822522234374999 0.6363026234375 0.582239878125 0.61712544375 0.5871034500000001 0.6003900343749999 0.6040152578125 0.59228315 0.6222856625000001 0.5884302765625 0.6536647953125 0.5936741953125 0.67462966875 0.6006973578125 0.6890629046875001 0.6183021703125 0.7048661 0.62329348125 0.7072534859374999 0.6439821375 0.7073738484375001 0.65573261875 0.70246706875
0 0.605506615625 0.8062918296875001 0.6087974093749999 0.827245340625 0.6130514203125 0.8403540671874999 0.6301879687499999 0.8679301203125 0.6363646203125 0.871509228125 0.6635266234375 0.8716672515624999 0.6734777921874999 0.8655651765625001 0.6859858796875 0.8512455703124999 0.688970440625 0.8452443046875 0.69670829375 0.782224546875 0.69660796875 0.7806538859375001 0.6952969890625 0.7754126671875 0.6781604406249999 0.747836615625 0.6634986578125 0.739900928125 0.6455994609375 0.742413590625 0.6351916906249999 0.7475866296875 0.620730478125 0.7618948734375001 0.61067046875 0.7801539156249999 0.6074330515625 0.7906022640625 0.605506615625 0.8062918296875001
0 0.7345234609375 0.5602034875 0.7374398046875 0.5523700671875 0.737413115625 0.5366691390625 0.73380125 0.51833055625 0.7280890671875 0.5091385390625 0.7156680546875 0.501393571875 0.6955621203125 0.5012766 0.6916218375 0.5036927875 0.6745653546875 0.5232195234375 0.669053740625 0.5362714359375 0.6671273046875 0.5519610015625 0.6707391703125001 0.5702995843750001 0.6780834046875001 0.5821178921875 0.685010321875 0.5872141 0.7089783 0.587353540625 0.721373228125 0.5797529484374999 0.7345234609375 0.5602034875
0 0.7294879562500001 0.6043980390625 0.7283185875 0.644166528125 0.7312883078125 0.6677349671874999 0.7454818249999999 0.687443509375 0.7565584296875 0.6927415421875 0.8058755671875 0.70362486875 0.8223999671875 0.7037210046875 0.8278608359374999 0.7010067546875 0.84118495 0.6880002937499999 0.903404315625 0.6190171906249999 0.9111901265625001 0.6033617140625 0.9162870562500001 0.5857279953125001 0.9186951015625 0.5661160375 0.9169694359375 0.556293015625 0.908314221875 0.5392334890625 0.9047290453124999 0.5365958359375 0.8082770203124999 0.478465190625 0.7929730921875 0.4757593578125 0.7828863953125 0.47831747187499996 0.7687462546875 0.4900107875 0.756090975 0.5134883218749999 0.7298812703124999 0.6011947531249999 0.7294879562500001 0.6043980390625
0 0.9390949859375001 0.4763801015625 0.9313313140625 0.47633493437499996 0.9279200171875001 0.48024028124999996 0.8691386375000001 0.5610189640625001 0.857125503125 0.57926664375 0.8579415296875 0.5805797890625 0.8928033953125001 0.5991001796875 0.9123346453125001 0.599213809375 0.9224213421874999 0.596655696875 0.9245134671875 0.595137040625 0.9390949859375001 0.4763801015625
0 0.8272477984375 0.712366865625 0.8263112687499999 0.735912578125 0.83840446875 0.7647676859375 0.8477018281250001 0.7765973578125 0.8605962968749999 0.7821240328125 0.893094128125 0.7823130984375 0.8939346828125 0.7820999234375 0.9054795531250001 0.7756250984374999 0.9202488984375 0.6553384265625 0.9178008203125 0.6513989921875 0.9086773406249999 0.6461123203125 0.8910992156249999 0.6460100546875001 0.8767851953125 0.6511603703125 0.85760170625 0.664132740625 0.8382710250000001 0.6862630421875 0.8304852140625 0.70191851875 0.8272477984375 0.712366865625
0 0.8960173265625 0.8510969109375001 0.8940375140624999 0.8353846171875 0.8863455171875 0.810480309375 0.8811282874999999 0.805216365625 0.8609344390624999 0.794634928125 0.84334245 0.79453258125 0.8340794078125 0.7984006531250001 0.821236496875 0.9029977609375001 0.8285807328124999 0.9148160687500001 0.8337979624999999 0.9200800125 0.8412801421875 0.9227371078125 0.85887514375 0.9228394734375 0.8650479624999999 0.9202618203125 0.87268658125 0.913764271875 0.8902113296874999 0.8824646796875 0.8960173265625 0.8510969109375001
0 0.7402323140625 0.7879011515625 0.73961685625 0.8088319374999999 0.7461717546875 0.835038028125 0.755148040625 0.8494826281250001 0.771441875 0.860044603125 0.782839553125 0.8627277093749999 0.8052871453125 0.8550079187499999 0.8160159890625 0.84721995 0.830798275 0.8302967796875 0.8356677421875001 0.822474721875 0.8402609828125 0.8101370859375001 0.8439693734375 0.779934671875 0.8424102703124999 0.767561240625 0.8394672390625001 0.75969373125 0.8269057734375 0.7426114796875 0.8067056906250001 0.7320267765625 0.7852213156250001 0.731901784375 0.7770877421875 0.7344712609374999 0.7621315765625 0.7448514312500001 0.7515766140625 0.7591823984375 0.7437908015625 0.7748378781249999 0.7402323140625 0.7879011515625
0 0.7137180843750001 0.6739356703125 0.7013571890625 0.679097346875 0.688528028125 0.6960318812499999 0.6797789984375 0.7195321421875 0.67688934375 0.743066490625 0.6806484015625001 0.7522471453125 0.7025072265625 0.7811590671875 0.708045528125 0.783808084375 0.723670528125 0.7838989890625 0.7298509765625 0.7813181484375 0.7425329453125 0.7735415437500001 0.7504926375000001 0.7644290671875 0.7560042499999999 0.7513771546875 0.7595627390625 0.7383138796875001 0.7604992687500001 0.7147681671874999 0.7562452578125 0.7016594406250001 0.7472689703125 0.687214840625 0.7254368343750001 0.6740038484374999 0.7137180843750001 0.6739356703125
0 0.6946644640625 0.9711856828125001 0.7055938765625 0.9856416453125 0.721367153125 0.9924022015625 0.7313622515625 0.9924603515625 0.74010798125 0.9910760328125001 0.755064146875 0.9806958625 0.769525359375 0.9663876203124999 0.7789432234375 0.9533584328125 0.7894768703125 0.9181093296875 0.79241669375 0.8941663999999999 0.7908762921875 0.8880079671875001 0.782221078125 0.8709484406250001 0.76788036875 0.8603978265625001 0.74053661875 0.8602387453125001 0.725901525 0.8680039875000001 0.7017013765625 0.8979563453124999 0.6935944921874999 0.9162267500000001 0.6893938578125 0.93451988125 0.689420546875 0.950220809375 0.6946644640625 0.9711856828125001
0 0.8748025453125001 1 0.8764246578125 0.9867889625 0.8733759828125001 0.96943495625 0.8611355921875001 0.9497377765625 0.843581503125 0.9368230421874999 0.8251425546875 0.9367157671875 0.8067691640625 0.9468046859375001 0.7871174109375 0.9715499124999999 0.783558921875 0.9846131890625 0.7854977234375 1 0.8748025453125001 1
0 0.622137225 0.9728959375 0.6278494078125 0.9820879546875 0.632666159375 0.9856316906249999 0.666756328125 0.9858300203124999 0.668543959375 0.9849415031250001 0.677319678125 0.9771421703125001 0.6852793703125 0.9680296937499999 0.6904699109375 0.957592709375 0.6917107109375 0.9502729015625 0.69753818125 0.9028119640625001 0.6975335109375 0.9000643 0.6921424015625 0.8882573562499999 0.68333999375 0.880355759375 0.6758485671875001 0.8776953796875 0.6621766921875001 0.8776158390625 0.6452674015625 0.8879846453125 0.630485115625 0.9049078171874999 0.620104034375 0.9257817859375 0.6168933062499999 0.9519310624999999 0.622137225 0.9728959375
0 0.619592540625 0.96655963125 0.57062964375 0.9673731828125 0.5691714734375 0.971289890625 0.5704824515625 0.9765311109375 0.5793329015625 0.9993939515625 0.607833921875 0.999559765625 0.6199794109375001 0.9872862578125 0.6240669624999999 0.9790671312500001 0.6253389515625 0.9687076140625 0.619592540625 0.96655963125