0 0.16391612656250001 0.75391275 0.17200382812499998 0.7490257984375 0.1759818109375 0.7351900390624999 0.17103255312500001 0.703941653125 0.163661703125 0.6901728796875 0.142829115625 0.6761146499999999 0.136969740625 0.6762169265625 0.1299855671875 0.68158315 0.12542753125 0.6960845734375 0.12595938906249998 0.71180823125 0.13317895 0.73265946875 0.13832769218750002 0.74043606875 0.1527833140625 0.7541070750000001 0.16391612656250001 0.75391275
0 0.1613270140625 0.6803174171874999 0.170135909375 0.6735491859375 0.18013915625000002 0.65633055625 0.1808497890625 0.6484516828125 0.1785073796875 0.6225332156250001 0.17792755 0.6188723171875 0.1750514953125 0.6118426953125 0.16161724375 0.5950331703125 0.12646099375 0.595646825 0.11994983125 0.610182340625 0.11677455156250001 0.6383603984375 0.11702304999999999 0.6399293546875 0.1298897640625 0.67294060625 0.13971423593750001 0.6793245109375 0.144012925 0.6806196359375 0.1613270140625 0.6803174171874999
0 0.27826626718749997 0.747868015625 0.26921176562500004 0.6907001484374999 0.2672243515625 0.68618976875 0.2537900984375 0.6693802437499999 0.23650844375000002 0.65919326875 0.2156097515625 0.6574344328125 0.21003972656249997 0.6575316578125 0.20371948281250002 0.6623877593749999 0.1952551953125 0.6769573671875 0.18779577812499998 0.7164199250000001 0.18945243437499998 0.7268796359375 0.2210555171875 0.7656603578125 0.226559575 0.7694975171875 0.2537854265625 0.7711459125 0.2607479578125 0.77102438125 0.272192084375 0.7608345296875 0.27826626718749997 0.747868015625
0 0.20713471874999997 0.6544487265625001 0.22877823125000002 0.6540709375 0.229494025 0.6538577328125 0.23837247499999997 0.6419030578125 0.2430401609375 0.6243842359375 0.23933339375 0.6009806359375001 0.2367769015625 0.59473208125 0.22292848437499999 0.5753076296875 0.21428765625 0.5702141390625 0.20215474375000003 0.5678037671875 0.1932174453125 0.57320408125 0.1808484875 0.5977443453125 0.1845028734375 0.62081723125 0.1934506 0.642687171875 0.206056525 0.6542668359375 0.20713471874999997 0.6544487265625001
0 0.124872796875 0.59477864375 0.1345843 0.5946091296875 0.15259950312499998 0.5776674453124999 0.15057009999999998 0.5648543 0.1460431640625 0.5501836875 0.1404802578125 0.5397921578125 0.1298274578125 0.5281783984375 0.1181087078125 0.52838295 0.1111245359375 0.5337491734375 0.1072771328125 0.5403717203125 0.1050275390625 0.5508996171875 0.109583340625 0.579663821875 0.11236479375 0.584859584375 0.124872796875 0.59477864375
0 0.17052859843749998 0.5751798828125 0.187547309375 0.5748828203125 0.19441842812500001 0.56842115 0.1989764640625 0.5539197234375 0.195248990625 0.530385375 0.1920533734375 0.5225746859375 0.1837678625 0.5135417609374999 0.175127034375 0.5084482718750001 0.165361409375 0.5086187328125 0.1544709875 0.514053140625 0.14920231718750002 0.5364334359375 0.15085897343750002 0.5468931484375 0.1576643703125 0.565129459375 0.16790300625000001 0.5741282921875001 0.17052859843749998 0.5751798828125
0 0.2707831046875 0.573255121875 0.27067718125 0.561457265625 0.2700973515625 0.5577963671874999 0.26498481093750004 0.536646134375 0.24486285625 0.51470903125 0.230854946875 0.509887275 0.22992660312500002 0.5099034796875 0.21751910625 0.51518631875 0.209765453125 0.5218770515625 0.21359885312500002 0.5572092578125 0.21429257656249998 0.5615892625 0.22473643281250003 0.579303184375 0.23775652187500002 0.59349778125 0.241783575 0.5958715984375 0.257939053125 0.595589603125 0.261194021875 0.593088678125 0.2707831046875 0.573255121875
0 0.26217319375 0.6858303890624999 0.2794548484375 0.6960173640625 0.282717584375 0.6970003734375 0.290574290625 0.6968632343750001 0.30206402187500003 0.69037840625 0.31011414375 0.6731938703125 0.310380965625 0.6637494484375 0.3068053515625 0.6411739046875 0.2983387796875 0.623578428125 0.29005326875000004 0.614545503125 0.27235745 0.6017436 0.26454495 0.6018799671874999 0.253654528125 0.607314375 0.2428229515625 0.6193031453125 0.24107929375 0.631788828125 0.24582146875 0.66172975 0.25388768281249996 0.6767974640625 0.26217319375 0.6858303890624999
0 0.07555831562500001 0.47705643125 0.08297795625 0.520192509375 0.09623566875 0.5173389390625001 0.1051282828125 0.49558117968750004 0.101126821875 0.47031695312500005 0.0961202078125 0.46096457968750004 0.07919386875 0.4468381671875 0.07099330937500001 0.44823411718750006 0.07555831562500001 0.47705643125
0 0.290149040625 0.77834528125 0.3065147734375 0.7780596171874999 0.3088600796875 0.7762576218749999 0.3188633265625 0.759038996875 0.3186977734375 0.7558297453125 0.315280921875 0.734256590625 0.31472168906250003 0.7328897203125 0.30915878281250003 0.72249819375 0.29850598281249996 0.7108844296875 0.29069348281249996 0.7110207984375 0.2817561859375 0.716421115625 0.27636982187500003 0.725692684375 0.272581265625 0.7388695953125 0.276308740625 0.7624039453125 0.279918521875 0.7728295671875001 0.290149040625 0.77834528125
0 0.1985256359375 0.502538171875 0.20657575781249998 0.4853536359375 0.206772596875 0.484432446875 0.2021305109375 0.455123465625 0.1920777890625 0.43709679843749993 0.175210296875 0.42952474687500003 0.15532373125 0.4338051046875 0.153309525 0.4705504625 0.16052908593749998 0.491401696875 0.1692287609375 0.5030495515625 0.179685765625 0.5092136171874999 0.18647829062500001 0.509095053125 0.18958833749999998 0.5079384874999999 0.1985256359375 0.502538171875
0 0.094544559375 0.44607006875 0.11271338906249999 0.46804126406249996 0.1195124453125 0.47109345312500006 0.1514592984375 0.47053581875 0.1521900515625 0.46997435000000004 0.160240175 0.45278981875 0.16109293593750001 0.4433351671875 0.152726825 0.390513628125 0.1510108765625 0.3821526796875 0.1454479703125 0.3717611515625 0.1143178984375 0.3421497234375 0.10609123437500001 0.3396711625 0.0799899765625 0.34799323437499996 0.0689796265625 0.38358454062499997 0.06868315625 0.394078340625 0.070753975 0.40715297968749997 0.0739495921875 0.41496366875 0.094544559375 0.44607006875
0 0.048986446875 0.2952738625 0.0469293671875 0.2963003609375 0.0513471140625 0.3241929234375 0.0584932015625 0.3656148078125 0.058647157812499996 0.3656121203125 0.0643187859375 0.359103403125 0.06485243125 0.3402145609375 0.0602137953125 0.3109273703125 0.05520718125 0.3015749953125 0.0494204734375 0.29526628593750004 0.048986446875 0.2952738625
0 0.0399957015625 0.252522921875 0.0405163640625 0.255810259375 0.047772571874999996 0.26552547656250003 0.052659137499999994 0.26544018125 0.060421471875 0.2627760390625 0.056343551562500004 0.23702905937500002 0.0496694046875 0.19859985 0.041619282812500005 0.21578438437499997 0.0397838515625 0.22892720625 0.0399957015625 0.252522921875
0 0.046261225 0.207579528125 0.068786059375 0.20718635624999998 0.07684043125 0.1933223328125 0.078261696875 0.1775645828125 0.076190878125 0.16448994374999998 0.0729952609375 0.156679253125 0.06743235625 0.146287725 0.054826431249999995 0.13470805624999999 0.04310768125 0.1349126078125 0.0396155953125 0.137595721875 0.032690270312500005 0.149516309375 0.0289017140625 0.16269322343749998 0.032215025 0.18361264375 0.0386062578125 0.1992340265625 0.046261225 0.207579528125
0 0.40132758125 0.8184595171875 0.41068111093750004 0.8216791578124999 0.41876889375 0.8215379859375 0.42825716875 0.8153673031249999 0.440213540625 0.798114584375 0.4478898671875 0.7702231875 0.44247911249999994 0.7360610249999999 0.4419923578125 0.7351517671875001 0.42423769062499994 0.7157954984375 0.4073702 0.7082234515625 0.39565145 0.708428003125 0.383222065625 0.716511428125 0.3736329828125 0.736344984375 0.370258590625 0.7521368265625 0.37801000937499996 0.7887117234375001 0.3906747828125 0.8068457562500001 0.40132758125 0.8184595171875
0 0.36351795625 0.725359571875 0.37146460625 0.7192538390625 0.3783899296875 0.7073332484375 0.3791005640625 0.699454371875 0.37902994687499997 0.6915891375000001 0.3775389578125 0.6821753968750001 0.3753730890625 0.6759200234375 0.369810184375 0.6655284984375001 0.359157384375 0.6539147390625 0.3481492671875 0.6462404171875 0.3422898921875 0.6463426921875 0.32406937343750003 0.6809270796875 0.3278101015625 0.7045451015624999 0.3299759703125 0.7108004765625 0.343648525 0.7257063953125 0.36351795625 0.725359571875
0 0.40205149999999995 0.672169371875 0.408976825 0.6602487828125 0.411723528125 0.6506955203125 0.4067432078125 0.619251015625 0.403475 0.61314599375 0.3872439515625 0.5995998578124999 0.3835534015625 0.5996642765625 0.37329095 0.6018731515625 0.359381453125 0.6191599625 0.352514975 0.6376349171875 0.351390178125 0.6428988625 0.354289325 0.6612033562499999 0.364942125 0.67281711875 0.3818806796875 0.679601278125 0.38715411718750004 0.6795092296874999 0.395067328125 0.6775355953125 0.40205149999999995 0.672169371875
0 0.34910338125 0.56694155 0.3352549640625 0.5475170968749999 0.3233352421875 0.542743059375 0.3087258640625 0.5429980671875 0.301282359375 0.5494211703125 0.29423710625 0.59149865625 0.29506543281250003 0.5967285125 0.32113391562500004 0.6336570265625 0.3323518953125 0.633461215625 0.34377362968749997 0.6260331109374999 0.353776878125 0.6088144843750001 0.35625143125 0.5972337999999999 0.3524411234375 0.5731764640625 0.34910338125 0.56694155
0 0.31509968593750004 0.5381863515624999 0.3320929 0.537889734375 0.3330955859375 0.5372838671875 0.33960674687500003 0.5227483515625 0.3396600453125 0.5221574343750001 0.33338805 0.4825576234375 0.327831384375 0.47313290781250006 0.31954587343749996 0.4640999828125 0.30658463125 0.45645975156249996 0.28900650625 0.45676657968749995 0.2855144203125 0.4594496890625 0.2763395 0.48189817343749997 0.279238646875 0.5002026671875 0.28841133281250003 0.5210198125 0.29864996875 0.530018646875 0.31509968593750004 0.5381863515624999
0 0.2403357609375 0.51128860625 0.26127759687499996 0.510923065625 0.27644893593750003 0.5017558609375 0.2859128640625 0.479586403125 0.2846384484375 0.471540053125 0.2640828671875 0.4298623984375 0.2503521453125 0.423546675 0.2425396453125 0.4236830421875 0.2246650515625 0.43448367499999996 0.218153890625 0.44901919062499995 0.21756095000000003 0.4700067921875 0.22241322187499998 0.48827719375 0.2256088390625 0.49608788906249995 0.23862892812499997 0.510282484375 0.2403357609375 0.51128860625
0 0.1846598671875 0.43391944687499995 0.1965956296875 0.4337111078125 0.20364616562500001 0.42945086093749996 0.2101573265625 0.41491534375 0.21048463437499998 0.40894422343750003 0.205064265625 0.37472135781250004 0.1979677984375 0.3626849734375 0.177017515625 0.3355180140625 0.163345640625 0.3357566578125 0.1579004296875 0.33847385937499996 0.1509751046875 0.3503944484375 0.148725509375 0.36092234375 0.1536954765625 0.39230147656250003 0.1632823265625 0.41573355 0.176302415625 0.42992814843750005 0.1846598671875 0.43391944687499995
0 0.1658903421875 0.3376027828125 0.17127670625 0.3283312140625 0.1735263 0.3178033203125 0.1758177578125 0.29888379375 0.17144832968749998 0.27129630625 0.1603907515625 0.24723436406250002 0.14180775625 0.2226482421875 0.12065908593750001 0.2125481875 0.12052165156250001 0.2125505859375 0.107362140625 0.2153830203125 0.0864096234375 0.231481690625 0.0779453375 0.246051296875 0.0780277234375 0.2552274078125 0.0838674328125 0.2920978875 0.088595903125 0.3009306859375 0.12333575625 0.3409677328125 0.1479548078125 0.348385053125 0.14804885 0.3483834109375 0.1658903421875 0.3376027828125
0 0.1722310984375 0.24925166718749997 0.1784655609375 0.2426441046875 0.1841483953125 0.22287872968750003 0.1812492484375 0.2045742375 0.17805363125 0.196763546875 0.1598848015625 0.1747923484375 0.1442598015625 0.17506508437499999 0.13881459062499998 0.1777822890625 0.1346707171875 0.194898640625 0.1356167390625 0.2132372265625 0.137687559375 0.2263118640625 0.143664628125 0.23931831718750002 0.1544954234375 0.2495612453125 0.1722310984375 0.24925166718749997
0 0.2591999046875 0.23178733281250002 0.2510619828125 0.18040651875 0.244304259375 0.17019973125 0.23643291249999998 0.1637817359375 0.22272037500000003 0.15906165 0.21352863281249998 0.15922209375000002 0.20322978749999998 0.1643612984375 0.1886096578125 0.1895269828125 0.1878990234375 0.197405859375 0.1876025546875 0.20789966093749998 0.19008753750000001 0.22358922812499998 0.196892934375 0.24182553750000002 0.2154536609375 0.25789813281249996 0.23853318125 0.257495278125 0.25163928125 0.24742532968750003 0.2591999046875 0.23178733281250002
0 0.1857658375 0.32274173125 0.1964186375 0.33435549375 0.20723661249999997 0.3426498265625 0.22958361875 0.3422597578125 0.23086425312499997 0.341620709375 0.24380389687499998 0.3225384578125 0.23744282656250001 0.2823762453125 0.2353656765625 0.2772992953125 0.2132905953125 0.2553962796875 0.2089701828125 0.25284953906249996 0.1933451828125 0.2531222734375 0.1878999703125 0.25583947500000004 0.177482559375 0.270443175 0.17677192656250001 0.278322053125 0.1768896203125 0.29143077968750003 0.18020293125 0.31235020156250004 0.1857658375 0.32274173125
0 0.2790022046875 0.376618225 0.2702436828125 0.35841600625000003 0.2576377578125 0.3468363375 0.236864015625 0.3393324734375 0.22191818749999997 0.3483408765625 0.22091399374999998 0.3956334515625 0.24354725156249998 0.43099130937499996 0.2611253765625 0.43068448281249994 0.27858580625 0.41726892343750005 0.282433209375 0.41064637499999995 0.2831438421875 0.4027675015625 0.2790022046875 0.376618225
0 0.2796509078125 0.41902838437499995 0.2813075640625 0.42948809375 0.2900660859375 0.4476903140625 0.30113305 0.4619190015625 0.310139209375 0.46463241093749996 0.332281265625 0.4642459203125 0.338242425 0.46127125468749997 0.344042953125 0.4546146140625 0.350081103125 0.43090980468750006 0.34759611874999996 0.4152202390625 0.33564198125 0.38920733125 0.3293095953125 0.38014031406250004 0.3139810640625 0.3699192453125 0.2964029390625 0.37022607343749997 0.28290760625 0.3901278125 0.2796509078125 0.41902838437499995
0 0.359127884375 0.5891180312500001 0.367904934375 0.5952369625 0.385165575 0.5949356765625 0.3872999625 0.5938706 0.392331009375 0.58853846875 0.4003811328125 0.57135393125 0.4004330140625 0.5695175171875 0.3973578484375 0.550101678125 0.3966536578125 0.5478195828125 0.3887234640625 0.5348472203125 0.380437953125 0.5258142953125 0.3741644140625 0.52330164375 0.3546331640625 0.5236425640625 0.347648990625 0.5290087859375 0.3422626265625 0.5382803546875 0.3393024 0.5566871234375 0.3484750859375 0.5775042703125 0.359127884375 0.5891180312500001
0 0.41510400000000003 0.6147817546875001 0.43709720937499996 0.6143978625 0.440700290625 0.609829553125 0.4432308609375 0.6023122359374999 0.44141544218749995 0.5908501375 0.43294887187500003 0.5732546578125 0.42703065 0.5668025703125 0.42075710937500005 0.5642899171875 0.41099148437500005 0.5644603765625 0.40365199687500003 0.5737660375 0.400390084375 0.5890314828125 0.4006799984375 0.590861934375 0.4043015484375 0.6025984249999999 0.410633934375 0.6116654421875001 0.41510400000000003 0.6147817546875001
0 0.45575276875000004 0.6773536140624999 0.45599195468750003 0.6729901046875 0.45086149999999997 0.6405976875 0.449540309375 0.6381296984375 0.43652022187500006 0.6239351046875 0.42675459687500006 0.6241055640625001 0.416337184375 0.6387092625 0.41450175468749995 0.651852084375 0.4201823546875 0.675352340625 0.42846786562499994 0.6843852671875 0.43710869218750004 0.6894787546875001 0.44687431718750004 0.6893082953125 0.45575276875000004 0.6773536140624999
0 0.5008930203124999 0.7697631375 0.5064460203125 0.7714361640625 0.5127936703125 0.771325365625 0.5204242703124999 0.76942221875 0.5254553171875 0.7640900859374999 0.5323806421875 0.752169496875 0.5340325296875 0.740340959375 0.530677803125 0.7191600453125 0.528121309375 0.7129114921874999 0.5198357984374999 0.7038785671875 0.513562259375 0.7013659125 0.49136725156249994 0.7096198 0.48633620312500003 0.7149519296875 0.48248879999999994 0.7215744796875 0.48192029375 0.72787758125 0.4860619328125 0.75402685625 0.4882870953125 0.7581834671875 0.5008930203124999 0.7697631375
0 0.5132630453125 0.7055107453125 0.51596380625 0.7041630421875 0.52484225625 0.6922083640625 0.5254107625 0.6859052640625001 0.5224287828125 0.667077784375 0.5198722890624999 0.6608292328125 0.5064380374999999 0.6440197046875 0.4962582484375 0.6415752390625 0.4908130375 0.644292440625 0.4815204234375 0.65363219375 0.4794957875 0.6631073 0.483486821875 0.6883056921875 0.49643255625 0.7045039625 0.49857543125000003 0.7057671187500001 0.5132630453125 0.7055107453125
0 0.49579285625 0.6196406046875 0.5041109203125 0.6194954125 0.5100387203125 0.6172909796875 0.5158392484375 0.6106343390625 0.5176746796875 0.597491515625 0.51724919375 0.5849125890625 0.51663623125 0.581042496875 0.5108104359375 0.5727008421875001 0.4855985859375 0.5495415046875001 0.4758329609375 0.5497119640625 0.4708019140625 0.5550440953125 0.4658297125 0.5669305890625 0.464929875 0.571141746875 0.46857451718750004 0.5941531109375 0.4735811328125 0.6035054859375 0.48186664375 0.6125384109375 0.49579285625 0.6196406046875
0 0.42171946875 0.493699059375 0.41745790312500003 0.49770667968750004 0.4163331046875 0.5029706265625 0.41627202343749997 0.5396818890625 0.4218349296875 0.55007341875 0.4410285328125 0.56889146875 0.45785105000000004 0.56859783125 0.4676439796875 0.5610735234375 0.476108265625 0.546503915625 0.47723306406250005 0.541239971875 0.47391975156250005 0.5203205468750001 0.47072413593749995 0.5125098578125 0.4572898828125 0.49570033125 0.45296946875 0.49315358906249995 0.44474280625 0.4906750296875 0.42911780625 0.490947765625 0.42171946875 0.493699059375
0 0.39383684531249996 0.5145778796875 0.40230113125000005 0.500008271875 0.4030041296875 0.49671830625 0.3967399015625 0.457167525 0.3846075453125 0.443940740625 0.37596671718749997 0.4388472515625 0.3540681796875 0.4366073375 0.350634940625 0.44584481406250004 0.3473782421875 0.47474538437499997 0.352644678125 0.49563071406250003 0.3629421625 0.5111839140625001 0.368023553125 0.5153270859375 0.393216696875 0.5148873390625 0.39383684531249996 0.5145778796875
0 0.4036084171875 0.4720926625 0.41426121718750003 0.483706425 0.41598138125000006 0.48472040468750005 0.44139009375000005 0.48427689375 0.44355809218750003 0.48319504531249996 0.4555733125 0.472496690625 0.46320927031250003 0.452697228125 0.463848840625 0.445606240625 0.46065977968749994 0.4254712984375 0.45741097656249996 0.416088240625 0.4455156859375 0.39662969531250003 0.4254525765625 0.3812469578125 0.4098275765625 0.38151969375 0.39852299062499996 0.3843391734375 0.39426142343750004 0.38834679375 0.3868105984375 0.414261390625 0.3920566734375 0.44738380937500005 0.3956782234375 0.4591203015625 0.4036084171875 0.4720926625
0 0.265777675 0.3456567203125 0.2807508890625 0.35981722656250004 0.2916559328125 0.366245396875 0.3056045015625 0.3660019234375 0.32135235 0.3564863671875 0.3327507578125 0.340038775 0.3237827296875 0.2834168734375 0.306856615625 0.2649638984375 0.293481209375 0.25470873906249997 0.28093413125 0.24968343593750003 0.26335600625 0.24999026406249997 0.256371834375 0.25535648593750004 0.245243790625 0.2778390609375 0.24453315625 0.2857179359375 0.24950312343749997 0.31709706875 0.2582616453125 0.3352992875 0.265777675 0.3456567203125
0 0.3406233578125 0.253722390625 0.352165565625 0.23385474374999998 0.3535421390625 0.22399762812500001 0.35116069687499996 0.20896179374999999 0.348320396875 0.1972116640625 0.341515 0.1789753546875 0.33595209375 0.168583828125 0.3177832640625 0.1466126328125 0.3061113828125 0.14193785781249998 0.2912328421875 0.1421975640625 0.2749322078125 0.160471384375 0.2699600078125 0.17235788125 0.269249375 0.18023675625 0.2689529046875 0.19073055781249998 0.27587599687500003 0.2220756 0.291736384375 0.248020325 0.304342309375 0.25959999375 0.31359566875 0.26401915625 0.33119790781249997 0.2637119078125 0.3406233578125 0.253722390625
0 0.3284922625 0.28965697968750004 0.33429055625 0.3262659671875 0.3462446953125 0.35227887812500003 0.3561280140625 0.365217146875 0.36636665156250003 0.37421598125 0.38561233281249996 0.38340721875 0.40469870312499995 0.3830740640625 0.41560893906249996 0.375978609375 0.42602635156249996 0.3613749125 0.43235362187500004 0.33578584375 0.429212878125 0.315955975 0.4275086984375 0.308905896875 0.41318727187500004 0.2803121515625 0.3855492859375 0.24801761406249997 0.37495533281250004 0.24295822031249997 0.35933033281250004 0.2432309546875 0.353885121875 0.2459481578125 0.33529989375 0.2646276640625 0.331452490625 0.2712502125 0.329202896875 0.2817781046875 0.3284922625 0.28965697968750004
0 0.3734143484375 0.239472721875 0.3921311953125 0.23914601875 0.39860521875 0.2352341234375 0.40553054375 0.22331353437499998 0.40849077187500005 0.20490676406250002 0.4060057890625 0.1892171984375 0.4032243359375 0.1840214359375 0.3945246609375 0.17237358281249998 0.38114925624999996 0.1621184234375 0.36747738124999996 0.1623570671875 0.3639852953125 0.1650401796875 0.3532714140625 0.19013768125 0.355459928125 0.21632105 0.35865554374999997 0.224131740625 0.3697225078125 0.23836042968750001 0.3734143484375 0.239472721875
0 0.416985896875 0.24617723281249998 0.4215417 0.2749414390625 0.435390115625 0.294365890625 0.44403094374999996 0.2994593765625 0.45183912656249997 0.3007766 0.4605438015625 0.300624659375 0.4690074046875 0.296401253125 0.47634689375 0.28709559218749997 0.47776816093749996 0.27133784375 0.47682213906250004 0.252999259375 0.47084506875 0.239992803125 0.45545769218750004 0.223217371875 0.4409574890625 0.21822616093749997 0.42462185625000004 0.2263777703125 0.41811069375 0.2409132859375 0.416985896875 0.24617723281249998
0 0.5547830203124999 0.640546403125 0.571430715625 0.6402558171875 0.57219109375 0.639973046875 0.5806553796875 0.6254034374999999 0.582904975 0.61487554375 0.5835445453125 0.60778455625 0.5811838109374999 0.5928794703125 0.5779350078125 0.5834964109375 0.5720167859374999 0.5770443234375 0.5421880531250001 0.5618320453125001 0.5324224281250001 0.56200250625 0.5220050171875 0.5766062046875 0.5176183078125 0.5971355968750001 0.5190264640625 0.6060263515625001 0.5270926765625 0.6210940640625 0.5424800546874999 0.6378694984375 0.5547830203124999 0.640546403125
0 0.5318141093750001 0.663269653125 0.5367840765625 0.6946487859375 0.5416363484375 0.7129191875 0.5574967359375 0.7388639125 0.559792059375 0.74073543125 0.581064665625 0.7403641171875 0.600820803125 0.7341744515624999 0.6091673953125001 0.7064961140625 0.6094638640625 0.6960023109375 0.6065647171874999 0.6776978171875 0.6033691015625 0.6698871265624999 0.5926574546875 0.651719 0.5733638265625001 0.6350117515625 0.5518794515625001 0.6353867625 0.546434240625 0.6381039671875001 0.5318141093750001 0.663269653125
0 0.6245837812499999 0.651862584375 0.634324875 0.63780645 0.6357871109375 0.6309633203125 0.6323744015625 0.609416315625 0.6218388781249999 0.5960698843750001 0.609232953125 0.584490215625 0.599467328125 0.5846606750000001 0.59094419375 0.5926759171875 0.5852613609375 0.6124412875 0.5853790546875 0.62555001875 0.5889888359375 0.6359756390625 0.5965048671875001 0.646333075 0.6032204703125 0.6522354828125 0.6245837812499999 0.651862584375
0 0.46782608437500006 0.5037956453125 0.47463147968749997 0.5220319531250001 0.4951676 0.546583984375 0.533704190625 0.57040745 0.5523883703125 0.570081315625 0.560566746875 0.5637975375 0.5674920718750001 0.5518769484375 0.575483346875 0.5281380453125 0.5755211124999999 0.5274490703125 0.56662694375 0.4712935015625 0.5663717421875 0.47060963906250003 0.54370595625 0.426428603125 0.53305315625 0.4148148421875 0.5134042125 0.40204703124999996 0.4945835953125 0.394509075 0.48878306875 0.40116571875 0.46919073750000007 0.43821790156249996 0.4658163453125 0.4540097421875 0.46451277187500006 0.48287621875 0.46782608437500006 0.5037956453125
0 0.4739677515625 0.40902371875 0.478020815625 0.40999697656249995 0.50607438125 0.4095073 0.519600259375 0.40036072968749997 0.5234476625 0.3937381796875 0.524993290625 0.37660162656249996 0.5193994890625 0.341283759375 0.5016712859375 0.3180757359375 0.49143264999999997 0.30907690312499997 0.48711223593749997 0.30653015781250004 0.47929973593749997 0.30666652656250004 0.44355054687499995 0.3282677859375 0.44011730781249997 0.3375052625 0.4382818765625 0.350648084375 0.43952436875 0.3584928671875 0.466096403125 0.40260571875 0.4739677515625 0.40902371875
0 0.5411905328125 0.27112427656250004 0.5278151281250001 0.2608691171875 0.5141432531250001 0.2611077609375 0.5052059546875001 0.266508075 0.4961487296875 0.302065290625 0.49739122187499996 0.3099100734375 0.5093453593749999 0.33592298125000003 0.5243185734375 0.35008348749999996 0.5329594015625 0.3551769734375 0.5477560734375 0.349674384375 0.5562203593749999 0.335104775 0.5595947515625 0.31931293437499997 0.5554531125 0.2931636578125 0.552257496875 0.285352965625 0.5411905328125 0.27112427656250004
0 0.4728581125 0.2361701046875 0.4990680828125 0.23571260781249997 0.50028149375 0.23510710625 0.5098574984375001 0.22168293593750002 0.5032436203125 0.179924553125 0.49620093593750003 0.1722465671875 0.48519281875000003 0.1645722421875 0.4691536546875 0.16223005 0.46370844375000003 0.164947253125 0.457907915625 0.1716038953125 0.4525804 0.1874298296875 0.45352642187500003 0.205768415625 0.45672203749999996 0.21357910625 0.4674336859375 0.231747234375 0.4728581125 0.2361701046875
0 0.516916303125 0.23657294375000001 0.5256748250000001 0.2547751625 0.5386949140625 0.268969759375 0.5497030296875 0.27664408281249997 0.55836980625 0.2801152640625 0.585149321875 0.2796478265625 0.58722656875 0.2786112640625 0.6073507578124999 0.2572827390625 0.6169398421875 0.237449184375 0.6180646390625 0.23218523750000003 0.6114380171875 0.19034639375 0.6082424 0.182535703125 0.599483878125 0.164333484375 0.5911983671875001 0.155300559375 0.5735025484375 0.14249865625 0.55468193125 0.1349607 0.54491630625 0.135131159375 0.520057540625 0.1512980140625 0.513546378125 0.1658335296875 0.5118286421875 0.19208508124999998 0.516916303125 0.23657294375000001
0 0.54783095 0.4317603484375 0.5538515234375 0.43530928125 0.57888950625 0.43487224218750004 0.5894983625 0.41661117656249996 0.5902857203125 0.41292641406249997 0.5860612484375001 0.386254153125 0.5757698734375001 0.367029828125 0.5655312375 0.35803099375 0.5592576984375001 0.355518340625 0.5455858234375001 0.35575698437500003 0.537062690625 0.363772228125 0.528598403125 0.378341834375 0.5263488093750001 0.388869728125 0.52924795625 0.4071742234375 0.5348108625 0.4175657515625 0.54783095 0.4317603484375
0 0.6040447578125 0.359756715625 0.614239246875 0.360614684375 0.631962040625 0.36030533125 0.6368337187499999 0.356562225 0.6437590453125 0.3446416359375 0.645204446875 0.3342916625 0.6400947 0.3020299921875 0.6382572203125 0.29753884531249997 0.6224556781249999 0.27814848593749997 0.6099086015624999 0.2731231828125 0.5981898515624999 0.273327734375 0.5857604671875001 0.281411159375 0.57924930625 0.29594667812500003 0.577413875 0.3090894984375 0.58114135 0.33262384843750004 0.58670425625 0.3430153734375 0.6040447578125 0.359756715625
0 0.6158501859375 0.4299652765625 0.6254537703125 0.4356262796875 0.6610550609375 0.43500485624999996 0.6682121484375 0.42020151562499997 0.66307996875 0.38779820468750004 0.6599459671875 0.380685678125 0.644972753125 0.366525175 0.636331925 0.3614316859375 0.61484755 0.361806696875 0.6013522171875 0.3817084359375 0.6002274203125 0.38697238437500003 0.5995167859375 0.39485125781249997 0.6015876046875 0.40792589687499997 0.604783221875 0.4157365890625 0.6158501859375 0.4299652765625
0 0.580368990625 0.51354106875 0.5910217906249999 0.52515483125 0.5981328984375 0.53011235 0.6279144375 0.5295925109375 0.6359436656249999 0.5243707171875001 0.6439937875 0.5071861796875 0.6426636953125 0.47653015937500004 0.6387291390625001 0.451688346875 0.633284375 0.44575242499999995 0.6242293828125 0.438044009375 0.6054087671875 0.43050605624999994 0.5878306421875 0.43081288281249996 0.577768546875 0.4414771453125 0.5723821828125 0.4507487140625 0.5688948640625 0.475720075 0.569930275 0.482257396875 0.574806084375 0.5031495406250001 0.580368990625 0.51354106875
0 0.6141949062500001 0.5354421078125 0.6076837453125 0.5499776234375 0.6118253828125 0.5761269 0.615849328125 0.589167446875 0.6245490031250001 0.6008153 0.640580103125 0.612412875 0.6643373375 0.6119981906249999 0.6672212828124999 0.610559078125 0.677697540625 0.60250974375 0.6830839046875 0.5932381765625 0.6853335 0.58271028125 0.68521580625 0.5696015515624999 0.6799493703125 0.548716221875 0.6708355312500001 0.5344534421875 0.6351474234375 0.5193434375 0.6273349234375 0.5194798046875 0.6141949062500001 0.5354421078125
0 0.6586434062500001 0.7468440734375 0.6759968921875 0.7465411671875 0.6770689609375 0.7463104171875 0.6840531328125 0.7409441921875 0.6963475796874999 0.716551765625 0.68866246875 0.6680298796875 0.66636178125 0.641611034375 0.6557678296875 0.6365516390625 0.6420959546875 0.6367902828124999 0.6250496875 0.6528207671875 0.6181243624999999 0.66474135625 0.6158747671875 0.6752692515625001 0.620844734375 0.7066483828125001 0.62960325625 0.7248506 0.6469437578125 0.7415919390625 0.6586434062500001 0.7468440734375
0 0.6983431796875 0.709366459375 0.701231003125 0.7177069546875 0.7213529578125 0.7396440578125001 0.732361075 0.747318378125 0.7386346140625 0.7498310328125 0.7503533640625 0.74962648125 0.7643217078125 0.738894034375 0.7719576671875 0.7190945703125 0.7721948421875 0.7106995296874999 0.7691300296875 0.691349065625 0.7665735375 0.6851005125 0.7558618906250001 0.6669323859375 0.747576378125 0.657899459375 0.7389355515625 0.652805971875 0.7287557625 0.650361503125 0.7154980515625 0.653215075 0.700404909375 0.66921146875 0.695432709375 0.6810979671874999 0.6948642031250001 0.6874010671875 0.6983431796875 0.709366459375
0 0.66457468125 0.6222900609375001 0.6670596640625 0.637979625 0.6749898578125 0.6509519874999999 0.686739825 0.661745384375 0.702334684375 0.661473175 0.7047597437500001 0.6596099015625 0.7128687140625 0.6489797328125 0.7178409140625 0.637093234375 0.7170125859375001 0.6318633796875 0.708668228125 0.6162760921875 0.6983707453125 0.6007228921875 0.6928666875 0.59688573125 0.6870073125 0.5969880078124999 0.665699478125 0.6170261140625 0.66457468125 0.6222900609375001
0 0.6869566078125 0.5682269062499999 0.6897522140625 0.5858776671875 0.6930010156249999 0.5952607249999999 0.7068494328125 0.614685178125 0.726912540625 0.630067915625 0.7425120796875 0.6357027609375 0.760547746875 0.635387946875 0.769881290625 0.6293178937499999 0.7790562109375 0.6068694125 0.7841618375 0.578513440625 0.78365655625 0.575323228125 0.77817126875 0.5518195609375 0.7726083640625 0.5414280359375 0.764322853125 0.5323951109375 0.7423066203124999 0.5170464625 0.73603308125 0.5145338125000001 0.71845495625 0.5148406390625 0.7130097453124999 0.5175578421875 0.6994555640625 0.530905215625 0.6879133562499999 0.5507728625 0.6869566078125 0.5682269062499999
0 0.793794146875 0.6393294515625 0.781092671875 0.6234368109374999 0.7769589421875 0.6210001109375 0.7610620046875 0.62127759375 0.7522688078125 0.6331174828125 0.7507086921874999 0.64428888125 0.7526345531249999 0.6564482953125 0.754871484375 0.6619157796875 0.7631569953125 0.6709487046875 0.7735220671875 0.6758987921874999 0.7739187203125 0.67589186875 0.7931645046875 0.66255845 0.79655021875 0.65673060625 0.793794146875 0.6393294515625
0 0.64142644375 0.45140656718749994 0.640301646875 0.45667051562500005 0.6485849234375001 0.5089690703125 0.6513663765625 0.514164834375 0.6596518875 0.523197759375 0.6714507359375 0.52883258125 0.702654625 0.528287915625 0.703448965625 0.5276775921875 0.7088353296875 0.5184060234375 0.7159982765625 0.48943726718749997 0.712270803125 0.46590291875 0.7062937328125 0.45289646406250006 0.7027428 0.44902520937499996 0.6705467781250001 0.4312320921875 0.6607811531250001 0.43140255312500003 0.65030489375 0.439451890625 0.64142644375 0.45140656718749994
0 0.720090634375 0.4719956625 0.7263641734374999 0.47450831562499995 0.7439422984374999 0.47420148749999996 0.7528795953125 0.46880117187500003 0.7567269984375 0.46217862343749994 0.7592730624999999 0.44115692500000003 0.7559597515625 0.42023750312499997 0.7425254984375 0.40342797968750005 0.7358377968750001 0.3983004 0.7252438437500001 0.3932410046875 0.7115719687500001 0.39347964687500003 0.7045877968750001 0.398845871875 0.697662471875 0.410766459375 0.69470224375 0.429173228125 0.699554515625 0.44744363125 0.7051174203125 0.4578351578125 0.720090634375 0.4719956625
0 0.799128925 0.762044509375 0.8144574562500001 0.7722655765625001 0.8335745421875 0.7693097296875 0.8564801828125 0.75317696875 0.8575317421875001 0.744977484375 0.8507891546874999 0.7024064609375 0.8485522234375 0.696938978125 0.8398525484375 0.6852911234375 0.8186646421875 0.6751723328125 0.8128052671875 0.6752746078125 0.7968837984375 0.686041146875 0.7903726375 0.7005766625 0.7869982453125 0.7163685046875 0.7887725953125 0.7399369453125 0.7923823750000001 0.7503625640625 0.799128925 0.762044509375
0 0.7939946499999999 0.5515627890625 0.7844644140625 0.5779507109375001 0.7894343796875 0.609329840625 0.8162440375 0.636394525 0.8237693671875 0.6389848687499999 0.8434986671875 0.6386404921875 0.8440019515625 0.638532165625 0.8605752078125001 0.6133323890625 0.8628248031249999 0.60280449375 0.8542450562499999 0.5609997421874999 0.84359225625 0.5493859828125001 0.832998303125 0.5443265859374999 0.81459185 0.5394035578125 0.804826225 0.5395740171875001 0.7993810140625001 0.5422912203125 0.7939946499999999 0.5515627890625
0 0.813579003125 0.5246618875 0.8142820015625001 0.5213719218749999 0.8066199703124999 0.4729957609375 0.8048815625 0.4697484078125 0.7942287625 0.4581346453125 0.7839552453125 0.4532282828125 0.767798559375 0.4535102984375 0.7540414656250001 0.4640804328125 0.7514365546875 0.47854776406250005 0.750843615625 0.49953536875 0.7525002703125 0.5099950796875 0.7580631765625 0.5203866078125 0.7706691015625 0.5319662765625 0.783304975 0.539414715625 0.801618540625 0.5390950515624999 0.8066536781250001 0.5365824765625 0.813579003125 0.5246618875
0 0.8417883046875 0.6529967125 0.8455157796874999 0.6765310625 0.8565827421875 0.69075975 0.8680050234375001 0.701049 0.8703172453124999 0.70241198125 0.8879836234375 0.7021036125 0.9073639921875 0.689873359375 0.9142893187500001 0.6779527734374999 0.91642121875 0.6543161453125 0.9128114374999999 0.643890528125 0.8793140765624999 0.6116982656250001 0.8730405390625 0.6091856124999999 0.8656422015624999 0.611936909375 0.8536269828125 0.6226352625 0.8424989374999999 0.6451178375 0.8417883046875 0.6529967125
0 0.96028915625 0.7507490921875 0.95378333125 0.7096729359375 0.95187235625 0.70533603125 0.9431726812499999 0.693688178125 0.9341176890625 0.6859797624999999 0.9182737453125001 0.681206240625 0.917188675 0.68122518125 0.9048208140625 0.6864911421875 0.89943445 0.6957627109375 0.8949352609375 0.7168185 0.8986627359374999 0.7403528500000001 0.9070070937500001 0.7559401390625 0.9204413468749999 0.7727496640625 0.9244417296874999 0.7751077609375 0.9347378328125 0.774928040625 0.9600967859375 0.7510802187500001 0.96028915625 0.7507490921875
0 0.8946601453125 0.591115965625 0.898801784375 0.6172652421875 0.9015832359375 0.62246100625 0.9098687468750001 0.63149393125 0.91715344375 0.6357880234375 0.941090078125 0.6353702078125 0.9469781218750001 0.6308461859375 0.9561530421875 0.6083977015625 0.9544963859375001 0.597937990625 0.947276825 0.577086753125 0.9413586031250001 0.5706346640625 0.9268584015625001 0.5656434531250001 0.9073271515625001 0.5659843718750001 0.9038350640624999 0.5686674828125 0.8969097390625 0.5805880703125 0.8946601453125 0.591115965625
0 0.860216615625 0.5724257125000001 0.8608426609375 0.572531325 0.878572696875 0.5722218453125001 0.8832399531249999 0.56940168125 0.8867320390625 0.5667185703125 0.896321121875 0.546885015625 0.8963730046875 0.5450486 0.8939812078125 0.5299473906250001 0.8902263593749999 0.52076983125 0.8850776171874999 0.5129932296875 0.8701044031249999 0.4988327265625 0.8638308640625001 0.49632007187499994 0.8501589890625001 0.496558715625 0.83471053125 0.5164945484375 0.835656553125 0.5348331328125 0.84246195 0.5530694421875 0.845243403125 0.5582652078125 0.860216615625 0.5724257125000001
0 0.8577225078125 0.4985600296875 0.8598854484375 0.49274042187499995 0.8537521421875001 0.4540162484375 0.8459471437499999 0.44894458750000005 0.8236344421874999 0.44408974375000004 0.8166502687499999 0.449455965625 0.806647021875 0.46667459375 0.8114992937500001 0.4849449953125 0.8178316796875 0.4940120125 0.8245193828125 0.49913959218750004 0.8303172703125 0.5025572609375 0.8530362140625 0.5021607 0.8577225078125 0.4985600296875
0 0.7557760328125 0.41505871250000004 0.7739448624999999 0.43702990937499997 0.788014209375 0.445323334375 0.83288545 0.44454010312500003 0.8372731906249999 0.441168821875 0.8476906015625 0.4265651234375 0.8501327906249999 0.4113795390625 0.8435890015625 0.37006368125 0.8420710828125 0.3663536015625 0.8341408890625001 0.353381240625 0.816386221875 0.334024971875 0.79756560625 0.32648701875 0.76436248125 0.32706658125 0.7519919453125 0.341704371875 0.746664428125 0.35753030468749997 0.7445325265625 0.3811669296875 0.7461891828125 0.3916266421875 0.7557760328125 0.41505871250000004
0 0.7369139265625 0.38036354375000003 0.748041971875 0.35788096875000003 0.75129866875 0.3289803953125 0.7503526468749999 0.31064180937499997 0.7439614140625 0.295020428125 0.7253784203125 0.2704343046875 0.7132919281250001 0.2633097109375 0.6868885703125 0.2637705828125 0.66832363125 0.2688080421875 0.658734546875 0.28864159843750004 0.6504468015625 0.3228743015625 0.65736989375 0.3542193421875 0.6657142515625 0.36980663125 0.6802733015625 0.38135220937500003 0.7047486921874999 0.39350486875 0.7084658984375001 0.393439984375 0.7190393328125 0.3911641734375 0.7369139265625 0.38036354375000003
0 0.626649825 0.231981159375 0.6349941828125 0.24756845 0.6480142718749999 0.26176304687499996 0.6605613499999999 0.26678835 0.6768562453125 0.2686461578125 0.6813246390625001 0.2685681609375 0.6983813578125 0.25826172812500003 0.7053066828125 0.246341140625 0.707173796875 0.2309252296875 0.7016516125 0.1960595265625 0.70092965625 0.193974403125 0.6889755171874999 0.16796149375 0.68069000625 0.15892856875 0.6629941875 0.146126665625 0.640681484375 0.141271821875 0.630205225 0.14932115625 0.6186630171874999 0.169188803125 0.6173594453125 0.198055284375 0.619844428125 0.21374485000000001 0.626649825 0.231981159375
0 0.7522701828125 0.2089847890625 0.735906615625 0.1993389953125 0.714422240625 0.19971400625 0.707496915625 0.2116345953125 0.705661484375 0.22477741562500003 0.70856063125 0.24308191093749998 0.7251170921875 0.2631033015625 0.7473374078125 0.2627154453125 0.7570922875 0.2527234140625 0.75830144375 0.24706467187499997 0.7522701828125 0.2089847890625
0 0.7520729968750001 0.2058218109375 0.765093084375 0.22001640625 0.7711953953124999 0.223128509375 0.7994248765624999 0.2226357625 0.8006634984375 0.22201767968750002 0.8099561124999999 0.21267792812500003 0.8126198718750001 0.20476496093750002 0.8165901171875 0.1798144140625 0.815189709375 0.170972590625 0.8082494953125 0.15542090625 0.793624946875 0.13429828125 0.7794800609375 0.12536763125 0.7736206859375 0.12546990625 0.7623160999999999 0.1282893859375 0.7518398421875 0.1363387203125 0.7464534781250001 0.1456102890625 0.7430790859374999 0.16140213125 0.7420719828125 0.1797748078125 0.7520729968750001 0.2058218109375
0 0.7914016484374999 0.327752728125 0.811983721875 0.3273934671875 0.8342045812500001 0.32410585 0.8395909453125 0.31483428125 0.842833434375 0.29604565 0.8382388031250001 0.26703629375000004 0.8300651765625 0.25469094531250003 0.810357384375 0.2353687671875 0.782599471875 0.233231128125 0.7705842515625 0.24392948125 0.7605810046875 0.2611481109375 0.758034940625 0.28216980625 0.762058884375 0.29521035156250003 0.767621790625 0.3056018796875 0.7735400125 0.3120539703125 0.7914016484374999 0.327752728125
0 0.903471846875 0.284437675 0.9114570140625 0.2643699015625 0.9057664031250001 0.22844079375 0.895781509375 0.21115151718749997 0.8778470781250001 0.1977646015625 0.868412671875 0.19792927968750001 0.8460662093750001 0.20021959374999998 0.837187759375 0.21217427500000002 0.8311496093749999 0.2358790828125 0.8336345921874999 0.25156864843750004 0.836830209375 0.259379340625 0.8471276921875001 0.27493253906250004 0.86014778125 0.28912713437500004 0.8692834296875 0.2934900828125 0.8949101875000001 0.293042765625 0.903471846875 0.284437675
0 0.8660376703124999 0.4042179484375 0.8829051609375 0.4117899953125 0.9059284968749999 0.40876596249999997 0.9129126703124999 0.4033997421875 0.9248690421875001 0.38614702031250003 0.9283563609375 0.361175659375 0.9238419734375001 0.332672946875 0.9188353593749999 0.323320575 0.9077683953125 0.3090918859375 0.8857521625 0.29374323750000003 0.8681740375 0.2940500640625 0.84485423125 0.307567896875 0.8394678671875001 0.316839465625 0.837554371875 0.3517475546875 0.8409091 0.3729284703125 0.8486971671875001 0.38747660625 0.8660376703124999 0.4042179484375
0 0.91635435 0.2235697640625 0.9265929859375 0.23256859687500003 0.941507353125 0.24017473906250003 0.960210275 0.2346039640625 0.966780284375 0.2266228125 0.9748304062500001 0.20943827656249997 0.9740735890625001 0.1947674078125 0.973162428125 0.1890145671875 0.9666648234374999 0.170248453125 0.963883371875 0.16505269218750002 0.9560120234375 0.15863469218749998 0.947785359375 0.15615613281250001 0.928254109375 0.1564970515625 0.9228088984375 0.1592142546875 0.90818876875 0.18437994375 0.9076202609375 0.1906830421875 0.9117204828125001 0.21657082499999997 0.91635435 0.2235697640625
0 1 0.22410225625 0.9977145296875 0.22161061875 0.9890737015625 0.2165171328125 0.9754018265625 0.21675577656249997 0.9638596187499999 0.23662342343749998 0.962734821875 0.24188737031250002 0.9918112625 0.2756831546875 1 0.27554022031250003 1 0.22410225625
0 1 0.308997778125 0.9965408421875 0.2871575140625 0.993522884375 0.27737710312499997 0.9883741421875 0.2696005015625 0.9729867656250001 0.252825071875 0.9619786484375 0.2451507484375 0.953751984375 0.24267218750000003 0.938126984375 0.2429449234375 0.9287755234375 0.24573031093750003 0.9217913515625 0.251096534375 0.9159908234374999 0.257753175 0.9068747515625001 0.2867560234375 0.9082349359374999 0.3077095359375 0.9221422 0.3336883515625 0.9304277109375001 0.34272127812500003 0.941290228125 0.3470718890625 0.984403653125 0.3463193421875 0.995532621875 0.3271630046875 1 0.310395984375 1 0.308997778125
0 1 0.3711455671875 0.9896451140625 0.35985659375 0.9699961703125 0.347088784375 0.9563242953125 0.347327428125 0.9489259593750001 0.350078721875 0.9388638640625 0.3607429828125 0.92927478125 0.380576540625 0.93104913125 0.40414498125 0.9417607765625 0.42231310625 0.9591012796875 0.43905444843749997 0.9645097953124999 0.4422425921875 0.9989137390625 0.44164206874999995 1 0.4411795625 1 0.3711455671875
0 0.898116396875 0.4825719859375 0.9313537578125001 0.481991825 0.93556308125 0.4771612390625 0.937812675 0.466633346875 0.9373396640625 0.45746405156250003 0.9353723859375 0.44504314375 0.9308895843749999 0.435288303125 0.920236784375 0.42367454374999997 0.91159595625 0.41858105468750006 0.89401783125 0.41888788281249995 0.885080534375 0.4242881984375 0.8778587390625001 0.4467025875 0.8779646640625 0.458500446875 0.8782186843750001 0.46010426875 0.8961452640625 0.48178251562499996 0.898116396875 0.4825719859375
0 1 0.474001309375 0.9962356421875 0.4639140234375 0.9812624281250001 0.44975351874999997 0.9574107656249999 0.44754769375 0.9445672171874999 0.45301619375 0.939180853125 0.46228776250000003 0.9377595875000001 0.4780455109375 0.9434401859375001 0.5015457703124999 0.9462216390625 0.5067415328125 0.9588275640624999 0.5183212015625001 0.9696892890625 0.5220599890625001 0.979981171875 0.52188034375 0.9865854781250001 0.5204588421875 0.9966475734375001 0.50979458125 1 0.5003644296875 1 0.474001309375
0 0.9102180328125 0.5557957140625 0.9144584796874999 0.5574940796875001 0.9338812234375 0.5571550546874999 0.9375617828125 0.5553184265625 0.9495656796875 0.534656071875 0.9457967890625 0.5108602296875 0.9421809 0.5041057390625 0.9272076859375 0.48994523437500004 0.9189810218750001 0.48746667187500003 0.9037701859375 0.4903543375 0.8948328890624999 0.49575465156250004 0.889446525 0.5050262203125 0.8891500546875 0.5155200234375 0.8967837796874999 0.5389861875 0.899979396875 0.5467968796875 0.9102180328125 0.5557957140625
0 1 0.6565453359375 0.9960505375 0.65008473125 0.9881791906249999 0.643666734375 0.9775852374999999 0.6386073390625 0.9678196124999999 0.6387777984375 0.9534371046875 0.6468953171875 0.9495897015624999 0.653517865625 0.9446763484374999 0.6719587265625 0.9463330046875 0.6824184375 0.9546773625 0.698005728125 0.9704147328125 0.7131993296875 0.9928681578124999 0.7128074046874999 1 0.7092485578125001 1 0.6565453359375
0 1 0.539007625 0.989763196875 0.5278473859374999 0.9770686468750001 0.5203643625 0.95709533125 0.5207129968750001 0.948747571875 0.5285633171875 0.941822246875 0.5404839046875 0.938033690625 0.5536608203125 0.9396903453125001 0.5641205296875 0.9626526015625 0.5978077640625 0.9790980984375001 0.5986699234375 0.9825944390625001 0.59860889375 1 0.5959176796875 1 0.539007625
0 1 0.7539340578125 0.983482390625 0.7506526 0.9745450921875 0.7560529140625001 0.9618780875 0.781184509375 0.96004265625 0.79432733125 0.9629418031249999 0.8126318250000001 0.9657232562500001 0.8178275890625001 0.97874334375 0.832022184375 0.9917045859375 0.8396624156250001 1 0.8395176187500001 1 0.7539340578125