0 0.41796875 0.459375 0.1671875 0.2140625
0 0.77109375 0.59453125 0.12421875 0.153125
0 0.0859375 0.59453125 0.07109375 0.0984375
0 0.890625 0.5984375 0.11015625 0.14453125
0 0.0140625 0.70703125 0.02734375 0.096875
0 0.565625 0.65390625 0.0828125 0.10625
0 0.4109375 0.6453125 0.0953125 0.11484375
0 0.6984375 0.70234375 0.10390625 0.1328125
0 0.63125 0.421875 0.1265625 0.17109375
0 0.49140625 0.56328125 0.10234375 0.12578125
0 0.14921875 0.5546875 0.06171875 0.08515625
0 0.67265625 0.553125 0.0890625 0.11171875
0 0.61171875 0.73671875 0.07578125 0.10390625
0 0.88046875 0.4109375 0.10546875 0.1296875
0 0.96796875 0.66328125 0.0640625 0.090625
0 0.5234375 0.40390625 0.09453125 0.1171875
0 0.85234375 0.7703125 0.059375 0.078125
0 0.29765625 0.42734375 0.06953125 0.08203125
0 0.3875 0.7546875 0.08671875 0.11328125
0 0.10078125 0.759375 0.06328125 0.08671875
0 0.90625 0.72421875 0.084375 0.11015625
0 0.4859375 0.690625 0.07890625 0.1125
0 0.2546875 0.52109375 0.0890625 0.1140625
0 0.25 0.83515625 0.05625 0.075
0 0.17734375 0.475 0.07734375 0.09453125
0 0.2046875 0.6453125 0.084375 0.11171875
0 0.765625 0.46484375 0.0859375 0.09765625
0 0.125 0.6703125 0.07109375 0.090625
0 0.39140625 0.8625 0.06171875 0.08359375
0 0.465625 0.8078125 0.08046875 0.1046875
0 0.7796875 0.75234375 0.0875 0.11171875
0 0.54375 0.7859375 0.0703125 0.1
0 0.321875 0.82890625 0.04140625 0.0484375
0 0.0265625 0.61328125 0.05234375 0.10546875
0 0.0328125 0.8125 0.065625 0.140625
0 0.2953125 0.65859375 0.084375 0.11953125
0 0.23125 0.746875 0.08046875 0.109375
0 0.04140625 0.51796875 0.07578125 0.09453125
0 0.0640625 0.6890625 0.05703125 0.08046875
0 0.0828125 0.4375 0.11640625 0.1453125
0 0.9703125 0.5578125 0.05859375 0.10703125
0 0.34765625 0.5859375 0.075 0.09765625
0 0.1984375 0.80546875 0.06171875 0.075
0 0.303125 0.76875 0.07421875 0.1
0 0.6765625 0.80703125 0.08359375 0.1046875
0 0.109375 0.8390625 0.06015625 0.08359375
0 0.22578125 0.39765625 0.0734375 0.09296875
0 0.159375 0.7421875 0.05390625 0.0703125
0 0.87578125 0.84921875 0.04765625 0.07578125
0 0.83984375 0.515625 0.05546875 0.06796875
0 0.8390625 0.69140625 0.06171875 0.078125
0 0.96484375 0.815625 0.0671875 0.0984375
0 0.81328125 0.84609375 0.0640625 0.08515625
0 0.99375 0.44453125 0.01171875 0.053125