0 0.4506880257653461 0.38071852177411936 0.10993444652182731 0.1277306879040248
0 0.12651545479252882 0.37769778800494835 0.09923014539164052 0.11788474925762475
0 0.739239629184518 0.35208609026216875 0.07960858343348357 0.08637542069139795
0 0.06694143101566055 0.9071352354185237 0.1067843109120276 0.1274444471907792
0 0.6775901477252921 0.33520011863369864 0.0609228114163141 0.06364947161184328
0 0.7672602932832127 0.5637533644770636 0.07884465056867693 0.09102313959810307
0 0.0505585392489198 0.08492291778840409 0.059605895135913654 0.06400031551854848
0 0.5592230214306029 0.130053280549608 0.08638354505007886 0.0898804311245526
0 0.768163711595094 0.4781113811701109 0.06521373108280279 0.07204402258175265
0 0.4879048283189459 0.9563740881505977 0.08004816537732892 0.053504000511265914
0 0.7869949579828079 0.27130745170322434 0.10138062898784898 0.11191530695754234
0 0.7923348189270023 0.41125049010388415 0.06912473041309646 0.07673047755832592
0 0.5582503345779475 0.23437706769662653 0.07998561758047948 0.08930510819139795
0 0.6718501781258317 0.7245293915949522 0.045899385865526554 0.05426160266556703
0 0.17469284685971992 0.9468078376883792 0.06178421757600705 0.06883093587517095
0 0.6737090483404131 0.8552338223154801 0.10943462051503161 0.12460284639736088
0 0.43481343203856804 0.6855053101747791 0.09904842374464451 0.1149607447709526
0 0.35146022520022424 0.7284035155059131 0.0973252455150316 0.12425049957103518
0 0.12525837557223202 0.16369512397746797 0.08344026669707479 0.09271350739797941
0 0.6162297182761025 0.05601037529761621 0.07030340083959849 0.07530541490162064
0 0.11967770274671378 0.7997486327529566 0.09793854767615336 0.10860456400096083
0 0.20011019046494138 0.09613789944600402 0.10657475042114664 0.1137203800474021
0 0.40097854141629147 0.19848033478538538 0.08341513108727519 0.09251819489797941
0 0.654248799241764 0.09926863031218114 0.06549990440630075 0.07351170783841651
0 0.7439540121602158 0.13401805186150892 0.05390617531742237 0.0575105839353526
0 0.5112896972675065 0.20616715116186368 0.06393740440630076 0.07346624373179385
0 0.04885596294905601 0.6191327817367422 0.09771192589811202 0.14486031274731967
0 0.3736465005435634 0.8281618231069029 0.08581967401556607 0.09910662775460218
0 0.12325397881251021 0.9412996352602392 0.05511370763591365 0.06386960621200828
0 0.7103655192632313 0.012610103189719429 0.051339273973537304 0.025220206379438857
0 0.6123769655078303 0.4367231662055584 0.05323310327611388 0.06362030508539399
0 0.5148978446923482 0.8131552855641729 0.09542359773784881 0.11174197505104325
0 0.036194849753633684 0.8204452291503175 0.07238969950726737 0.10557722025096083
0 0.45195621665229435 0.7760704742022596 0.08475700002236178 0.10218900515464338
0 0.19907555327605692 0.6121971569678515 0.07804608343348347 0.08632995658477541
0 0.5088044829041403 0.0863774883880245 0.07608141367668786 0.0831594924781526
0 0.11632560107290657 0.6504078622989855 0.06796440016989207 0.0798100134517032
0 0.8211332082832582 0.02739927464209363 0.06236233660140087 0.05479854928418726
0 0.7831006858297478 0.08384455562243262 0.07274276099339012 0.08140840801490726
0 0.6928375311229968 0.41025394292773576 0.06179678538090698 0.06892859212517113
0 0.2550002389842482 0.17159488902116277 0.08019349788537919 0.08940844745472579
0 0.6495455279327176 0.49868595711350067 0.09357492441435085 0.11022882568775678
0 0.3420957394062551 0.4624890104913483 0.10239862118473794 0.11982546320754217
0 0.44464203792556195 0.5365593448145152 0.06598716260819656 0.07654189309508048
0 0.1540462507224572 0.03676891112448653 0.054827534312415695 0.06240192095534436
0 0.1643743728039598 0.5431576519532865 0.08252263398427102 0.09541094281134832
0 0.10091306633762373 0.016184448147637098 0.07278324232475253 0.032368896295274195
0 0.44481098272524655 0.8860221357224575 0.08498219746245503 0.10696279537798788
0 0.12004361022173707 0.0953543009370721 0.06661982800072015 0.059534453038334045
0 0.4561523848426191 0.14472719748008225 0.08715595352736845 0.0973942793612248
0 0.5946166185907732 0.8287371699664821 0.08001075319027925 0.08950042069139812
0 0.6489788042989645 0.3881803661264162 0.06196696227110721 0.06873896263849896
0 0.7211039954863631 0.5292934479423007 0.05490005495261592 0.06220944996200828
0 0.16619817565800982 0.8676659069678514 0.08952279304095985 0.10368974346784725
0 0.2819333661229512 0.9662588681714801 0.08053272034513963 0.045929435611224534
0 0.47059456254644394 0.5949568665221275 0.06435214196799635 0.07668889998179385
0 0.6905668431258773 0.1799359571135007 0.09099443221746188 0.10227320533113407
0 0.5506947465092706 0.32332590743006984 0.07442125742668786 0.08311118686486604
0 0.5076403591988295 0.29500233062875025 0.06736691791309646 0.07667933043837527
0 0.3694991099212867 0.34027302969167816 0.08609327953416415 0.10047665676126609
0 0.7404201216594958 0.19171689159495223 0.04964700373212203 0.05767852639214022
0 0.7530174680972087 0.8498128849310346 0.06430066474517897 0.08914059436850721
0 0.7202558067667864 0.2576828723946224 0.06562269626610054 0.07370986184508048
0 0.634915438118676 0.7575153878340286 0.060294238216207316 0.06859300077521233
0 0.668240567060081 0.03893052388569042 0.05487221610873085 0.05140938730530311
0 0.3377440679040947 0.6354036732651874 0.07108940016989207 0.07990094166494846
0 0.22704039032182638 0.7335804119824163 0.1852576997121064 0.21709471627555477
0 0.5868988064663361 0.5137403072717852 0.06552504001610053 0.07370702033841639
0 0.0022598956070878176 0.7616445421615834 0.004519791214175635 0.11634138834446191
0 0.23834965236048564 0.3433107646479834 0.06238747221120065 0.07351843587517112
0 0.27413078286836157 0.2527623209953318 0.08804538148605996 0.10354946461788864
0 0.7974431872746622 0.16592962991646973 0.08493294929095967 0.10355619265464329
0 0.6093630221530602 0.1698455547645028 0.08209141938037252 0.09432819954135674
0 0.7114831952216915 0.6221940017823666 0.0826695384057663 0.09882038704135673
0 0.4299093445707918 0.2700227141731297 0.07463491010998542 0.08477134311486605
0 0.5399524768240325 0.015867726247323594 0.05134504635193515 0.03173545249464719
0 0.5620753381902335 0.4405217676174843 0.06716006065630076 0.0735600134517032
0 0.7159523753933382 0.9442903106369975 0.11133857202611389 0.06531100155042466
0 0.7461644821816831 0.038219818554556355 0.05978184440451173 0.06536750301854846
0 0.006253483649819485 0.9337635830695257 0.01250696729963897 0.08122191359851563
0 0.565642563690908 0.9268707930860203 0.08785686441256199 0.10208462086788898
0 0.6514818510729066 0.6348364057807172 0.06157056489270936 0.06717077962517112
0 0.21640684746062053 0.4412397992877194 0.12006081158173387 0.1232580973870558
0 0.45069707633046796 0.04073663522927207 0.08167668181867693 0.08147327045854413
0 0.11654684818307777 0.48539662773839165 0.06629167611499223 0.07966405158841657
0 0.29328880718879324 0.5635346849436699 0.06940988068849023 0.08121414053833398
0 0.38081189670238463 0.5547614270261112 0.07980966831188123 0.08793792069139794
0 0.5202564042274069 0.7110388560972863 0.08022440587357682 0.09116057694139794
0 0.21046606170243023 0.019283545922507174 0.07594287659513954 0.03856709184501435
0 0.24113795768235763 0.5393674107287751 0.0718686040736837 0.08595562916494845
0 0.3407892851572897 0.9201818385463092 0.08796708846746189 0.10218511862455273
0 0.2461723978468487 0.8933585772635378 0.11306521890022517 0.12937843310394256
0 0.4118593481830778 0.47680391158670493 0.07600889303648746 0.08335196347148859
0 0.04791871776464877 0.41037154717614843 0.09583743552929753 0.10870506175762476
0 0.6994113817738965 0.7704269133025645 0.053918743122322255 0.0576082401853526
0 0.3459008495064356 0.021121179071175184 0.0644483009871287 0.04224235814235037
0 0.40312765856215016 0.9619541499082225 0.06675639366863742 0.046987943908284535
0 0.4944850709728173 0.0056334991466431925 0.051459545554365424 0.011266998293286385
0 0.6022400115593152 0.6424957930860203 0.04413002860873085 0.051096821572272154
0 0.29349368552929755 0.3502678068095668 0.07188694425698135 0.08761010240162062
0 0.5234097508440138 0.5716270151102018 0.06657514620440494 0.07052698668837536
0 0.5776749188554448 0.7366095059390018 0.06598716260819656 0.07654189309508048
0 0.7080001433905488 0.08680808274032133 0.07256681172479204 0.08004122051490725
0 0.5294884762231318 0.5122974792168244 0.04614496958512611 0.054657910678894875
0 0.06953417728181802 0.15519831386919583 0.062400040016100444 0.07361609212517113
0 0.6440829012160216 0.006873159475133883 0.09308419756795683 0.013746318950267766
0 0.40804485877682267 0.010950557205278265 0.07453528244635468 0.02190111441055653
0 0.013042767939873448 0.9838856035234969 0.026085535879746897 0.026591243731793668
0 0.33159547652358207 0.2658784349436699 0.06581698571799625 0.07673152258175264
0 0.5582807422960838 0.6212034662847008 0.07357223611678129 0.08785372051490725
0 0.180473140922727 0.23058109560593804 0.08292210050698143 0.08793119265464337
0 0.03767076220200091 0.7282804612036288 0.07534152440400183 0.08807819954135673
0 0.615551071816831 0.5813991687128409 0.06697731596120064 0.07365198668837536
0 0.6362137079828079 0.2756947379923131 0.1220910235971143 0.13752159290038354
0 0.6319207908153908 0.6961148865803872 0.06271832733101376 0.06399358748179385
0 0.3528032104506299 0.15551759646386784 0.08178690587357682 0.09120604104802066
0 0.7429924369742119 0.4196911274091873 0.053912970743924406 0.056051423198680436
0 0.5903315570672367 0.01668414288309265 0.04365533821173493 0.0333682857661853
0 0.19632377895562522 0.30094741989997514 0.07256681172479196 0.08004122051490725
0 0.49853484643771306 0.6439566561764286 0.05707837739270936 0.06704007031863099
0 0.4923742772102605 0.4620079742022595 0.07936281675877037 0.09580545434143914
0 0.20708827197416632 0.9793331811827463 0.056025276742669924 0.023325964881835047
0 0.09207411353357273 0.5546012688046185 0.055515877392709356 0.06699460621200828
0 0.5354964694205666 0.3930390138565606 0.05081310635372418 0.0561558074854351
0 0.5948401955221418 0.3734108239648327 0.06205782309460517 0.07020096488183505
0 0.47829248115877565 0.2569400409744492 0.04354511415683504 0.048063794808944314
0 0.7700389505793421 0.657071455464148 0.07708106569027909 0.08941517549148052
0 0.7501069944634555 0.7393754901038841 0.06562269626610054 0.07370986184508048
0 0.3859030301000893 0.6301107680131957 0.04461626376252257 0.057142984552280396
0 0.2682636565736723 0.044342067234408124 0.06570098928469861 0.07507420783841652
0 0.1161022928612058 0.28927178549766597 0.07412931172479195 0.08008668462152997
0 0.40735070972817267 0.11267922710525342 0.05892025528970528 0.0700123804185897
0 0.3842446473032853 0.050307259237707035 0.05694031449392441 0.05613950990526188
0 0.7686576419456346 0.013309046419745191 0.046670114156835044 0.026618092839490383
0 0.2934021936552205 0.010886690714638084 0.05380804488465909 0.021773381429276168
0 0.634578743440548 0.9536629621280657 0.067268787480333 0.050213441664948275
0 0.34486680977817175 0.979215857746639 0.043887039850680765 0.015189533122148546
0 0.15877174536480648 0.00261746239533605 0.035386196770387054 0.0052349247906721
0 0.1354918097781717 0.9853080480340782 0.050234696100680674 0.015374231055303157
0 0.7113841164234016 0.7015859850893192 0.051086711872322256 0.05752583649209893
0 0.26929276793987345 0.4778388773426803 0.04188495790683504 0.04801548919565768
0 0.280917696244599 0.4237962350228123 0.05941737806241569 0.06253547176854841
0 0.053935194077227376 0.3066471536026391 0.08946554343974471 0.11458462086788863
0 0.32659523753933384 0.0870092888628782 0.1248768758199315 0.12514946070025984