0 0.47226869808915317 0.772838387238796 0.10232086830820605 0.12142849576064751
0 0.6192647954300824 0.7481602991547055 0.18481123139003372 0.20367364532178983
0 0.3393237503529359 0.3815959586298393 0.09100508212538863 0.11963687874429692
0 0.560570147820922 0.49289848614343945 0.07605248247365459 0.09892372630468457
0 0.7301329479479788 0.6316524122451137 0.10111670152603906 0.1275353754040248
0 0.10231178483615153 0.6619042695960413 0.13263829851164344 0.1849971958298969
0 0.19893396878290476 0.38690192108710936 0.09965089461656529 0.12915006754740208
0 0.3648279244116299 0.7767553459351424 0.08806970679653414 0.1194539772943795
0 0.5021668426439547 0.5819777065182683 0.087347352532014 0.1070516335443795
0 0.41737461369064216 0.5732499127073322 0.08715772786086831 0.10714360678105166
0 0.6354945531108287 0.5232512273679508 0.08228918049699843 0.10222489971784743
0 0.5059905216819719 0.6775629911580043 0.06560344597962953 0.07853659567161238
0 0.3511195531108287 0.5149767599626228 0.07908647721198285 0.09745215451793002
0 0.16231538736816545 0.5587852812745238 0.0699958686547073 0.1020621823781939
0 0.4769308951900861 0.491247406439126 0.0671403051857908 0.08316337900824333
0 0.27822110842897024 0.5707661072179135 0.09036804529368574 0.10869937874429692
0 0.12048347411516377 0.457398626022532 0.06115666998247802 0.08922868107508872
0 0.837506561215098 0.7498150420285695 0.11144445842315989 0.1391448095637525
0 0.2531202108198098 0.31648177249903514 0.07851269627319049 0.11605619265464337
0 0.4175705767177648 0.43552259217421874 0.08136371732870132 0.11311693561122489
0 0.051307810862162115 0.3552163489046433 0.05454833676464514 0.08289448089859794
0 0.3514696216537371 0.6433290804957362 0.07916418049699833 0.10213397150460217
0 0.20520927168197192 0.6688111506331382 0.101381140003779 0.13709716338403305
0 0.17545940045175787 0.48091033386094856 0.04417324204572846 0.06377688151552582
0 0.5784262347796818 0.6162821618494023 0.05923776308359248 0.07971624373179384
0 0.2634522241151638 0.46155859177850733 0.0767075459513947 0.10849688031134849
0 0.1779194586124969 0.7611434031404208 0.06429121044922717 0.08278800656498966
0 0.7424215743692775 0.7431354815245859 0.0810983156914876 0.10521246237455273
0 0.07395708461027259 0.42317673871722883 0.04398554369353027 0.06055422526552583
0 0.14143155289906717 0.2858418747688908 0.07070799267696723 0.09252880946482475
0 0.0911251139024036 0.7867906093294846 0.057311242036905075 0.07342077962517113
0 0.21597100838661792 0.5243480967930723 0.05925106506024882 0.07659692674512168
0 0.09768228192296695 0.3651740221033238 0.0484045703219206 0.07784117799876293
0 0.07481247127256634 0.2338187220241815 0.06399516996483126 0.10783451569503918
0 0.42410348485026894 0.686136357613625 0.08384957192207612 0.12566808273117527
0 0.12896091595442477 0.1774838054894186 0.04492027394461404 0.07325522077885363
0 0.29447689803268345 0.7081895508705651 0.08807750320031094 0.09615391463767438
0 0.08265797944742279 0.5290773977301443 0.06439166504966068 0.08786044855166182
0 0.01683122031968781 0.4086081218658969 0.03366244063937562 0.09524358748179385
0 0.19495837130080124 0.2670524223407506 0.059419773606936135 0.08284124373179384
0 0.012829315050230944 0.22083533722616083 0.025658630100461887 0.09205561643899385
0 0.03773188729757826 0.4808157424781526 0.054068632821920606 0.07800598538527019
0 0.24042716388828617 0.7762659494586392 0.06822764365647202 0.10015840801490725
0 0.6543439926721896 0.6161434210206024 0.05788387756024882 0.07655714565182681
0 0.009138317884004979 0.6398808539192082 0.018276635768009957 0.0795855344252537
0 0.04430113473732951 0.5561339912245113 0.05134187196972242 0.07470944996200828
0 0.011599475218820226 0.49994617570596295 0.02319895043764045 0.07957985141192588
0 0.004539883518140451 0.3167699628529815 0.009079767036280903 0.08686023820596293
0 0.002306024826125205 0.7186052474927175 0.00461204965225041 0.093265182485435
0 0.02299179682789698 0.8034492604248413 0.04598359365579396 0.07337247401188449