0 0.95390625 0.5421875 0.08515625 0.19609375
0 0.41328125 0.52734375 0.1078125 0.15546875
0 0.48984375 0.390625 0.1078125 0.15546875
0 0.05859375 0.446875 0.1171875 0.16484375
0 0.5890625 0.60078125 0.09921875 0.13984375
0 0.7078125 0.3984375 0.1265625 0.159375
0 0.928125 0.709375 0.13046875 0.13515625
0 0.3046875 0.45859375 0.1109375 0.13203125
0 0.81328125 0.43125 0.09375 0.1265625
0 0.73046875 0.5546875 0.11953125 0.16953125
0 0.0640625 0.71015625 0.12265625 0.1609375
0 0.8546875 0.54921875 0.1125 0.1390625
0 0.6796875 0.7140625 0.1203125 0.13984375
0 0.1859375 0.71328125 0.1109375 0.14296875
0 0.18671875 0.4265625 0.11484375 0.15546875
0 0.24375 0.28671875 0.1234375 0.1625
0 0.95625 0.3390625 0.07890625 0.13203125
0 0.94921875 0.19765625 0.09375 0.153125
0 0.91484375 0.4390625 0.07890625 0.109375
0 0.59921875 0.35 0.0984375 0.1296875
0 0.121875 0.27890625 0.11015625 0.14765625
0 0.7890625 0.67578125 0.09921875 0.146875
0 0.1421875 0.56875 0.1203125 0.1484375
0 0.378125 0.746875 0.065625 0.08125
0 0.28203125 0.5953125 0.1078125 0.1234375
0 0.48359375 0.59921875 0.08046875 0.10234375
0 0.615625 0.47578125 0.0953125 0.11875
0 0.5265625 0.51171875 0.08359375 0.115625
0 0.37578125 0.35 0.09453125 0.134375
0 0.7921875 0.28359375 0.07734375 0.10390625
0 0.4484375 0.70859375 0.09140625 0.109375
0 0.88515625 0.31953125 0.07578125 0.1
0 0.55078125 0.721875 0.084375 0.11875
0 0.54375 0.2125 0.07578125 0.096875
0 0.03046875 0.584375 0.0609375 0.11484375
0 0.37421875 0.64375 0.06796875 0.0828125
0 0.30859375 0.72109375 0.07265625 0.08984375
0 0.015625 0.28046875 0.03125 0.1015625