0 0.1111315125 0.8065506296875 0.09120420312500001 0.7871371359375 0.0786003984375 0.7885934859375 0.0644095015625 0.79530706875 0.056627028125 0.8098042296875001 0.06059333125000001 0.8385712859375 0.07893354687500001 0.8632420125 0.0890652046875 0.868362884375 0.10627729687500001 0.8629238390625 0.11442580312499999 0.8536611828125 0.1111315125 0.8065506296875
0 0.12221689843750001 0.68833725625 0.1077829328125 0.6636210765625 0.09658320468750001 0.6572029421875001 0.074030759375 0.656155671875 0.0479959296875 0.68637376875 0.0529701828125 0.7575088984375 0.0580969203125 0.7637357609375 0.07231784375 0.7714284328125001 0.0834875453125 0.7634403140625 0.1010656703125 0.7632357734374999 0.1198348296875 0.7381332421875 0.1250693765625 0.7151527343749999 0.12401703281250001 0.70010353125 0.12221689843750001 0.68833725625
0 0.19012584999999999 0.8208690531249999 0.20005497968750002 0.8035260390625 0.1969577828125 0.7592340671875 0.19583509375000002 0.7487695999999999 0.17377164375 0.7267615796875 0.1499681109375 0.7217997953124999 0.121799359375 0.7522504671875 0.12185941250000001 0.7810629765625 0.14111470937499998 0.8188199656249999 0.1584166890625 0.8285192484375001 0.167557965625 0.8284128796875001 0.17788807812500002 0.8275599078125 0.19012584999999999 0.8208690531249999
0 0.17993555781249998 0.715677315625 0.1852349828125 0.7145865625 0.200463925 0.6947639890625 0.206225328125 0.6681364109375 0.2038515125 0.6341892640625 0.1835906953125 0.6072110125 0.170620859375 0.60343285625 0.1521576796875 0.604957384375 0.1356776515625 0.62086544375 0.12881025937499999 0.6484488703125 0.1325935453125 0.6745986734375 0.14168715781250002 0.692828534375 0.155572075 0.7096929546874999 0.1684728984375 0.7158106953125001 0.17993555781249998 0.715677315625
0 0.1275125984375 0.589358584375 0.10685322500000001 0.5594760765625 0.0908171671875 0.549390765625 0.0745788890625 0.549579715625 0.059978224999999996 0.5600215171875 0.0442602890625 0.6008048421875001 0.04322224375 0.613913834375 0.052864906249999996 0.63999545625 0.079963371875 0.6636723703125 0.086561271875 0.663595596875 0.1138078390625 0.6589316890625 0.13177444375 0.632135896875 0.1306854984375 0.6165632421875 0.1275125984375 0.589358584375
0 0.1167571015625 0.529192753125 0.1267657953125 0.5605088828125 0.1585695234375 0.5908242234375 0.1761650359375 0.59061948125 0.1919810109375 0.58463416875 0.2144734046875 0.5568689296875 0.21923468281249997 0.5410972328125 0.21508536406249998 0.5097129234375 0.203855609375 0.4888885328125 0.181975175 0.469497765625 0.15249528437499998 0.4672214125 0.13351308281250002 0.47530043906249997 0.11865017343749999 0.50035751875 0.1167571015625 0.529192753125
0 0.0505551265625 0.3606219671875 0.031602951562499995 0.383107246875 0.028611782812499997 0.396238965625 0.035080259375 0.432835053125 0.106824003125 0.5223689359375 0.1718382234375 0.511822484375 0.1576979375 0.3096069796875 0.14668719531250002 0.3097351015625 0.0505551265625 0.3606219671875
0 0.17824455156250002 0.4201442046875 0.21643974843749997 0.4196997640625 0.225039025 0.41445032656249997 0.24448019531249998 0.371004296875 0.2403308765625 0.3396199875 0.22589691093750003 0.3149038078125 0.2114929703125 0.30459388125000003 0.1859193296875 0.302272078125 0.172796503125 0.310282921875 0.15244025156250002 0.34064268750000004 0.1584197328125 0.398199525 0.17824455156250002 0.4201442046875
0 0.2463826703125 0.364666496875 0.24717478750000002 0.4039480203125 0.2544982921875 0.42481786093749996 0.2938338875 0.47019934531249996 0.3306798546875 0.474666228125 0.3337501625 0.47463050156250003 0.35187858906249997 0.46166578593749996 0.36655848125 0.4339914546875 0.37180875625 0.39725900625 0.36283810625 0.3528338859375 0.35374449218750004 0.3346040234375 0.3233194953125 0.30483515 0.309098571875 0.2971424796875 0.284073978125 0.30267242968749997 0.2596284609375 0.330460396875 0.2463826703125 0.364666496875
0 0.2871556890625 0.5955310109374999 0.265675503125 0.57138140625 0.2308852859375 0.5770249953125 0.2121161265625 0.6021275265625 0.215044384375 0.6440035749999999 0.231248459375 0.6660797734374999 0.2491548484375 0.6773413640625 0.25724240468750004 0.67724725625 0.27848949218749997 0.670768840625 0.2909642546875 0.649996046875 0.2871556890625 0.5955310109374999
0 0.26368124531250003 0.7741792000000001 0.26195174374999997 0.7494461609374999 0.25447868125 0.729232903125 0.2347343875 0.7124366625 0.2134330296875 0.7153039078125001 0.1968000109375 0.74300096875 0.2038175359375 0.7874488140625 0.22458863281250002 0.80585646875 0.230455771875 0.8057881984374999 0.25072256249999997 0.8013096281250001 0.26363234687500003 0.7762752749999999 0.26368124531250003 0.7741792000000001
0 0.329844496875 0.7587499484375 0.34650288281249997 0.7286203078125 0.3457891203125 0.718413021875 0.3303663765625 0.668375178125 0.320753740625 0.6566998109375 0.301222490625 0.6569270765625 0.2808362125 0.6728805875 0.27323675625 0.6899950015625 0.2742118890625 0.731893775 0.2833055015625 0.7501236375 0.2980907265625 0.761215596875 0.30498315 0.761135396875 0.329844496875 0.7587499484375
0 0.40553313593749996 0.5217325500000001 0.3920820234375 0.4915042328125 0.3602829046875 0.4696304515625 0.36018800781250004 0.46963155624999997 0.3277818875 0.480465209375 0.31646331562499996 0.522664196875 0.3166170484375 0.5248626890625 0.325429846875 0.54466745 0.3602908984375 0.5822218968749999 0.36039200937500004 0.5822207203125 0.3910110953125 0.57402724375 0.40532495468749996 0.541118403125 0.40586256406250004 0.52644360625 0.40553313593749996 0.5217325500000001
0 0.3545064515625 0.616651575 0.329388921875 0.6627830375 0.342265821875 0.7071627046875 0.37269081875 0.7369315765625 0.3963113359375 0.739276109375 0.41724666250000003 0.7311743578125001 0.432109571875 0.706117278125 0.43168348593749994 0.6720702625 0.42399395 0.6459659140625 0.393385934375 0.6135797890625 0.3545064515625 0.616651575
0 0.40955263124999997 0.780480771875 0.383405140625 0.7440953359375 0.3597846234375 0.741750803125 0.3429385640625 0.752424353125 0.331615871875 0.7722014734375 0.33259100625000004 0.8141002500000001 0.3447058140625 0.8336046484375 0.356790596875 0.8387027937499999 0.3992102984375 0.8303510484375 0.411388528125 0.8067353109375001 0.40955263124999997 0.780480771875
0 0.47337180156249997 0.40377230468749997 0.43162411250000005 0.3937805515625 0.406995578125 0.4189512640625 0.40778769531250003 0.4582327859375 0.42763173437499996 0.4891758046875 0.46311581406249996 0.4887629109375 0.484325603125 0.4625809515625 0.48567227187500006 0.43781211718749996 0.4850570890625 0.429014578125 0.47337180156249997 0.40377230468749997
0 0.48392933125 0.5051341546875 0.46003469375000006 0.49505384843750005 0.45939485312499995 0.49506129374999996 0.41965922187500004 0.5085013875 0.4004010671875 0.5545646734375 0.40973774843750005 0.604224296875 0.428443996875 0.6341295296875 0.4448335640625 0.6469165515624999 0.480231025 0.6465046640625001 0.5150234828125 0.6003798046875 0.513316284375 0.5480120187499999 0.5038566390625 0.5245476484375 0.48392933125 0.5051341546875
0 0.5358863359375 0.46055800468749997 0.5144019609375 0.46080799843750003 0.5013091609375 0.4832251 0.500271115625 0.496334090625 0.5148880984375 0.5236675234375 0.5271753609375 0.52711179375 0.5340931859375 0.5270312984375 0.54558154375 0.5118505765625 0.5426657625 0.4701529765625 0.5358863359375 0.46055800468749997
0 0.512340240625 0.7073669640625 0.501155725 0.6843941546875 0.485996590625 0.6730216890625 0.48267889999999997 0.67306029375 0.45266360624999996 0.6757905734375 0.43284721406250004 0.711075328125 0.4331432234375 0.71530845 0.437371753125 0.750620909375 0.4619373765625 0.7804579640625 0.491350546875 0.7824233859375 0.495496975 0.7823751375 0.513543628125 0.7497345703125 0.512666009375 0.712025675 0.512340240625 0.7073669640625
0 0.5757089671875 0.33120529374999996 0.527063859375 0.3343907140625 0.5072566562499999 0.3726022375 0.5110999953124999 0.42756454843749997 0.5407540375 0.4612753953125 0.573368478125 0.46089589062499997 0.5843107265625 0.45421618124999996 0.6019365921875 0.4232464375 0.5974985312500001 0.3597791921875 0.5757089671875 0.33120529374999996
0 0.5797549156249999 0.651601684375 0.5912010750000001 0.651468496875 0.6104509859375 0.640050571875 0.62000356875 0.62291343125 0.61756430625 0.560076634375 0.5780456953125 0.5120778968749999 0.5581484125 0.507070659375 0.5448425703125 0.5124642515625 0.522716209375 0.5454639968749999 0.5207001734375 0.6004944875 0.5541763937499999 0.6459441515625 0.5797549156249999 0.651601684375
0 0.476288959375 0.7935450421875 0.46713426875 0.8128464 0.467194321875 0.8416589109375 0.47930912968749995 0.8611633109374999 0.5000793015625 0.8683292421875001 0.502486859375 0.8683012281250001 0.5279542390625 0.8579778906250001 0.532013478125 0.8461434359375 0.53354051875 0.81207369375 0.5217035437499999 0.7930165953125 0.476288959375 0.7935450421875
0 0.573081365625 0.7709385140625 0.5728251421875 0.7672743609375 0.568926040625 0.73667295625 0.5550411234375 0.7198085359374999 0.537096965625 0.71477856875 0.5177787578124999 0.7320293437500001 0.515980340625 0.7594228171874999 0.5161079125 0.7612471968750001 0.53477495 0.7933870640625 0.5433877375 0.7943280484375 0.5575088328125 0.794163734375 0.573081365625 0.7709385140625
0 0.50082526875 0.6552089109375 0.5010683375 0.686638671875 0.5153192875 0.7087375984375 0.5313840328125 0.7115878421875 0.544516846875 0.711435028125 0.5552870734375001 0.6953720734375 0.5520792343750001 0.649497828125 0.515688178125 0.63015183125 0.50082526875 0.6552089109375
0 0.6013920359375 0.7592501375 0.6100861828124999 0.759148971875 0.6259662015624999 0.750113628125 0.63533576875 0.7303592359375 0.634360634375 0.6884604609375 0.6074758546875 0.6534116296875 0.5840383546875 0.65368435 0.572868653125 0.66167246875 0.558188759375 0.6893468015625001 0.5607509859375 0.7259883406250001 0.57927421875 0.753276321875 0.6013920359375 0.7592501375
0 0.580721765625 0.822197365625 0.5712921453125 0.8131392500000001 0.5517608953125 0.8133665171875 0.540072171875 0.82790913125 0.541902334375 0.8540816625 0.5618296421875 0.87349515625 0.5735483921875 0.8733587953124999 0.5852753640625 0.8558689296875001 0.5841543890625001 0.83983825625 0.580721765625 0.822197365625
0 0.684929075 0.8273902046874999 0.68417818125 0.8166519171875001 0.67865188125 0.7816492375 0.65268218125 0.75968666875 0.63705718125 0.7598684828125 0.6221642453125 0.7705193078125 0.6112075859375 0.7955309328125 0.623718453125 0.83467609375 0.6434246375 0.8494597828125 0.6641492484375 0.84921863125 0.6743467140625 0.8458742031250001 0.684929075 0.8273902046874999
0 0.6612689125 0.49740358906250004 0.6612560390625 0.4974037390625 0.638013175 0.50029226875 0.6231202390624999 0.5109430921875 0.611674584375 0.55691546875 0.621317246875 0.5829970921875 0.6490552046875 0.602318390625 0.6490613609375 0.60231831875 0.683481240625 0.5914415875000001 0.6940718671874999 0.56119545625 0.687603390625 0.52459936875 0.6612689125 0.49740358906250004
0 0.6729419156249999 0.6084445046875 0.6434620234375 0.6061681515624999 0.6236548203125001 0.6443796765625 0.6276211234375 0.67314673125 0.6457783234375001 0.6952002046875 0.6583023171875 0.696037071875 0.680270559375 0.6957814484375 0.6959804984375 0.6723512984375 0.69323525625 0.6330925046875 0.6729419156249999 0.6084445046875
0 0.7238423187499999 0.6467975328125 0.72312044375 0.6468059328125 0.70231049375 0.6664341281249999 0.69956239375 0.7109956093750001 0.7233064078125 0.7375025078124999 0.7303399890625 0.7374206640625001 0.7471994843750001 0.735325434375 0.764281034375 0.70984963125 0.7636976703125 0.7015071374999999 0.75595995 0.6789067734375 0.745798265625 0.6593796453125 0.7238423187499999 0.6467975328125
0 0.699781653125 0.7658455453124999 0.6996586890625001 0.7920408015625 0.709454340625 0.806333421875 0.7259898796875001 0.8109685375 0.7278179312499999 0.8109472656250001 0.74476358125 0.794135340625 0.7450695609375 0.7705573375 0.7293838765625 0.7515057328125 0.7092393453125 0.7517401359375 0.699781653125 0.7658455453124999
0 0.7960312671875001 0.71632725 0.7935289828125 0.7163563671875 0.7705900453125001 0.719006925 0.7543071968749999 0.7461208874999999 0.7571294984375 0.7864816828125 0.7768033578125 0.8103772687499999 0.7797916421875 0.8103424968749999 0.8080625953125 0.8076298953125001 0.8220396593749999 0.775495384375 0.8214733859375001 0.767397296875 0.8178611046875 0.7381022453125 0.7960312671875001 0.71632725
0 0.8243407109374999 0.7832436109375001 0.8132010359375 0.8056379843749999 0.8155802453125001 0.8396622734375001 0.8372399156249999 0.8659697953125001 0.8664974734375 0.8656293515625 0.8846362484375 0.8432383421875 0.8818397609374999 0.803246715625 0.8573608187499999 0.78024000625 0.8243407109374999 0.7832436109375001
0 1 0.8136848343749999 0.9730643421874999 0.784909409375 0.9480397500000001 0.7904393625 0.9328108078125 0.8102619359375 0.9382412390624999 0.8599670156249999 0.9563984390625 0.8820204890625 0.98978458125 0.8842513890625 1 0.8705889296875 1 0.8136848343749999
0 0.95743854375 0.7494388187500001 0.9550593328125 0.7154145296875 0.93708515 0.6959783093749999 0.915783790625 0.69884555625 0.89701463125 0.7239480890625 0.8993938421875001 0.7579723765625 0.917368025 0.777408596875 0.942575634375 0.7744958984375 0.95743854375 0.7494388187500001
0 0.8519915453125 0.6971662265624999 0.8692965750000001 0.6511256703125 0.8693821500000001 0.6474575390624999 0.8678420687499999 0.6254333546875 0.8580067687499999 0.6014887703125 0.8279478031249999 0.5769544046874999 0.8064634281249999 0.5772043984375 0.7743584 0.5932942703124999 0.7610825828125 0.6130941171875001 0.7551002453125 0.6393575515625 0.7683431765625001 0.688971725 0.7904066265624999 0.7109797453125 0.8142101593750001 0.71594153125 0.8519915453125 0.6971662265624999
0 0.658608728125 0.3999761609375 0.651375303125 0.4223250828125 0.6551585890625 0.44847488281250003 0.67280594375 0.4675576890625 0.696811671875 0.46727835625 0.709978846875 0.44764053906249995 0.7076812625 0.41478354531250006 0.6836333203125 0.39444620937499997 0.658608728125 0.3999761609375
0 0.7749104531250001 0.30530114375 0.7436267015625 0.3056651640625 0.7241680546875 0.33747405 0.72541893125 0.3553624046875 0.7283477609375 0.380474396875 0.7593047187499999 0.418074271875 0.7595703375 0.41807118125000003 0.790388790625 0.41511414843749994 0.8119842671875 0.3857038953125 0.8105992015625001 0.36589652500000003 0.8074507515624999 0.3376438296875 0.7749104531250001 0.30530114375
0 0.788108940625 0.5788075546875 0.8019791062499999 0.5682842124999999 0.821839396875 0.5266388078124999 0.8183823531250001 0.4772007703125 0.8052791140625001 0.4477542171875 0.781628571875 0.4310034296875 0.7654545234375 0.4233334859375 0.7267580546875 0.42902252343749997 0.7046316953125 0.46202226875 0.7049348156249999 0.5222645390625 0.7229390265625 0.5561070140625 0.7469556015625 0.5780923078125 0.76484663125 0.5790782359375 0.788108940625 0.5788075546875
0 0.8675757328125 0.4014890734375 0.8404149999999999 0.4044244984375 0.8266501875 0.44518509687499996 0.8314715187499999 0.45822590781250006 0.85094481875 0.47955879687499997 0.8557396046875001 0.47950300468749996 0.8824658109374999 0.474658521875 0.8881244953125 0.468226125 0.8844070546875 0.41506424218750004 0.8675757328125 0.4014890734375
0 0.9442351984374999 0.602552759375 0.95574090625 0.5853928921875 0.9542287343750001 0.5414048625000001 0.9534209390624999 0.5298528499999999 0.922693628125 0.4901699703125 0.8834481125 0.48800725 0.8550963453125 0.5158406703125 0.8509779109375 0.5631684453125 0.8512493859375001 0.5670507046875 0.85808465625 0.586529225 0.8781949812500001 0.608559971875 0.9045413171875 0.61967456875 0.9116813828125 0.6195914859375 0.9442351984374999 0.602552759375
0 0.9504431171875 0.48309234375 0.9782473843749999 0.472570246875 0.9915231999999999 0.4527704 0.99892634375 0.4202693984375 0.9977925593749999 0.4040555171875 0.9876198078125 0.3689955796875 0.9780071734375 0.3573202125 0.9538376078124999 0.34712391875000004 0.9323532328124999 0.3473739125 0.9194134234375 0.35800201249999997 0.8996062203124999 0.39621353593749997 0.9030835265625001 0.445941340625 0.9214237421875 0.47061206718750004 0.9490806578125 0.48310819687500006 0.9504431171875 0.48309234375
0 1 0.4355775859375 0.9999424875 0.43549975781250005 0.9867896343749999 0.429104346875 0.96710539375 0.44112061718750006 0.973510959375 0.53272446875 0.9829405781249999 0.5417825859375001 0.985611871875 0.5421064296875 1 0.541939009375 1 0.4355775859375
0 1 0.6273807062500001 0.984705378125 0.6250243640625001 0.9728336390625 0.636949725 0.96648526875 0.6579786546874999 0.974723853125 0.6919347640625 0.9887917875 0.7114164374999999 1 0.7154687765625 1 0.6273807062500001
0 0.9718408343749999 0.636728809375 0.9618009703125001 0.6245345359375001 0.9333591234374999 0.6091491921875 0.9142239328124999 0.6290172187499999 0.9115987953125 0.6473834421875 0.9269478421875 0.6851858859375 0.9455529265625 0.689567065625 0.9618342921874999 0.689377615625 0.9723887390625 0.6781086765625 0.97308534375 0.654526128125 0.9718408343749999 0.636728809375