0 0.670324113224096 0.816551489443398 0.08554776443148811 0.11065075400713412
0 0.15621090062063847 0.34185803774240986 0.10941359368534576 0.13947953043757338
0 0.6479887732734119 0.4528065892812421 0.17147024519612372 0.21994113889900557
0 0.707544491923958 0.5726202573003054 0.10762389543383435 0.1283177398024387
0 0.0931905432447768 0.654102893262297 0.08104080459798228 0.10930281133265182
0 0.42086155724859486 0.6316916996723931 0.07951353093172653 0.11230288154370136
0 0.2284547865611412 0.7814893279204517 0.10155798143598202 0.14402895814663735
0 0.6207433785805494 0.6453389626580367 0.09802283351566973 0.11711723772255223
0 0.3680825499284124 0.5338757625786064 0.06664315467854483 0.0886454886359143
0 0.14958708859804862 0.5081824671255589 0.0810385319312891 0.10910749883265183
0 0.09232638255891404 0.7955227800317721 0.10788632001909002 0.14247960064862308
0 0.45038761461650234 0.3774678498345489 0.0730828539296187 0.09666644363790003
0 0.3077910346117298 0.410142207790068 0.12055783793661838 0.14904714980641015
0 0.8896666485916853 0.56798512458802 0.09507837368216414 0.11579656858702041
0 0.2662933306015485 0.48443309577735916 0.07915345009647101 0.0981393161013326
0 0.4569155938892779 0.8237661513766765 0.05712497667687444 0.07617715990221222
0 0.5955962858848235 0.8590059963432568 0.0635170183451983 0.08849328530801373
0 0.774467815245095 0.6636504062446452 0.08724428334857884 0.1138047321422686
0 0.22299676925527634 0.5790092102257 0.08561360334778341 0.10791808360331831
0 0.9625950712524128 0.613016980918686 0.06265797710454457 0.15731196342287887
0 0.3417553125795949 0.6475018859554009 0.07146467359563582 0.09185401384894973
0 0.7006485072406405 0.6951810499139792 0.08421807593192554 0.11384954591055241
0 0.8561103559436845 0.42987146996163733 0.13338396560708965 0.177292681868013
0 0.06453937925686715 0.5645221960222404 0.0603022480108177 0.08072389448011279
0 0.3110314765675046 0.7360461887153444 0.06814436109563574 0.0917960575786804
0 0.19887002060791178 0.4363716968330194 0.06340906667727228 0.07921594155801355
0 0.02384753265611082 0.5239011501621558 0.04769506531222164 0.12289825197812725
0 0.47544106393223035 0.5076189999967047 0.08872958109881743 0.1155881135850347
0 0.016876227959910936 0.6456670560063544 0.03375245591982187 0.11008411201270896
0 0.8117127292330046 0.7533811079489284 0.07926253809774372 0.1075143161013326
0 0.3028297199236399 0.5679001607121673 0.07600465551399935 0.10443072067724764
0 0.7494758112269595 0.7968350531603902 0.07448640409670962 0.09981530798448154
0 0.19148259257641326 0.6683211262161683 0.08423739359881743 0.11550970216055241
0 0.501193947247004 0.6448150369283356 0.08400124151614694 0.12038740087199926
0 0.5582166539226854 0.5793906343305479 0.07770792401336309 0.09977390340856669
0 0.31396502522282327 0.8197081225627205 0.06348179201145401 0.08546594155801372
0 0.5875212512333228 0.7471236051095547 0.08882837368216415 0.11568747443121907
0 0.4384479519016864 0.7320189821397973 0.08254201101507305 0.11245338027541756
0 0.9230320372374589 0.7225050292144026 0.10176004351825511 0.13622157193519052
0 0.3940343332272776 0.7882865730491877 0.06024770401018138 0.07603639448011279
0 0.058699006604093794 0.462055715096964 0.09812048976566974 0.11711894231873679
0 0.9716326218969138 0.7764891456913384 0.04013988084818117 0.11005342928138973
0 0.5123394378978683 0.7614394752399384 0.07129670151376075 0.10259108756039641
0 0.5123843438892778 0.8247343620094135 0.04383208967218159 0.04138184070587201
0 0.8835235472231414 0.8273055775101193 0.0918431493475449 0.10626936525911965
0 0.9711990066040939 0.4779834618439624 0.04797844809734606 0.10403915782232573
0 0.3994512759389119 0.45706384658813803 0.07911595109603357 0.0949166598513326
0 0.5281126252785026 0.413206526782066 0.06955466084499946 0.08713412652144611
0 0.02409783461968398 0.7356471737011061 0.04819566923936796 0.08691934740221222
0 0.26736383991091317 0.6610501428552599 0.06012057151097681 0.08189236028774402
0 0.7446915979471843 0.40214016192668806 0.09669314501610735 0.1203160296259707
0 0.3768291992361863 0.7223479273512587 0.05552270500974386 0.07273191761326192
0 0.0324423052196416 0.8382363855516592 0.057169362095198316 0.08838248655602783
0 0.0137977759786828 0.3799602353895034 0.0275955519573656 0.13179547077900677
0 0.0009734152808887764 0.8024392073863261 0.0019468305617775527 0.059565914772652204
0 0.981515604551278 0.8673050604639908 0.01792618509309065 0.07217330433226934
0 0.16896324992045822 0.5890057731319132 0.03186702900719851 0.05357281452900686