0 0.4286608218070837 0.46180667105379775 0.1721425842983509 0.213863293421519
0 0.7849316184442019 0.5990173422057914 0.12709918018569438 0.15384370651473223
0 0.0997753684442019 0.595031219749379 0.07397084574437507 0.09885452022277744
0 0.9045537874221534 0.6036190046753822 0.11282074761305978 0.14448454953301565
0 0.030518835009201984 0.7071130632317166 0.030282134403194515 0.09703805831599066
0 0.5808448369090631 0.6571969599868217 0.08391830870027786 0.10672383496702516
0 0.42595731515757 0.6477032644379395 0.09936861627291246 0.11608980971805138
0 0.7147847322356603 0.7064071405085891 0.10641155775034736 0.1334135999941397
0 0.6410692496187503 0.4255475050681655 0.12919347455541247 0.17250570877125426
0 0.5045167666205908 0.5661401679305398 0.10460365816117641 0.12705628523761767
0 0.1621292448690977 0.5555556292921036 0.06300127914819882 0.08482774840154761
0 0.6855303772779171 0.5570383995837755 0.09167869359055132 0.1129204942175381
0 0.6288660692416326 0.7402776255796704 0.07889919938464854 0.10503470319745886
0 0.8900334264804866 0.41605991734136455 0.10777184467570322 0.1289299347057769
0 0.9751604411559551 0.6689127274498232 0.04967911768808975 0.09099770472226432
0 0.5328385223201739 0.406951520291672 0.09657522558854179 0.11773348969221953
0 0.8702729724520145 0.7752712908779315 0.06119337955902786 0.07847043364502557
0 0.30760278618788234 0.4290754634046672 0.07204012388367201 0.08302511736369791
0 0.40506554654020893 0.7569419090517451 0.090023083289449 0.11310614821101624
0 0.11845589931375064 0.7599613281606354 0.06589922665721364 0.08767625592737929
0 0.9231063785121881 0.7294911582661783 0.086952553024922 0.11123306689029935
0 0.5020119753018062 0.693452101673761 0.08084112281500015 0.11295508610142342
0 0.2668160916587157 0.5225754785299778 0.09308452165618064 0.11458860453173295
0 0.26943847748600763 0.8366107074527388 0.05799564437666671 0.07532725292686634
0 0.18839949771888928 0.4760317557555366 0.07884448469528219 0.09429365199234371
0 0.21970731515756997 0.64650333703943 0.08699119359055132 0.11289322314029934
0 0.7764443583762157 0.46929802594901276 0.08959357276992641 0.09884776756357354
0 0.14060169661645888 0.6710397287263694 0.07388666403847229 0.09104258837021995
0 0.4114811603316674 0.8647771349494443 0.06299673319930132 0.0846324359015476
0 0.4844270446403479 0.810521427005726 0.08346404041571205 0.10398718737725546
0 0.7971984951534381 0.7568798391807293 0.09008437194826832 0.11154421635845857
0 0.56204289836382 0.789100944959707 0.07127283833555573 0.10040111209438826
0 0.34116800712128537 0.8307788639704011 0.0418500515765972 0.0486744174835124
0 0.040836779538368576 0.6134357861043535 0.05546624533354609 0.10509366031126462
0 0.05172364741388957 0.8126908975406721 0.0688980832062501 0.1410067950813442
0 0.3106414396826047 0.6603118278660477 0.0871730315464541 0.12070572314029934
0 0.24863370858430617 0.7482203731437835 0.083600418882639 0.1098465623772551
0 0.0534621064763546 0.5182096445156098 0.07868099383756519 0.09565970319745887
0 0.08010060771062558 0.6894352047222643 0.05833188129249138 0.0813830767217512
0 0.09299542553055593 0.43798178903121976 0.1190730205875088 0.14461856721933425
0 0.9762335576134354 0.5634576129884425 0.04753288477312907 0.10678960985014055
0 0.36129409669270884 0.587960104895215 0.07725933660209208 0.09750664973582168
0 0.21718499325357707 0.8066232256031114 0.06405033187666671 0.07536247806829977
0 0.32101785486083395 0.7705135296614458 0.07722986958555564 0.10043576908837917
0 0.6953463608447576 0.8109673754814745 0.08671397235909736 0.10517781124285683
0 0.12890439646395904 0.8396988251355733 0.06143423319930128 0.08462334554246809
0 0.23503680195545176 0.3989698068870048 0.0755854608541016 0.09271240312674207
0 0.1766496058107645 0.743114716626121 0.05498412979651048 0.07179458350359198
0 0.8955470358066326 0.8543138962641258 0.05011958274339854 0.07674607673402534
0 0.8518450550895839 0.5205110680052945 0.056383057287495576 0.06897107446522917
0 0.8551551590973965 0.6962877728257547 0.06422072330902787 0.07848804621574228
0 0.9745361963264608 0.8212382967316639 0.05092760734707831 0.10019557294042372
0 0.8329743006242716 0.850825281900941 0.06606044454048181 0.08621254847226431
0 0.9986385793828993 0.4503127183746368 0.002722841234201212 0.053197154725194554