0 0.6130751767382546 0.6721554893633328 0.17021341369904947 0.18476620982097244
0 0.9818399643021578 0.748056187407881 0.03632007139568429 0.11622653497783872
0 0.6844138608226377 0.39232055936746474 0.11733798133852957 0.1257014642022874
0 0.4024600637482453 0.393397975779965 0.1024191904193577 0.10510256942174054
0 0.931510107932809 0.5526904424418743 0.10048542865075945 0.10369446838166248
0 0.9819349378643821 0.5609919452916658 0.03613012427123578 0.10215916242375016
0 0.29690714007871327 0.34648856781993037 0.11244362408173388 0.12247190737764324
0 0.8353500166738528 0.3778372192273604 0.11417937011624701 0.1132627528611069
0 0.16473968281836254 0.6042315986894791 0.11291151905222785 0.12686416565319442
0 0.12145879129473484 0.33490037044097215 0.11183609429901006 0.1396911473686286
0 0.5248459603290734 0.3701760684855205 0.06941667611499228 0.07940931221486114
0 0.5260659110873093 0.48925337680614545 0.07051705352289624 0.07661137558159296
0 0.7927723247639971 0.5645390918525341 0.10116120392615321 0.10818892885611113
0 0.7365901296638622 0.6637955158644786 0.11876493871871645 0.13527632265118505
0 0.5457795473748428 0.24666518009277735 0.09119551709585956 0.10338087955902786
0 0.8574082691416749 0.5066161826582285 0.09016495709407053 0.09537306705902786
0 0.6708742352504057 0.5611075801690273 0.09411943221746188 0.10189111474138901
0 0.6978739723677327 0.7587274625778467 0.07969944425698153 0.08743774478749575
0 0.6120919756795683 0.2991894616279162 0.08045164940987845 0.08949989090973957
0 0.48616926131620214 0.4227932286297566 0.08356305855687456 0.09249322169430556
0 0.37238004201719205 0.2875298354873609 0.10160107709764868 0.11160689760611113
0 0.47870310402007255 0.5169978235195135 0.06963712422479204 0.07960917066375864
0 0.910977227002926 0.758468970177291 0.10306862408173387 0.12225370183055997
0 0.8766200594135022 0.6315434474758674 0.0888229052038703 0.09553655791674487
0 0.22049282518600394 0.28244555803628457 0.08621607139396384 0.10024670600993497
0 0.21976154767529307 0.5081365422687151 0.07789117758226834 0.09683993882958326
0 0.7625917605937449 0.4578897015599299 0.09401600358906385 0.10033088771583784
0 0.2048812666738528 0.39251154226871515 0.11396721466381657 0.1350672906531945
0 0.9534982256795683 0.6648813179168396 0.09300354864086344 0.1223854526972918
0 0.617178718154546 0.4604906375397217 0.08040035514217489 0.09212751776194458
0 0.9684027620860348 0.47411019434173535 0.06319447582793032 0.07945939930403227
0 0.18335846394135932 0.17047288810840264 0.08464100358906404 0.1001126821687544
0 0.5298701550072014 0.5675238471708677 0.06549990440630075 0.07318423328249998
0 0.751045748855536 0.3194629811952078 0.1012588601761534 0.10819120183055997
0 0.14032277522178266 0.4449475176674305 0.0702471742864875 0.0828363728626563
0 0.46160416861233167 0.329334169359201 0.07691088880007886 0.08922275132958343
0 0.558570063025788 0.4312947532310412 0.054613881629117955 0.06046830070986538
0 0.9128553932689923 0.41991431003305485 0.10147828523784881 0.11140931213166247
0 0.28966136371246654 0.23538741365961782 0.08610584733906404 0.10014677678548622
0 0.5884489998784435 0.5356003935236454 0.08438694425698152 0.0875468475610374
0 0.43765956549361 0.5634013512549302 0.0830129613304793 0.0889753237198569
0 0.9984400482419347 0.6529430559489923 0.003119903516130762 0.07662509507958344
0 0.6778064064521158 0.48102003666604115 0.061070738885913654 0.06373422512569019
0 0.1031311232833039 0.5030152440160764 0.07756032246245512 0.10637388373840295
0 0.49740253407016277 0.7414529628621872 0.09163659627057293 0.09394686387465719
0 0.8240506713806038 0.7040737173274993 0.08323340944027927 0.08917518216875439
0 0.5884288376466701 0.37104693104270786 0.0662133830963942 0.07797166250694883
0 0.32844911937056753 0.451539090521354 0.06415785251610044 0.073347724140217
0 0.2588143996495506 0.6106614770142359 0.09462503060265544 0.10657634176694017
0 0.3788252723319539 0.6055174224933331 0.07324835937858358 0.08572977442277345
0 0.619786967010082 0.7973736949104163 0.07263933236499227 0.07948432037167094
0 0.056710326630918316 0.20319708197197914 0.07640846783173394 0.12163317980604171
0 0.5469989006724582 0.816306839287083 0.06940410831009239 0.07931165596486096
0 0.7280685754864542 0.5245148103173953 0.06806205641989216 0.07947514682257832
0 0.08911333866957762 0.5950215592705556 0.03867377173105322 0.10683188145888885
0 0.13790536575828155 0.6636254356954513 0.05351080098712879 0.05265352773541672
0 0.1640411428469855 0.7327566421924653 0.07927363612125352 0.10758212632958326
0 0.3594965708512607 0.5283918780404164 0.06871576522979872 0.0747195392404123
0 0.4967776535622869 0.6513546397239234 0.07609398148158775 0.08287509507958327
0 0.1108156004077866 0.7332118902926041 0.0482960356366338 0.12107621941479181
0 0.3024340469528359 0.5477425965052776 0.06905220977289614 0.07657728096486113
0 0.7692149862733132 0.7711716047703119 0.08570367758226852 0.09702177678548622
0 0.46985157590846105 0.23511139067385378 0.07590714459407089 0.09504121278950528
0 0.4290248935694427 0.6850587989182289 0.07083683806867694 0.09044446846486114
0 0.47401793384127 0.8093859984813886 0.07758666407547263 0.09371721180403228
0 0.33290805405585133 0.6810272219802428 0.09014391367668777 0.08310474715020852
0 0.2216458372246632 0.6749973871584721 0.07668317108101377 0.06400024478749558
0 0.6701911978684072 0.2696279417762842 0.07050448571799635 0.07651371933159297
0 0.13522931200288055 0.22879518759531242 0.061993778066887995 0.08225481800895836
0 0.399289750901351 0.7523560549021525 0.07749580325197467 0.09225464102848094
0 0.41734852913451903 0.4847314905976038 0.07420760474338994 0.08107864201395394
0 0.2642340433405499 0.7562831015392707 0.07057850358906403 0.09978537384812931
0 0.34975652955652586 0.19089122483003446 0.07714408766989207 0.07968653344631513
0 0.059839120093024764 0.4162607796352778 0.022242934986594375 0.07675351150499558
0 0.6054494539485151 0.19277580746760367 0.06006681172479187 0.07938641916777786