0 0.15479275660409378 0.46373303774240987 0.11881352460116394 0.13339487626745986
0 0.5726962299093223 0.6781008697200512 0.1156489581874535 0.15511255915100614
0 0.09032862523873161 0.6985932329538714 0.09191942051737989 0.12960579981675088
0 0.43199050859327615 0.5482752276755704 0.09037041968192554 0.11395693547016936
0 0.20451839457354973 0.6896467012972461 0.08232965351487431 0.1109851273330488
0 0.5469138852244141 0.8120531298663212 0.12608206301718106 0.12873756473128956
0 0.281926873925867 0.5511257179363377 0.07452838001272663 0.09503185633066594
0 0.4125297945576413 0.8104888555165918 0.08839670384607316 0.0953715652388503
0 0.2844967959102768 0.6660376517837137 0.06687596617898244 0.09187155407828307
0 0.2693434158975502 0.7595421899331605 0.10124548976566974 0.11717348939663737
0 0.4764281152132783 0.892870707383031 0.09505791968192553 0.11403875608702023
0 0.2059092665897763 0.5701154512972462 0.07611019767961871 0.0967192861196164
0 0.7634559478835508 0.8713129017804182 0.12059306427036276 0.1520744935564103
0 0.47945530724859486 0.6327144573830308 0.08100216926419819 0.10598249883265183
0 0.25968934193986637 0.44759161485208265 0.0902442866804539 0.10311709172016936
0 0.34538938991886736 0.6038064330333016 0.09045216726507314 0.11259145256635375
0 0.3683263559039135 0.7143854228870319 0.09176367443109026 0.10783016066293527
0 0.1315450659214127 0.5813199581971051 0.09049768901674353 0.12489443547016936
0 0.02474329278476644 0.7614420604705813 0.04948658556953288 0.0918294334411625
0 0.046416087921730874 0.5774898003243115 0.07317035159730619 0.10418597488790002
0 0.41370303791377666 0.6425064687471166 0.06186361167747112 0.08065351176906325
0 0.5451535799252307 0.5604088092494701 0.06982156234583456 0.09328987946381488
0 0.15013888255891406 0.7965319009729346 0.08571012326443683 0.1078221319495027
0 0.45638942990136816 0.7346763778377261 0.07752852018021521 0.10113768171619793
0 0.017067395221255582 0.4839346692368792 0.034134790442511165 0.12089668222375849
0 0.572330961211051 0.9109542800284768 0.07297376592834617 0.08729144363789984
0 0.37793607121264194 0.8958399744291595 0.06201694826145401 0.08544037261524765
0 0.06384684655477788 0.8255006063306659 0.09827496268299925 0.12200345941492116
0 0.01045350529122921 0.667432961850553 0.02090701058245842 0.09424092370110611
0 0.34263765459900314 0.5045194991859259 0.07285906467814715 0.08582489529171564
0 0.6583150092298229 0.7741458011317952 0.11712843743534566 0.1396141935361408
0 0.2938701538829145 0.8678047033258413 0.08086253709818117 0.11076424589028307
0 0.21578151655000538 0.863316026378324 0.07459996901356192 0.10118420008066593
0 0.8728854918841872 0.868534549506942 0.059788899009385686 0.07017020109537526
0 0.016357512611411634 0.8495869427758297 0.03271502522282327 0.07104888555165942
0 0.8938423345401422 0.9478226290522468 0.06349529117599957 0.06984435075038249