0 0.1865234375 0.6092781515625 0.1943359375 0.6118930781249999 0.2138671875 0.6118930781249999 0.2314453125 0.598818440625 0.23757773906250002 0.585527 0.24128722656249998 0.5619427234375001 0.23046875 0.5373676390625 0.2158203125 0.5229855375 0.2119140625 0.520370609375 0.2041015625 0.520370609375 0.1923828125 0.525600465625 0.1787109375 0.536060175 0.173828125 0.5425974953125 0.1705752421875 0.5662872015625 0.173828125 0.5922811203125 0.1865234375 0.6092781515625
0 0.24406933749999998 0.560658425 0.2510246125 0.5662441765625 0.2705078125 0.562209453125 0.28510546406250004 0.5525901281250001 0.29296875 0.526907928125 0.290205984375 0.49553436093750003 0.2724609375 0.4785317671875 0.2548828125 0.4785317671875 0.2338682515625 0.4939397328125 0.22714482500000002 0.5162827359375 0.231549840625 0.5370741359375 0.23525930625 0.5482456375 0.24406933749999998 0.560658425
0 0.337890625 0.5765915546875 0.3486328125 0.5883587296874999 0.3603515625 0.5935885843750001 0.3681640625 0.5935885843750001 0.3818359375 0.5883587296874999 0.3896484375 0.5831288734375 0.40234375 0.563516915625 0.404296875 0.5556721328124999 0.404296875 0.526907928125 0.3896484375 0.502066115625 0.3740234375 0.49160640468750005 0.3603515625 0.49160640468750005 0.3505859375 0.4968362609375 0.3388671875 0.5099108984375 0.33203125 0.5216780734375 0.328125 0.5373676390625 0.328125 0.55305720625 0.33203125 0.56613184375 0.337890625 0.5765915546875
0 0.2646484375 0.67465134375 0.2744140625 0.67465134375 0.2919921875 0.666806559375 0.298828125 0.6576543125 0.3013344265625 0.6448410499999999 0.3015662765625 0.6293250718750001 0.2980886375 0.6100852734375 0.2880859375 0.598818440625 0.2822265625 0.5962035125 0.2646484375 0.5962035125 0.2548828125 0.6014333671875 0.244140625 0.6158154703125 0.2421875 0.621045325 0.2421875 0.6498095296875 0.2548828125 0.6694214875 0.2646484375 0.67465134375
0 0.3291015625 0.6903409093749999 0.3505859375 0.6903409093749999 0.3623046875 0.6824961265625 0.369140625 0.6733438796875 0.373046875 0.660269240625 0.373046875 0.6498095296875 0.369140625 0.6367348921875 0.3583984375 0.6197378609374999 0.3447265625 0.6118930781249999 0.3369140625 0.6118930781249999 0.3251953125 0.617122934375 0.314453125 0.6288901078125 0.30859375 0.641964746875 0.30859375 0.6681140234375 0.3193359375 0.685111053125 0.3291015625 0.6903409093749999
0 0.4169921875 0.6354274281250001 0.4306640625 0.6354274281250001 0.4422946953125 0.6318076328125 0.453125 0.6158154703125 0.45203208124999994 0.5958105687499999 0.447265625 0.5765915546875 0.4404296875 0.5648243796875 0.4306640625 0.559594525 0.4130859375 0.556979596875 0.404296875 0.563516915625 0.396484375 0.581821409375 0.39453125 0.5975109765625 0.3984375 0.6132005421875 0.4091796875 0.6301975718749999 0.4169921875 0.6354274281250001
0 0.4013671875 0.72433496875 0.4208984375 0.72433496875 0.4267578125 0.721720040625 0.4365234375 0.7138752578124999 0.44140625 0.7073379390625 0.4453125 0.696878228125 0.4453125 0.6759588062499999 0.443359375 0.66288416875 0.4404296875 0.6589617765625 0.4293115 0.647944240625 0.4130859375 0.6406572828125 0.40195409531250004 0.642048175 0.3935546875 0.65111699375 0.386188790625 0.6563228671875 0.3828125 0.6733438796875 0.380859375 0.6811886625 0.380859375 0.6942633 0.384765625 0.7047230109375 0.4013671875 0.72433496875
0 0.48112391875 0.7108301671875 0.49479579375 0.708215240625 0.50456141875 0.702985384375 0.51725673125 0.6859883546875001 0.52116298125 0.6493793671875 0.51920985625 0.6310748734375 0.51335048125 0.6127703796875 0.51042079375 0.6088479875 0.4860298421875 0.61564026875 0.46549891875 0.61407784375 0.45768641875 0.616692771875 0.45085048125 0.6284599453124999 0.44889735625 0.659839078125 0.45866298125 0.6912182109375 0.46745204375 0.702985384375 0.48112391875 0.7108301671875
0 0.4755859375 0.6118930781249999 0.4970703125 0.6092781515625 0.51171875 0.5922811203125 0.515625 0.581821409375 0.517578125 0.563516915625 0.509765625 0.5425974953125 0.4990234375 0.5334452484375001 0.4873046875 0.5282153921875 0.4814453125 0.5282153921875 0.4619140625 0.536060175 0.44921875 0.55305720625 0.447265625 0.568746771875 0.451171875 0.5922811203125 0.4658203125 0.6092781515625 0.4755859375 0.6118930781249999
0 0.5380859375 0.617122934375 0.5537109375 0.617122934375 0.5615234375 0.61450800625 0.57421875 0.5975109765625 0.578125 0.587051265625 0.578125 0.5713617 0.576171875 0.563516915625 0.5556640625 0.5334452484375001 0.5478515625 0.5334452484375001 0.5322265625 0.54129003125 0.525390625 0.550442278125 0.521484375 0.5609019890625 0.51953125 0.5765915546875 0.521484375 0.5975109765625 0.5283203125 0.6092781515625 0.5380859375 0.617122934375
0 0.5361328125 0.71126033125 0.5419921875 0.7138752578124999 0.5537109375 0.7138752578124999 0.5595703125 0.71126033125 0.5673828125 0.706030475 0.5859375 0.683803590625 0.583984375 0.6654990953125 0.580078125 0.6550393859375 0.5615234375 0.6328125 0.5478515625 0.6328125 0.5283203125 0.6458871390625001 0.5234375 0.6524244578125 0.521484375 0.660269240625 0.521484375 0.6864185171875 0.525390625 0.696878228125 0.5361328125 0.71126033125
0 0.5888671875 0.6458871390625001 0.6025390625 0.65111699375 0.6103515625 0.65111699375 0.6259765625 0.6432722109375 0.6328125 0.6341199640624999 0.638671875 0.6132005421875 0.638671875 0.5896661937500001 0.6298828125 0.5778990187499999 0.6259765625 0.5752840906250001 0.6181640625 0.5752840906250001 0.607191315625 0.5790759046875 0.580078125 0.5792064828125 0.572265625 0.60274083125 0.572265625 0.6184303984375 0.57421875 0.62627518125 0.5888671875 0.6458871390625001
0 0.5791015625 0.5648243796875 0.5927734375 0.5752840906250001 0.6025390625 0.5778990187499999 0.6181640625 0.5726691625 0.638671875 0.545212421875 0.642578125 0.5321377843749999 0.642578125 0.508603434375 0.63671875 0.49291386875 0.6220703125 0.4759168390625 0.6083984375 0.4733019109375 0.5888671875 0.4759168390625 0.5751953125 0.48899147656249997 0.5625 0.5059885078125 0.560546875 0.5112183625 0.560546875 0.5295228562500001 0.5625 0.5399825671875 0.5791015625 0.5648243796875
0 0.4287109375 0.543904959375 0.4521484375 0.543904959375 0.462890625 0.5295228562500001 0.470703125 0.5112183625 0.470703125 0.4798392296875 0.46875 0.471994446875 0.4619140625 0.45761234531249995 0.4482421875 0.44976756250000005 0.419824903125 0.452543459375 0.40536265625 0.4736217359375 0.404296875 0.4981437234375 0.4079337140625 0.5213705015625 0.4169921875 0.536060175 0.4287109375 0.543904959375
0 0.5166015625 0.525600465625 0.5263671875 0.5334452484375001 0.5361328125 0.536060175 0.5478515625 0.5308303203125 0.5546875 0.5216780734375 0.5625 0.5033735796875 0.564453125 0.477224303125 0.560546875 0.4641496640625 0.5517578125 0.44976756250000005 0.5458984375 0.44715263437499997 0.5283203125 0.44715263437499997 0.5185546875 0.4523824890625 0.505859375 0.4667645921875 0.50390625 0.471994446875 0.50390625 0.5007586515625 0.509765625 0.51644821875 0.5166015625 0.525600465625
0 0.5888671875 0.46022727343750003 0.5966796875 0.45499741718750003 0.609375 0.440615315625 0.607421875 0.4249257484375 0.603515625 0.4144660375 0.5869140625 0.3974690078125 0.5673828125 0.40269886406250005 0.5546875 0.422310821875 0.552734375 0.440615315625 0.5673828125 0.46022727343750003 0.5791015625 0.4628422 0.5888671875 0.46022727343750003
0 0.6611328125 0.48114669374999997 0.6689453125 0.4759168390625 0.681640625 0.4615347359375 0.6875 0.43277053125 0.681640625 0.41969589375 0.6708984375 0.405313790625 0.6602195515625 0.4009231609375 0.6396484375 0.41315857500000003 0.6328125 0.422310821875 0.62890625 0.43277053125 0.62890625 0.45891980937500004 0.6435546875 0.4759168390625 0.6611328125 0.48114669374999997
0 0.6494140625 0.7164901859375 0.6630859375 0.721720040625 0.6943359375 0.72433496875 0.7041015625 0.721720040625 0.7197265625 0.71126033125 0.7265625 0.702108084375 0.73046875 0.6916483734375001 0.732421875 0.6759588062499999 0.732421875 0.6367348921875 0.724609375 0.605355759375 0.7197265625 0.598818440625 0.7001953125 0.5831288734375 0.6591796875 0.5831288734375 0.6484375 0.5975109765625 0.62109375 0.6550393859375 0.62109375 0.6681140234375 0.62890625 0.6916483734375001 0.6494140625 0.7164901859375
0 0.6689453125 0.5831288734375 0.6943359375 0.5831288734375 0.7109375 0.563516915625 0.716796875 0.5399825671875 0.71484375 0.5242930015625 0.7099609375 0.5125258265625 0.6845703125 0.48899147656249997 0.6728515625 0.483761621875 0.6650390625 0.48637655 0.64453125 0.5112183625 0.642578125 0.54782735 0.650390625 0.56613184375 0.6591796875 0.5778990187499999 0.6689453125 0.5831288734375
0 0.6943359375 0.49945118749999995 0.7119140625 0.5125258265625 0.7294921875 0.5099108984375 0.7490234375 0.4968362609375 0.755859375 0.49029894062499996 0.76171875 0.4693795203125 0.76171875 0.4380003875 0.759765625 0.4275406765625 0.7490234375 0.41315857500000003 0.7412109375 0.40792871875000003 0.7236328125 0.40792871875000003 0.7041015625 0.4183884296875 0.69140625 0.43277053125 0.6875 0.44584517031250004 0.68359375 0.4615347359375 0.68359375 0.477224303125 0.685546875 0.4850690859375 0.6943359375 0.49945118749999995
0 0.7626953125 0.556979596875 0.7685546875 0.559594525 0.7880859375 0.559594525 0.7958984375 0.55436466875 0.806640625 0.5425974953125 0.8125 0.5295228562500001 0.814453125 0.5007586515625 0.80859375 0.4798392296875 0.8037109375 0.4733019109375 0.7939453125 0.46807205625000003 0.7763671875 0.4706869828125 0.7646484375 0.4759168390625 0.759765625 0.4824541578125 0.748046875 0.5007586515625 0.748046875 0.5242930015625 0.75 0.5399825671875 0.7626953125 0.556979596875
0 0.7607421875 0.6432722109375 0.7724609375 0.648502065625 0.7841796875 0.648502065625 0.7900390625 0.6458871390625001 0.796875 0.63934981875 0.80859375 0.6184303984375 0.810546875 0.5896661937500001 0.8046875 0.5713617 0.7958984375 0.559594525 0.7568359375 0.5648243796875 0.7421875 0.587051265625 0.740234375 0.5922811203125 0.740234375 0.6184303984375 0.7509765625 0.6354274281250001 0.7607421875 0.6432722109375
0 0.7470703125 0.71126033125 0.7626953125 0.71126033125 0.7708608015625 0.7048594828125 0.775390625 0.696878228125 0.779296875 0.6864185171875 0.78125 0.6654990953125 0.7744140625 0.65111699375 0.7626953125 0.6458871390625001 0.7470703125 0.6458871390625001 0.7373046875 0.65111699375 0.734375 0.6576543125 0.73046875 0.6890334453125 0.73046875 0.69949315625 0.7333984375 0.703415546875 0.7470703125 0.71126033125
0 0.8212890625 0.7164901859375 0.8369140625 0.7164901859375 0.8447265625 0.7138752578124999 0.8564453125 0.706030475 0.87109375 0.6864185171875 0.876953125 0.660269240625 0.876953125 0.6341199640624999 0.875 0.62627518125 0.8642578125 0.6118930781249999 0.8603515625 0.6092781515625 0.8388671875 0.6118930781249999 0.8212890625 0.6223527890625 0.8046875 0.641964746875 0.80078125 0.6524244578125 0.80078125 0.696878228125 0.8095703125 0.708645403125 0.8212890625 0.7164901859375
0 0.8251953125 0.5857438015625 0.8427734375 0.598818440625 0.8583984375 0.598818440625 0.8681640625 0.5935885843750001 0.884765625 0.5713617 0.892578125 0.550442278125 0.892578125 0.5242930015625 0.88671875 0.508603434375 0.8720703125 0.49422133281249997 0.8544921875 0.483761621875 0.8408203125 0.483761621875 0.8330078125 0.48899147656249997 0.814453125 0.5242930015625 0.8125 0.5347527125 0.8125 0.5582870609375 0.818359375 0.5765915546875 0.8251953125 0.5857438015625
0 0.7958984375 0.46807205625000003 0.8134765625 0.48114669374999997 0.8291015625 0.48114669374999997 0.8388671875 0.4759168390625 0.849609375 0.4641496640625 0.859375 0.43277053125 0.861328125 0.41969589375 0.85546875 0.40400632812500004 0.8447265625 0.389624225 0.8408203125 0.38700929687499996 0.8330078125 0.38700929687499996 0.8017578125 0.3974690078125 0.794921875 0.40400632812500004 0.787109375 0.43015560468749997 0.787109375 0.440615315625 0.7890625 0.45891980937500004 0.7958984375 0.46807205625000003
0 0.787109375 0.3726271953125 0.7978515625 0.3843943703125 0.8095703125 0.389624225 0.8291015625 0.38700929687499996 0.8427734375 0.3765495875 0.849609375 0.367397340625 0.85546875 0.3517077734375 0.857421875 0.3412480625 0.857421875 0.31771371406250004 0.85546875 0.30986893125 0.8466796875 0.295486828125 0.8369140625 0.28764204531250004 0.8126406046874999 0.2827443375 0.8017578125 0.2928719015625 0.7890625 0.30986893125 0.78515625 0.3203286421875 0.78125 0.33601820781249997 0.78125 0.3517077734375 0.783203125 0.362167484375 0.787109375 0.3726271953125
0 0.9326171875 0.37393465937500003 0.9873046875 0.3817794421875 0.9970703125 0.3791645140625 1 0.37524212343749996 0.9990234375 0.2693375515625 0.9853515625 0.26149276875 0.9755859375 0.25887784062499997 0.9580078125 0.25887784062499997 0.9521484375 0.26149276875 0.9443359375 0.26672262343750003 0.9375 0.2758748703125 0.921875 0.30986893125 0.91796875 0.325558496875 0.91796875 0.3386331359375 0.9287109375 0.37131973125 0.9326171875 0.37393465937500003
0 0.8896484375 0.48899147656249997 0.9072265625 0.49160640468750005 0.9169921875 0.49160640468750005 0.9228515625 0.48899147656249997 0.9267578125 0.48637655 0.943359375 0.4641496640625 0.947265625 0.45368995312499993 0.94921875 0.44584517031250004 0.94921875 0.4066212546875 0.943359375 0.3883167609375 0.9384765625 0.3843943703125 0.9091796875 0.37393465937500003 0.8857421875 0.3765495875 0.8671875 0.4092361828125 0.865234375 0.4249257484375 0.869140625 0.45630488125 0.8828125 0.4824541578125 0.8896484375 0.48899147656249997
0 0.9404296875 0.5778990187499999 0.9462890625 0.580513946875 0.9599609375 0.580513946875 0.9697265625 0.5752840906250001 0.984375 0.5556721328124999 0.9921875 0.5399825671875 0.994140625 0.5295228562500001 0.994140625 0.5112183625 0.9921875 0.5007586515625 0.9873046875 0.49160640468750005 0.9716796875 0.4785317671875 0.9658203125 0.4759168390625 0.9443359375 0.4759168390625 0.91796875 0.5007586515625 0.912109375 0.526907928125 0.916015625 0.5556721328124999 0.9228515625 0.5648243796875 0.9404296875 0.5778990187499999
0 0.9990234375 0.465457128125 1 0.385701834375 0.9951171875 0.3843943703125 0.9794921875 0.39485408125 0.9741761625 0.39675504687499996 0.96903405 0.4143919859375 0.96875 0.43015560468749997 0.9722478625000001 0.45181669375 0.9833984375 0.4628422 0.9990234375 0.465457128125
0 0.8916015625 0.666806559375 0.9091796875 0.6772662703125001 0.9248046875 0.6772662703125001 0.9423828125 0.6615767046875 0.955078125 0.63934981875 0.958984375 0.62627518125 0.958984375 0.6184303984375 0.953125 0.5948960484375 0.9404296875 0.580513946875 0.927896975 0.57668499375 0.9130859375 0.580513946875 0.9013671875 0.5857438015625 0.8955078125 0.59097365625 0.8828125 0.6105856140625 0.87890625 0.623660253125 0.87890625 0.644579675 0.8828125 0.6550393859375 0.8916015625 0.666806559375
0 1 0.66288416875 0.9873046875 0.6458871390625001 0.9755859375 0.6354274281250001 0.9619140625 0.6328125 0.9375 0.6707289515625 0.935546875 0.6864185171875 0.94140625 0.71256779375 0.9599609375 0.729564825 0.9873046875 0.721720040625 1 0.7047230109375 1 0.66288416875