0 0 0.3567834828125 0.0037131937499999997 0.3568266890625 0.0117938078125 0.3548342625 0.0152262078125 0.350962103125 0.027538771875 0.3210256734375 0.0326175609375 0.281561696875 0.0311398265625 0.2729052828125 0.0231306296875 0.253773203125 0.008000421875 0.253597146875 0.0030448078125 0.2556259359375 0 0.2577063671875 0 0.3567834828125
0 0.0320325484375 0.6795132203125 0.058210340625 0.6798178265625 0.0727530359375 0.6673379234375 0.07896599062500001 0.6509794 0.082786603125 0.6212919 0.08079643125 0.6048379234375 0.07189752187500001 0.5903900109375 0.0485177453125 0.5744695640625 0.037746696875 0.5821684312500001 0.010622640625 0.6105415437499999 0.0026137078125000003 0.6195765828125 0.0009379999999999999 0.6325974171875 0.00216311875 0.653476203125 0.0094440453125 0.6652972234375001 0.0320325484375 0.6795132203125
0 0 0.6071017484375 0.0033018671875000003 0.6051098234375 0.0158873328125 0.5909119031250001 0.026045823437499997 0.5727736421875 0.0316728390625 0.556408303125 0.0321755515625 0.552502053125 0.0316855046875 0.5441505359375001 0.0304026625 0.5389194765624999 0.024739720312499998 0.52972535 0.0203203328125 0.5275874734375 0.0046953328124999996 0.5274056593750001 0.0013022203125 0.5294526296875001 0 0.530749415625 0 0.6071017484375
0 0 0.5242213437500001 0.0009959421875 0.5242329328124999 0.008418375 0.5197551859375 0.020056140625 0.4977220390625 0.02139670625 0.48730537187499995 0.022124712499999998 0.4664493125 0.0163230625 0.45073340625 0.0090421359375 0.43891238593750004 0.005471028125 0.436262765625 0 0.436199103125 0 0.5242213437500001
0 0.034916390625 0.4316500671875 0.0405793328125 0.4408441953125 0.0482572125 0.44654087656249997 0.068569715625 0.446777234375 0.069205925 0.44639342656250003 0.076642790625 0.43800375 0.078765353125 0.42151069375 0.077388028125 0.3904152078125 0.0751574859375 0.3773489203125 0.0636928921875 0.3524388875 0.0539272671875 0.3523252546875 0.047732751562499995 0.354861240625 0.043491359375 0.3574199546875 0.0354824265625 0.36645499375 0.032188735937500004 0.376848934375 0.0285021796875 0.40549476875 0.034916390625 0.4316500671875
0 0.07911672187499999 0.3321450390625 0.09501913906250001 0.3453704109375 0.1044496234375 0.3480882125 0.1181214984375 0.3482472984375 0.15199490625 0.3434253171875 0.15966869687500002 0.3369944453125 0.1727857359375 0.3110664109375 0.1764722921875 0.282420578125 0.176194875 0.26937701718749996 0.16883296406249998 0.23538649218750002 0.1618871796875 0.2209613046875 0.1544098203125 0.21826623125000003 0.1446441953125 0.218152596875 0.1175778640625 0.2308779859375 0.09617447343749999 0.252797496875 0.080376303125 0.2995588640625 0.07668974687499999 0.3282046984375 0.07911672187499999 0.3321450390625
0 0.093951434375 0.462720975 0.11494754062500001 0.4629652875 0.1259555140625 0.457225228125 0.13625271249999998 0.4456087484375 0.142919221875 0.433705515625 0.1508613765625 0.371992190625 0.1485952234375 0.364902309375 0.1396963140625 0.35045439375 0.1361252046875 0.347804775 0.1205002046875 0.3476229625 0.104204921875 0.3526494828125 0.100772521875 0.35652164218750004 0.0747581375 0.4370689953125 0.0798895046875 0.45799323437500006 0.08817585624999999 0.46200175468750004 0.093951434375 0.462720975
0 0.0411811640625 0.515963509375 0.047260232812500004 0.544722975 0.0577771265625 0.56179778125 0.067240565625 0.568819275 0.08433040625 0.5690181328125 0.08835684375 0.5673697421874999 0.100942309375 0.553171821875 0.10652426562499999 0.5401964421875001 0.1079758 0.5349972000000001 0.1103888171875 0.5162472 0.11054596406249999 0.5089464421875001 0.10898570468749999 0.490671821875 0.1038543359375 0.46974758281250006 0.0871429265625 0.45520876093749996 0.0754241765625 0.45507240156249995 0.058793751562499996 0.4627030890625 0.0507848203125 0.471738128125 0.048161410937499996 0.47692373593750004 0.0441974375 0.492526009375 0.0411811640625 0.515963509375
0 0.13600004062499998 0.6288224703124999 0.1435351234375 0.6158698171875 0.14682881406249998 0.6054758765625 0.150180228125 0.5794342109375 0.14761454375 0.568972090625 0.14033361875 0.5571510703125 0.1339056234375 0.5523817546875 0.1265618734375 0.552296303125 0.10807819375000001 0.56459994375 0.10464579375000001 0.5684721046875 0.0846639546875 0.6021444578125 0.080364840625 0.620350896875 0.0819251 0.6386255171874999 0.0856349171875 0.6477969171875 0.0919881875 0.6551734296875 0.10305589531249999 0.6553022140625 0.123414575 0.643020390625 0.13600004062499998 0.6288224703124999
0 0.14650155625 0.5552015875 0.15409737968749998 0.558876065625 0.163862996875 0.5589896999999999 0.1676507890625 0.5580557484375 0.18071010625 0.5477754406249999 0.18871903750000002 0.5387404015625 0.19687092343749998 0.5130154 0.2009821390625 0.4810698109375 0.1892040890625 0.45137582187499997 0.18563298125 0.44872620156250004 0.17586735625 0.44861256875000005 0.1673845734375 0.45372999375 0.1528459828125 0.4679051875 0.140064084375 0.4912290546875 0.13677039375 0.5016229953125 0.1327486953125 0.5328729953125 0.13403153750000002 0.5381040546875 0.14650155625 0.5552015875
0 0.1805339640625 0.42565068593750005 0.18806904687499998 0.41269803125 0.19014003125 0.40724518906249996 0.19499958125 0.369484771875 0.19153590781250002 0.3553609109375 0.1860347640625 0.3464294734375 0.16201132812500002 0.3461499359375 0.158194075 0.3484527765625 0.14789687499999998 0.36006925624999997 0.1347798359375 0.385997290625 0.131151003125 0.3989953984375 0.1304807203125 0.40420373125 0.136282371875 0.41991963749999994 0.14032733125000002 0.426486871875 0.1580632453125 0.43686470625 0.1590072578125 0.436875690625 0.1805339640625 0.42565068593750005
0 0.19531320624999998 0.40580574687500004 0.20259413125 0.4176267671875 0.203933296875 0.418620375 0.2332301703125 0.418961275 0.23775038125 0.41803584687499995 0.2550239703125 0.38944839062500003 0.258650234375 0.36127105312499996 0.25319015 0.3360614125 0.250763175 0.332121071875 0.24004984999999998 0.3241722125 0.2260428328125 0.3266172921875 0.215271784375 0.33431615937500003 0.20006290937500001 0.3536996859375 0.1941458109375 0.36927923281249997 0.1917998203125 0.38750840000000003 0.192747521875 0.3953436265625 0.19531320624999998 0.40580574687500004
0 0.1881417578125 0.6841985875 0.1918931015625 0.6732883609375 0.1951998296875 0.6475939171875 0.1918860375 0.639905028125 0.1862230953125 0.630710903125 0.1826519859375 0.6280612828125001 0.1748394859375 0.6279703750000001 0.1578739203125 0.6382052296875 0.14757672187499998 0.6498217093750001 0.12887772343749998 0.688725121875 0.128207440625 0.6939334546875 0.138724334375 0.7110082609374999 0.1462016921875 0.7137033359375 0.1598735671875 0.713862421875 0.1725977421875 0.7061862828125001 0.182894940625 0.6945698015625 0.1881417578125 0.6841985875
0 0.212345259375 0.6268419546875 0.22086271875 0.6233549734375 0.23344818437499998 0.609157053125 0.24918863125000001 0.5780434140625 0.24976502812499998 0.5762244734374999 0.25276454375 0.5529171828125 0.2499743625 0.541539628125 0.24107545312499998 0.5270917140625 0.23359809375 0.5243966390625 0.1993895453125 0.5318227859375 0.1864689375 0.5486248734375 0.174634740625 0.5797839671875 0.17094818437499998 0.6084298 0.1749931421875 0.614997034375 0.192325725 0.62660900625 0.212345259375 0.6268419546875
0 0.2443931390625 0.4462150578125 0.2278204375 0.4381980171875 0.2200079375 0.4381071109375 0.1992171078125 0.47046601875 0.19284941875 0.519945184375 0.2004654859375 0.5291620390625 0.2102311109375 0.529275671875 0.2265263953125 0.5242491515625 0.23729744375 0.516550284375 0.24301811093749998 0.5100966859375 0.2486000671875 0.49712130468750004 0.253569465625 0.47370653125000006 0.252621765625 0.46587130468750004 0.24843809687500001 0.452782290625 0.2443931390625 0.4462150578125
0 0.194418615625 0.6814027546875 0.195978875 0.6996773765625 0.20468135156249997 0.7232512375 0.2126325609375 0.7298639234375 0.2223981859375 0.7299775562499999 0.23869346875000003 0.724951034375 0.24899066875 0.7133345546875 0.2495084140625 0.7119713453125 0.2557210984375 0.66369660625 0.2544106546875 0.6560201625000001 0.2515098296875 0.648162209375 0.24261092031249998 0.633714296875 0.237421828125 0.6284377828125 0.23385071875 0.6257881640625 0.22408509375 0.6256745312499999 0.217890578125 0.628210515625 0.20268170468750002 0.6475940421875 0.1964294640625 0.6657777546875 0.194418615625 0.6814027546875
0 0.2922201640625 0.7490464718750001 0.2957912734375 0.75169609375 0.30912800625000003 0.7544593468749999 0.3133693984375 0.751900634375 0.32052023125 0.7438336328124999 0.3261897078125 0.6997798140625 0.3254577515625 0.6959678671875 0.3181768265625 0.6841468468749999 0.31265259218749997 0.6814745015625 0.29898071718749997 0.6813154140625 0.2947393265625 0.6838741265625 0.28673039375 0.6929091671875 0.2841069859375 0.698094771875 0.2801430125 0.7136970453125 0.2810907125 0.721532271875 0.2922201640625 0.7490464718750001
0 0.375528615625 0.642041903125 0.382571553125 0.6264537234375 0.385199621875 0.6060327156249999 0.3844619875 0.60302485625 0.3707091265625 0.5806962625 0.36628974062499997 0.5785583859375001 0.3553522421875 0.5784311171875001 0.33717086093750004 0.5829140765624999 0.32639981093750003 0.59061294375 0.31119093750000004 0.6099964703125 0.30298557187499997 0.6281574578125 0.30259270781250003 0.64640935 0.305158390625 0.6568714703125 0.31567528437500003 0.6739462765625001 0.3274973046875 0.681386425 0.3347343671875 0.6814706359375 0.375528615625 0.642041903125
0 0.28927180625000004 0.48051172812500004 0.285030415625 0.48307044218749995 0.274733215625 0.4946869234375 0.2721098078125 0.49987252812499994 0.266192709375 0.515452075 0.26351157812500003 0.5362854078125 0.26445927812500003 0.544120634375 0.2683078046875 0.559813815625 0.27606258125 0.5755524484375 0.28529663125 0.5873961953125 0.28690363125 0.5885885234375 0.31483331875 0.588913515625 0.31849975625 0.5877825484375 0.32502941406249997 0.5826423953125001 0.339903146875 0.5658630359375 0.34514996249999996 0.555491821875 0.3501193609375 0.5320770484375 0.34883651875 0.5268459890625 0.34027275 0.5097939078125 0.3130444484375 0.47818028124999995 0.2954663234375 0.4779757421875 0.28927180625000004 0.48051172812500004
0 0.331740815625 0.506173740625 0.334963478125 0.5062112390625 0.3569621046875 0.4994254390625 0.37094151875 0.4857954453125 0.3718502671875 0.47873414687500004 0.374297275 0.433121459375 0.3718702984375 0.42918111875 0.35529759843750003 0.42116407968749997 0.33381322343750003 0.4209140859375 0.323516025 0.43253056562500003 0.3149755171875 0.45329571875 0.31296466875 0.46892071875 0.3148600703125 0.484591171875 0.32214099531249996 0.4964121921875 0.331740815625 0.506173740625
0 0.24594962968749998 0.4610991484375 0.2528954140625 0.475524334375 0.26003763125 0.48082357499999995 0.2645910703125 0.48191978593749996 0.2899816984375 0.48221523125 0.301388396875 0.47869666874999994 0.3093973296875 0.46966162968749997 0.319220678125 0.4541275359375 0.3252702046875 0.43941888437500004 0.32683419687500004 0.42726610625 0.32140469843749997 0.39155935625 0.30536357187499996 0.3718122015625 0.2943151046875 0.36646750781250004 0.2822612140625 0.36893531562500004 0.2714901640625 0.37663418125 0.256281290625 0.3960177078125 0.2484110671875 0.41157452812499995 0.24511737656250002 0.42196846875 0.242101103125 0.44540596875 0.24594962968749998 0.4610991484375
0 0.2936603734375 0.358635690625 0.30819896406249997 0.34446049843750004 0.3198944 0.323119159375 0.3211478296875 0.3133795765625 0.32137372656249996 0.3028847375 0.3160459265625 0.29108644375 0.3060028828125 0.2779292515625 0.2910481671875 0.272539103125 0.2832356671875 0.272448196875 0.27899427499999996 0.2750069109375 0.26869707656249997 0.28662339062500003 0.26116199375 0.29957604375 0.2575331609375 0.3125741515625 0.2538466046875 0.341219984375 0.255129446875 0.34645104375 0.267599465625 0.36354857812499997 0.26980915781250003 0.364617515625 0.28191853437500003 0.3647584203125 0.2936603734375 0.358635690625
0 0.2121094578125 0.320130603125 0.22483363125000003 0.3124544640625 0.24199562968750002 0.29309366406250004 0.24881649062500003 0.2796110859375 0.25015705625 0.26919442031249996 0.2513218671875 0.2358247234375 0.24747334062499998 0.2201315421875 0.23595102343750002 0.2108692359375 0.22032602343750002 0.21068742343750002 0.209890115625 0.2157821234375 0.1964956578125 0.2286665953125 0.1855281765625 0.24549140937499997 0.183753046875 0.2501652734375 0.1794632359375 0.28349860625 0.17983077187500002 0.2897622421875 0.18239645625 0.3002243640625 0.1864414140625 0.3067915953125 0.2042969578125 0.320039696875 0.2121094578125 0.320130603125
0 0.36838642187500004 0.420533959375 0.3756915578125 0.4169676703125 0.39514182343750004 0.3950254296875 0.40267690468749995 0.3820727765625 0.408303921875 0.3657074359375 0.41195696406250004 0.33732201875 0.4120031421875 0.3248038375 0.41072030000000004 0.3195727765625 0.401821390625 0.3051248640625 0.39663229843750003 0.29984835 0.387201815625 0.29713055 0.369623690625 0.296926009375 0.35723465781249997 0.301997984375 0.34040780000000004 0.3187546171875 0.33287271875 0.3317072703125 0.3299696515625 0.34210575625 0.32742257656249996 0.3618974234375 0.326840171875 0.3785822703125 0.32745273125 0.3890216640625 0.333393090625 0.4112593515625 0.347195015625 0.420287375 0.36838642187500004 0.420533959375
0 0.3764811640625 0.48530819843749995 0.3834269484375 0.4997333859375 0.39380513281249996 0.5102864109375 0.40817679375000004 0.514887353125 0.412864303125 0.514941896875 0.42505513281249996 0.5106500375 0.43730545625 0.49905628437500005 0.44712880468750005 0.483522190625 0.44884845156250003 0.47623961406250004 0.4507587578125 0.461395865625 0.44696683593750003 0.43918317812499996 0.44278316718750005 0.426094165625 0.43064829062500004 0.40639246562500003 0.42350607343749996 0.401093225 0.406263090625 0.39828451875000004 0.3997334328125 0.40342467187500003 0.382571434375 0.422785471875 0.37732461875 0.4331566859375 0.3736380625 0.46180251875 0.3764811640625 0.48530819843749995
0 0.36694000625 0.6114275890624999 0.39920719843749997 0.599023528125 0.422956578125 0.558874846875 0.431497084375 0.53810969375 0.4289314 0.5276475734375 0.4109371484375 0.50787769375 0.40596533749999997 0.50547258125 0.393172371875 0.505323721875 0.3832582578125 0.5101636875 0.37672859999999997 0.515303840625 0.3595666015625 0.534664640625 0.3546549265625 0.5424316874999999 0.351696378125 0.550221459375 0.34800982187499996 0.57886729375 0.348957521875 0.586702521875 0.36075725625 0.6090083875000001 0.36572906562499996 0.6114134984375 0.36694000625 0.6114275890624999
0 0.37025567187499997 0.694793890625 0.360767465625 0.707723815625 0.35485036718749996 0.7233033625 0.35384494218749996 0.7311158625 0.35311693593750004 0.7519719234375 0.354399778125 0.7572029828125 0.364835771875 0.774146446875 0.4003338140625 0.7745595046875 0.41050882812499995 0.7695921703125 0.422759153125 0.7579984171875 0.4394473 0.734720003125 0.4460346828125 0.7139321234375 0.44709783124999997 0.690471896875 0.445005996875 0.683927390625 0.4317269875 0.665516409375 0.4245847703125 0.6602171703125 0.38937079531249996 0.6754558171875 0.37025567187499997 0.694793890625
0 0.44932809687499997 0.41019591875000005 0.45787201875 0.4184455390625 0.4845967 0.418756509375 0.4970120890625 0.4120548015625 0.509597553125 0.397856884375 0.5148443703125001 0.38748566875 0.517808690625 0.3781311234375 0.5181773468750001 0.375266540625 0.5185309250000001 0.35883983750000004 0.5163003828125 0.34577355 0.51049873125 0.3300576421875 0.49540530625 0.318145715625 0.48563968125 0.3180320828125 0.4644327234375 0.33082565 0.45050669218749995 0.355440234375 0.44724074375 0.3671385328125 0.44465177499999997 0.38725571875 0.44932809687499997 0.41019591875000005
0 0.4473987703125 0.5118228546875 0.449294171875 0.5274933078124999 0.46508114218749996 0.5720141328125 0.4759331765625 0.5864847734375 0.48689785468749996 0.5924805078125 0.50105801875 0.5926452765625 0.5208550515625 0.5870074875 0.533579225 0.579331346875 0.5484529578124999 0.5625519875 0.5687699375 0.5262754671875001 0.5696967890625 0.522113346875 0.5764666468749999 0.46950917968750006 0.5764781921875 0.46637963437499996 0.5742476484375 0.4533133484375 0.5624479140624999 0.43100748125 0.5478283390625001 0.42301316718750004 0.5361095890625001 0.42287680781250003 0.5025135984375 0.44074234843750004 0.48945428281250003 0.451022653125 0.47262742500000005 0.4677792875 0.44806905312499995 0.506614521875 0.4473987703125 0.5118228546875
0 0.5396444234375 0.607438634375 0.5437703671875 0.636175375 0.5466711937500001 0.644033328125 0.55395211875 0.6558543484375 0.5782795953125001 0.6796100203125001 0.588992921875 0.68755888125 0.5964702796875 0.6902539546875001 0.6179546546875 0.6905039484375 0.6518857875 0.6700342406249999 0.65989471875 0.6609992015625 0.6720375234375 0.6388415281250001 0.6788492734375 0.585911840625 0.6777614640625 0.5829651078125 0.6672445703125 0.5658903015625001 0.6309209265625 0.5289547078125 0.6111122578125 0.51568388125 0.6055880250000001 0.513011534375 0.5899630250000001 0.5128297203125001 0.5795271171875 0.517924421875 0.57380645 0.5243780203124999 0.5419904140625 0.5892094671875 0.5396444234375 0.607438634375
0 0.7577800734375 0.8074075000000001 0.7851005625 0.7699084390625 0.7880591124999999 0.762118665625 0.789952984375 0.7561421484374999 0.7962620234375 0.7071187109375 0.7961025078125 0.699618665625 0.7904395656250001 0.6904245390625 0.7732543046875 0.67196810625 0.7345846703125 0.653261678125 0.7228659203125 0.65312531875 0.7085237625 0.658174565625 0.6957995875 0.66585070625 0.6743961984375 0.68777021875 0.6616143 0.711094084375 0.657592603125 0.742344084375 0.662666246875 0.778916053125 0.6712300156250001 0.7959681328125 0.6989741421875 0.8077664562500001 0.7357710296875 0.8081946265625 0.7577800734375 0.8074075000000001
0 0.814669234375 0.749518371875 0.818852903125 0.7626073843750001 0.8228978609375 0.7691746187499999 0.8400896796874999 0.7796765265625 0.872501784375 0.7800536765625 0.8788682031249999 0.7750420250000001 0.8823006031249999 0.771169865625 0.8901708265625 0.7556130453125001 0.891846534375 0.7425922125 0.8892808499999999 0.7321300921875 0.880381940625 0.717682178125 0.871621740625 0.70975604375 0.8605732734375 0.7044113515625 0.8429951484375 0.7042068109375 0.828652990625 0.7092560578125 0.823267465625 0.7131054906250001 0.8153972421875 0.7286623109375 0.814056675 0.739078978125 0.814669234375 0.749518371875
0 0.844361815625 0.867618075 0.84988605 0.8702904234375 0.861956128125 0.8722565156250001 0.8701592671875 0.87235196875 0.887330565625 0.8681180625 0.8901908984375 0.8648912624999999 0.8977315828125001 0.8062975124999999 0.8973270859375001 0.8056407890624999 0.889849728125 0.8029457171875001 0.876177853125 0.8027866296875 0.8445349875 0.8206748953125 0.8342377890625 0.8322913749999999 0.8328972218749999 0.8427080421875001 0.8367457484375 0.8584012234375 0.844361815625 0.867618075
0 0.41876123437499996 0.663670296875 0.4516524796875 0.7044780515625 0.4627229171875 0.7126918734375 0.47737135 0.7128623234375 0.5089633874999999 0.699928790625 0.525928953125 0.6896939375 0.5339378859374999 0.680658896875 0.5452016890625 0.663811453125 0.54577645625 0.65934530625 0.5444892421875 0.64426874375 0.5387453140625 0.6129051109375 0.5358444890625 0.6050471578125001 0.5269455796875 0.5905992437500001 0.453789978125 0.566275403125 0.443492778125 0.5778918828124999 0.42579920624999995 0.608982796875 0.4149704328125 0.632329390625 0.41491270937499997 0.6479771171875 0.41876123437499996 0.663670296875
0 0.5171732312499999 0.7930670906249999 0.529758696875 0.7788691703125 0.5366030640624999 0.76710384375 0.540931975 0.733466690625 0.535039975 0.715032996875 0.520755540625 0.7044345171875 0.5074188078125 0.7016712640625 0.477532634375 0.728708203125 0.4601742046875 0.7571949499999999 0.4617344640625 0.7754695703125 0.4670622640625 0.7872678640624999 0.476436425 0.794223115625 0.5145223624999999 0.7946662859375 0.5171732312499999 0.7930670906249999