0 0.0908203125 0.6877259812500001 0.1103515625 0.6877259812500001 0.1318359375 0.67465134375 0.134765625 0.6707289515625 0.142578125 0.6471946015625 0.142578125 0.621045325 0.1328125 0.5975109765625 0.1201171875 0.5831288734375 0.1123046875 0.5778990187499999 0.0966796875 0.580513946875 0.0888671875 0.5831288734375 0.06640625 0.6001259046875 0.064453125 0.6158154703125 0.064453125 0.66288416875 0.0771484375 0.6798811984375 0.0908203125 0.6877259812500001
0 0.1630859375 0.6275826453125 0.1806640625 0.6275826453125 0.1865234375 0.6249677171875 0.20703125 0.5896661937500001 0.20703125 0.5609019890625 0.205078125 0.5556721328124999 0.1865234375 0.5334452484375001 0.1787109375 0.5282153921875 0.1591796875 0.5308303203125 0.1416015625 0.543904959375 0.134765625 0.568746771875 0.1328125 0.581821409375 0.140625 0.6105856140625 0.1455078125 0.617122934375 0.1630859375 0.6275826453125
0 0.2666015625 0.6563468484375 0.2880859375 0.666806559375 0.3056640625 0.6641916328125 0.3232421875 0.6563468484375 0.3291015625 0.65111699375 0.333984375 0.644579675 0.341796875 0.62627518125 0.345703125 0.605355759375 0.341796875 0.5844363375 0.3291015625 0.5648243796875 0.3115234375 0.5491348140625 0.2978515625 0.543904959375 0.2763671875 0.5465198859375 0.2724609375 0.5491348140625 0.2578125 0.568746771875 0.25 0.5896661937500001 0.248046875 0.6001259046875 0.248046875 0.621045325 0.255859375 0.641964746875 0.2666015625 0.6563468484375
0 0.1630859375 0.7557141015625 0.1748046875 0.76094395625 0.1923828125 0.76094395625 0.2060546875 0.7530991734375 0.216796875 0.738717071875 0.21875 0.7334872156250001 0.21875 0.69949315625 0.212890625 0.6811886625 0.2021484375 0.6720364156249999 0.1904296875 0.666806559375 0.1767578125 0.6641916328125 0.1630859375 0.67465134375 0.15234375 0.6890334453125 0.1484375 0.69949315625 0.1484375 0.7334872156250001 0.15234375 0.7439469265625 0.1630859375 0.7557141015625
0 0.2431640625 0.7740185953125 0.2509765625 0.77924845 0.2568359375 0.781863378125 0.2802734375 0.781863378125 0.2958984375 0.7714036671875 0.306640625 0.7544066375 0.30859375 0.7334872156250001 0.302734375 0.715182721875 0.2919921875 0.7008006203125 0.2841796875 0.6955707640625 0.2548828125 0.6955707640625 0.2470703125 0.6981856921875 0.2392578125 0.703415546875 0.23046875 0.720412578125 0.228515625 0.7308722875 0.228515625 0.7465618546874999 0.23046875 0.7544066375 0.2431640625 0.7740185953125
0 0.3759765625 0.6092781515625 0.3974609375 0.6092781515625 0.4013671875 0.6066632234375 0.408203125 0.5975109765625 0.419921875 0.5739766265624999 0.42578125 0.550442278125 0.42578125 0.545212421875 0.4140625 0.5190631453125001 0.3955078125 0.4968362609375 0.3701171875 0.49160640468750005 0.3623046875 0.49422133281249997 0.34375 0.5242930015625 0.341796875 0.5321377843749999 0.33984375 0.56613184375 0.345703125 0.587051265625 0.3544921875 0.598818440625 0.3759765625 0.6092781515625
0 0.3583984375 0.7164901859375 0.3818359375 0.7164901859375 0.3935546875 0.708645403125 0.40625 0.6890334453125 0.40625 0.6811886625 0.392578125 0.63934981875 0.3837890625 0.6328125 0.3603515625 0.6275826453125 0.3486328125 0.6328125 0.337890625 0.6471946015625 0.333984375 0.6576543125 0.333984375 0.6759588062499999 0.345703125 0.7047230109375 0.3583984375 0.7164901859375
0 0.3466796875 0.8237022203125001 0.3681640625 0.8237022203125001 0.3779296875 0.818472365625 0.392578125 0.8014753359375 0.3984375 0.7831708421875 0.3984375 0.7648663484375 0.39453125 0.74917678125 0.3857421875 0.7374096078125 0.3720703125 0.729564825 0.3544921875 0.72433496875 0.3466796875 0.72433496875 0.3349609375 0.7321797515624999 0.318359375 0.757021565625 0.31640625 0.7805559140625 0.3203125 0.7936305531250001 0.3369140625 0.818472365625 0.3466796875 0.8237022203125001
0 0.4208984375 0.800167871875 0.4384765625 0.8106275828125 0.4462890625 0.8106275828125 0.4658203125 0.8027827999999999 0.482421875 0.7831708421875 0.48828125 0.7439469265625 0.486328125 0.7230275046875 0.4599609375 0.7008006203125 0.4521484375 0.6955707640625 0.4384765625 0.6955707640625 0.4111328125 0.703415546875 0.404296875 0.7073379390625 0.400390625 0.7230275046875 0.3984375 0.7334872156250001 0.3984375 0.7544066375 0.40625 0.7779409859374999 0.4208984375 0.800167871875
0 0.404296875 0.6759588062499999 0.4150390625 0.6877259812500001 0.4248046875 0.6903409093749999 0.4482421875 0.6903409093749999 0.4560546875 0.6877259812500001 0.47265625 0.6681140234375 0.478515625 0.6550393859375 0.478515625 0.623660253125 0.4765625 0.6184303984375 0.4560546875 0.5962035125 0.4423828125 0.59097365625 0.4228515625 0.5962035125 0.4072265625 0.6040482953125 0.396484375 0.6184303984375 0.39453125 0.623660253125 0.39453125 0.641964746875 0.3984375 0.66288416875 0.404296875 0.6759588062499999
0 0.50390625 0.806705190625 0.5087890625 0.8106275828125 0.5146484375 0.8132425109374999 0.5302734375 0.8132425109374999 0.5380859375 0.8106275828125 0.5458984375 0.8053977265625001 0.568359375 0.7805559140625 0.568359375 0.7674812765625 0.5625 0.7439469265625 0.5576171875 0.7347946796875 0.5419921875 0.72433496875 0.5361328125 0.721720040625 0.5263671875 0.721720040625 0.4990234375 0.7347946796875 0.4921875 0.7465618546874999 0.490234375 0.757021565625 0.490234375 0.7779409859374999 0.49609375 0.7936305531250001 0.50390625 0.806705190625
0 0.4951171875 0.6877259812500001 0.5107421875 0.6981856921875 0.5263671875 0.6981856921875 0.5400390625 0.6929558375 0.55078125 0.678573734375 0.556640625 0.6654990953125 0.556640625 0.63934981875 0.5546875 0.6341199640624999 0.53515625 0.6001259046875 0.5283203125 0.5935885843750001 0.5009765625 0.6066632234375 0.494140625 0.6158154703125 0.48828125 0.6288901078125 0.486328125 0.6367348921875 0.486328125 0.6654990953125 0.48828125 0.6733438796875 0.4951171875 0.6877259812500001
0 0.4775390625 0.5831288734375 0.4853515625 0.59097365625 0.4990234375 0.598818440625 0.5166015625 0.5962035125 0.5234375 0.5896661937500001 0.53125 0.5739766265624999 0.5390625 0.54782735 0.5390625 0.5321377843749999 0.537109375 0.5216780734375 0.53515625 0.5138332906249999 0.5263671875 0.4968362609375 0.5205078125 0.49160640468750005 0.4951171875 0.49160640468750005 0.4794921875 0.49945118749999995 0.4677734375 0.5099108984375 0.46484375 0.51644821875 0.4609375 0.5321377843749999 0.4609375 0.550442278125 0.46875 0.5713617 0.4775390625 0.5831288734375
0 0.5615234375 0.6380423546875 0.5791015625 0.648502065625 0.5927734375 0.648502065625 0.6123046875 0.6380423546875 0.630859375 0.6105856140625 0.63671875 0.587051265625 0.634765625 0.56613184375 0.625 0.5425974953125 0.6062967578125 0.5236397687500001 0.5860824015625 0.5178039875 0.5666607531250001 0.5204566203125001 0.55675174375 0.5294755375 0.5456536890625 0.541677603125 0.537109375 0.5609019890625 0.533203125 0.5739766265624999 0.533203125 0.587051265625 0.5390625 0.6105856140625 0.5615234375 0.6380423546875
0 0.5849609375 0.740024534375 0.6005859375 0.740024534375 0.6142578125 0.7321797515624999 0.626953125 0.715182721875 0.6328125 0.6890334453125 0.630859375 0.6707289515625 0.6162109375 0.6406572828125 0.5673828125 0.6458871390625001 0.5615234375 0.648502065625 0.55859375 0.6524244578125 0.552734375 0.6759588062499999 0.55078125 0.6942633 0.556640625 0.715182721875 0.5712890625 0.7347946796875 0.5849609375 0.740024534375
0 0.5439453125 0.5099108984375 0.5634765625 0.5099108984375 0.5712890625 0.5072959703125 0.5849609375 0.4968362609375 0.59375 0.4850690859375 0.59375 0.477224303125 0.58984375 0.4615347359375 0.5859375 0.45368995312499993 0.5654296875 0.43407799531249996 0.5556640625 0.43146306875 0.5419921875 0.43930785156249996 0.533203125 0.4510750265625 0.5234375 0.4693795203125 0.5234375 0.477224303125 0.53515625 0.5007586515625 0.5439453125 0.5099108984375
0 0.6376953125 0.5308303203125 0.6435546875 0.5334452484375001 0.6611328125 0.5334452484375001 0.6806640625 0.5177556812499999 0.685546875 0.508603434375 0.689453125 0.477224303125 0.68359375 0.4615347359375 0.6650390625 0.43930785156249996 0.6533203125 0.43930785156249996 0.6376953125 0.44715263437499997 0.6298828125 0.4523824890625 0.619140625 0.4693795203125 0.615234375 0.4798392296875 0.615234375 0.5033735796875 0.6279296875 0.5229855375 0.6376953125 0.5308303203125
0 0.6455078125 0.818472365625 0.6650390625 0.8289320765625 0.7099609375 0.8289320765625 0.7255859375 0.8237022203125001 0.7353515625 0.8158574375000001 0.7421875 0.806705190625 0.748046875 0.7962454796875 0.75 0.7884006968749999 0.751953125 0.77271113125 0.751953125 0.7413319984375 0.7421875 0.6942633 0.7314453125 0.6772662703125001 0.7138671875 0.6589617765625 0.6572265625 0.6589617765625 0.6533203125 0.6615767046875 0.64453125 0.6759588062499999 0.61328125 0.7439469265625 0.611328125 0.7517917093750001 0.61328125 0.7674812765625 0.62109375 0.791015625 0.6455078125 0.818472365625
0 0.6484375 0.63934981875 0.6552734375 0.648502065625 0.6650390625 0.6563468484375 0.6767578125 0.6589617765625 0.7001953125 0.6589617765625 0.7060546875 0.6563468484375 0.7138671875 0.648502065625 0.72265625 0.6341199640624999 0.728515625 0.6105856140625 0.728515625 0.5975109765625 0.724609375 0.5844363375 0.7158203125 0.5726691625 0.6884765625 0.5465198859375 0.6767578125 0.538675103125 0.6728515625 0.538675103125 0.6650390625 0.543904959375 0.6474609375 0.559594525 0.638671875 0.5792064828125 0.63671875 0.5922811203125 0.63671875 0.6079706875 0.638671875 0.6158154703125 0.6484375 0.63934981875
0 0.7197265625 0.5726691625 0.7392578125 0.5726691625 0.7666015625 0.556979596875 0.775390625 0.54782735 0.78515625 0.5216780734375 0.783203125 0.4850690859375 0.77734375 0.4667645921875 0.7685546875 0.45499741718750003 0.7548828125 0.44453770625000005 0.7392578125 0.44453770625000005 0.7255859375 0.44976756250000005 0.7158203125 0.45499741718750003 0.7041015625 0.465457128125 0.697265625 0.474609375 0.6875 0.5059885078125 0.685546875 0.51644821875 0.6875 0.5399825671875 0.7001953125 0.559594525 0.7197265625 0.5726691625
0 0.7919921875 0.6328125 0.7998046875 0.6354274281250001 0.8154296875 0.6354274281250001 0.8291015625 0.6275826453125 0.841796875 0.6132005421875 0.849609375 0.5922811203125 0.8515625 0.568746771875 0.849609375 0.5556721328124999 0.84375 0.5373676390625 0.8388671875 0.5308303203125 0.8271484375 0.5229855375 0.7998046875 0.5229855375 0.7880859375 0.5308303203125 0.767578125 0.5609019890625 0.765625 0.56613184375 0.767578125 0.605355759375 0.7861328125 0.6301975718749999 0.7919921875 0.6328125
0 0.7802734375 0.7321797515624999 0.8017578125 0.7426394625 0.8232421875 0.740024534375 0.83203125 0.7308722875 0.84375 0.702108084375 0.84765625 0.6759588062499999 0.83984375 0.6498095296875 0.8310546875 0.6380423546875 0.8271484375 0.6354274281250001 0.7841796875 0.6354274281250001 0.765625 0.660269240625 0.759765625 0.6759588062499999 0.76171875 0.7073379390625 0.7744140625 0.726949896875 0.7802734375 0.7321797515624999
0 0.7724609375 0.8158574375000001 0.7880859375 0.8158574375000001 0.7939453125 0.8132425109374999 0.8046875 0.7988604078125 0.810546875 0.7857857703125 0.810546875 0.7622514203125 0.7998046875 0.745254390625 0.7880859375 0.7374096078125 0.7802734375 0.7347946796875 0.7685546875 0.7347946796875 0.75390625 0.7517917093750001 0.75 0.7988604078125 0.7568359375 0.8080126546875 0.7646484375 0.8132425109374999 0.7724609375 0.8158574375000001
0 0.8486328125 0.818472365625 0.8681640625 0.8289320765625 0.8837890625 0.8263171484375 0.9033203125 0.8158574375000001 0.921875 0.7936305531250001 0.9296875 0.7622514203125 0.9296875 0.7230275046875 0.9228515625 0.71126033125 0.9091796875 0.6981856921875 0.8916015625 0.6981856921875 0.8720703125 0.703415546875 0.841796875 0.738717071875 0.8359375 0.7544066375 0.8359375 0.7962454796875 0.83984375 0.806705190625 0.8486328125 0.818472365625
0 0.861328125 0.660269240625 0.8701171875 0.6694214875 0.8935546875 0.685111053125 0.9150390625 0.6798811984375 0.9267578125 0.6720364156249999 0.939453125 0.6524244578125 0.94921875 0.6315050359375001 0.951171875 0.621045325 0.951171875 0.5948960484375 0.943359375 0.5739766265624999 0.9208984375 0.55436466875 0.9052734375 0.5465198859375 0.8701171875 0.556979596875 0.85546875 0.5792064828125 0.8515625 0.5922811203125 0.849609375 0.6001259046875 0.849609375 0.6315050359375001 0.85546875 0.6498095296875 0.861328125 0.660269240625
0 0.9482421875 0.7661738125 0.9755859375 0.781863378125 0.9873046875 0.781863378125 1 0.775326059375 0.9990234375 0.6641916328125 0.9951171875 0.6615767046875 0.9833984375 0.6615767046875 0.9638671875 0.6694214875 0.943359375 0.696878228125 0.9375 0.71256779375 0.93359375 0.7256424328125 0.93359375 0.7334872156250001 0.94140625 0.757021565625 0.9482421875 0.7661738125
0 0.9892578125 0.6432722109375 0.9990234375 0.648502065625 1 0.54782735 0.9990234375 0.5465198859375 0.9912109375 0.5517497421875001 0.978515625 0.56613184375 0.974609375 0.5896661937500001 0.9765625 0.6184303984375 0.982421875 0.6341199640624999 0.9892578125 0.6432722109375
0 0.8486328125 0.536060175 0.8720703125 0.536060175 0.8916015625 0.5229855375 0.8984375 0.5112183625 0.90625 0.4824541578125 0.90625 0.45891980937500004 0.900390625 0.440615315625 0.8916015625 0.428848140625 0.8798828125 0.4210033578125 0.8369140625 0.428848140625 0.8330078125 0.43146306875 0.826171875 0.440615315625 0.818359375 0.4693795203125 0.81640625 0.477224303125 0.818359375 0.5059885078125 0.8310546875 0.5229855375 0.8486328125 0.536060175
0 0.8212890625 0.410543646875 0.8369140625 0.423618284375 0.8642578125 0.423618284375 0.8740234375 0.4183884296875 0.896484375 0.3909316890625 0.90234375 0.3726271953125 0.90234375 0.33601820781249997 0.8984375 0.32294356875 0.8818359375 0.3033316109375 0.8662109375 0.295486828125 0.8486328125 0.2928719015625 0.8271484375 0.3111763953125 0.814453125 0.33078835156249997 0.80859375 0.3490928453125 0.806640625 0.3569376296875 0.806640625 0.37785704999999997 0.814453125 0.40139139999999995 0.8212890625 0.410543646875
0 1 0.4275406765625 0.9970703125 0.423618284375 0.9697265625 0.405313790625 0.9541015625 0.40792871875000003 0.931640625 0.4275406765625 0.91796875 0.45891980937500004 0.9140625 0.471994446875 0.9140625 0.4824541578125 0.921875 0.5112183625 0.9296875 0.5295228562500001 0.9423828125 0.5465198859375 0.9599609375 0.55436466875 0.9755859375 0.55436466875 0.9892578125 0.5491348140625 1 0.5373676390625 1 0.4275406765625
0 0.9990234375 0.40792871875000003 0.9990234375 0.2902569734375 0.986328125 0.33078835156249997 0.982421875 0.3517077734375 0.982421875 0.3700122671875 0.99609375 0.4066212546875 0.9990234375 0.40792871875000003