0 0.47960209239939866 0.7387165413701606 0.14422452863422955 0.16429511585332382
0 0.39458676030203776 0.43980767992910497 0.11171806897451741 0.11678750489069696
0 0.6162820194634199 0.7394486640939875 0.07997858990441102 0.09253449247815268
0 0.20703323506306553 0.6728715471761484 0.13769035698871593 0.16109159869016096
0 0.6821982735986898 0.5758515138565606 0.09931572522451741 0.1164266335443795
0 0.5599811362109486 0.6367017488128658 0.12997218844013753 0.14366152560030124
0 0.7578215898682741 0.9244792304704657 0.055639757107298494 0.06713593008539362
0 0.5877471472262894 0.4899116653476286 0.12116978568810914 0.13718420506718765
0 0.41846816419472177 0.590588929929105 0.15389340601373808 0.16642336924305995
0 0.3248369465274412 0.7526379520324287 0.09783087109647486 0.1070516335443795
0 0.19380765959596216 0.8718235242148948 0.08093301504789649 0.0893544588281113
0 0.19480995112620078 0.48172370994998753 0.12511940177162995 0.14186781853709682
0 0.16204833437867214 0.5870620793086021 0.06393174125281229 0.07039059436850721
0 0.533355364180267 0.9294408297708205 0.10212652774751127 0.11514753275096083
0 0.8248004371162457 0.9162515418323791 0.10667451295355193 0.12422283596420627
0 0.46136637312797274 0.8663929119824164 0.09373597872248922 0.11004308273117544
0 0.744098913731232 0.6941325009244368 0.10582866814302498 0.11826864622087001
0 0.2532384983597176 0.8159395855768082 0.11631245587205949 0.12615577685394222
0 0.6921166304715334 0.762357315189344 0.09554595441049614 0.11165104683779817
0 0.2952294059241819 0.9175331778175341 0.10175409586653687 0.12077465566433006
0 0.2994924956149167 0.6372175405122309 0.11026869245501789 0.11684253854073816
0 0.12816580799904426 0.6704572525072825 0.06872957725821545 0.158987838735435
0 0.6118856093678311 0.8306192333734597 0.08990070446843249 0.09748909410456079
0 0.39619997932365025 0.796867673660899 0.09149777344746698 0.10511764763121648
0 0.6620990534002846 0.9296190230277606 0.10447816622248904 0.11035564846420627
0 0.913088956152313 0.9285947659681316 0.08359854128042521 0.09575042069139812
0 0.7744171632677425 0.8062687880714554 0.0981092812454829 0.1088094460443795
0 0.3829623435400543 0.8867257955267958 0.06815976748534106 0.07683202033841638
0 0.14798567014781333 0.8401930909870845 0.04849565228853869 0.1196138180258309
0 0.7000188366599834 0.8618033857224574 0.05075027448128431 0.0638830622855174
0 0.16667008459234844 0.9581618409870846 0.04280371146437565 0.0836763180258309
0 0.09989047176641344 0.5315766089337732 0.046645655844446535 0.09934109911912578
0 0.8855705850558382 0.8242255147144902 0.10169829816049614 0.11183006175762458
0 0.2100100481243591 0.9592553280549609 0.06549878440035446 0.07967077962517095
0 0.311354477042339 0.508941776326466 0.07829842327636856 0.08315380946482484
0 0.1769865818475475 0.7804854703748288 0.07898868715238275 0.08628449247815269
0 0.5128854231424276 0.5226990847853854 0.07928832602839683 0.08940380946482485