0 0.16015625 0.4609375 0.11796875 0.13203125
0 0.58046875 0.66796875 0.11328125 0.153125
0 0.0984375 0.696875 0.0890625 0.12734375
0 0.43828125 0.540625 0.0890625 0.11171875
0 0.2125 0.6859375 0.08046875 0.11015625
0 0.55625 0.80234375 0.1234375 0.1265625
0 0.28828125 0.54609375 0.0734375 0.09375
0 0.421875 0.803125 0.0859375 0.09453125
0 0.2921875 0.6609375 0.0671875 0.09140625
0 0.278125 0.7546875 0.09921875 0.1140625
0 0.48671875 0.884375 0.09375 0.11171875
0 0.2125 0.56640625 0.075 0.09609375
0 0.7734375 0.8578125 0.11953125 0.15
0 0.48671875 0.62421875 0.08046875 0.10390625
0 0.26484375 0.44296875 0.0890625 0.1015625
0 0.35234375 0.59765625 0.08984375 0.11171875
0 0.3765625 0.7078125 0.08984375 0.10625
0 0.13828125 0.57890625 0.0890625 0.12265625
0 0.02890625 0.7609375 0.0578125 0.0921875
0 0.053125 0.5765625 0.07265625 0.1015625
0 0.42109375 0.63515625 0.0609375 0.07890625
0 0.5515625 0.55078125 0.06875 0.09140625
0 0.159375 0.79375 0.08515625 0.10703125
0 0.46484375 0.7265625 0.07578125 0.09921875
0 0.01953125 0.48359375 0.0390625 0.11953125
0 0.5828125 0.90078125 0.07265625 0.08671875
0 0.38828125 0.8890625 0.06171875 0.084375
0 0.0734375 0.82421875 0.096875 0.1203125
0 0.0140625 0.6671875 0.028125 0.09375
0 0.3484375 0.4984375 0.071875 0.0859375
0 0.6671875 0.7625 0.11484375 0.13828125
0 0.30390625 0.8625 0.07890625 0.109375
0 0.22578125 0.859375 0.0734375 0.09921875
0 0.8828125 0.853125 0.0578125 0.0703125
0 0.02109375 0.84921875 0.0421875 0.0703125
0 0.9046875 0.93203125 0.06328125 0.06875