0 0.18889202968750002 0.88730538125 0.19678922031249999 0.8762399000000001 0.198801659375 0.85709281875 0.1910615046875 0.8480928296875 0.170705734375 0.8560512421875 0.1587267671875 0.8678809140625001 0.153995996875 0.8757484218749999 0.152621796875 0.8888230593750001 0.1540252421875 0.894041553125 0.159222615625 0.9000848843749999 0.17262839375 0.9000068906250001 0.180255009375 0.8951956171875001 0.18889202968750002 0.88730538125
0 0.1749280828125 0.784306934375 0.18362359374999998 0.8130029609375 0.19117587656249999 0.824719003125 0.19676041093750002 0.8272998421875 0.2221510359375 0.8271521234374999 0.24055368124999998 0.8192050734375 0.2597808453125 0.8034132406250001 0.27426261875 0.78634235 0.286501803125 0.7627511890625 0.292324621875 0.7398506859375 0.2927884140625 0.73543799375 0.2872678328125 0.7183201421875001 0.2744058546875 0.7014083359375001 0.2579270890625 0.6910508906249999 0.2501145890625 0.6910963421874999 0.24202724999999997 0.6937567203125 0.21053165468750001 0.7148465890625 0.191593953125 0.7371700578125 0.1774016421875 0.760772584375 0.1746239984375 0.7686287296875001 0.1749280828125 0.784306934375
0 0.10339925000000001 0.7340745078124999 0.13553226093749998 0.7626341796875 0.15219859375 0.7642713718749999 0.1617918203125 0.764215559375 0.1776472453125 0.751935846875 0.2038185234375 0.71650365 0.2252444078125 0.6797923953125 0.22744312656250001 0.6588729734375 0.188032675 0.615982334375 0.168501425 0.6160959640625 0.15232674375 0.621416721875 0.1247374 0.6424838625 0.1080276625 0.6621810421875 0.1030220515625 0.6726634781249999 0.10024440781249999 0.680519625 0.0963966484375 0.7171286125 0.097525253125 0.72496203125 0.10339925000000001 0.7340745078124999
0 0.21009271875 0.5806660046875 0.20481226874999997 0.5937633703125 0.20233870937499998 0.6172977203125 0.2051455984375 0.6277347046874999 0.21410132656249997 0.6446692390625001 0.2240109484375 0.6498608265625 0.2583867578125 0.6496608328125 0.258473521875 0.6496377453125 0.2724056140625 0.637796709375 0.2779609046875 0.6220844203125 0.2782064984375 0.6011763593749999 0.27259271875 0.580302390625 0.261683865625 0.56337921875 0.25805245625 0.5607870203124999 0.24074917031249998 0.5582743578125 0.22011856093749999 0.568847696875 0.21009271875 0.5806660046875
0 0.3131963625 0.6006977515624999 0.3159447625 0.5745484734375 0.311474209375 0.5706544906250001 0.303661709375 0.5706999421875001 0.2952995296875 0.5759752484375 0.2875016515625 0.585167265625 0.28222120156249997 0.59826463125 0.282800128125 0.61132790625 0.286267028125 0.6167061953124999 0.3019744953125 0.6166148109375 0.308190753125 0.6111801890625 0.3131963625 0.6006977515624999
0 0.27522871875 0.685686471875 0.2830265953125 0.6764944546875 0.283705071875 0.67328918125 0.285519015625 0.65603065625 0.281029603125 0.649066121875 0.2634222328125 0.6308752578125 0.25588457343750004 0.62830578125 0.243630765625 0.6427503812500001 0.24198172499999998 0.658439946875 0.2503877734375 0.6806043359375 0.25765059375 0.6857887390624999 0.26357740937499996 0.6871077046875 0.2720518 0.6870584015625 0.27522871875 0.685686471875
0 0.3115912109375 0.7617550843750001 0.333427109375 0.7710247375 0.34389049374999997 0.7709638625 0.355688565625 0.7693385187499999 0.38104994531249997 0.7508976703125 0.3910757875 0.7390793609374999 0.4052680984375 0.715476834375 0.41238608125000004 0.6969679015625 0.41550093437499996 0.6673320546875 0.4149459875 0.6605406281249999 0.40599025937500005 0.64360609375 0.3967743140625 0.638433053125 0.3713836890625 0.638580771875 0.3485251140625 0.651780403125 0.3295874125 0.674103871875 0.310114653125 0.7108037640625 0.3048634484375 0.7421942593749999 0.305992053125 0.7500276796875001 0.3115912109375 0.7617550843750001
0 0.2726533203125 0.5605697921874999 0.3015322359375 0.5604017796874999 0.311256159375 0.555086284375 0.3176652140625 0.5498223421875 0.32573793125 0.538015396875 0.33043848750000004 0.5257925140624999 0.3334388234375 0.4972462203125 0.3298312859375 0.48049834999999996 0.3256355734375 0.47398944062500004 0.318372753125 0.468805034375 0.294935253125 0.46894138906249994 0.28016401874999997 0.47948064218750003 0.2609514765625 0.504419040625 0.258448671875 0.5096602578125 0.255700271875 0.5358095359374999 0.264656 0.5527440671875 0.2726533203125 0.5605697921874999
0 0.35542769375 0.7783205328125 0.35513823125 0.7717888953125 0.3110408765625 0.7642054593750001 0.30772817343750003 0.7864380265625 0.31500561718750003 0.8007689953125 0.33063061718750003 0.8006780921875001 0.35542769375 0.7783205328125
0 0.3557365609375 0.58873948125 0.3635344390625 0.5795474640625 0.363909859375 0.57876128125 0.366335321875 0.55568454375 0.36487939375 0.5481796937500001 0.35732711093749997 0.536463653125 0.3439300765625 0.5339282671875 0.33445391406249997 0.5405167171875 0.3249923734375 0.5562517359375 0.3275244234375 0.5693036484375 0.331445296875 0.5784274875000001 0.3422399234375 0.589834296875 0.3533510359375 0.5897696531250001 0.3557365609375 0.58873948125
0 0.33227673593749996 0.49669563749999995 0.34347505156249997 0.5201504453125 0.3703129890625 0.552660915625 0.3751059984375 0.5537275625 0.383400996875 0.553679303125 0.41853294375 0.5210204375 0.43078675000000005 0.5065758390624999 0.444865028125 0.47709398593749996 0.4487746265625 0.4398966390625 0.44348787968750003 0.4228754265625 0.4292224578125 0.4007451265625 0.4079836765625 0.37996206093749996 0.39681460625 0.37480038437499996 0.38704898125 0.3748571984375 0.3614127625 0.3959129734375 0.34220022031249997 0.4208513734375 0.3257799453125 0.44708019062500004 0.32468058437499997 0.4575399015625 0.33227673593749996 0.49669563749999995
0 0.3428045890625 0.4081369125 0.35505839687499996 0.3936923140625 0.362291971875 0.3805835875 0.3670473015625 0.37062527031250003 0.3715546765625 0.32774045625000003 0.36608124062499997 0.3073883375 0.361885528125 0.300879425 0.3493130140625 0.2904992546875 0.334293525 0.2853793375 0.308808865625 0.285527603125 0.2985317640625 0.29079469062499996 0.28014374062499997 0.3078883078125 0.2617995859375 0.35242161875 0.2623785109375 0.36548489375000004 0.2674426125 0.3915887171875 0.2763983390625 0.408523253125 0.2945284890625 0.4214650609375 0.32389047031249996 0.4212942375 0.3341675703125 0.41602714531249996 0.3428045890625 0.4081369125
0 0.38610801875 0.6345234953125 0.393956175 0.6441874796875 0.42972300937499996 0.64397939375 0.43717873125000006 0.6407596953125 0.48870042187499996 0.580026725 0.49478125625 0.5221714484375 0.49390410312500005 0.518909890625 0.46734100468750006 0.4837844953125 0.4598033453125 0.48121501718750004 0.4422252203125 0.4813172828125 0.42159460937500004 0.4918906234375 0.4071128375 0.5089615140625 0.389593203125 0.5456500421875 0.3837630734375 0.5639772625 0.378815953125 0.6110459609375 0.38610801875 0.6345234953125
0 0.389795128125 0.7769429765625 0.40011751406249996 0.776882921875 0.504656559375 0.7002849390625 0.5124544359375001 0.6910929218749999 0.51908686875 0.6772036921875 0.5218971078125 0.6504660578125 0.5193546812500001 0.6440128609375 0.49614815312499994 0.61409459375 0.49056361718749997 0.611513753125 0.48275111718749997 0.6115592046875 0.47857002812499994 0.6141968609374999 0.41975992812499996 0.6537389359375 0.416143140625 0.660293303125 0.38531420625 0.7493258359375 0.3853434515625 0.767618965625 0.389795128125 0.7769429765625
0 0.5019176953125 0.5954152500000001 0.5397222328125 0.632408625 0.557484515625 0.6323052875 0.5667041515625 0.6290116046875001 0.5834285109375 0.618460990625 0.586701571875 0.613319825 0.593382015625 0.5497596484375 0.591933928125 0.5282516687500001 0.5835132578125 0.4969407125 0.575960975 0.4852246703125 0.557803925 0.47226366249999996 0.542178925 0.47235456718749996 0.534091584375 0.475014946875 0.51932035 0.485554196875 0.497055321875 0.52096366875 0.49604369843749996 0.5863027734374999 0.5019176953125 0.5954152500000001
0 0.525600059375 0.7006631703124999 0.5194365999999999 0.6850190578124999 0.5149660468749999 0.6811250703125 0.503422678125 0.6925245734375001 0.5011324734375 0.71431441875 0.51169340625 0.7278259109375 0.523889053125 0.727754959375 0.5268253515625 0.72243378125 0.5281262609375 0.710056459375 0.525600059375 0.7006631703124999
0 0.55670376875 0.7185045125 0.5689482265625 0.7122306875 0.5807942171875 0.70533890625 0.584964309375 0.6910874687499999 0.5873880015624999 0.6810744078125001 0.58788559375 0.6763401296875 0.577289153125 0.6681437031249999 0.568470921875 0.6715834609375 0.562611546875 0.67161755 0.5525857046875 0.6834358546875 0.5506483625 0.6889153359375 0.5483087546875 0.711175209375 0.5492876250000001 0.7148149890625 0.5524886718750001 0.7197808484375 0.555264325 0.7197647 0.55670376875 0.7185045125
0 0.614776534375 0.6507750328124999 0.616150734375 0.63770039375 0.613618684375 0.6246484828125001 0.5993532625 0.6025181828124999 0.5915407625 0.6025636359375001 0.57956179375 0.6143933046875001 0.5765385546874999 0.643157509375 0.582702015625 0.6588016234375 0.5924822625 0.6678913734374999 0.6022478875 0.6678345593749999 0.6097709250000001 0.6612574703125 0.614776534375 0.6507750328124999
0 0.5864708125 0.6800509046875 0.5850966125 0.6931255421875 0.5876286625 0.7061774546875 0.5980542234375 0.7195157562500001 0.6191742796875 0.7193928828125 0.6210728624999999 0.7171548624999999 0.6234032390625 0.6949828046875 0.5967714953125001 0.6656176671875 0.5864708125 0.6800509046875
0 0.6240113515625 0.589375834375 0.6298707265625 0.589341746875 0.6384841125 0.5812120937499999 0.6421314671875 0.546509825 0.641791203125 0.540925815625 0.6328354765624999 0.52399128125 0.629204065625 0.5213990796875 0.619438440625 0.52145589375 0.6152573515624999 0.5240935484375 0.607184634375 0.5359004921875 0.6030327890625 0.5568312765625001 0.6072431234375 0.572486753125 0.613117121875 0.5815992296875 0.6240113515625 0.589375834375
0 0.54690145 0.5086725249999999 0.5524713625000001 0.5021068 0.55528701875 0.49621042812500005 0.5586881625 0.4638506984375 0.5562898765625001 0.44720468125 0.5456558640625 0.42766658281250003 0.5311302234374999 0.41729777500000004 0.5155052234374999 0.417388678125 0.4990703265625 0.4344709296875 0.4940647171875 0.4449533671875 0.49241567656249996 0.4606429328125 0.49493310468749996 0.46454828125000003 0.541042075 0.5087066140625 0.54690145 0.5086725249999999
0 0.43756992187500005 0.40350265937499996 0.44989684218750003 0.4347908875 0.457449125 0.4465069296875 0.46753263125 0.4563740765625 0.5052424046875 0.45615468750000004 0.5196742859375 0.44875824218749993 0.5305392703125 0.4382417171875 0.5564357078125 0.405424446875 0.56699660625 0.37922971875 0.5680772562499999 0.3745194390625 0.57258463125 0.331634625 0.563248215625 0.30346499374999997 0.5419948140625 0.2735353609375 0.53668511875 0.26833959531249996 0.5235629234375 0.2631892796875 0.5057099578125 0.26590647500000003 0.4870324734375 0.2764684515625 0.47004789531249996 0.29878055937500003 0.46253948125 0.3145042140625 0.44282112656250006 0.3721121640625 0.43756992187500005 0.40350265937499996
0 0.5295495796874999 0.2540513546875 0.543624634375 0.2701075828125 0.55807515 0.2700235125 0.5683518624999999 0.26558558906249996 0.57729028125 0.2571491578125 0.5838978921875 0.1942819375 0.58161729375 0.18580188749999998 0.56903015625 0.1662751515625 0.5617673359375 0.1610907484375 0.5480954609375 0.1611702890625 0.5419612468749999 0.16381930625000002 0.531935403125 0.1756376140625 0.5241521484375 0.193976196875 0.521128909375 0.2227404015625 0.5219826750000001 0.2331887484375 0.5295495796874999 0.2540513546875
0 0.59582269375 0.2167113890625 0.5843016640625 0.21677841562500003 0.5748479421875 0.2279223171875 0.567614365625 0.24103104687500002 0.580245371875 0.2879974765625 0.581603584375 0.2886251625 0.5842784859375 0.28860960156250004 0.597534034375 0.281363571875 0.6053876109375 0.272105896875 0.6097713078125 0.23039780156249998 0.6038553531249999 0.2212202359375 0.59582269375 0.2167113890625
0 0.6168948296875 0.21971188437500003 0.619094809375 0.2187618375 0.6268926875 0.2095698203125 0.6307191109375 0.19452091875 0.6324322796875 0.178221203125 0.6296118421875 0.1651274109375 0.618153309375 0.153434096875 0.608387684375 0.1534909125 0.5944555921875 0.1653319453125 0.5919527875 0.17057316250000001 0.5900289078125 0.18887765625 0.5922861171875 0.20454449531250002 0.603469809375 0.218852740625 0.6068735937499999 0.2197701859375 0.6168948296875 0.21971188437500003
0 0.575860390625 0.15561110625000002 0.5848014953125 0.1633990765625 0.6004264953125 0.163308171875 0.6174256953125 0.1501426296875 0.6280012171875 0.1330944671875 0.62994556875 0.1275951640625 0.6350094953125 0.0794151203125 0.629562521875 0.0625255078125 0.6200571140625 0.0508208296875 0.608613203125 0.0482740796875 0.5966196140625 0.0509571859375 0.58602946875 0.058858782812499996 0.5709980171875 0.0811595265625 0.5662760203125 0.09451497656249999 0.5631318515625 0.12442974843750002 0.5699863921875 0.1464986296875 0.575860390625 0.15561110625000002
0 0.6705998984375 0 0.6633196234375001 0.0050617265625 0.6560860500000001 0.018170453125 0.6511389296875 0.0652391515625 0.6517178546875 0.078302428125 0.6573170125 0.0900298328125 0.6659832781249999 0.100432728125 0.674801003125 0.1053822421875 0.685494965625 0.10532002656249999 0.6910990625 0.10289993593749999 0.7030780296875 0.0910702671875 0.70980480625 0.08092626093750001 0.714445021875 0.036777564062500004 0.7107735500000001 0.017852290625 0.701817821875 0.00091775625 0.6998319390625001 0 0.6705998984375 0
0 0.6816512734375 0.11107558125000001 0.670221490625 0.10853197343750001 0.67020246875 0.10853208437499999 0.6523690203125 0.120392590625 0.649866215625 0.1256338078125 0.6476674953125 0.1465532296875 0.6510386890625 0.1609069234375 0.65436075625 0.163278309375 0.6666088890624999 0.16320705156249998 0.68059578125 0.1489749875 0.6808735453125 0.1481893734375 0.6841606312499999 0.11691483750000001 0.6816512734375 0.11107558125000001
0 0.6538622859375 0.6428980078125 0.6510553953125 0.6324610234375 0.6468596828125001 0.625952109375 0.6429534328125001 0.625974834375 0.630974465625 0.6378045078125 0.6209632453125 0.6587693796874999 0.6201387265625 0.6666141624999999 0.6237847578125 0.6783529328125 0.6385706156250001 0.67696024375 0.652762925 0.6533577171875 0.6538622859375 0.6428980078125
0 0.705234465625 0.614694590625 0.7121206859375 0.593747896875 0.7148141171875 0.56812160625 0.7143626750000001 0.5649882374999999 0.6959454078125 0.5637887218750001 0.6611224874999999 0.5979645890625 0.64886868125 0.6124091875000001 0.6499972859375001 0.6202426078125 0.6670894781250001 0.6410368921875 0.6829851109375 0.6409444140625 0.6860219234375 0.6396329875 0.7002288562500001 0.6251770249999999 0.705234465625 0.614694590625
0 0.6495827937499999 0.6093291296875 0.650108425 0.6043280828125 0.647898 0.5961089562499999 0.6400708765625 0.5870078421875 0.6305800921875 0.58444973125 0.62723814375 0.5883891640625001 0.6253142640625 0.6066936578125001 0.6295246 0.6223491375 0.629715928125 0.622515790625 0.643053446875 0.6224381953125 0.6454244390625 0.61964330625 0.6495827937499999 0.6093291296875
0 0.68762584375 0.5779442593749999 0.6911297703125 0.5706065546875 0.69261390625 0.556485946875 0.6926022078125 0.54916869375 0.6867282109375 0.5400562171875001 0.6805939953125 0.5427052328124999 0.6619311328124999 0.562413775 0.6569255234375 0.5728962125 0.6516450734375 0.5859935765625 0.6558407859375001 0.5925024890625 0.658277415625 0.5942418218750001 0.6738771015625 0.594151065625 0.68762584375 0.5779442593749999
0 0.6847846421875 0.643976375 0.663197928125 0.6285671765624999 0.6589661578125 0.6285917953125 0.655747984375 0.6323853265625 0.6524206609375 0.645471328125 0.6529995859375 0.658534603125 0.6650370437500001 0.6832911953125 0.6885587984375 0.6986891359375 0.68894580625 0.698686884375 0.696301665625 0.692255953125 0.6996289906250001 0.6791699515625 0.6906586406249999 0.6530888515625 0.6847846421875 0.643976375
0 0.57368715 0.41957317656250004 0.5848562203125 0.42473485625 0.60606575625 0.42722479062499996 0.62974885 0.406180378125 0.6397746921875 0.39436207031250003 0.6530255015625 0.30543180312499996 0.6451983796875 0.29633068906250004 0.63430415 0.28855408125 0.612819775 0.2886790734375 0.591639484375 0.304482271875 0.5791108375 0.3215417984375 0.566321971875 0.3503628171875 0.562199371875 0.3895867328125 0.5694914375 0.4130642671875 0.57368715 0.41957317656250004
0 0.6448431328125 0.431567428125 0.604411215625 0.39155441406249997 0.602897234375 0.391563221875 0.5978232546875 0.39375438281249997 0.5922533421875 0.40032010937500007 0.5866980515625 0.4160324015625 0.5842244921875 0.43956675 0.5892885921875 0.46567057656250005 0.6021505703125001 0.482582384375 0.6160496234374999 0.4898640109375 0.623327315625 0.48982167031249996 0.6403872109375001 0.4739626890625 0.6448431328125 0.431567428125
0 0.688098540625 0.4583042875 0.69677883125 0.44257381406249996 0.7001593625 0.4104102046875 0.698615571875 0.40466986406250005 0.6924667343750001 0.398172315625 0.6743389296875 0.4035044359375 0.667929875 0.40876838125 0.6598571578125 0.420575325 0.6570795125 0.4284314703125 0.6543311125 0.45458074843749996 0.66121308125 0.46305500000000005 0.68074808125 0.4629413484375 0.688098540625 0.4583042875
0 0.6453597656250001 0.383508459375 0.660806875 0.383418590625 0.66207400625 0.382769175 0.6625196 0.3822439171875 0.6676189375 0.333726953125 0.656951415625 0.3200790890625 0.647475253125 0.32666754062500003 0.6453597656250001 0.383508459375
0 0.71767936875 0.353753909375 0.7258671390625 0.3441022921875 0.7290533203125 0.31378780625 0.7254041328125 0.2988290609375 0.7217727234375 0.2962368609375 0.7120070984375 0.296293675 0.7078260078125 0.298931328125 0.688613465625 0.323869728125 0.681958815625 0.35004172968749997 0.6858943109375 0.368312134375 0.6900900234375 0.374821046875 0.6939962734375 0.374798321875 0.71767936875 0.353753909375
0 0.70609561875 0.383644703125 0.7080779890625 0.40192647187499997 0.7167734984374999 0.43062249843749995 0.73076408125 0.455367728125 0.7483343671875 0.46567123125 0.7786045500000001 0.465495125 0.7846270625 0.4628943484375 0.790196975 0.4563286203125 0.790752503125 0.45475739062500004 0.795369815625 0.41082660468750004 0.7959686140625 0.4014151390625 0.792307959375 0.3805298078125 0.7808055578124999 0.3413967953125 0.7752064 0.329669390625 0.7561955859375 0.306260034375 0.7525641750000001 0.3036678328125 0.7447516750000001 0.303713284375 0.7238608484375 0.3260481171875 0.7082943390625001 0.3627252828125 0.70609561875 0.383644703125
0 0.69217790625 0.461741603125 0.681877225 0.4761748375 0.68161700625 0.48793633124999997 0.693379734375 0.49409875156250005 0.7039493640625001 0.4940372578125 0.7090674781249999 0.48908329375 0.7109608187500001 0.4710693484375 0.69608415625 0.46171887656250005 0.69217790625 0.461741603125
0 0.7901408062499999 0.4875057984375 0.7927795703125 0.4800424578125 0.795308096875 0.45598512343750003 0.792874584375 0.45220995625000004 0.7856117640625 0.4470255515625 0.7672237421875 0.4641191671875 0.7597153265625 0.479842821875 0.7563880015625 0.492928821875 0.7589200515625001 0.5059807359375 0.7610728156250001 0.5093203703125 0.771793303125 0.509258 0.7820680890625 0.4993127421875 0.7901408062499999 0.4875057984375
0 0.7443795953125 0.6062526046875 0.7723116171875 0.676340253125 0.7791645140625 0.676300384375 0.7930352390625 0.6726094203125 0.8027862406249999 0.663406040625 0.8075386453125001 0.6516184109375 0.8123483453125001 0.6058571749999999 0.8107273562499999 0.569280003125 0.8034499125 0.554949034375 0.7947836484375 0.5445461390624999 0.772720346875 0.5316078546874999 0.762954721875 0.53166466875 0.746505203125 0.5396003578124999 0.738707325 0.5487923765625 0.736485209375 0.5550772937499999 0.7348361703124999 0.57076685625 0.7443795953125 0.6062526046875
0 0.75563625 0.548022046875 0.7447616625 0.54126245 0.7346208609375 0.5510134953125 0.7363283921875 0.5719101906249999 0.738959675 0.58908779375 0.7418927078124999 0.5890707296875 0.7532438640625 0.584011003125 0.761656503125 0.5681591953125 0.762632590625 0.55887235 0.75563625 0.548022046875
0 0.7741035296875001 0.5366335546875 0.7588683390625001 0.53867286875 0.7608588796875 0.5814591906250001 0.7662416703125 0.5873675265625 0.7791936828125 0.5872921734375 0.784053203125 0.5779253953125 0.785114178125 0.5678308859375 0.7819306515625 0.5457346671875001 0.7741035296875001 0.5366335546875
0 0.8451315968750001 0.5910874640625 0.8464233437500001 0.578797303125 0.8441444984375 0.567050584375 0.8402236265624999 0.5579267453125001 0.8268265921875001 0.55539135625 0.8237594843749999 0.5567158640625001 0.8215373671874999 0.5630007828125 0.8212487859375001 0.5657464562500001 0.8263207796875 0.58806090625 0.8312178359375 0.593235684375 0.843369165625 0.5931649906249999 0.8451315968750001 0.5910874640625
0 0.910653740625 0.3985419171875 0.9000928406250001 0.4247366453125 0.8939878718750001 0.44567879374999997 0.8934381921875 0.45090864843749995 0.896519921875 0.4587307046875 0.9007709703125 0.46322283750000004 0.914460928125 0.463143190625 0.9207965640625 0.45989613125 0.9466930015624999 0.42707886093749997 0.9533476515625001 0.4009068578125 0.9566457312500001 0.3695277265625 0.9552422859374999 0.36430923437499996 0.9527248578125 0.3604038875 0.9410061078125 0.360472065625 0.9323690890625 0.3683623 0.92011528125 0.38280689843750004 0.910653740625 0.3985419171875
0 0.8906606765625 0.5739061203125 0.8864152546874999 0.5581201796874999 0.8785881328125 0.5490190671875 0.8746818828125 0.5490417921875 0.8671588453125001 0.55561888125 0.8657846453125 0.5686935203125 0.875579515625 0.5869298359374999 0.879418534375 0.591393715625 0.8888284093750001 0.5913389718750001 0.8906606765625 0.5739061203125
0 0.9003960859375001 0.5889938828125 0.9028617156250001 0.592818871875 0.9068792546875001 0.5927954984375 0.9193484109375 0.575816978125 0.92350025625 0.55488619375 0.91171754375 0.5537287359375 0.9108908234375 0.553733546875 0.9050976109375 0.5628332421875 0.9003960859375001 0.5889938828125
0 0.8459354796874999 0.498474965625 0.8414649265625 0.4945809828125 0.8319887640625 0.5011694359375001 0.8272872390625 0.527330075 0.8286906843749999 0.53254856875 0.831571740625 0.537018021875 0.8502566328125001 0.536909315625 0.8509064593750001 0.5361433109375 0.852859196875 0.5175642515625001 0.8459354796874999 0.498474965625
0 0.803618403125 0.4628104765625 0.782134028125 0.46293546875 0.774610990625 0.4695125578125 0.7726871109375 0.48781705156250005 0.77915465625 0.51913936875 0.7848152421875 0.527920775 0.8068075875 0.5277928281250001 0.81784456875 0.523849903125 0.8198498671875001 0.5047707531250001 0.803618403125 0.4628104765625
0 0.6610992859375 0.4635428390625 0.6513336609375 0.463599653125 0.6382407109375 0.47674246875000004 0.6335538078125 0.512049675 0.638534453125 0.517841 0.6504586125 0.5177716265625001 0.6636752031250001 0.504034446875 0.668031575 0.4932291203125 0.670257153125 0.47205415000000006 0.6610992859375 0.4635428390625
0 0.80354685625 0.46066538125 0.81927795 0.46057386093749997 0.8275833499999999 0.4553343734375 0.8462462125 0.43562583281249995 0.869625221875 0.398903215625 0.8835134468750001 0.3596224828125 0.884887646875 0.34654784375 0.878449346875 0.3335186609375 0.8706222234375 0.324417546875 0.8669908140624999 0.32182534375 0.8552720640624999 0.321893521875 0.8070521093749999 0.35353400156250003 0.8034353218750001 0.3600883640625 0.793453346875 0.39934637031250003 0.7887810671875 0.4438001390625 0.79633335 0.45551618125 0.80354685625 0.46066538125
0 0.8858025890624999 0.357124890625 0.8942166984375 0.3570759390625 0.8965757218749999 0.3560572125 0.95257893125 0.30607814843750003 0.96538241875 0.28640369374999997 0.9684349031249999 0.2759326203125 0.971762228125 0.2628466203125 0.9745106281249999 0.23669734375 0.9669437234375 0.2158347359375 0.9560348703124999 0.198911565625 0.9524034609375001 0.1963193640625 0.9013473703124999 0.199229728125 0.8907718484375 0.21627789218750001 0.876755009375 0.3496392046875 0.8829038468749999 0.35613675312500004 0.8858025890624999 0.357124890625
0 0.8032185515625001 0.33707942812499997 0.8091235828125001 0.34039400625 0.832467046875 0.340258196875 0.8341937125 0.3395125484375 0.8383748015625001 0.3368748953125 0.8595404703125 0.31192513437499997 0.8696788734374999 0.2832502 0.8721799171875 0.259454359375 0.87031771875 0.246529215625 0.85382433125 0.22702520625 0.84015245625 0.22710474687499999 0.8239777765625 0.23242550468749998 0.81172396875 0.2468701046875 0.8042155546875 0.26259375937499996 0.7972860640625 0.29138068906250003 0.7945376640624999 0.317529965625 0.7973445546875 0.3279669515625 0.8032185515625001 0.33707942812499997
0 0.7553229640625 0.269526871875 0.747235625 0.272187253125 0.741390871875 0.28136790624999997 0.73974183125 0.2970574734375 0.7422738828125001 0.3101093828125 0.7515603625 0.32199036406250003 0.7578643984375 0.32195368750000003 0.7618336296875 0.28418896562499996 0.7553229640625 0.269526871875
0 0.9261401734374999 0.24562693750000003 0.9428645343750001 0.235076321875 0.9690052453125 0.1850778359375 0.9701667421875 0.174026925 0.9689773203125001 0.1630578625 0.9661704312499999 0.152620878125 0.9586181484375 0.1409048359375 0.891063303125 0.0604008171875 0.8830681468750001 0.06044733125 0.8706251640625 0.07739021093750001 0.8489829312499999 0.15330265468749998 0.847333890625 0.1689922203125 0.84818765625 0.17944056875 0.8526728312499999 0.19248111875 0.8619033984375 0.206800725 0.8929370484374999 0.24582010625 0.9044212406250001 0.24770845000000002 0.912783515625 0.2476598 0.9261401734374999 0.24562693750000003
0 0.8228287640625 0.23389049218750002 0.8152618578125 0.21302788437500003 0.7990433109375 0.19090894687499999 0.7863666265625 0.1859334890625 0.7851067328125 0.1859408203125 0.7739275265625001 0.18844173749999998 0.7595360359375001 0.2046367890625 0.750036721875 0.2288821734375 0.749493025 0.2630637609375 0.752010453125 0.2669691078125 0.8080838953124999 0.27169209375 0.8180183015625 0.27163429687499996 0.8213421359374999 0.26771621562500003 0.8231510249999999 0.2505057765625 0.8228287640625 0.23389049218750002
0 0.665065125 0.17231106093749998 0.648919690625 0.1959249515625 0.6411656796874999 0.232556665625 0.6406452453125 0.2560796515625 0.64543450625 0.2847984046875 0.6532762515625 0.3030460828125 0.6608285328125 0.314762125 0.6697696390625001 0.3225500921875 0.6968385484375 0.3250059390625 0.7219104656249999 0.300033453125 0.732196525 0.2764536515625 0.7379974109375 0.2398333015625 0.7359857953125 0.203258403125 0.7284188890625 0.1823957953125 0.7138786265625 0.16288042187500001 0.6973998625 0.15252297812499999 0.6876342375 0.1525797921875 0.681500021875 0.155228809375 0.665065125 0.17231106093749998
0 0.7005110593749999 0.1303504625 0.710605496875 0.1488971859375 0.717443584375 0.148857403125 0.7359713953125 0.145824134375 0.737915746875 0.14032482968749999 0.7398671109375 0.1217588421875 0.7392694750000001 0.11444499999999999 0.7336556937500001 0.0935710296875 0.7244251265625 0.0792514234375 0.7166126265625 0.0792968765625 0.7082504468749999 0.0845721828125 0.7049084999999999 0.08851161874999999 0.6979035703124999 0.10501634374999999 0.6972989218750001 0.11076918437500001 0.6977041703125 0.119913478125 0.7005110593749999 0.1303504625
0 0.7423401984375 0 0.7411870734375 0.0024148015625 0.737614153125 0.036408864062500004 0.7454558984374999 0.054656539062499995 0.7494113265625 0.05810183437500001 0.75233699375 0.058084814062500004 0.763873165625 0.055856059375 0.7858197296875 0.03735346875 0.8031812609375001 0.0347207390625 0.8126501125000001 0.023559003125 0.8151262640624999 0 0.7423401984375 0
0 0.826535421875 0 0.813793975 0.0024616140625 0.8101771875000001 0.0090159765625 0.8185978578125 0.040326931249999996 0.8217318234375 0.0451887296875 0.8953524046875 0.044760418749999996 0.9011934109374999 0.043766396875 0.9092661281250001 0.031959453124999995 0.910454228125 0.029012546875 0.9135035703125001 0 0.826535421875 0