0 0.054632959375 0.625305771875 0.0613624015625 0.61623306875 0.066397075 0.604166565625 0.06599885625 0.5699436999999999 0.064660103125 0.56397996875 0.051736584375000005 0.5442202890625001 0.032205334375 0.543993021875 0.0158928328125 0.56864165625 0.012169146875 0.5842857703125001 0.0123517109375 0.5999753375 0.0252752296875 0.619735015625 0.0335179484375 0.6253053937499999 0.05390279375 0.6255425921875 0.054632959375 0.625305771875
0 0.0381544671875 0.7362818234375 0.0651823265625 0.7365963203125 0.0698426234375 0.7324478578125 0.07657206562499999 0.7233751546875 0.08013847187499999 0.7109974296875 0.0798813609375 0.6889012890624999 0.0760547984375 0.6789213859375 0.0651452609375 0.6644142875 0.051382103125 0.6564104140625 0.030049865624999998 0.6692350625000001 0.025243121875000003 0.6757155625 0.0238960796875 0.710996634375 0.0239493265625 0.7155727578125 0.027804795312500002 0.7280368453125 0.0307801234375 0.731993325 0.0381544671875 0.7362818234375
0 0.11171438281249998 0.6470640953125 0.12793428906249998 0.659212084375 0.1483962890625 0.65945018125 0.1566971125 0.6528166640624999 0.16727195 0.638559559375 0.174413603125 0.6229552171875 0.1740155109375 0.5887432453125 0.17050879531250002 0.5810766015625 0.1635663625 0.5718448125 0.14391340156250002 0.5611578328125 0.13024152656250002 0.560998746875 0.1244125796875 0.563545496875 0.1023319859375 0.5959707359374999 0.1005005703125 0.6064077171875 0.10068313437500001 0.6220972828125 0.10474152187500001 0.6352173765625 0.11171438281249998 0.6470640953125
0 0.1399451640625 0.7624628796875 0.1447180671875 0.760377534375 0.1553537578125 0.7513502828124999 0.1586354203125 0.7438715671875 0.1581668375 0.7036016843749999 0.1458192234375 0.6871822828124999 0.13599274374999998 0.6818387968749999 0.11841461874999999 0.68163425625 0.11165475 0.68809203125 0.0982871484375 0.714082221875 0.096547015625 0.7323639890625 0.09862185 0.7428464265625 0.10754783593749999 0.754715871875 0.11864464999999999 0.7622150265625 0.1399451640625 0.7624628796875
0 0.24129450000000002 0.5973875828125 0.24315634218749999 0.589565525 0.2442369359375 0.581734378125 0.2438474640625 0.5482633046875 0.2386111171875 0.5346065906249999 0.22184220312499997 0.5200313109375 0.206785721875 0.5148367781250001 0.2050616625 0.5148167171875 0.1925149 0.5170754859375 0.1750766453125 0.545674165625 0.17531451250000002 0.5661164765625 0.18065634218749999 0.588838271875 0.1915963078125 0.6059603 0.20145321562500001 0.6139187140625 0.206870378125 0.6163865125 0.22128673437500002 0.6165542609375 0.23456505781249998 0.6064602859375 0.24129450000000002 0.5973875828125
0 0.2048296296875 0.710100071875 0.2217989078125 0.710297528125 0.22986525000000002 0.7060450609375 0.24236278437499997 0.6891957578125 0.24230192968750003 0.6839659 0.220239434375 0.63403228125 0.213297 0.6248004921875 0.20157825 0.6246641312500001 0.1938266046875 0.6298030812500001 0.18325176875 0.6440601859374999 0.179467228125 0.6544744421875001 0.1796497921875 0.670164009375 0.185722159375 0.688536684375 0.196662125 0.7056587078125001 0.2048296296875 0.710100071875
0 0.172503596875 0.7273351765625 0.16874948437499998 0.7403643609375 0.16884076718750002 0.7482091453125 0.179993725 0.7836356640625 0.2063990140625 0.7976064859374999 0.2210839671875 0.7977773609375001 0.225037309375 0.7946180890625001 0.235551290625 0.775131128125 0.23927497656250002 0.7594870171875 0.23912283906249998 0.7464123781249999 0.22911379531249998 0.7253793234375 0.216281559375 0.713464425 0.2045019546875 0.708098209375 0.19278320468750001 0.70796185 0.1811557359375 0.715670271875 0.172503596875 0.7273351765625
0 0.284145209375 0.7891374140625 0.293277228125 0.7851475109375 0.305805190625 0.77091313125 0.3148880875 0.7459189140625 0.3147456859375 0.7336810500000001 0.3051662140625 0.71599965 0.28046309062499997 0.690873753125 0.25507246562499997 0.69057830625 0.234944996875 0.7230262734374999 0.2334311796875 0.7271919765625 0.23358128906250003 0.7400922875 0.2392772296875 0.7596807140624999 0.2541843015625 0.7820780484375 0.2642884421875 0.7889063609375 0.284145209375 0.7891374140625
0 0.24521238437499998 0.6823470984375 0.2477177625 0.6840402171875 0.2757713296875 0.6843666500000001 0.2880898515625 0.6750023015625 0.29481929375 0.6659295984375 0.29822537968749996 0.6565567671875 0.2979332765625 0.6314534593750001 0.281469790625 0.6095609296875 0.2716433109375 0.604217440625 0.25595745625 0.5988057718750001 0.2365174890625 0.6064232875 0.22786535 0.61808819375 0.2244592640625 0.627461025 0.2247026828125 0.648380446875 0.22633820937500002 0.6546744531249999 0.2283521890625 0.6599270359375 0.24521238437499998 0.6823470984375
0 0.311816415625 0.60667165 0.3307717 0.6068922156250001 0.34279488593749996 0.5932313640625 0.3484412703125 0.5749950515625 0.3532293203125 0.5501251625 0.353162784375 0.5444071875 0.3439264703125 0.52265104375 0.3389675890625 0.5160569078125 0.31546923437499996 0.51055433125 0.3018886421875 0.5182400296874999 0.2874684109375 0.5376815374999999 0.284440778125 0.5460129421875 0.2847024546875 0.5685013203125 0.29195278125 0.587410615625 0.3008787671875 0.5992800609375 0.311816415625 0.60667165
0 0.30819660625 0.6743397234375 0.321089696875 0.691484478125 0.3247521515625 0.6927480359375 0.3498672890625 0.6930402765625 0.3629449609375 0.680205925 0.3685000609375 0.6541248296875 0.3664252265625 0.643642390625 0.358399734375 0.6252469921875 0.353440853125 0.6186528546875001 0.341630821875 0.6106717125000001 0.32792851875 0.6078976984375 0.3059087796875 0.6455527921875001 0.3061521984375 0.6664722140625 0.30819660625 0.6743397234375
0 0.330156834375 0.7826158796875 0.3415248359375 0.791367375 0.3732514828125 0.7917365484375 0.381899434375 0.781910671875 0.38700856250000004 0.7678514265625 0.3867499296875 0.7456245406249999 0.3853188453125 0.7401172828125 0.3793073328125 0.7269744640625 0.370381346875 0.7151050203125 0.35860174218749996 0.7097388046875001 0.34297674218749996 0.709556990625 0.33714779375 0.7121037390625 0.3227275625 0.7315452484375 0.3197434734375 0.7604015640624999 0.31981359375 0.7664277828125 0.330156834375 0.7826158796875
0 0.4329654515625 0.7146688 0.4332356 0.7127110125 0.4328940515625 0.6833584484374999 0.4305254875 0.6728072296875001 0.41961594843750005 0.6583001312500001 0.41198559843749993 0.6531435890624999 0.38995868749999996 0.6528872828125001 0.3805534484375 0.6578455984375 0.371901309375 0.6695105015625 0.3681167703125 0.679924759375 0.36842104375 0.7060740359375 0.3725098578125 0.7218090562499999 0.3774687390625 0.728403190625 0.41048339531250005 0.73124053125 0.41307551093750006 0.73127069375 0.4262664375 0.7263564296875 0.4329654515625 0.7146688
0 0.34902270468749996 0.60398485 0.35707862343749996 0.624995178125 0.3660350375 0.63947955 0.3762239515625 0.6480406000000001 0.41136079062500003 0.648449453125 0.41492401718750005 0.6452775734375 0.4273911234375 0.6258133390625 0.4275307625 0.6252266828125 0.42705533281249997 0.5843684375 0.422876325 0.5734693296875 0.40799968125 0.5536869234374999 0.3981427734375 0.5457285062499999 0.39225297187499997 0.5430454 0.37858109687499997 0.5428863125000001 0.3727521484375 0.545433059375 0.36307780625 0.5531642109375 0.3486880015625 0.5752206453125 0.34694786875 0.5935024125 0.34902270468749996 0.60398485
0 0.4351830078125 0.55342705625 0.453751259375 0.5536431171875 0.465940134375 0.5443773234375 0.470266203125 0.5385448703125 0.4697876640625 0.49741919218749997 0.46133405312500003 0.484188534375 0.45346069843750003 0.47886777187499996 0.43588257343750003 0.47866323125 0.42034885624999996 0.4863262 0.4136194140625 0.495398903125 0.41172714375 0.5006060328124999 0.412000990625 0.52414038125 0.4160289515625 0.534645546875 0.4249549375 0.5465149921875 0.4351830078125 0.55342705625
0 0.3664953875 0.5321921671875 0.3762610125 0.5323057999999999 0.3859657828125 0.5271895796875 0.3965101921875 0.51031754375 0.39790229843749997 0.4956921328125 0.3978495578125 0.49115959218749994 0.3922388125 0.47889295781249996 0.3813597015625 0.46700078749999996 0.3657347015625 0.46681897499999997 0.3599057546875 0.469365725 0.35020098437499997 0.474481946875 0.3399813671875 0.4857007734375 0.3400228578125 0.4892665796875 0.3417314109375 0.5018364171874999 0.347742921875 0.5149792343749999 0.3664953875 0.5321921671875
0 0.4657391875 0.6613706984375 0.48296901718749996 0.6633432874999999 0.492409115625 0.6634531328125 0.5027877078125 0.656572653125 0.5095171484375001 0.6474999484375 0.5150993453125 0.6321389171875 0.5147763078125001 0.6043771015625 0.507886396875 0.591267640625 0.47239544375 0.5620943546875 0.46653606875 0.5620261734375 0.4549086015625 0.5697345953124999 0.444333765625 0.5839917015625 0.440579653125 0.5970208875 0.4408839265625 0.6231701671875001 0.448939846875 0.6441804906249999 0.4578658328125 0.6560499390625 0.4657391875 0.6613706984375
0 0.42207690937500003 0.6935746703125 0.4227463125 0.7511030796875 0.42897081718749996 0.7825503921875 0.44387788749999996 0.804947728125 0.44794132500000006 0.808228528125 0.50985940625 0.8089490093749999 0.5112759140625001 0.8070392609375 0.534104865625 0.7550134265625 0.5396903921875 0.7315472578125 0.5375242765625 0.7132200375 0.533496315625 0.7027148734375 0.5067792125 0.672336396875 0.4949996078125 0.66697018125 0.44418793125 0.663764359375 0.43448316093750006 0.6688805796875 0.42207690937500003 0.6935746703125
0 0.6154097140625 0.6935412734375 0.615105440625 0.6673919953125 0.6130914609375 0.662139415625 0.6081021515625 0.6529303515625 0.5923858703125 0.644903753125 0.5707297578125 0.6426854921875 0.5495692562500001 0.6574784046875 0.5447625125 0.6639589078125 0.5410084000000001 0.67698809375 0.5412213921875 0.6952925859375 0.5432962265625 0.705775025 0.5512912921875001 0.7215554984375 0.560217278125 0.7334249421875 0.5661070796875001 0.7361080515625 0.5836852046875001 0.736312590625 0.5991884953125 0.72603469375 0.60976333125 0.7117775875000001 0.6154097140625 0.6935412734375
0 0.59800474375 0.775348921875 0.5978689609375001 0.76367980625 0.59662344375 0.75314165625 0.592595484375 0.7426364921874999 0.58565305 0.7334047015625 0.5784066484375 0.7285076296875 0.5652363171875 0.7283543796874999 0.550527228125 0.73561055 0.5419055171875 0.74989038125 0.5423315 0.78649936875 0.5443759078125 0.7943668796875001 0.5473512359375 0.7983233609375 0.5563952375000001 0.8032413500000001 0.5585726109375 0.8032666859375001 0.5922122562500001 0.79361621875 0.595096303125 0.7897279171875 0.59800474375 0.775348921875
0 0.5548000640625 0.6370932625 0.5657535359375 0.6408722453125 0.5798624515624999 0.6410364171875 0.5880031890625 0.637479615625 0.59767753125 0.6297484671875 0.608221940625 0.6128764343750001 0.6101142109375 0.60766930625 0.6098099359375 0.581520028125 0.6077046734375 0.5684226640625 0.5948115828125 0.5512779109375 0.586938228125 0.545957146875 0.563500728125 0.5456844281250001 0.549980990625 0.5585999796875 0.5432819765625 0.5702876109374999 0.5395582906249999 0.5859317234375 0.53989299375 0.614695928125 0.5419374 0.6225634375 0.5548000640625 0.6370932625
0 0.48302977656249996 0.573928803125 0.49390888750000006 0.5858209750000001 0.5173768140624999 0.5887086218750001 0.5348940843750001 0.5836833078125 0.550253140625 0.5652056671875 0.5496928359375 0.51705315 0.5447082359375 0.5040530109375 0.5377962296875001 0.497436146875 0.52009639375 0.48677189531250004 0.5024878421875 0.4839524296875 0.48890725 0.491638125 0.4763792875 0.505872503125 0.47265560312500005 0.5215166171875001 0.472899021875 0.5424360375 0.47500428437500003 0.555533403125 0.48302977656249996 0.573928803125
0 0.5651927484375 0.37222231875 0.556601465625 0.389117078125 0.55477005 0.3995540625 0.5549526140625 0.415243628125 0.5570578765625 0.4283409921875 0.565052940625 0.44412146718749995 0.5818827093750001 0.4639266 0.5867417859375 0.4661401609375 0.6063707140625 0.46636856406250005 0.6111795843750001 0.46426749999999994 0.6247601765625 0.456581803125 0.6353350140625 0.442324696875 0.6388457078124999 0.40837609218750004 0.6347568921875 0.3926410734375 0.6178358421875 0.36499115625 0.6020891328125 0.35434963124999996 0.5923235078125 0.3542359984375 0.5806656125 0.3593294921875 0.5651927484375 0.37222231875
0 0.5862124 0.53392811875 0.5951688125000001 0.548412490625 0.617960159375 0.5571161484375 0.6441124640625 0.5574204578125 0.6566161828125 0.5425910625 0.6622017109375 0.519124890625 0.653902371875 0.47719514375000005 0.6410701359375001 0.46528024375 0.6312436546875 0.45993675625 0.6195249046875 0.45980039687499996 0.598162240625 0.47001011249999997 0.5876482578125 0.4894970734375 0.5840462828125 0.5156008984375 0.5862124 0.53392811875
0 0.66984141875 0.68582749375 0.6907522796875 0.673256175 0.6994348453125 0.6642061984375001 0.7006041890625 0.6475951515625 0.702734878125 0.6314855078125 0.703974275 0.618468275 0.7026108375 0.6014933874999999 0.6896568921874999 0.579118778125 0.668265659375 0.5608260828125 0.649902153125 0.5606124046875001 0.630971859375 0.5705921953125 0.622350146875 0.584872028125 0.6166733375 0.6004934140625 0.61481149375 0.6083154703125 0.6150853421875 0.63184981875 0.6211881359375 0.6528374218749999 0.6321304890625 0.6598300421875 0.6537646140625 0.6832840796874999 0.6590727078125 0.6857021890625 0.66984141875 0.68582749375
0 0.6028435796875 0.750647878125 0.6030565718750001 0.768952371875 0.6051009796875 0.7768198828124999 0.6259282796875001 0.804515253125 0.6651124890625 0.8154294984374999 0.6728945625 0.8129054765625 0.6872843671875 0.7908490421875001 0.6891157812500001 0.7804120578125 0.6900813671875 0.7668928734375 0.6899218765625 0.75318629375 0.6846314109375 0.730682978125 0.6677407875 0.7056479890625 0.6598674328125 0.700327225 0.648087828125 0.6949610093749999 0.634415953125 0.6948019234375 0.6285870046875 0.6973486703125 0.6150368390625001 0.7076492953125 0.6083073984375 0.7167219984375001 0.6045837125 0.7323661125 0.6028435796875 0.750647878125
0 0.6682994234375 0.5061100671875 0.6703310828125 0.529664871875 0.680431409375 0.5585427109375 0.6968981390625 0.573657559375 0.726047584375 0.57399674375 0.7362323953125001 0.5709575921875001 0.745937165625 0.5658413703125 0.75266660625 0.5567686671875001 0.756451146875 0.546354409375 0.7591754484375 0.5287377390625 0.7589700640625 0.5110869765625 0.757856578125 0.49930843906250005 0.7517842109374999 0.48093576406249994 0.7369075671875 0.4611533578125 0.7270506609375 0.453194940625 0.7192077328125001 0.4504891046875 0.7055358578125001 0.45033001875 0.6880794421875 0.460585190625 0.6756123359374999 0.4800494234375 0.6682621484375 0.5029067796875 0.6682994234375 0.5061100671875
0 0.762947053125 0.55945883125 0.7435375125 0.569691275 0.731039978125 0.58654058125 0.7272858656250001 0.5995697671875 0.7275597125 0.623104115625 0.7296345468750001 0.633586553125 0.7356460593749999 0.646729371875 0.7485695781249999 0.6664890515625 0.7660806796874999 0.6760113203125 0.7758722109375 0.6761252546875001 0.7857702359375 0.6747656421875 0.7915991828125 0.67221889375 0.8089947437499999 0.6567338687500001 0.813771059375 0.6476384390625001 0.8173505000000001 0.6336235265625 0.819394484375 0.61006624375 0.817858990625 0.5976372671875 0.8100350453124999 0.5783087640625 0.78049475 0.5570484421875 0.762947053125 0.55945883125
0 0.6897809515625 0.7410753046874999 0.691825359375 0.7489428140625 0.7047793046875 0.7713174234375 0.730230784375 0.7768427250000001 0.7458253578125 0.7744096109374999 0.7516543046875 0.7718628640625 0.7593755234375 0.7641089859375 0.767997234375 0.7498291546875 0.7755054593749999 0.723770784375 0.775414178125 0.7159260015625 0.7693113828125 0.6949384000000001 0.7603853968750001 0.6830689546875 0.748575365625 0.6750878124999999 0.736795759375 0.669721596875 0.721170759375 0.6695397843750001 0.7056978968750001 0.6824326078125 0.6951230609375 0.696689715625 0.6913385203125 0.707103971875 0.6895071046875 0.7175409546875 0.6897809515625 0.7410753046874999
0 0.72869388125 0.44336744687499996 0.7405039140625 0.45134859218749995 0.760126446875 0.45942064374999997 0.7718914859375 0.4604831296875 0.794796146875 0.46074965 0.8078106578125 0.44559534375 0.8248106609375 0.39611625781250004 0.8263001359375 0.3898586125 0.8260262890625001 0.3663242640625 0.818373165625 0.3463644515625 0.80752448125 0.3370872078125 0.7449332 0.328515171875 0.7332753046875 0.3336086671875 0.7197251390625 0.343909290625 0.705748678125 0.36792275 0.7059313453125 0.383621034375 0.7137868109375 0.42097011249999994 0.7197983234375 0.4341129296875 0.72869388125 0.44336744687499996
0 0.8278036109375 0.351238515625 0.8202345296875 0.37206703124999996 0.820447521875 0.390371525 0.8245667640625 0.408721471875 0.8414573875 0.4337564609375 0.8436587937500001 0.4347593140625 0.8689561515625 0.4350536765625 0.8901029484375 0.4186350640625 0.8987246593749999 0.40435522968750004 0.9025396265625 0.3965559015625 0.8982682484375 0.365131315625 0.8922567359375 0.3519884953125 0.881347196875 0.33748139843749997 0.8715207171875001 0.332137909375 0.8539121656249999 0.329318440625 0.838378446875 0.3369814109375 0.8278036109375 0.351238515625
0 0.8144086749999999 0.5469037265625001 0.8321405640625 0.5351483796875 0.8427154 0.520891275 0.8447779328125 0.50094646875 0.8445561921875001 0.481890184375 0.8401537265625001 0.4685699953125 0.8253379375 0.4540174421875 0.7960410625 0.4536765421875 0.78828941875 0.45881549218749995 0.771976915625 0.48346412812499995 0.7702672109375001 0.5043608234375 0.7724029 0.520073115625 0.7823815171875 0.5384912421875 0.7919128609375 0.5466419640625 0.8144086749999999 0.5469037265625001
0 0.8513975374999999 0.507608753125 0.859362175 0.520774296875 0.86627418125 0.527391159375 0.878023359375 0.530142446875 0.8994164515625 0.5225476578125 0.90614589375 0.513474953125 0.9150055874999999 0.49447298125000005 0.9145711984375 0.45714177500000003 0.9092610296875 0.44553228593750005 0.9023185968749999 0.43630049531250004 0.8944452406250001 0.430979734375 0.8749139906250001 0.4307524671875 0.8574575765624999 0.4410076375 0.8526508328125001 0.4474881421875 0.8488662921874999 0.45790239843749997 0.845173034375 0.47616143749999995 0.84529474375 0.48662114843750004 0.8513975374999999 0.507608753125
0 0.8583789234375001 0.6292765390625 0.8653213578125 0.6385083296875 0.8670722046874999 0.639691540625 0.893617428125 0.6400004218750001 0.9062761281249999 0.6337557328125001 0.9164957453125 0.62253690625 0.9161378078125001 0.5917758484375 0.9145022828125 0.585481840625 0.910474321875 0.5749766765625 0.9035318890624999 0.5657448859375 0.88976873125 0.5577410171875 0.8741133046874999 0.5549442765625 0.8624858359375001 0.5626527 0.853864125 0.57693253125 0.8504580390625 0.5863053625 0.85069689375 0.6068325453125001 0.8583789234375001 0.6292765390625
0 0.8144300390625 0.6452409953125 0.8097145765624999 0.6595662796874999 0.8080048718749999 0.680462975 0.812154540625 0.70142785 0.8181660531249999 0.7145706671875 0.8369793734375 0.7370134562499999 0.84281635 0.740958046875 0.872248253125 0.7413005171875 0.881870821875 0.7349212421875 0.8886002625 0.7258485390625 0.8999538843750001 0.6946057671875 0.8997408921875 0.676301271875 0.89766605625 0.6658188359375 0.886726090625 0.6486968078124999 0.874855203125 0.6354858109375 0.8670122765625001 0.6327799749999999 0.8474810265625001 0.632552709375 0.8144300390625 0.6452409953125
0 0.938069596875 0.47943088125 0.9399885578125 0.4796242890625 0.971019115625 0.4799853625 0.971272721875 0.47981723593750003 0.9741567671875 0.4759289328125 0.9832104546875 0.448424384375 0.9831635953125 0.4443973953125 0.9793467390625 0.4184687046875 0.9723738781250001 0.40662198906249997 0.956596740625 0.3933655359375 0.940971740625 0.3931837234375 0.9274215765625 0.403484346875 0.9206921343750001 0.4125570515625 0.9173134328125 0.42428331406249997 0.9175842375000001 0.44755617187499996 0.9252373609375001 0.46751598593750004 0.938069596875 0.47943088125
0 0.93189735625 0.5909335718750001 0.9377871593749999 0.5936166796875 0.9534121593749999 0.5937984921874999 0.96314735625 0.5912971984375 0.980603771875 0.5810420265625 0.9923057468750001 0.5587582234374999 0.9917164234375001 0.508111828125 0.9815223640624999 0.4921572125 0.9638225281249999 0.48149296250000007 0.9462444031249999 0.481288421875 0.9307411140624999 0.49156632031249997 0.922088975 0.5032312234375 0.91256676875 0.5240370109375 0.90881265625 0.537066196875 0.9110396281250001 0.560623271875 0.915098015625 0.5737433640625 0.93189735625 0.5909335718750001
0 0.7740006359375 0.8294062578125001 0.7835675140625 0.8371305078125 0.7962057578125 0.8372775671875001 0.8169693859375 0.8299062453125 0.8256519515624999 0.8208562671875 0.828111903125 0.814087 0.82762810625 0.77250965 0.826996528125 0.7685804390625 0.8209545890625 0.75282269375 0.8120590296874999 0.7435681765625 0.804216103125 0.7408623421875 0.782731728125 0.7406123484375 0.7634438968749999 0.7613045046875 0.7547917578125001 0.772969409375 0.755035178125 0.79388883125 0.7650746500000001 0.8175368125 0.7740006359375 0.8294062578125001
0 0.8309502171875 0.755919940625 0.8316196203124999 0.81344835 0.8445431390625 0.8332080296875001 0.8568339046875 0.8426699046874999 0.878455115625 0.8429214890625 0.8817437968749999 0.8414846203125 0.9001007046874999 0.8247034921875 0.905625378125 0.7960074703125 0.905473240625 0.78293283125 0.895312059375 0.7488251375 0.8883696265625 0.7395933484375 0.882449396875 0.7342953109375 0.878543146875 0.7342498578125001 0.8357569609375 0.7494394375 0.8309502171875 0.755919940625
0 0.9453494156250001 0.8593227593749999 0.9510387375 0.8555510265624999 0.965489396875 0.8387244468749999 0.9658313375 0.8345451078125 0.9655635765625 0.8115337437499999 0.9631102874999999 0.8020927328124999 0.9482944984375001 0.78754018125 0.9190889062500001 0.7950440640624999 0.9152130828124999 0.7976135375 0.906591371875 0.8118933703125 0.9048512390625 0.8301751375 0.910893178125 0.8459328828125001 0.9217722890625 0.8578250546874999 0.9245281328124999 0.8590804828125 0.9453494156250001 0.8593227593749999
0 1 0.7724450453125 0.9903856828125001 0.7797536984375 0.9798412734375 0.79662573125 0.9779490031250001 0.8018328609375001 0.978253278125 0.8279821374999999 0.9803281125 0.838464575 0.9892540984375 0.8503340187499999 1 0.85901020625 1 0.7724450453125
0 1 0.7144953109375 0.9971896031249999 0.70995031875 0.9617290781250001 0.6833919640625 0.9539165781250001 0.68330105625 0.95004075625 0.6858705296875 0.9317751296875001 0.710496440625 0.9324141062500001 0.765409921875 0.9373729859375001 0.772004059375 0.955038796875 0.782883371875 0.971526790625 0.783075228125 0.98629239375 0.78041700625 0.9940440390624999 0.7752780578125 0.9988507828125 0.76879755625 1 0.7662865453125 1 0.7144953109375
0 0.95410800625 0.698508965625 0.9640028234375 0.6941857828125 0.9842520015625 0.6721975265625 0.9918210828125 0.6513690140625 0.9915776624999999 0.63044959375 0.9706590796875 0.5949094374999999 0.9296738828125 0.5970471046875 0.923844934375 0.599593853125 0.9190686187500001 0.608689284375 0.9057618734374999 0.6399093296875 0.9059140093750001 0.65298396875 0.910002825 0.6687189874999999 0.9249098953124999 0.6911163234375 0.9337729984375001 0.698272346875 0.95410800625 0.698508965625
0 1 0.54853943125 0.9981056140625 0.5453209171875 0.9826541546875 0.5348789218750001 0.9835441328125001 0.6113633328125 0.9884774328124999 0.6114207375 0.9900620234374999 0.609284375 1 0.5859680765624999 1 0.54853943125
0 1 0.46647648124999996 0.9980880984375 0.459901421875 0.9894008187500001 0.4433721015625 0.9903384781250001 0.523954240625 0.9919344390625 0.5239728109375 0.998727075 0.51481490625 1 0.5107036968750001 1 0.46647648124999996