0 0.9762266031232123 0.2777446198679606 0.0475467937535754 0.08794103417409058
0 0.333284142253361 0.4689381672899565 0.050399184621529966 0.0646272576732553
0 0.2820733317493775 0.37418928862986534 0.05168501345170311 0.05849195892345431
0 0.573487941936792 0.3442268792568671 0.09229433810030105 0.1087523160954369
0 0.4953174778301692 0.3435734459341394 0.0668435835641649 0.08961489484205645
0 0.14237198574772805 0.43442844931572805 0.05466016505832583 0.060088548923851806
0 0.47507082548117124 0.42664957527054836 0.0521502690847754 0.06777157534014737
0 0.5088524435861446 0.4864331079328667 0.05842943561122489 0.07555687175763595
0 0.4549689256394559 0.4878416139401846 0.05167439888485781 0.06483734250676107
0 0.13664115980433827 0.3180494713160463 0.06987945183415674 0.08994308992580073
0 0.1905163175636125 0.34321255597550115 0.05338883732508872 0.056656944173692915
0 0.2010710358268703 0.46422448997454663 0.067761813011266 0.07420111600890866
0 0.11138641020004969 0.4707386666534097 0.04363562337517117 0.05361475967238043
0 0.27807850204506407 0.2906137199634108 0.05991341844806186 0.06952150192452802
0 0.31213891646825587 0.41369668395927456 0.045386707838416564 0.056759077339272504
0 0.16922399076229294 0.39035118531191004 0.042271277381835046 0.053696507255528124
0 0.3596922148980455 0.30216829061904765 0.03739235141192587 0.05041817067154515
0 0.40336565855069706 0.32588705394654793 0.05242305372451135 0.07714657534014738
0 0.39550299742621053 0.48540750461491144 0.045438899981793845 0.05519771367261903
0 0.8979400241483878 0.4021911838797328 0.045561836228152686 0.06613294100592597
0 0.3685480408414352 0.41851090595163853 0.0647238546944207 0.08051127325847104
0 0.8482318776718847 0.27850878321932343 0.06950228290766595 0.0836908172591075
0 0.4446187958560001 0.3738609299411391 0.043928592125171306 0.0536181686724202
0 0.7772076384924373 0.4965962592298229 0.05526749602459376 0.07425097784054521
0 0.9397685083132703 0.22820824387336947 0.04237177513849914 0.053795299838874745
0 0.2379225149771878 0.33406427530236504 0.04533840222512993 0.0550989210892725
0 0.854380240762293 0.38237867055223257 0.05357533174148017 0.0664214328403463
0 0.27278691145369094 0.45791939863145614 0.06798524701428868 0.08523513592556213
0 0.07732599577685789 0.34765570265754586 0.04832596488183507 0.0537669599230167
0 0.31984010471063107 0.3292035052912292 0.053655938951496916 0.06583663167369283
0 0.7210485667056827 0.5003757872374589 0.051773100158284534 0.06151930267345414
0 0.5227401326864496 0.23853140993000324 0.03900988506196708 0.04897264458843722
0 0.5690996217993899 0.48885812659136707 0.06476931880104324 0.08207377325847123
0 0.8895759431904331 0.3296076592139146 0.051769213628193714 0.0647408225901076
0 0.19097330713877128 0.27834153397518296 0.07437552586424748 0.08677384134309048
0 0.6016105934278599 0.4243956372533673 0.061361964617888634 0.0756886180080338
0 0.9716489941275054 0.19579518586891514 0.042073123375170954 0.05359657833883498
0 0.6495683717993899 0.48792178791377677 0.08572608935394221 0.09774209076125509
0 0.7283990993003547 0.21581897390200452 0.058481627754602174 0.07399550809098265
0 0.17183085055399597 0.21135402864418285 0.06151465451792992 0.07422604692472694
0 0.8948053493003547 0.21388266187941465 0.056636773571447564 0.06762853417409058
0 0.6349960917785074 0.28255303524827663 0.058523205331134066 0.07877952800763595
0 0.07697900329870529 0.28201252132400045 0.07092270757447014 0.07882618609265295
0 0.4221504139609734 0.4342989906110935 0.058148877911307295 0.07262491159094289
0 0.24046117860895677 0.1527233686346378 0.067859469261266 0.07420225234225528
0 0.07928095236163318 0.4148432026575459 0.07110276751772375 0.08165935367599957
0 0.3232402378592991 0.25804612062382015 0.05830545434143915 0.06794082059098265
0 0.8627276013454187 0.5081053765515963 0.04993392898845776 0.05534764125656224
0 0.6621830659142599 0.1962700899109132 0.07731194140100221 0.08368406767683476
0 0.33916310306127845 0.18752453528804752 0.04714452033841656 0.05677953133951106
0 0.49453256466061857 0.2091620832670485 0.05655152837152997 0.06469884667409058
0 0.5310707728947466 0.4174012972629123 0.06156011862455255 0.07578854692472685
0 0.7811891301791671 0.25740648989500486 0.051974095671612375 0.06171688784014737
0 0.0402926602000497 0.4715659173297274 0.055033447454725805 0.0695623415071985
0 0.12524667022917954 0.3830477626511825 0.042286529938581466 0.050865612338874745
0 0.975091532497198 0.45521563920277874 0.04981693500560382 0.06159877758990877
0 0.9103908968722145 0.2660627798775056 0.04675957835174458 0.056970298506124714
0 0.5945098326073073 0.20721722792014002 0.05504017549148053 0.06643847784054513
0 0.4275556648189032 0.2708995619430481 0.046909426745121684 0.05541007117281786
0 0.9551196898252208 0.514063927872415 0.05990669041130729 0.07264536559118148
0 0.28350413644737327 0.20849156329568355 0.060037399717847426 0.07713755309118149
0 0.47994487892552584 0.27185298726927565 0.05196452612819371 0.06474309525680084
0 0.9121221960934272 0.45985823321136926 0.05503060594806186 0.06946468525719851
0 0.52410405588513 0.2854064099300032 0.04212815702521233 0.05213287092218159
0 0.7900904202291796 0.37531160522759577 0.06311409410456079 0.0755137595082723
0 0.936754820070895 0.3126468785407785 0.05016229454499808 0.05984096508990877
0 0.15405128331958787 0.4866540206476827 0.03550591965223919 0.03926717683799978
0 0.8735454294003796 0.45014742588323264 0.04376528765828454 0.061426123339033724
0 0.2396548480467135 0.23244723130172873 0.05828811173783919 0.0774100678409428
0 0.5655641301791672 0.2599155139242762 0.05185834535820213 0.06444899017345432
0 0.9067958500917775 0.5185337992123238 0.032298515958985516 0.03639878292090888
0 0.8372739941275051 0.19735878055382336 0.04560341380468458 0.07091696092257926
0 0.6591670291629528 0.36120474657864043 0.08379598997087019 0.0884454293443631
0 0.686053789587794 0.4257575952419133 0.06472101318775678 0.08041361700847123
0 0.6850499160725445 0.2569621419080497 0.0454321719450391 0.0583215773392725
0 0.7478861998543508 0.4289456825668682 0.06008854683779781 0.07889536559118149
0 0.7259369920159342 0.37293203990295903 0.04354469516192587 0.05048975967238043
0 0.945869058788124 0.41101165320659677 0.04051062337517095 0.053578397005289526
0 0.23041154334871772 0.39823586330363775 0.06463965451792993 0.07426240959181776
0 0.8273032637235465 0.3381474125557324 0.04231778651188449 0.05193983108887475
0 0.3810300058059878 0.25659216128263873 0.04811539982508872 0.05659558217297693
0 0.7974302441275052 0.19782240455923222 0.03743781551854859 0.051980670671545236
0 0.9929609940965382 0.49946507853282435 0.014078011806923741 0.05667492025381797
0 0.8147470909205776 0.44379797589118686 0.07431765070754218 0.08813989250974394
0 0.9897390542048103 0.3955770098663698 0.020521891590379225 0.07702378292090888
0 0.13093907759274237 0.25637617464990986 0.041992809728771174 0.04412619475552813
0 0.3634908163099713 0.35214101861872943 0.03896442095534436 0.04741014458843722
0 0.020732666468255858 0.41708750266550004 0.018905566508243328 0.06260120208565337
0 0.33535745612255685 0.3790398732893202 0.036930982308944316 0.03791703433819862
0 0.4484963021242064 0.31910979527373 0.03606105847512993 0.0549909694213464
0 0.7572491764973858 0.3209877318985047 0.04234695303833398 0.059652402172181596
0 0.40272681254904763 0.3845080759468661 0.03868206677218975 0.04106135200509069
0 0.03290004585600017 0.37865171133036374 0.0452531570252124 0.0521692335892725
0 0.7116411598043383 0.31135874057132257 0.053798014284692816 0.07071944417369291
0 0.938935782528165 0.17273040320659674 0.04071266391192552 0.05045680600532929
0 0.7331380750854599 0.2712513612349136 0.04161175427218975 0.041095442005488356
0 0.43770590314042074 0.21685695194145724 0.05133132803833398 0.05975694484006784
0 0.9960985874240166 0.20641451253186985 0.0078028251519668855 0.059520450668363534
0 0.8221253333987301 0.5093593412237778 0.04070698089859803 0.05026149350532929
0 0.04226903417751768 0.32461819199554565 0.041972625618507245 0.05349778575548836
0 0.7913741239109611 0.3119939925605049 0.037440657025212334 0.05207832692154515
0 0.40524537344874256 0.6322188699475024 0.05635621587152997 0.06469657400739734
0 0.9954054592321363 0.331441784532188 0.00918908153572744 0.04240113066915896
0 0.76296431591426 0.195097393897232 0.034124231055303156 0.04881817167110776
0 0.017078817563612528 0.3452306839990455 0.015401601098515488 0.05289573433521584
0 0.9988740876919113 0.4611111031986425 0.0022518246161773448 0.03299204066876129
0 0.8168060329238764 0.32654684122377775 0.038593980065608234 0.03803400825509069
0 0.029138548363282633 0.35681307399745466 0.03954588479802066 0.07074885200509069
0 0.025075522499035174 0.27089375533100013 0.026038946415567032 0.039352265003380536