0 0.037109375 0.9348366484374999 0.03125 0.91914708125 0.0205078125 0.9047649796874999 0.0107421875 0.8943052687499999 0.0009765625 0.8916903406250001 0 0.9975949125 0.0224609375 0.9989023765624999 0.03125 0.9871352015625 0.037109375 0.9348366484374999
0 0.109375 0.9845202734375 0.103515625 0.9636008515625001 0.0927734375 0.94921875 0.0830078125 0.9439888953125 0.0654296875 0.946603821875 0.052734375 0.9609859249999999 0.046875 0.9740605625000001 0.044921875 0.9819053453125001 0.0458984375 0.9989023765624999 0.109375 0.9975949125 0.109375 0.9845202734375
0 0.0654296875 0.946603821875 0.0830078125 0.9413739671875 0.0927734375 0.933529184375 0.09765625 0.9269918640625001 0.10546875 0.9086873703125 0.10546875 0.8799231656250001 0.103515625 0.8720783828125 0.0908203125 0.855081353125 0.0810546875 0.8472365703125 0.0634765625 0.852466425 0.0537109375 0.8603112093749999 0.046875 0.8694634562499999 0.041015625 0.88776795 0.0390625 0.9008425875 0.041015625 0.9269918640625001 0.0537109375 0.9413739671875 0.0654296875 0.946603821875
0 0.0302734375 0.8629261359375 0.0478515625 0.8655410640625 0.0595703125 0.855081353125 0.0703125 0.8380843234375 0.072265625 0.8302395406249999 0.072265625 0.811935046875 0.068359375 0.7962454796875 0.0595703125 0.781863378125 0.0517578125 0.7766335234375 0.0419921875 0.7766335234375 0.0361328125 0.77924845 0.029296875 0.7857857703125 0.017578125 0.806705190625 0.015625 0.8145499734375001 0.015625 0.8328544687500001 0.021484375 0.8537738890625001 0.0302734375 0.8629261359375
0 0.0849609375 0.8446216421875 0.0927734375 0.8498514984375 0.1142578125 0.8498514984375 0.1220703125 0.8446216421875 0.1328125 0.8328544687500001 0.140625 0.8145499734375001 0.142578125 0.806705190625 0.142578125 0.7884006968749999 0.140625 0.7805559140625 0.1220703125 0.7557141015625 0.1181640625 0.7530991734375 0.0986328125 0.7557141015625 0.0751953125 0.77924845 0.072265625 0.7831708421875 0.072265625 0.8197798296875 0.076171875 0.8328544687500001 0.0849609375 0.8446216421875
0 0.0576171875 0.763558884375 0.0654296875 0.7687887390625 0.0830078125 0.7687887390625 0.099609375 0.74917678125 0.10546875 0.7308722875 0.10546875 0.720412578125 0.099609375 0.6942633 0.0849609375 0.6694214875 0.0810546875 0.666806559375 0.0654296875 0.666806559375 0.0576171875 0.6720364156249999 0.046875 0.683803590625 0.0390625 0.702108084375 0.037109375 0.71256779375 0.0390625 0.7334872156250001 0.04296875 0.7439469265625 0.0576171875 0.763558884375
0 0.02734375 0.77271113125 0.0390625 0.7465618546874999 0.0390625 0.7308722875 0.03515625 0.69949315625 0.0263671875 0.6877259812500001 0.0185546875 0.6824961265625 0.0087890625 0.6772662703125001 0.0009765625 0.6772662703125001 0 0.7884006968749999 0.0029296875 0.7897081609375001 0.0185546875 0.78447830625 0.02734375 0.77271113125
0 0.01171875 0.6681140234375 0.0244140625 0.6798811984375 0.0341796875 0.6824961265625 0.0458984375 0.6798811984375 0.0576171875 0.6720364156249999 0.072265625 0.6498095296875 0.07421875 0.6367348921875 0.07421875 0.6184303984375 0.072265625 0.6079706875 0.0595703125 0.59097365625 0.0517578125 0.5857438015625 0.0458984375 0.5831288734375 0.0341796875 0.5831288734375 0.0283203125 0.5857438015625 0.0205078125 0.59097365625 0.009765625 0.605355759375 0.005859375 0.6158154703125 0.00390625 0.62627518125 0.00390625 0.644579675 0.005859375 0.6550393859375 0.01171875 0.6681140234375
0 0.0830078125 0.617122934375 0.0927734375 0.6249677171875 0.1064453125 0.6249677171875 0.1240234375 0.61450800625 0.13671875 0.6001259046875 0.142578125 0.587051265625 0.1484375 0.5295228562500001 0.1484375 0.5059885078125 0.140625 0.4876840140625 0.1357421875 0.48114669374999997 0.1279296875 0.4759168390625 0.1220703125 0.4733019109375 0.1103515625 0.4733019109375 0.0791015625 0.4785317671875 0.0595703125 0.49160640468750005 0.0439453125 0.5072959703125 0.03125 0.5295228562500001 0.029296875 0.5373676390625 0.029296875 0.54782735 0.03125 0.55305720625 0.0830078125 0.617122934375
0 0.1650390625 0.6380423546875 0.1728515625 0.6432722109375 0.1884765625 0.6432722109375 0.2041015625 0.6354274281250001 0.208984375 0.6288901078125 0.22265625 0.5975109765625 0.23046875 0.568746771875 0.2275390625 0.5648243796875 0.1904296875 0.543904959375 0.1826171875 0.543904959375 0.1591796875 0.5491348140625 0.146484375 0.5739766265624999 0.14453125 0.5975109765625 0.146484375 0.6079706875 0.154296875 0.62627518125 0.1650390625 0.6380423546875
0 0.2119140625 0.5517497421875001 0.2255859375 0.562209453125 0.2412109375 0.5648243796875 0.2509765625 0.559594525 0.2568359375 0.55436466875 0.267578125 0.5373676390625 0.2734375 0.5216780734375 0.2734375 0.5007586515625 0.2529296875 0.4733019109375 0.2451171875 0.46807205625000003 0.2255859375 0.46807205625000003 0.2119140625 0.4785317671875 0.203125 0.49291386875 0.19921875 0.5007586515625 0.19921875 0.5295228562500001 0.201171875 0.5373676390625 0.2119140625 0.5517497421875001
0 0.2939453125 0.5857438015625 0.3017578125 0.5883587296874999 0.3134765625 0.5883587296874999 0.3271484375 0.5778990187499999 0.3359375 0.563516915625 0.337890625 0.550442278125 0.3359375 0.5242930015625 0.330078125 0.5138332906249999 0.3212890625 0.50468104375 0.2978515625 0.50468104375 0.2861328125 0.5125258265625 0.27734375 0.526907928125 0.2734375 0.5373676390625 0.2734375 0.5556721328124999 0.279296875 0.5713617 0.2939453125 0.5857438015625
0 0.2333984375 0.6955707640625 0.2490234375 0.703415546875 0.2744140625 0.703415546875 0.2841796875 0.6981856921875 0.296875 0.678573734375 0.302734375 0.6550393859375 0.302734375 0.6367348921875 0.30078125 0.6288901078125 0.291015625 0.605355759375 0.2724609375 0.5857438015625 0.2685546875 0.5831288734375 0.2490234375 0.5831288734375 0.2373046875 0.5883587296874999 0.2314453125 0.5935885843750001 0.21484375 0.6184303984375 0.212890625 0.62627518125 0.212890625 0.6550393859375 0.21875 0.6759588062499999 0.2333984375 0.6955707640625
0 0.1171875 0.7073379390625 0.1259765625 0.7191051140625 0.1435546875 0.72433496875 0.1572265625 0.7164901859375 0.166015625 0.7073379390625 0.171875 0.6890334453125 0.173828125 0.6681140234375 0.169921875 0.6498095296875 0.1611328125 0.6380423546875 0.1533203125 0.6328125 0.1396484375 0.6328125 0.1337890625 0.6354274281250001 0.1259765625 0.6406572828125 0.119140625 0.6498095296875 0.11328125 0.66288416875 0.111328125 0.6707289515625 0.111328125 0.6864185171875 0.11328125 0.696878228125 0.1171875 0.7073379390625
0 0.1630859375 0.8315470046875 0.1826171875 0.842006715625 0.1884765625 0.842006715625 0.2060546875 0.8315470046875 0.21875 0.8171649015625 0.2265625 0.7857857703125 0.2265625 0.7674812765625 0.2099609375 0.7321797515624999 0.1962890625 0.72433496875 0.1767578125 0.72433496875 0.1650390625 0.7321797515624999 0.15625 0.7439469265625 0.1484375 0.7622514203125 0.146484375 0.7700962031249999 0.146484375 0.8040902640625 0.15234375 0.8197798296875 0.1630859375 0.8315470046875
0 0.1259765625 0.9230694734375 0.1396484375 0.9230694734375 0.1494140625 0.9178396171875001 0.158203125 0.90607244375 0.162109375 0.8956127328125 0.162109375 0.8746933109375 0.15625 0.8590037453124999 0.1474609375 0.8472365703125 0.1259765625 0.8472365703125 0.11328125 0.8616186718750001 0.109375 0.8720783828125 0.107421875 0.885153021875 0.109375 0.9008425875 0.11328125 0.9113022984375 0.1259765625 0.9230694734375
0 0.1982421875 0.951833678125 0.2099609375 0.9544486046875 0.2353515625 0.9544486046875 0.25 0.9374515750000001 0.251953125 0.91914708125 0.248046875 0.8903828765625 0.23828125 0.8511589624999999 0.2255859375 0.83416193125 0.2119140625 0.83416193125 0.2060546875 0.836776859375 0.2001953125 0.842006715625 0.177734375 0.8720783828125 0.17578125 0.8773082390625 0.16796875 0.90607244375 0.16796875 0.9165321546874999 0.1845703125 0.9413739671875 0.1982421875 0.951833678125
0 0.1572265625 0.9989023765624999 0.1923828125 0.9989023765624999 0.20703125 0.9636008515625001 0.20703125 0.958370996875 0.2041015625 0.9544486046875 0.1650390625 0.9152246906249999 0.1630859375 0.9152246906249999 0.15234375 0.9296067921875 0.14453125 0.9505262140624999 0.142578125 0.958370996875 0.14453125 0.9819053453125001 0.1484375 0.9897501296875 0.1572265625 0.9989023765624999
0 0.248046875 0.9871352015625 0.2421875 0.9714456359374999 0.2333984375 0.9622933890625 0.2275390625 0.9596784609375 0.2138671875 0.9596784609375 0.205078125 0.9688307078125 0.1953125 0.9871352015625 0.193359375 0.994979984375 0.1943359375 0.9989023765624999 0.248046875 0.9975949125 0.248046875 0.9871352015625
0 0.2705078125 0.9753680265625 0.2802734375 0.9805978828124999 0.2958984375 0.9805978828124999 0.3076171875 0.9727530984375001 0.31640625 0.9636008515625001 0.32421875 0.940066503125 0.326171875 0.921762009375 0.3203125 0.898227659375 0.3076171875 0.8812306296875001 0.2939453125 0.873385846875 0.2802734375 0.876000775 0.2666015625 0.8864604859374999 0.255859375 0.9086873703125 0.25390625 0.91914708125 0.25390625 0.9452963578125001 0.2578125 0.958370996875 0.2705078125 0.9753680265625
0 0.2529296875 0.8498514984375 0.2666015625 0.8603112093749999 0.2783203125 0.8655410640625 0.2861328125 0.8655410640625 0.2998046875 0.8603112093749999 0.3115234375 0.852466425 0.322265625 0.8380843234375 0.330078125 0.8197798296875 0.33203125 0.811935046875 0.33203125 0.7962454796875 0.32421875 0.7674812765625 0.3095703125 0.7426394625 0.2978515625 0.7347946796875 0.2802734375 0.7347946796875 0.2646484375 0.7426394625 0.25 0.7622514203125 0.24609375 0.77271113125 0.244140625 0.7805559140625 0.244140625 0.8328544687500001 0.24609375 0.8406992515624999 0.2529296875 0.8498514984375
0 0.3408203125 0.7766335234375 0.3623046875 0.7766335234375 0.3701171875 0.7714036671875 0.384765625 0.7465618546874999 0.388671875 0.7230275046875 0.38671875 0.7073379390625 0.3505859375 0.6720364156249999 0.3388671875 0.6720364156249999 0.3271484375 0.6772662703125001 0.318359375 0.6864185171875 0.310546875 0.7073379390625 0.30859375 0.71779765 0.310546875 0.7413319984375 0.3251953125 0.7661738125 0.3408203125 0.7766335234375
0 0.3623046875 0.6955707640625 0.3701171875 0.7008006203125 0.3876953125 0.7008006203125 0.3974609375 0.6981856921875 0.4970703125 0.6458871390625001 0.5048828125 0.6406572828125 0.517578125 0.623660253125 0.521484375 0.6132005421875 0.521484375 0.5896661937500001 0.517578125 0.568746771875 0.51171875 0.5582870609375 0.4541015625 0.48114669374999997 0.4306640625 0.48114669374999997 0.3759765625 0.49422133281249997 0.357421875 0.51644821875 0.349609375 0.5373676390625 0.345703125 0.5556721328124999 0.34375 0.6001259046875 0.3515625 0.6733438796875 0.357421875 0.6890334453125 0.3623046875 0.6955707640625
0 0.3857421875 0.8472365703125 0.3974609375 0.855081353125 0.4248046875 0.855081353125 0.4404296875 0.8472365703125 0.458984375 0.8250096843750001 0.466796875 0.8040902640625 0.466796875 0.775326059375 0.462890625 0.7596364921875 0.4521484375 0.7426394625 0.4326171875 0.726949896875 0.4130859375 0.726949896875 0.4013671875 0.7321797515624999 0.3916015625 0.740024534375 0.3828125 0.7517917093750001 0.375 0.7674812765625 0.369140625 0.7857857703125 0.3671875 0.8040902640625 0.369140625 0.8171649015625 0.375 0.8328544687500001 0.3857421875 0.8472365703125
0 0.4775390625 0.7714036671875 0.4951171875 0.77924845 0.5185546875 0.7766335234375 0.5380859375 0.7661738125 0.5546875 0.7465618546874999 0.560546875 0.7256424328125 0.560546875 0.6916483734375001 0.55859375 0.6811886625 0.552734375 0.6707289515625 0.5322265625 0.6458871390625001 0.5205078125 0.6406572828125 0.5087890625 0.6406572828125 0.4833984375 0.6537319218750001 0.458984375 0.683803590625 0.453125 0.69949315625 0.451171875 0.7099528671875001 0.453125 0.7308722875 0.462890625 0.757021565625 0.4775390625 0.7714036671875
0 0.5634765625 0.5962035125 0.5791015625 0.5857438015625 0.5859375 0.5739766265624999 0.58984375 0.5582870609375 0.58984375 0.5321377843749999 0.587890625 0.5190631453125001 0.583984375 0.5059885078125 0.5693359375 0.48899147656249997 0.5498046875 0.4785317671875 0.5341796875 0.4785317671875 0.5263671875 0.48114669374999997 0.5107421875 0.49160640468750005 0.49609375 0.5138332906249999 0.4921875 0.5347527125 0.5263671875 0.5962035125 0.5380859375 0.598818440625 0.5634765625 0.5962035125
0 0.353515625 0.9557560687500001 0.3642578125 0.970138171875 0.3759765625 0.9805978828124999 0.3818359375 0.9832128093750001 0.3974609375 0.9832128093750001 0.4052734375 0.9805978828124999 0.4150390625 0.9727530984375001 0.4296875 0.9505262140624999 0.43359375 0.9348366484374999 0.43359375 0.9086873703125 0.431640625 0.898227659375 0.421875 0.8746933109375 0.4072265625 0.85769628125 0.3896484375 0.852466425 0.3720703125 0.852466425 0.3623046875 0.85769628125 0.3544921875 0.8655410640625 0.34375 0.885153021875 0.341796875 0.8929978046875 0.341796875 0.9269918640625001 0.34375 0.9348366484374999 0.353515625 0.9557560687500001
0 0.515625 0.9975949125 0.517578125 0.9871352015625 0.515625 0.9688307078125 0.509765625 0.9531411421874999 0.5009765625 0.9413739671875 0.4833984375 0.928299328125 0.4619140625 0.928299328125 0.4521484375 0.933529184375 0.4443359375 0.9387590390625 0.4296875 0.9609859249999999 0.427734375 0.9662157796875 0.427734375 0.9897501296875 0.4306640625 0.9989023765624999 0.515625 0.9975949125
0 0.4814453125 0.9126097625 0.4873046875 0.9152246906249999 0.5068359375 0.9152246906249999 0.5146484375 0.9126097625 0.533203125 0.8903828765625 0.5390625 0.8720783828125 0.541015625 0.8563888171875 0.5390625 0.8380843234375 0.52734375 0.806705190625 0.5146484375 0.7923230890624999 0.5107421875 0.7897081609375001 0.4873046875 0.7897081609375001 0.4794921875 0.7949380171875 0.4736328125 0.800167871875 0.46484375 0.8145499734375001 0.458984375 0.8302395406249999 0.455078125 0.8459291062500001 0.45703125 0.8773082390625 0.462890625 0.8929978046875 0.4814453125 0.9126097625
0 0.6162109375 0.6354274281250001 0.6494140625 0.6537319218750001 0.6689453125 0.6537319218750001 0.6865234375 0.6458871390625001 0.6962890625 0.6380423546875 0.708984375 0.621045325 0.716796875 0.605355759375 0.72265625 0.5844363375 0.724609375 0.5713617 0.724609375 0.550442278125 0.720703125 0.5321377843749999 0.708984375 0.5033735796875 0.6943359375 0.483761621875 0.6806640625 0.4706869828125 0.6611328125 0.465457128125 0.6513671875 0.465457128125 0.6416015625 0.4706869828125 0.6181640625 0.48899147656249997 0.6015625 0.5059885078125 0.59375 0.5373676390625 0.591796875 0.54782735 0.591796875 0.5922811203125 0.6015625 0.6184303984375 0.6162109375 0.6354274281250001
0 0.6748046875 0.7557141015625 0.6865234375 0.763558884375 0.7001953125 0.7687887390625 0.7158203125 0.7687887390625 0.7216796875 0.7661738125 0.7333984375 0.7583290296875 0.73828125 0.7517917093750001 0.74609375 0.7334872156250001 0.748046875 0.7230275046875 0.748046875 0.702108084375 0.74609375 0.6942633 0.7158203125 0.65111699375 0.7080078125 0.6458871390625001 0.6884765625 0.6458871390625001 0.6728515625 0.6537319218750001 0.662109375 0.6681140234375 0.65625 0.6811886625 0.65234375 0.696878228125 0.65234375 0.71779765 0.662109375 0.738717071875 0.6748046875 0.7557141015625
0 0.546875 0.8537738890625001 0.5634765625 0.8707709187500001 0.5791015625 0.876000775 0.5986328125 0.8707709187500001 0.6103515625 0.8629261359375 0.62109375 0.8485440343749999 0.626953125 0.8328544687500001 0.626953125 0.7988604078125 0.623046875 0.7857857703125 0.6083984375 0.763558884375 0.5966796875 0.7557141015625 0.5888671875 0.7530991734375 0.5712890625 0.7530991734375 0.5595703125 0.76094395625 0.546875 0.7779409859374999 0.541015625 0.791015625 0.5390625 0.8014753359375 0.5390625 0.8328544687500001 0.541015625 0.8406992515624999 0.546875 0.8537738890625001
0 0.6162109375 0.9727530984375001 0.6240234375 0.9753680265625 0.6474609375 0.9727530984375001 0.666015625 0.9505262140624999 0.673828125 0.9269918640625001 0.673828125 0.898227659375 0.671875 0.8903828765625 0.6640625 0.8720783828125 0.6552734375 0.8603112093749999 0.6474609375 0.855081353125 0.6298828125 0.852466425 0.6162109375 0.85769628125 0.6064453125 0.8655410640625 0.595703125 0.8799231656250001 0.591796875 0.8956127328125 0.58984375 0.9296067921875 0.59375 0.9452963578125001 0.6064453125 0.964908315625 0.6162109375 0.9727530984375001
0 0.6953125 0.91914708125 0.7099609375 0.9361441109375 0.7333984375 0.94921875 0.7490234375 0.94921875 0.7646484375 0.9413739671875 0.78125 0.921762009375 0.787109375 0.9086873703125 0.791015625 0.8929978046875 0.79296875 0.8720783828125 0.7890625 0.8511589624999999 0.78515625 0.8406992515624999 0.7666015625 0.8132425109374999 0.7470703125 0.79755294375 0.7412109375 0.7949380171875 0.7255859375 0.7949380171875 0.7060546875 0.8053977265625001 0.6943359375 0.8158574375000001 0.685546875 0.8302395406249999 0.681640625 0.8459291062500001 0.681640625 0.8903828765625 0.68359375 0.898227659375 0.6953125 0.91914708125
0 0.755859375 0.7988604078125 0.7802734375 0.8289320765625 0.7998046875 0.8393917875 0.8232421875 0.842006715625 0.8408203125 0.836776859375 0.8564453125 0.8263171484375 0.8681640625 0.8158574375000001 0.876953125 0.8014753359375 0.8828125 0.7805559140625 0.87890625 0.738717071875 0.8671875 0.7073379390625 0.8369140625 0.6772662703125001 0.8271484375 0.6720364156249999 0.8173828125 0.6694214875 0.7958984375 0.6694214875 0.7763671875 0.6798811984375 0.765625 0.6916483734375001 0.748046875 0.7334872156250001 0.74609375 0.7413319984375 0.74609375 0.775326059375 0.751953125 0.791015625 0.755859375 0.7988604078125
0 0.7998046875 0.666806559375 0.8193359375 0.6615767046875 0.8369140625 0.65111699375 0.841796875 0.644579675 0.84765625 0.605355759375 0.84375 0.5896661937500001 0.8349609375 0.5726691625 0.8271484375 0.5648243796875 0.8076171875 0.556979596875 0.7861328125 0.562209453125 0.7763671875 0.5700542359375 0.765625 0.587051265625 0.759765625 0.60274083125 0.7578125 0.6105856140625 0.7578125 0.6341199640624999 0.7802734375 0.6589617765625 0.7998046875 0.666806559375
0 0.7890625 0.9740605625000001 0.7958984375 0.9858277375 0.8095703125 0.9989023765624999 0.8408203125 0.9989023765624999 0.8564453125 0.9884426656249999 0.8671875 0.9740605625000001 0.873046875 0.958370996875 0.873046875 0.9243769374999999 0.869140625 0.9113022984375 0.8544921875 0.8864604859374999 0.8466796875 0.8786157031249999 0.8369140625 0.873385846875 0.8173828125 0.873385846875 0.8076171875 0.876000775 0.7998046875 0.8812306296875001 0.79296875 0.8903828765625 0.779296875 0.9269918640625001 0.779296875 0.940066503125 0.783203125 0.958370996875 0.7890625 0.9740605625000001
0 0.75390625 0.9819053453125001 0.748046875 0.9688307078125 0.7314453125 0.94921875 0.6943359375 0.9439888953125 0.6806640625 0.951833678125 0.669921875 0.9662157796875 0.662109375 0.9871352015625 0.6630859375 0.9989023765624999 0.7578125 0.9975949125 0.75390625 0.9819053453125001
0 0.5869140625 0.9989023765624999 0.591796875 0.9871352015625 0.59375 0.976675490625 0.59375 0.958370996875 0.591796875 0.9479112859375001 0.587890625 0.9374515750000001 0.5751953125 0.9204545453125 0.5673828125 0.9152246906249999 0.5517578125 0.9126097625 0.5361328125 0.9204545453125 0.525390625 0.9348366484374999 0.51953125 0.9479112859375001 0.517578125 0.9557560687500001 0.517578125 0.97929041875 0.5244140625 0.9989023765624999 0.5869140625 0.9989023765624999
0 0.8876953125 0.617122934375 0.9013671875 0.6301975718749999 0.9091796875 0.6354274281250001 0.9384765625 0.6380423546875 0.9580078125 0.6354274281250001 0.978515625 0.605355759375 0.982421875 0.5948960484375 0.984375 0.581821409375 0.984375 0.5582870609375 0.982421875 0.54782735 0.978515625 0.5347527125 0.97265625 0.5242930015625 0.9560546875 0.50468104375 0.9345703125 0.49422133281249997 0.8974609375 0.49422133281249997 0.876953125 0.5242930015625 0.87109375 0.5399825671875 0.87109375 0.5765915546875 0.873046875 0.5948960484375 0.8876953125 0.617122934375
0 0.8681640625 0.703415546875 0.8759765625 0.708645403125 0.8876953125 0.71126033125 0.8955078125 0.708645403125 0.90625 0.69949315625 0.912109375 0.6864185171875 0.9140625 0.6733438796875 0.9033203125 0.648502065625 0.8896484375 0.6380423546875 0.8759765625 0.6380423546875 0.861328125 0.6524244578125 0.857421875 0.66288416875 0.857421875 0.6811886625 0.861328125 0.6942633 0.8681640625 0.703415546875
0 1 0.7282573609375 0.9931640625 0.7191051140625 0.9638671875 0.6929558375 0.9501953125 0.685111053125 0.9404296875 0.685111053125 0.9111328125 0.703415546875 0.8955078125 0.7191051140625 0.884765625 0.7334872156250001 0.88671875 0.791015625 0.892578125 0.811935046875 0.9072265625 0.83416193125 0.9306640625 0.8472365703125 0.9521484375 0.8472365703125 0.9658203125 0.8446216421875 0.9814453125 0.8315470046875 1 0.8040902640625 1 0.7282573609375
0 0.8720703125 0.9126097625 0.9033203125 0.9204545453125 0.921875 0.898227659375 0.92578125 0.8799231656250001 0.92578125 0.8616186718750001 0.923828125 0.8511589624999999 0.9189453125 0.842006715625 0.9013671875 0.8315470046875 0.8759765625 0.8263171484375 0.861328125 0.8511589624999999 0.857421875 0.866848528125 0.857421875 0.885153021875 0.865234375 0.903457515625 0.8720703125 0.9126097625
0 1 0.8616186718750001 0.9970703125 0.85769628125 0.9794921875 0.8472365703125 0.9697265625 0.8472365703125 0.9541015625 0.852466425 0.935546875 0.8720783828125 0.927734375 0.8929978046875 0.92578125 0.9008425875 0.92578125 0.91914708125 0.927734375 0.9296067921875 0.94140625 0.9557560687500001 0.9521484375 0.970138171875 0.9619140625 0.9753680265625 0.9853515625 0.9753680265625 1 0.9662157796875 1 0.8616186718750001
0 0.939453125 0.9975949125 0.943359375 0.9897501296875 0.9453125 0.97929041875 0.943359375 0.9609859249999999 0.9375 0.9479112859375001 0.9267578125 0.933529184375 0.9189453125 0.928299328125 0.9052734375 0.928299328125 0.8974609375 0.933529184375 0.892578125 0.940066503125 0.884765625 0.9609859249999999 0.884765625 0.9819053453125001 0.8916015625 0.9989023765624999 0.939453125 0.9975949125