0 0.51640625 0.7578125 0.09609375 0.11796875
0 0.66171875 0.72890625 0.17265625 0.19921875
0 0.3609375 0.37109375 0.0828125 0.1171875
0 0.58828125 0.47578125 0.07109375 0.096875
0 0.765625 0.609375 0.09453125 0.1234375
0 0.140625 0.6578125 0.12265625 0.18203125
0 0.22109375 0.38046875 0.09296875 0.12578125
0 0.409375 0.76484375 0.08125 0.11640625
0 0.53515625 0.56640625 0.08125 0.1046875
0 0.45 0.56015625 0.0796875 0.10546875
0 0.66484375 0.50390625 0.07578125 0.1
0 0.54453125 0.66171875 0.06171875 0.07734375
0 0.38046875 0.50390625 0.07421875 0.0953125
0 0.19453125 0.553125 0.06484375 0.1015625
0 0.5046875 0.4765625 0.06171875 0.08203125
0 0.3109375 0.56171875 0.0828125 0.10625
0 0.146875 0.453125 0.0546875 0.08828125
0 0.8796875 0.72421875 0.1046875 0.13671875
0 0.27109375 0.30859375 0.071875 0.11328125
0 0.4421875 0.42265625 0.07421875 0.1109375
0 0.071875 0.353125 0.0484375 0.0828125
0 0.38828125 0.63203125 0.07265625 0.1
0 0.24375 0.66171875 0.0921875 0.134375
0 0.203125 0.475 0.03984375 0.06328125
0 0.61328125 0.5984375 0.0546875 0.078125
0 0.28984375 0.453125 0.07109375 0.10703125
0 0.221875 0.7546875 0.06015625 0.08046875
0 0.784375 0.7203125 0.07578125 0.10234375
0 0.0984375 0.4203125 0.03984375 0.059375
0 0.1578125 0.28125 0.06484375 0.090625
0 0.13671875 0.7828125 0.053125 0.071875
0 0.24609375 0.5171875 0.05546875 0.075
0 0.11875 0.36171875 0.0453125 0.0765625
0 0.08828125 0.23125 0.0578125 0.10546875
0 0.46328125 0.67265625 0.07734375 0.1234375
0 0.1390625 0.1734375 0.04140625 0.0734375
0 0.33515625 0.6984375 0.08203125 0.09375
0 0.11328125 0.52578125 0.059375 0.08671875
0 0.02734375 0.4078125 0.0546875 0.09296875
0 0.21015625 0.2609375 0.0546875 0.08125
0 0.01796875 0.2203125 0.03515625 0.0921875
0 0.065625 0.47890625 0.0484375 0.0765625
0 0.28515625 0.76796875 0.0625 0.09765625
0 0.6890625 0.59609375 0.0546875 0.075
0 0.0171875 0.78984375 0.034375 0.0890625
0 0.028125 0.6390625 0.0515625 0.078125
0 0.0765625 0.55390625 0.0484375 0.07265625
0 0.025 0.49921875 0.05 0.078125
0 0.0125 0.31640625 0.025 0.08671875
0 0.021875 0.71796875 0.04375 0.09140625
0 0.00625 0.546875 0.0125 0.06484375
0 0.06484375 0.8015625 0.05078125 0.071875