0 0.04232211875 0.4384203953125 0.03758145625 0.45135030781249996 0.031221432812499998 0.45902642968749996 0.030887668750000003 0.4642347625 0.0296156640625 0.4657699875 0.0271458015625 0.5043116546874999 0.028217546875 0.5059014296875 0.0272162515625 0.5215264296875 0.029002493750000004 0.52417605625 0.028668728124999997 0.5293843890625001 0.0320179328125 0.534352440625 0.0442249640625 0.5346365625 0.045019967187499996 0.5336770453125 0.054785592187499996 0.5339043421875 0.057965603125 0.53006628125 0.05863313437499999 0.5196496140625 0.060753140625 0.517090909375 0.061253789062499994 0.509278409375 0.07252135781249999 0.48606820624999997 0.072688240625 0.4834640390625 0.074808246875 0.48090533124999996 0.0749751296875 0.478301165625 0.0792151453125 0.47318375 0.079382028125 0.47057958437499997 0.0815020359375 0.4680208765625 0.08250333125 0.4523958765625 0.0837753359375 0.450860653125 0.0844094890625 0.4409648203125 0.079765259375 0.434075790625 0.080099025 0.42886745781249996 0.07831278124999999 0.42621783124999996 0.0774196609375 0.42489301875 0.0598415359375 0.42448388281250005 0.057721528125 0.427042590625 0.055768403125 0.42699713125 0.0494083796875 0.434673253125 0.0474552546875 0.43462779375 0.04232211875 0.4384203953125
0 0 0.503875434375 0.00794383125 0.5040603296875 0.008420834375 0.5034846203125001 0.020139584375 0.5037573765625 0.0228170984375 0.49860359374999996 0.025120078125 0.46266609531249997 0.0229765875 0.45948654375000003 0.0190703375 0.459395625 0.018177215625 0.4580708109375 0.0172840953125 0.45674599843749997 0.013377845312500001 0.4566550796875 0.0112578375 0.45921378749999997 0.0073515874999999994 0.45912286875 0.0041715765624999995 0.46296092812499995 0 0.47433868593749995 0 0.503875434375
0 0 0.45560535468749996 0.0028348296875 0.461690990625 0.0175667078125 0.46072985468749994 0.02497399375 0.44052686406249997 0.026750598437500002 0.4128033390625 0.02570373125 0.410062253125 0.0219643640625 0.4073671671875 0.0121987390625 0.40713986875 0.0028255875 0.416049884375 0 0.4224289203125 0 0.45560535468749996
0 0 0.40372627968749997 0.0028395359374999997 0.40379237031250004 0.01008925 0.392746490625 0.0184140328125 0.3719617421875 0.019141015625 0.360617340625 0.018785628125000002 0.3486120359375 0.0158806734375 0.3328961171875 0.011827590625 0.3241952125 0.005298573437500001 0.3240432484375 0.0025425640624999997 0.3273695671875 0 0.3323870296875 0 0.40372627968749997
0 0 0.3176605984375 0.0011092484375 0.3176864171875 0.0021162515625 0.31647103125 0.0070330656249999995 0.3053708515625 0.0085767296875 0.2812823109375 0.008358857812499999 0.2801036171875 0.0058463765625 0.2735250109375 0 0.269311334375 0 0.3176605984375
0 0.02515678125 0.3338944359375 0.027499298437500003 0.32786350625 0.0305309984375 0.280554478125 0.0302630625 0.280157034375 0.020831203125 0.2747214046875 0.016924953125 0.274630484375 0.0114580515625 0.28363141875000003 0.00655050625 0.29916550000000003 0.0057160921875 0.312186334375 0.0071685703125 0.32004429375 0.0132535359375 0.3319221515625 0.015684125 0.3336739578125 0.02515678125 0.3338944359375
0 0.057197325 0.2978666703125 0.051112359375000006 0.28598881249999997 0.043299859375 0.2858069734375 0.0358798328125 0.29476245 0.031306053125 0.305088196875 0.0288522796875 0.3128552375 0.027183454687500004 0.3388969046875 0.028135282812500002 0.3545673640625 0.033315385937500004 0.36225127968750004 0.0391189578125 0.36238635937499997 0.052740960937500005 0.33688371093749997 0.0555285 0.3239083375 0.057197325 0.2978666703125
0 0.0591496234375 0.383390978125 0.047539048437499995 0.366168409375 0.04184655625 0.3634278640625 0.035820298437499995 0.3658956515625 0.0326402859375 0.3697337125 0.032139639062499996 0.3775462125 0.0410327453125 0.4187648015625 0.0607654109375 0.419224084375 0.061887695312500005 0.4017110640625 0.0591496234375 0.383390978125
0 0.09276018593749999 0.43274822031250004 0.091545665625 0.42880787500000006 0.0797682078125 0.414189471875 0.071788825 0.4166118015625 0.0686088140625 0.42044986093750003 0.06548751093750001 0.43863356875 0.06822558281249999 0.4569536546875 0.075998509375 0.4821718609375 0.082326634375 0.48231915000000003 0.09060461875 0.46638537187500007 0.09276018593749999 0.43274822031250004
0 0.0787292265625 0.40216825624999997 0.07915863749999999 0.40080902343749997 0.0815554875 0.3634066796875 0.0799468703125 0.35264363125 0.0740287875 0.33816160625 0.07028942031249999 0.33546651875 0.062476920312499996 0.33528468125 0.0543893625 0.3546568234375 0.0537218328125 0.365073490625 0.058079264062500004 0.38864736875 0.06935607499999999 0.41107827343750003 0.0753823328125 0.408610484375 0.0787292265625 0.40216825624999997
0 0.064369034375 0.2675193984375 0.0689386609375 0.2581063703125 0.0719131671875 0.24526575 0.0734902078125 0.220656375 0.0724431953125 0.2034188703125 0.06507263437500001 0.1810788859375 0.05335388437500001 0.18080612812500002 0.0459338578125 0.18976160312499998 0.041360078125 0.2000873515625 0.039858134375 0.22352485312499998 0.04176179375 0.254865771875 0.049799884375 0.2667890890625 0.051825634375 0.267227446875 0.064369034375 0.2675193984375
0 0.1241499796875 0.2626514921875 0.1346783171875 0.2540291703125 0.1466721234375 0.234747946875 0.149125896875 0.22698090781250002 0.1529189765625 0.2021297046875 0.154525221875 0.1770646 0.1527973140625 0.169689240625 0.14101985625 0.15507083593749998 0.12734798125 0.1547526203125 0.1154623484375 0.1570840296875 0.108042321875 0.1660395046875 0.105421665625 0.1764107125 0.1023003625 0.19459442031250002 0.10291842656250001 0.2154732125 0.1051558515625 0.24160579843750002 0.10839457187499998 0.2521133828125 0.11464642031250001 0.26138707499999997 0.11614216562499999 0.262465109375 0.1241499796875 0.2626514921875
0 0.1150414765625 0.33839897343750003 0.1196152578125 0.32807322499999997 0.12272481875 0.3070203890625 0.12304189531250001 0.30207247187499997 0.1227860265625 0.2785940578125 0.12027354531250001 0.272015453125 0.116534178125 0.2693203671875 0.095049803125 0.2688203125 0.0920817921875 0.2724025015625 0.09186150781249999 0.2758400015625 0.09166557187499999 0.35109075 0.1031593921875 0.351358271875 0.10550144218749999 0.3499131546875 0.1150414765625 0.33839897343750003
0 0.15110741249999998 0.29144588437499996 0.14786869375 0.2809382984375 0.14161684531250002 0.27166460625 0.1382514125 0.2692390296875 0.1258909234375 0.2689513359375 0.116785575 0.2776067796875 0.1161180453125 0.288023446875 0.1247834421875 0.3664666640625 0.13643543281249998 0.36778108593750003 0.139560440625 0.367853821875 0.14252845 0.36427163125 0.1472691140625 0.35134171875 0.152176659375 0.3358076375 0.1536786015625 0.3123701375 0.15110741249999998 0.29144588437499996
0 0.14781240625 0.347442290625 0.15562490625 0.347624128125 0.16304493281250002 0.33866865 0.16778559531249998 0.3257387359375 0.17118317968750002 0.307822265625 0.17301388125 0.27925455781249997 0.1703970078125 0.269726425 0.166657640625 0.2670313375 0.156892015625 0.26680404062499996 0.14506509218750002 0.2834810953125 0.14032442812499998 0.2964110125 0.1373700078125 0.311990553125 0.136702478125 0.3224072171875 0.1381549546875 0.3302651765625 0.1431799171875 0.343422390625 0.14781240625 0.347442290625
0 0.1696527078125 0.23860809375 0.17423343125 0.2419095703125 0.1913135109375 0.2423071140625 0.1939833296875 0.24047841874999998 0.2103320015625 0.20970903125 0.21246636093750002 0.17640282499999999 0.2089223140625 0.15997655 0.2044567078125 0.153352484375 0.1930717234375 0.14787139375 0.1891654734375 0.147780475 0.183139215625 0.1502482640625 0.1693591671875 0.166879859375 0.1646185046875 0.1798097734375 0.162115265625 0.218872275 0.1635677421875 0.226730234375 0.1696527078125 0.23860809375
0 0.1189754078125 0.4518755484375 0.130881959375 0.4521526765625 0.13665898125 0.44518019999999997 0.1389458703125 0.4400173265625 0.139539228125 0.4353366453125 0.14180883125 0.399919978125 0.14033039687499999 0.3878885328125 0.1318998328125 0.3668279015625 0.12922046874999998 0.3628534625 0.119788609375 0.3574178328125 0.1040554359375 0.37400396874999997 0.1014347796875 0.3843751765625 0.1002666015625 0.40260434375000004 0.10283779062500001 0.4235285953125 0.10769587031250001 0.4392899734375 0.1189754078125 0.4518755484375
0 0.08260560781250001 0.47521870312500003 0.08076989999999999 0.5038645374999999 0.0839043390625 0.5449490921875 0.10797965624999999 0.5455094515625001 0.11375667656249999 0.538536975 0.122570471875 0.5230938125 0.12423929687499999 0.49705214687500004 0.12133434375 0.481336228125 0.1197149828125 0.47608243437500003 0.10989065 0.461509490625 0.1041981578125 0.4587689453125 0.0924794078125 0.4584961890625 0.0871793890625 0.4648929578125 0.08260560781250001 0.47521870312500003
0 0.1559931671875 0.5265449875 0.1591948140625 0.5193169640625 0.160496496875 0.49900446406250004 0.16044953125 0.48752794687499995 0.14676841406250002 0.44156862500000005 0.13895591406250002 0.4413867859375 0.130642765625 0.4490174484375 0.127295871875 0.45545967656249997 0.12484209843750001 0.4632267171875 0.1231732734375 0.48926838281249996 0.12429198593749999 0.5023346765625 0.1275307046875 0.5128422609375 0.14092752343749998 0.5327144578125 0.144666890625 0.5354095437499999 0.148573140625 0.5355004625 0.1559931671875 0.5265449875
0 0.170639959375 0.58765348125 0.17828116249999998 0.5824196265625 0.18759560625 0.5591639640625 0.1882002421875 0.5550703578125 0.1898523796875 0.5292891078124999 0.18959819687499999 0.5279139640625 0.18156010625000002 0.515990646875 0.1778207390625 0.5132955609375001 0.167554465625 0.5208807640625001 0.1601344390625 0.5298362375 0.1516049421875 0.5713665265625 0.1511042953125 0.5791790265625 0.1536167765625 0.5857576328125 0.15576691250000002 0.5873073062499999 0.170639959375 0.58765348125
0 0.2126683515625 0.6089745 0.21957305468750002 0.6042451109375 0.2266453390625 0.5900328421875 0.23029798124999998 0.533034140625 0.2301051421875 0.5314648234375 0.22385329375000002 0.5221911312499999 0.21408766875000002 0.5219638343749999 0.20454763437499998 0.5334780171875 0.1999738546875 0.5438037640625 0.19473254375 0.564546178125 0.1945161953125 0.5984458046875 0.1970286765625 0.605024409375 0.20619862968749997 0.608823915625 0.2126683515625 0.6089745
0 0.1904747515625 0.3974829203125 0.191451415625 0.3822422859375 0.18106790625 0.3588441234375 0.17911478125 0.3587986640625 0.1674547390625 0.3728715546875 0.1604271859375 0.39096434062499996 0.1576396484375 0.403939715625 0.1561377046875 0.427377215625 0.15759018281249998 0.43523517500000003 0.1642439359375 0.44510503281249997 0.1805083515625 0.445483590625 0.1904747515625 0.3974829203125
0 0.1878637828125 0.4229647484375 0.1923293890625 0.42958881406250005 0.20014188906250002 0.42977065156250005 0.20616814687499999 0.42730286250000005 0.21358817343749997 0.41834738906249996 0.216208828125 0.40797618125 0.21413828750000002 0.379239428125 0.2125189265625 0.373985634375 0.2028614765625 0.35680852500000004 0.199122109375 0.3541134390625 0.187403359375 0.35384068125 0.184223346875 0.3576787421875 0.1816026921875 0.36804994999999996 0.179766984375 0.3966957828125 0.1878637828125 0.4229647484375
0 0.19881323906249998 0.33069899375 0.209678278125 0.31758561875 0.2136417390625 0.2557366625 0.2080597328125 0.24745657968749998 0.20236723906249998 0.24471603437499997 0.1906484890625 0.24444327656249998 0.18534847031249999 0.25084004531250004 0.175366496875 0.284512375 0.1746989671875 0.29492904062499997 0.1824620015625 0.32640633750000003 0.1872760484375 0.33140848125 0.1950885484375 0.33159031875 0.19881323906249998 0.33069899375
0 0.2372216890625 0.28458284218749996 0.24692860468750003 0.27046449375 0.2471739828125 0.26968779062500003 0.249260015625 0.23713570625 0.24585935937499998 0.22610274062500002 0.230509415625 0.206185084375 0.222696915625 0.206003246875 0.211036875 0.2200761375 0.2085831015625 0.22784317812500002 0.207915571875 0.2382598453125 0.2167973171875 0.282803434375 0.21947668125000003 0.2867778734375 0.2251691734375 0.28951841875 0.2372216890625 0.28458284218749996
0 0.25011288593750003 0.35660428906249997 0.25129218125 0.3519372453125 0.25417925 0.30688516093749996 0.2534505375 0.30452095468749996 0.24719868906250003 0.2952472640625 0.24046782812499998 0.290396109375 0.23141243125000002 0.2901853421875 0.21829428750000002 0.30370268437500003 0.2068598375 0.329517053125 0.2044060640625 0.33728409375 0.20307100312499998 0.3581174265625 0.20954844375 0.37913259843749997 0.219539659375 0.3911013765625 0.222531153125 0.39325744375 0.22950230624999998 0.39341970000000004 0.24096532499999998 0.377255784375 0.25011288593750003 0.35660428906249997
0 0.216764421875 0.49927089375 0.216844540625 0.49878374843750006 0.2200580734375 0.44863726406250004 0.2168633546875 0.436679975 0.212754996875 0.430585834375 0.201817496875 0.4303312609375 0.198558990625 0.43234185937499997 0.18901895625 0.44385604218749997 0.18444517656249998 0.45418178906250006 0.1762494453125 0.49050374375 0.175581915625 0.5009204109375001 0.180773759375 0.51147345625 0.1866789921875 0.51760941875 0.194647740625 0.51779489375 0.20901063125000002 0.5134347015625 0.216764421875 0.49927089375
0 0.269812903125 0.6416011640625 0.27829969062500004 0.641798696875 0.285999065625 0.634479753125 0.2889534859375 0.6189002125 0.2867160609375 0.5927676281250001 0.283310459375 0.5848642093749999 0.27689172812499996 0.578194684375 0.26517297812499996 0.5779219265625 0.261826084375 0.5843641546875 0.25703595625000003 0.628589528125 0.260274675 0.6390971140625 0.269812903125 0.6416011640625
0 0.32024663124999997 0.5640118859375 0.3208708921875 0.5603751453125 0.32227270625000004 0.5385001453125 0.32062986250000003 0.5275080937500001 0.313985540625 0.5090970890625 0.3077336921875 0.499823396875 0.2931134828125 0.491919759375 0.2825759109375 0.49167449531249996 0.27347056406250003 0.5003299390625 0.2708499078125 0.510701146875 0.269347965625 0.534138646875 0.272586684375 0.54464623125 0.28241101875 0.5592191765625001 0.30023999843750004 0.582845803125 0.3067070125 0.5829963234375 0.3103728328125 0.5807344015625 0.31567285156249997 0.574337634375 0.32024663124999997 0.5640118859375
0 0.33630866406250004 0.48353615625 0.3389378171875 0.47379542499999994 0.34084584218749997 0.4440211203125 0.33468006093749997 0.43264125625 0.3313146296875 0.43021567968749996 0.3225255703125 0.4300111125 0.31710193593749997 0.432232121875 0.297128746875 0.45393567343749996 0.2897674296875 0.4772367953125 0.28843236875 0.498070128125 0.2898848453125 0.5059280875 0.2959698109375 0.5178059453125 0.2993352421875 0.520231521875 0.3041064484375 0.5203425734375 0.3208010796875 0.5118637734375 0.33630866406250004 0.48353615625
0 0.28842004062500004 0.4440831875 0.28372884374999996 0.42571764375 0.2769176390625 0.4099108046875 0.27066579062499996 0.4006371125 0.24918141562499999 0.4001370578125 0.243881396875 0.4065338265625 0.23278071093750002 0.42713986249999997 0.230945003125 0.45578569687500003 0.23898309375000001 0.46770901406250004 0.26678939687500003 0.49287189062500003 0.275695646875 0.4930791859375 0.2839636765625 0.483100228125 0.28641744999999996 0.4753331875 0.2890381046875 0.46496198125 0.28842004062500004 0.4440831875
0 0.2579415734375 0.416054459375 0.2600917109375 0.417604134375 0.27163955624999997 0.4178729125 0.27959283125 0.413950346875 0.2870128578125 0.4049948703125 0.29067188125 0.396734271875 0.29284135624999996 0.3628801046875 0.29196986875 0.3581653296875 0.290350509375 0.3529115390625 0.28409866093749997 0.3436378453125 0.27237991093749997 0.3433650890625 0.26635365312500003 0.3458328765625 0.2569805015625 0.3547428921875 0.2555082375 0.3594031171875 0.2536725296875 0.38804895156249997 0.255595975 0.4068716859375 0.2579415734375 0.416054459375
0 0.2767915921875 0.3454890140625 0.2826509671875 0.3456253921875 0.288677225 0.343157603125 0.3003372671875 0.3290847140625 0.3108698203125 0.3013193953125 0.314187521875 0.249547378125 0.30545191875 0.23400990156249998 0.2919469265625 0.23108751718749998 0.2798944109375 0.2360230953125 0.2703543765625 0.2475372765625 0.2636605890625 0.26042173125 0.258419278125 0.2811641453125 0.2582029296875 0.315063771875 0.2609410015625 0.3333838578125 0.263620365625 0.337358296875 0.2767915921875 0.3454890140625
0 0.3467023109375 0.3953651453125 0.347593584375 0.3875617359375 0.34999669375 0.3500617359375 0.3497061984375 0.3484901453125 0.34034589843749996 0.3318415609375 0.334937246875 0.3317156734375 0.3240899828125 0.33615769218749997 0.312429940625 0.35023058125 0.294468584375 0.3863252390625 0.294919765625 0.4098081984375 0.304410334375 0.42958947500000005 0.316414634375 0.43456337031250003 0.31856306874999996 0.43461337499999997 0.32996784218749997 0.42757628125 0.33738786875 0.41862080625000003 0.3467023109375 0.3953651453125
0 0.37883848124999997 0.6386618562499999 0.3940123 0.6155425734375 0.392108640625 0.5842016531249999 0.37089932187499997 0.5641476203125 0.35918057187499997 0.5638748625 0.343054925 0.5713236875 0.3313948828125 0.5853965765625 0.320294196875 0.6060026125 0.3150528859375 0.6267450265625001 0.3138847078125 0.64497419375 0.315170303125 0.6554363203125 0.32125526875 0.667314178125 0.33799898125 0.680744146875 0.34190523125 0.680835065625 0.37883848124999997 0.6386618562499999
0 0.3943639765625 0.6298950390625 0.4002233515625 0.6300314171875 0.42628150624999994 0.6202057234375 0.4404540296875 0.6127114390624999 0.45168459375000003 0.5946572031249999 0.4522206671875 0.5862919109375 0.4367548859375 0.5330797890625 0.43172992343749994 0.5199225765625 0.4272643171875 0.5132985125 0.3690043328125 0.5067263921875 0.36158430625000004 0.51568186875 0.3570105265625 0.526007615625 0.35176921562499996 0.54675003125 0.3512685671875 0.55456253125 0.354173521875 0.57027845 0.3943639765625 0.6298950390625
0 0.38692552187499996 0.7017113562499999 0.39494816250000003 0.7108234140625 0.3970828484375 0.7118511187500001 0.41417269218749997 0.7122488890625001 0.42686569375000005 0.7011341 0.44276574999999996 0.681943796875 0.4448239515625 0.677297209375 0.4468932953125 0.64500554375 0.445435871875 0.6402771296875 0.440970265625 0.6336530640625 0.4277990390625 0.625522346875 0.4238927890625 0.625431428125 0.41981965624999995 0.6279446765625 0.41150650781250003 0.6355753390625 0.40196647343749997 0.6470895203125 0.3929857953125 0.66513685 0.3870553203125 0.6996858921875 0.38692552187499996 0.7017113562499999
0 0.3984944515625 0.35940589375 0.3903481859375 0.3644323890625 0.382928159375 0.3733878625 0.357154303125 0.4093006828125 0.35224675781250003 0.4248347640625 0.3467890984375 0.47947680468750004 0.35131341250000003 0.500446515625 0.35539934375 0.5121474453125 0.38108835937499996 0.5127453640625 0.39093526875 0.507888853125 0.399248415625 0.500258190625 0.406835325 0.4886985484375 0.42089043125 0.45251297343749997 0.4235110875 0.442141765625 0.42684873906250004 0.39005843125 0.4253962609375 0.382200471875 0.4221575421875 0.37169288749999996 0.4141194515625 0.35976956875 0.3984944515625 0.35940589375
0 0.3629608671875 0.355318778125 0.3688202421875 0.35545515625 0.3790865140625 0.34786995468750004 0.38684030625 0.3337061453125 0.389349090625 0.322028309375 0.391301615625 0.291559559375 0.38822483281250003 0.281577353125 0.3767811390625 0.261750615625 0.36930240468750003 0.25636044375 0.36539615468750003 0.256269525 0.3533436390625 0.261205103125 0.34368925781250004 0.27755600625 0.34174600312500003 0.3078800796875 0.34387155625 0.3327060359375 0.35352900625 0.349883146875 0.3629608671875 0.355318778125
0 0.49048086562500004 0.4501554296875 0.47290274062500004 0.4497462953125 0.4668764828125 0.4522140828125 0.4504170703125 0.46487124062499996 0.4472370578125 0.4687093015625 0.43949250937500006 0.528514215625 0.44206369843750004 0.54943846875 0.44530241718749997 0.559946053125 0.49556215625 0.623383078125 0.5135837171875 0.6238025359375 0.5165759890625 0.6228941609375 0.521876009375 0.6164973921875 0.5331435765625 0.5932871890625 0.5378842390624999 0.580357275 0.53793370625 0.549061815625 0.5371487593750001 0.5307871890625 0.5295526078125 0.4967057265625 0.5107970625 0.46888465156250003 0.5016989671875 0.4582406875 0.49048086562500004 0.4501554296875
0 0.546338384375 0.6971991265625 0.5528158249999999 0.718214296875 0.567998884375 0.7407361203125 0.5753107375 0.7487304578125 0.5860672390625 0.7553705421875 0.6076167203125 0.7558721125 0.6220188546875 0.752425653125 0.6340713703125 0.7474900765625 0.642217634375 0.74246358125 0.6508617640625001 0.7342465671875 0.6528346859374999 0.7034595296874999 0.6551447859375 0.64757060625 0.6365561234375 0.6171453640625 0.6159061609375 0.603624478125 0.6025680515625 0.5980979265624999 0.5752243015625 0.59746149375 0.5550842296875 0.6217692125000001 0.5483904421875 0.6346536671874999 0.5461035515625 0.639816540625 0.5434334296875 0.6814832078124999 0.546338384375 0.6971991265625
0 0.7202347859375 0.735281675 0.723424690625 0.7251845218749999 0.7245750671875 0.7072331328125 0.7125799265625 0.6868545625 0.696514859375 0.6765700515625 0.6694640796875 0.6759404375 0.662132440625 0.680464284375 0.656832421875 0.6868610515625 0.6524255250000001 0.6945826328125 0.6510904640625 0.715415965625 0.65790166875 0.731222803125 0.6661066421874999 0.7405419546875 0.6802227046875 0.748173053125 0.7058737453124999 0.7487700875 0.7106947515625001 0.74679585625 0.7202347859375 0.735281675
0 0.7263184484375 0.8509599281250001 0.7406813390625 0.8465997359375 0.748827603125 0.8415732421875 0.7647276609375 0.8223829374999999 0.7693014406249999 0.8120571890624999 0.7706365015625 0.79122385625 0.7661708953125 0.784599790625 0.7471353453125 0.7794622421875 0.7301431609375 0.77906674375 0.7192958953125 0.7835087625 0.7070764984375 0.79104850625 0.69346333125 0.8050759359375 0.6869364265625 0.8153562234375 0.6843157703125 0.82572743125 0.6859351296875 0.8309812234375 0.692186978125 0.840254915625 0.69949883125 0.8482492546874999 0.704052825 0.8504416890625001 0.7263184484375 0.8509599281250001