0 0.7203125 0.4421875 0.0625 0.078125
0 0.5234375 0.471875 0.090625 0.12265625
0 0.93515625 0.6015625 0.1171875 0.1484375
0 0.440625 0.52890625 0.103125 0.14140625
0 0.24765625 0.87734375 0.0640625 0.08984375
0 0.640625 0.8375 0.09453125 0.125
0 0.3484375 0.78046875 0.0515625 0.06953125
0 0.328125 0.84921875 0.0578125 0.07734375
0 0.21875 0.76953125 0.05546875 0.0703125
0 0.50703125 0.7234375 0.084375 0.11171875
0 0.18515625 0.59453125 0.0875 0.1109375
0 0.80859375 0.478125 0.0703125 0.0828125
0 0.62734375 0.31953125 0.1015625 0.11953125
0 0.78984375 0.57578125 0.09609375 0.12421875
0 0.5640625 0.778125 0.059375 0.075
0 0.884375 0.36484375 0.0578125 0.0796875
0 0.66796875 0.39921875 0.06640625 0.08671875
0 0.17578125 0.83984375 0.07890625 0.11171875
0 0.7203125 0.778125 0.08828125 0.1078125
0 0.78984375 0.7109375 0.1015625 0.1328125
0 0.7859375 0.39140625 0.07578125 0.09296875
0 0.31484375 0.434375 0.0703125 0.0921875
0 0.540625 0.86953125 0.0875 0.121875
0 0.6515625 0.61015625 0.06640625 0.0890625
0 0.2859375 0.69453125 0.09296875 0.12421875
0 0.28125 0.80078125 0.06796875 0.0875
0 0.9640625 0.2796875 0.06875 0.08671875
0 0.4578125 0.8171875 0.07890625 0.1125
0 0.63984375 0.70546875 0.06953125 0.09609375
0 0.86796875 0.8984375 0.0765625 0.1046875
0 0.7046875 0.29609375 0.07421875 0.0875
0 0.42265625 0.36015625 0.07265625 0.090625
0 0.32734375 0.55625 0.0609375 0.07578125
0 0.69609375 0.5328125 0.0859375 0.1078125
0 0.7890625 0.878125 0.0671875 0.0875
0 0.978125 0.4125 0.04375 0.075
0 0.709375 0.678125 0.07734375 0.0875
0 0.5625 0.56875 0.07578125 0.1015625
0 0.44296875 0.6609375 0.07734375 0.1
0 0.7234375 0.36953125 0.05234375 0.06328125
0 0.6546875 0.47109375 0.034375 0.05
0 0.84140625 0.80390625 0.0671875 0.09140625
0 0.60859375 0.47109375 0.059375 0.071875
0 0.3625 0.49296875 0.0625 0.07265625
0 0.3609375 0.64375 0.08125 0.10703125
0 0.9265625 0.40859375 0.05390625 0.0671875
0 0.57109375 0.39609375 0.065625 0.08046875
0 0.94609375 0.484375 0.0703125 0.0859375
0 0.971875 0.85078125 0.05625 0.1359375
0 0.38203125 0.84921875 0.0640625 0.08515625
0 0.2625 0.59765625 0.06640625 0.0765625
0 0.84453125 0.2828125 0.0734375 0.09375
0 0.37890625 0.7234375 0.05390625 0.06875
0 0.86171875 0.53515625 0.06171875 0.078125
0 0.7171875 0.60859375 0.04453125 0.0546875
0 0.83828125 0.64140625 0.05 0.05859375
0 0.50859375 0.62109375 0.06328125 0.084375
0 0.5625 0.66484375 0.06796875 0.084375
0 0.625 0.5421875 0.05546875 0.06953125
0 0.90546875 0.81484375 0.06484375 0.084375
0 0.10859375 0.80546875 0.05859375 0.08359375
0 0.98203125 0.34609375 0.0359375 0.05234375
0 0.4421875 0.73359375 0.040625 0.0484375
0 0.4015625 0.77265625 0.0421875 0.0546875
0 0.753125 0.4921875 0.046875 0.0578125
0 0.9640625 0.71875 0.0640625 0.0890625
0 0.134375 0.696875 0.078125 0.11015625
0 0.88828125 0.6953125 0.0546875 0.06875
0 0.4953125 0.36328125 0.0859375 0.10234375
0 0.20078125 0.6890625 0.05546875 0.07578125
0 0.40546875 0.43671875 0.04921875 0.059375
0 0.89921875 0.29140625 0.04453125 0.05078125
0 0.77578125 0.30234375 0.0578125 0.0828125
0 0.99375 0.47890625 0.01171875 0.06796875
0 0.45703125 0.434375 0.05234375 0.0640625
0 0.93046875 0.3515625 0.04375 0.05859375
0 0.99140625 0.49140625 0.0171875 0.084375