0 0.35221955056495924 0.7429185625024715 0.1206204046884876 0.16281497646022594
0 0.31821036660568464 0.4435731274372796 0.09497958109881743 0.11569720774083603
0 0.48810250656432286 0.7452332646137918 0.06667951734563574 0.0917704886359143
0 0.09213657324159513 0.6740357435071782 0.11472693968808992 0.15978301318916213
0 0.5813814339195037 0.5827002625851969 0.08257723734881743 0.11548072402541756
0 0.449467815245095 0.6420224898570256 0.10935002743574351 0.14240751334138899
0 0.5976304058720968 0.9315644565788425 0.0459807324256019 0.06660954053337562
0 0.5019399292648213 0.49582359984113944 0.1014648021015617 0.13602114564663736
0 0.31645586791854924 0.5943543774372796 0.13001699502207292 0.16483408644392786
0 0.19586046256368655 0.7550209163975055 0.0824681493475448 0.10610572402541756
0 0.045305384548096364 0.8724692893672629 0.06810686209519831 0.08857340132868004
0 0.11232344593413938 0.4830970978092493 0.10474200235219802 0.14076489732072234
0 0.06189563725336731 0.5878624642861852 0.053828458759346144 0.06977325197812725
0 0.37342983720564227 0.9339157094182162 0.08558867243196522 0.11416637900713411
0 0.6656718812062785 0.9241280576345028 0.08871828618315832 0.1230082839888503
0 0.31246561254777816 0.870149264206755 0.07791466826463563 0.10915060800475089
0 0.6229593119032771 0.7014814902640627 0.08884655501570951 0.11724997443121907
0 0.11390139055541422 0.817376640422923 0.09821253276674353 0.12502909856873642
0 0.5596866052275958 0.7689786818220762 0.07949534959818116 0.11074038154370136
0 0.13849176320818757 0.9192703770302426 0.08438504851606746 0.11980828175673679
0 0.19017463124604944 0.6395186473227821 0.09351587368216405 0.11576929504807013
0 0.018429353209801567 0.6707119204546952 0.036858706419603135 0.15847850284060955
0 0.46829798921868715 0.8361855470811961 0.075913748846272 0.09661822067724728
0 0.25938661322409595 0.7999964513005414 0.07629648793065273 0.10433817821580078
0 0.5015093838717787 0.9355855292242886 0.08865685576463563 0.10933811358503434
0 0.7514366585375969 0.937471762992234 0.06984088001272681 0.09495003571381488
0 0.6341502558880052 0.8137633019524599 0.0824874670144368 0.10776588027541756
0 0.23100652721200557 0.8895362382321725 0.05712497667687453 0.07617715990221222
0 0.010298416613638802 0.8403659013799718 0.020596833227277605 0.1192681972400564
0 0.55071959054746 0.868333799516828 0.04174742367520423 0.06360655539744613
0 0.009507528604411956 0.9583346513799718 0.01901505720882391 0.0833306972400564
0 0.01279156990472878 0.5317585146104966 0.02558313980945756 0.09898126618282248
0 0.7417173078851416 0.8329751777648864 0.08564769334818116 0.11084777110331849
0 0.04663097986955146 0.9599283790588373 0.054034066677272244 0.07905230032431163
0 0.22368765993000322 0.5116157897743 0.0663751168443631 0.08239207944354554
0 0.044025242560504885 0.7811039496756884 0.066606792011454 0.0855204886359143
0 0.9429974498727332 0.9208495044708174 0.06984315267941987 0.09514534821381489
0 0.4218978932606852 0.5276833003276069 0.066545498428545 0.08864378403972992