0 0.0283203125 0.78447830625 0.0439453125 0.7897081609375001 0.0576171875 0.7897081609375001 0.0693359375 0.78447830625 0.0810546875 0.7740185953125 0.08984375 0.7622514203125 0.09375 0.7517917093750001 0.09375 0.71256779375 0.08984375 0.6890334453125 0.0478515625 0.6641916328125 0.0322265625 0.6641916328125 0.0205078125 0.6694214875 0.009765625 0.683803590625 0.00390625 0.71256779375 0.001953125 0.7334872156250001 0.00390625 0.7544066375 0.0087890625 0.763558884375 0.0283203125 0.78447830625
0 0.1142578125 0.7766335234375 0.1201171875 0.781863378125 0.1376953125 0.7870932328125 0.1455078125 0.78447830625 0.158203125 0.775326059375 0.16796875 0.7544066375 0.169921875 0.7465618546874999 0.169921875 0.7334872156250001 0.16796875 0.71779765 0.162109375 0.69949315625 0.1513671875 0.685111053125 0.1435546875 0.6772662703125001 0.1357421875 0.67465134375 0.1162109375 0.67465134375 0.1015625 0.6916483734375001 0.09765625 0.7047230109375 0.095703125 0.720412578125 0.09765625 0.7465618546874999 0.107421875 0.7674812765625 0.1142578125 0.7766335234375
0 0.0966796875 0.6798811984375 0.103515625 0.6707289515625 0.10546875 0.6524244578125 0.1015625 0.6315050359375001 0.0927734375 0.6197378609374999 0.0791015625 0.6118930781249999 0.0751953125 0.6118930781249999 0.0693359375 0.61450800625 0.0625 0.623660253125 0.05859375 0.6341199640624999 0.056640625 0.644579675 0.05859375 0.66288416875 0.0791015625 0.6877259812500001 0.0966796875 0.6798811984375
0 0.0244140625 0.6615767046875 0.0322265625 0.6615767046875 0.048828125 0.6498095296875 0.05078125 0.644579675 0.05078125 0.621045325 0.046875 0.6105856140625 0.0419921875 0.6040482953125 0.0244140625 0.598818440625 0.0166015625 0.6040482953125 0.009765625 0.6132005421875 0.0078125 0.6184303984375 0.0078125 0.63934981875 0.0205078125 0.6589617765625 0.0244140625 0.6615767046875
0 0.1376953125 0.666806559375 0.1455078125 0.6720364156249999 0.1552734375 0.6720364156249999 0.1650390625 0.6641916328125 0.173828125 0.6498095296875 0.17578125 0.641964746875 0.17578125 0.62627518125 0.171875 0.6105856140625 0.1630859375 0.598818440625 0.1396484375 0.5935885843750001 0.125 0.6132005421875 0.123046875 0.6184303984375 0.125 0.6498095296875 0.126953125 0.6550393859375 0.1376953125 0.666806559375
0 0.0810546875 0.6118930781249999 0.0888671875 0.617122934375 0.1025390625 0.61450800625 0.111328125 0.6001259046875 0.11328125 0.5765915546875 0.109375 0.563516915625 0.1025390625 0.55436466875 0.0966796875 0.5517497421875001 0.0849609375 0.5517497421875001 0.0810546875 0.55436466875 0.072265625 0.568746771875 0.0703125 0.5765915546875 0.0703125 0.5948960484375 0.072265625 0.6001259046875 0.0810546875 0.6118930781249999
0 0.0185546875 0.5935885843750001 0.0263671875 0.598818440625 0.0498046875 0.598818440625 0.0625 0.5792064828125 0.06640625 0.5582870609375 0.064453125 0.545212421875 0.05859375 0.5295228562500001 0.0419921875 0.5099108984375 0.0341796875 0.5099108984375 0.0224609375 0.5151407546875 0.015625 0.5242930015625 0.0078125 0.5425974953125 0.005859375 0.550442278125 0.005859375 0.568746771875 0.009765625 0.581821409375 0.0185546875 0.5935885843750001
0 0.1455078125 0.5935885843750001 0.1494140625 0.5962035125 0.1630859375 0.5962035125 0.169921875 0.5896661937500001 0.173828125 0.5792064828125 0.173828125 0.5582870609375 0.1708984375 0.5517497421875001 0.1494140625 0.54129003125 0.138671875 0.55305720625 0.13671875 0.5582870609375 0.13671875 0.5765915546875 0.140625 0.587051265625 0.1455078125 0.5935885843750001
0 0.1142578125 0.556979596875 0.1240234375 0.556979596875 0.1328125 0.5425974953125 0.1328125 0.526907928125 0.12890625 0.5112183625 0.1220703125 0.50468104375 0.1123046875 0.50468104375 0.103515625 0.5112183625 0.1015625 0.51644821875 0.1015625 0.545212421875 0.1083984375 0.55436466875 0.1142578125 0.556979596875
0 0.0869140625 0.538675103125 0.091796875 0.5321377843749999 0.095703125 0.5138332906249999 0.09375 0.5033735796875 0.0859375 0.4850690859375 0.0751953125 0.483761621875 0.0673828125 0.48899147656249997 0.0625 0.4981437234375 0.060546875 0.51644821875 0.064453125 0.526907928125 0.0732421875 0.538675103125 0.0869140625 0.538675103125
0 0.033203125 0.4876840140625 0.037109375 0.477224303125 0.037109375 0.45630488125 0.0283203125 0.4419227796875 0.0169138953125 0.43427520468749997 0.0009765625 0.4419227796875 0 0.49029894062499996 0.0107421875 0.502066115625 0.0205078125 0.502066115625 0.033203125 0.4876840140625
0 0.0537109375 0.45499741718750003 0.0771484375 0.45499741718750003 0.08203125 0.4510750265625 0.0859375 0.43277053125 0.0859375 0.4066212546875 0.080078125 0.37785704999999997 0.0751953125 0.368704803125 0.0712890625 0.36608987656249997 0.0537109375 0.36608987656249997 0.0458984375 0.368704803125 0.0361328125 0.3765495875 0.03125 0.38308690625 0.029296875 0.3909316890625 0.02734375 0.4066212546875 0.03125 0.43015560468749997 0.0419921875 0.44715263437499997 0.0537109375 0.45499741718750003
0 0.013671875 0.3883167609375 0.009765625 0.37785704999999997 0.0048828125 0.37131973125 0.0009765625 0.37131973125 0 0.422310821875 0.0068359375 0.423618284375 0.01171875 0.4144660375 0.013671875 0.3883167609375
0 0 0.3569376296875 0.0068359375 0.36608987656249997 0.0224609375 0.3765495875 0.0322265625 0.3765495875 0.0400390625 0.37131973125 0.046875 0.35955255625000004 0.046875 0.328173425 0.0390625 0.307254003125 0.0283203125 0.29810175625 0.0205078125 0.29810175625 0.0126953125 0.300716684375 0.0048828125 0.3085614671875 0 0.31509878593749996 0 0.3569376296875
0 0.0205078125 0.2928719015625 0.0302734375 0.295486828125 0.0400390625 0.2902569734375 0.052734375 0.2680300875 0.0546875 0.2601853046875 0.0546875 0.2392658828125 0.052734375 0.2314211 0.0341796875 0.2170389984375 0.0263671875 0.2170389984375 0.0205078125 0.22226885312500003 0.009765625 0.2392658828125 0.0078125 0.247110665625 0.0078125 0.270645015625 0.013671875 0.28633458125 0.0205078125 0.2928719015625
0 0.015625 0.192197184375 0.0078125 0.1686628359375 0.0009765625 0.16212551718749998 0 0.2314211 0.0029296875 0.2327285640625 0.015625 0.20788675156249997 0.015625 0.192197184375
0 0.0419921875 0.1987345046875 0.0517578125 0.20396435937500002 0.0595703125 0.20396435937500002 0.0712890625 0.1987345046875 0.078125 0.18696732968750002 0.08203125 0.1712777640625 0.08203125 0.158203125 0.076171875 0.13989863125 0.064453125 0.11636428125 0.0595703125 0.11244189062500001 0.0498046875 0.10982696249999999 0.0400390625 0.11505681875 0.03125 0.1268239921875 0.025390625 0.14251355937500002 0.025390625 0.1712777640625 0.033203125 0.18696732968750002 0.0419921875 0.1987345046875
0 0.091796875 0.4876840140625 0.1044921875 0.502066115625 0.1259765625 0.502066115625 0.1318359375 0.49945118749999995 0.13671875 0.49291386875 0.140625 0.4798392296875 0.140625 0.4615347359375 0.1337890625 0.44715263437499997 0.1123046875 0.43407799531249996 0.1064453125 0.43407799531249996 0.0966796875 0.4419227796875 0.08984375 0.45368995312499993 0.087890625 0.45891980937500004 0.087890625 0.474609375 0.08984375 0.4824541578125 0.091796875 0.4876840140625
0 0.1513671875 0.54129003125 0.1650390625 0.5491348140625 0.1748046875 0.5491348140625 0.1826171875 0.5465198859375 0.189453125 0.5399825671875 0.1953125 0.5216780734375 0.1953125 0.508603434375 0.193359375 0.49552879687500007 0.1845703125 0.4785317671875 0.1708984375 0.4628422 0.1630859375 0.4628422 0.1494140625 0.4706869828125 0.140625 0.4824541578125 0.13671875 0.49291386875 0.13671875 0.5112183625 0.142578125 0.5295228562500001 0.1513671875 0.54129003125
0 0.1162109375 0.4366929234375 0.1318359375 0.44453770625000005 0.1396484375 0.44453770625000005 0.1484375 0.43538545937500006 0.158203125 0.4092361828125 0.158203125 0.398776471875 0.15234375 0.380471978125 0.1376953125 0.3608600203125 0.1318359375 0.3608600203125 0.1181640625 0.368704803125 0.10546875 0.3883167609375 0.103515625 0.39616154375 0.103515625 0.4092361828125 0.109375 0.4275406765625 0.1162109375 0.4366929234375
0 0.0751953125 0.3634749484375 0.0927734375 0.37131973125 0.1025390625 0.37131973125 0.119140625 0.3543227015625 0.123046875 0.3334032796875 0.123046875 0.31509878593749996 0.119140625 0.2994092203125 0.1083984375 0.277182334375 0.1044921875 0.27456740625 0.0830078125 0.27456740625 0.0771484375 0.277182334375 0.06640625 0.2915644375 0.060546875 0.307254003125 0.060546875 0.3334032796875 0.064453125 0.3490928453125 0.0751953125 0.3634749484375
0 0.0849609375 0.2693375515625 0.0888671875 0.2719524796875 0.1064453125 0.2719524796875 0.1171875 0.2601853046875 0.119140625 0.252340521875 0.119140625 0.2314211 0.115234375 0.21050167812499998 0.1083984375 0.20134943125000002 0.0908203125 0.1961195765625 0.0810546875 0.20134943125000002 0.072265625 0.21311660625 0.0703125 0.2183464625 0.0703125 0.2392658828125 0.072265625 0.24972559374999997 0.0849609375 0.2693375515625
0 0.1240234375 0.2144240703125 0.1298828125 0.2170389984375 0.1396484375 0.2170389984375 0.1455078125 0.2144240703125 0.15625 0.197427040625 0.158203125 0.1843524015625 0.15625 0.1686628359375 0.1494140625 0.149050878125 0.1318359375 0.1438210234375 0.1220703125 0.1438210234375 0.109375 0.16343297968749998 0.107421875 0.17389269062499998 0.109375 0.1895822578125 0.11328125 0.20004196875 0.1240234375 0.2144240703125
0 0.169921875 0.2026568953125 0.1787109375 0.2118091421875 0.1884765625 0.2170389984375 0.2001953125 0.2170389984375 0.2060546875 0.2144240703125 0.21484375 0.2026568953125 0.2265625 0.179122546875 0.228515625 0.1686628359375 0.2265625 0.1477434140625 0.21484375 0.11897920937499999 0.2021484375 0.1045971078125 0.1865234375 0.1045971078125 0.1689453125 0.11767174531249999 0.1640625 0.1268239921875 0.158203125 0.14251355937500002 0.158203125 0.1712777640625 0.162109375 0.1895822578125 0.169921875 0.2026568953125
0 0.1357421875 0.29810175625 0.1416015625 0.300716684375 0.1552734375 0.300716684375 0.16796875 0.2784897984375 0.171875 0.2601853046875 0.16796875 0.2314211 0.1552734375 0.2170389984375 0.1416015625 0.2170389984375 0.1318359375 0.22226885312500003 0.126953125 0.228806171875 0.123046875 0.2418808109375 0.12109375 0.24972559374999997 0.12109375 0.2784897984375 0.123046875 0.2837196546875 0.1357421875 0.29810175625
0 0.1533203125 0.36608987656249997 0.1650390625 0.37131973125 0.1748046875 0.37131973125 0.1826171875 0.36608987656249997 0.1875 0.35955255625000004 0.19140625 0.3490928453125 0.193359375 0.33078835156249997 0.1826171875 0.30594653906249997 0.1708984375 0.300716684375 0.1552734375 0.3033316109375 0.146484375 0.3124838578125 0.142578125 0.32294356875 0.140625 0.33078835156249997 0.142578125 0.3517077734375 0.14453125 0.3569376296875 0.1533203125 0.36608987656249997
0 0.1806640625 0.46022727343750003 0.2041015625 0.46022727343750003 0.2080078125 0.45761234531249995 0.216796875 0.43277053125 0.216796875 0.417080965625 0.212890625 0.398776471875 0.208984375 0.3909316890625 0.2021484375 0.3843943703125 0.1904296875 0.3843943703125 0.1806640625 0.389624225 0.171875 0.40139139999999995 0.16796875 0.417080965625 0.16796875 0.43538545937500006 0.17578125 0.45368995312499993 0.1806640625 0.46022727343750003
0 0.2021484375 0.7504842453125 0.2080078125 0.7530991734375 0.2275390625 0.7530991734375 0.2373046875 0.7478693187500001 0.25 0.7334872156250001 0.251953125 0.7099528671875001 0.25 0.683803590625 0.2353515625 0.6641916328125 0.2197265625 0.6537319218750001 0.2021484375 0.6537319218750001 0.1943359375 0.6589617765625 0.1796875 0.6811886625 0.177734375 0.6890334453125 0.177734375 0.71256779375 0.18359375 0.7282573609375 0.2021484375 0.7504842453125
0 0.1904296875 0.6406572828125 0.1982421875 0.6458871390625001 0.2041015625 0.6458871390625001 0.216796875 0.63934981875 0.224609375 0.6184303984375 0.22265625 0.5975109765625 0.2177734375 0.5831288734375 0.2080078125 0.5752840906250001 0.1982421875 0.5752840906250001 0.1904296875 0.580513946875 0.181640625 0.5948960484375 0.1796875 0.60274083125 0.1796875 0.6184303984375 0.185546875 0.6341199640624999 0.1904296875 0.6406572828125
0 0.2197265625 0.580513946875 0.2373046875 0.580513946875 0.25 0.563516915625 0.251953125 0.5582870609375 0.251953125 0.5321377843749999 0.248046875 0.5216780734375 0.2333984375 0.5072959703125 0.2294921875 0.50468104375 0.2177734375 0.5072959703125 0.205078125 0.5242930015625 0.201171875 0.5347527125 0.201171875 0.55305720625 0.205078125 0.563516915625 0.2197265625 0.580513946875
0 0.2509765625 0.5177556812499999 0.2607421875 0.5177556812499999 0.2666015625 0.5151407546875 0.2734375 0.5059885078125 0.275390625 0.5007586515625 0.275390625 0.4667645921875 0.2734375 0.45891980937500004 0.2666015625 0.44715263437499997 0.2587890625 0.4419227796875 0.2490234375 0.4419227796875 0.2353515625 0.44976756250000005 0.2265625 0.4641496640625 0.224609375 0.4693795203125 0.224609375 0.49291386875 0.2333984375 0.50468104375 0.2509765625 0.5177556812499999
0 0.2802734375 0.4523824890625 0.2919921875 0.46022727343750003 0.3095703125 0.46022727343750003 0.3251953125 0.44715263437499997 0.333984375 0.43277053125 0.333984375 0.40139139999999995 0.33203125 0.3909316890625 0.328125 0.38308690625 0.3095703125 0.3608600203125 0.2978515625 0.355630165625 0.2880859375 0.355630165625 0.2802734375 0.3608600203125 0.267578125 0.37785704999999997 0.26171875 0.3935466171875 0.26171875 0.4144660375 0.271484375 0.44323024218749996 0.2802734375 0.4523824890625
0 0.2236328125 0.3974690078125 0.2490234375 0.3974690078125 0.251953125 0.3935466171875 0.259765625 0.37785704999999997 0.26171875 0.3569376296875 0.259765625 0.34647791875 0.2490234375 0.3216361046875 0.2392578125 0.31640625 0.2275390625 0.31640625 0.2197265625 0.31902117812499997 0.2119140625 0.3242510328125 0.203125 0.3386331359375 0.201171875 0.3490928453125 0.203125 0.3700122671875 0.2138671875 0.389624225 0.2236328125 0.3974690078125
0 0.2783203125 0.5752840906250001 0.2900390625 0.5831288734375 0.2978515625 0.5857438015625 0.3134765625 0.5857438015625 0.32421875 0.5739766265624999 0.333984375 0.5556721328124999 0.3359375 0.5425974953125 0.3359375 0.5321377843749999 0.333984375 0.526907928125 0.328125 0.51644821875 0.3115234375 0.4968362609375 0.2919921875 0.4968362609375 0.2763671875 0.5099108984375 0.271484375 0.5190631453125001 0.26953125 0.526907928125 0.26953125 0.5582870609375 0.2734375 0.568746771875 0.2783203125 0.5752840906250001
0 0.2666015625 0.67465134375 0.2802734375 0.67465134375 0.2900390625 0.6694214875 0.3046875 0.6550393859375 0.30859375 0.6367348921875 0.30859375 0.6158154703125 0.302734375 0.6001259046875 0.2919921875 0.5857438015625 0.2783203125 0.5778990187499999 0.2626953125 0.580513946875 0.2568359375 0.5857438015625 0.24609375 0.60274083125 0.2421875 0.6158154703125 0.2421875 0.6471946015625 0.2548828125 0.666806559375 0.2666015625 0.67465134375
0 0.2822265625 0.740024534375 0.2978515625 0.740024534375 0.3056640625 0.7347946796875 0.3125 0.720412578125 0.314453125 0.7073379390625 0.314453125 0.696878228125 0.310546875 0.683803590625 0.3056640625 0.6772662703125001 0.2978515625 0.6720364156249999 0.2919921875 0.6720364156249999 0.2763671875 0.6798811984375 0.271484375 0.6864185171875 0.267578125 0.696878228125 0.267578125 0.71779765 0.26953125 0.7230275046875 0.2822265625 0.740024534375
0 0.3017578125 0.355630165625 0.3154296875 0.3634749484375 0.3251953125 0.36608987656249997 0.3369140625 0.3634749484375 0.3515625 0.34386299062500003 0.35546875 0.3334032796875 0.35546875 0.3203286421875 0.34765625 0.2915644375 0.3369140625 0.2797972625 0.3251953125 0.2719524796875 0.3193359375 0.2693375515625 0.3037109375 0.2719524796875 0.296875 0.2784897984375 0.287109375 0.2994092203125 0.28515625 0.30986893125 0.28515625 0.325558496875 0.2890625 0.33601820781249997 0.3017578125 0.355630165625
0 0.2236328125 0.30594653906249997 0.2353515625 0.300716684375 0.2431640625 0.295486828125 0.25390625 0.2811047265625 0.2578125 0.25757037656250004 0.25390625 0.2392658828125 0.2470703125 0.2301136359375 0.2314453125 0.21965392499999997 0.2099609375 0.2301136359375 0.201171875 0.2418808109375 0.19921875 0.24972559374999997 0.19921875 0.2811047265625 0.2138671875 0.3033316109375 0.2236328125 0.30594653906249997
0 0.2587890625 0.227498709375 0.2685546875 0.2327285640625 0.2841796875 0.2327285640625 0.298828125 0.215731534375 0.302734375 0.2052718234375 0.302734375 0.1817374734375 0.298828125 0.1686628359375 0.2802734375 0.14643595 0.2724609375 0.1438210234375 0.2646484375 0.14643595 0.2568359375 0.15166580624999998 0.24609375 0.1686628359375 0.244140625 0.17650761875 0.244140625 0.197427040625 0.25 0.215731534375 0.2587890625 0.227498709375
0 0.3193359375 0.26672262343750003 0.3291015625 0.2719524796875 0.3388671875 0.2693375515625 0.359375 0.252340521875 0.361328125 0.247110665625 0.361328125 0.2314211 0.357421875 0.21050167812499998 0.3408203125 0.185659865625 0.3271484375 0.185659865625 0.3232421875 0.18827479375 0.310546875 0.20788675156249997 0.306640625 0.22357631718749998 0.306640625 0.2418808109375 0.3125 0.25757037656250004 0.3193359375 0.26672262343750003
0 0.3681640625 0.1987345046875 0.3798828125 0.20657928750000001 0.3857421875 0.20657928750000001 0.3955078125 0.20134943125000002 0.404296875 0.17650761875 0.404296875 0.15297327031250002 0.3984375 0.137283703125 0.3876953125 0.1229016015625 0.3720703125 0.12028667343749999 0.35546875 0.13989863125 0.3515625 0.1503583421875 0.3515625 0.17650761875 0.353515625 0.1817374734375 0.3681640625 0.1987345046875
0 0.3935546875 0.3294808890625 0.4130859375 0.3425555265625 0.4326171875 0.3425555265625 0.4619140625 0.3242510328125 0.46875 0.3124838578125 0.47265625 0.30202414843750003 0.474609375 0.265415159375 0.470703125 0.25495545000000003 0.44921875 0.22357631718749998 0.4384765625 0.2118091421875 0.4150390625 0.20657928750000001 0.4013671875 0.209194215625 0.3896484375 0.2170389984375 0.37890625 0.2392658828125 0.375 0.252340521875 0.375 0.28894950937499997 0.3828125 0.30986893125 0.3935546875 0.3294808890625
0 0.3701171875 0.4628422 0.3779296875 0.46807205625000003 0.3994140625 0.46807205625000003 0.4130859375 0.46022727343750003 0.43359375 0.422310821875 0.4296875 0.37785704999999997 0.427734375 0.3700122671875 0.421875 0.35955255625000004 0.4052734375 0.3425555265625 0.3818359375 0.332095815625 0.3623046875 0.332095815625 0.3583984375 0.33471074375 0.34375 0.35955255625000004 0.341796875 0.3700122671875 0.341796875 0.41185111093750004 0.345703125 0.43538545937500006 0.3701171875 0.4628422
0 0.3291015625 0.5099108984375 0.3427734375 0.5125258265625 0.3603515625 0.49945118749999995 0.365234375 0.4876840140625 0.365234375 0.474609375 0.35546875 0.4510750265625 0.3466796875 0.4419227796875 0.3349609375 0.4419227796875 0.314453125 0.4615347359375 0.3125 0.4667645921875 0.3125 0.4876840140625 0.314453125 0.49291386875 0.3291015625 0.5099108984375
0 0.3623046875 0.5883587296874999 0.3798828125 0.5883587296874999 0.384765625 0.581821409375 0.388671875 0.55305720625 0.38671875 0.5347527125 0.3818359375 0.5282153921875 0.3740234375 0.5229855375 0.3642578125 0.520370609375 0.3564453125 0.525600465625 0.34765625 0.5399825671875 0.345703125 0.54782735 0.345703125 0.568746771875 0.3544921875 0.5831288734375 0.3623046875 0.5883587296874999
0 0.3486328125 0.666806559375 0.3603515625 0.67465134375 0.3740234375 0.67465134375 0.3837890625 0.6694214875 0.388671875 0.66288416875 0.39453125 0.644579675 0.396484375 0.621045325 0.3857421875 0.5935885843750001 0.3505859375 0.5857438015625 0.3466796875 0.5883587296874999 0.333984375 0.6079706875 0.33203125 0.623660253125 0.333984375 0.641964746875 0.3359375 0.6498095296875 0.3486328125 0.666806559375
0 0.3408203125 0.745254390625 0.3447265625 0.7478693187500001 0.3603515625 0.7478693187500001 0.3662109375 0.745254390625 0.375 0.7334872156250001 0.376953125 0.7282573609375 0.376953125 0.696878228125 0.3681640625 0.6798811984375 0.3486328125 0.6694214875 0.3427734375 0.6694214875 0.328125 0.6864185171875 0.326171875 0.6942633 0.326171875 0.715182721875 0.33203125 0.7334872156250001 0.3408203125 0.745254390625
0 0.4052734375 0.7530991734375 0.4189453125 0.763558884375 0.4501953125 0.7661738125 0.4580078125 0.76094395625 0.46875 0.7465618546874999 0.474609375 0.7334872156250001 0.478515625 0.715182721875 0.4745710390625 0.690064525 0.4560546875 0.6589617765625 0.4482421875 0.6537319218750001 0.4267578125 0.65111699375 0.4130859375 0.6537319218750001 0.4033203125 0.6615767046875 0.392578125 0.6759588062499999 0.388671875 0.6864185171875 0.38671875 0.7047230109375 0.390625 0.7256424328125 0.396484375 0.7413319984375 0.4052734375 0.7530991734375
0 0.4912109375 0.7740185953125 0.5107421875 0.7740185953125 0.521484375 0.7622514203125 0.525390625 0.7517917093750001 0.5234375 0.7334872156250001 0.517578125 0.720412578125 0.5107421875 0.71126033125 0.4990234375 0.706030475 0.4912109375 0.706030475 0.48046875 0.71779765 0.4765625 0.7282573609375 0.474609375 0.7361021437499999 0.474609375 0.74917678125 0.4765625 0.757021565625 0.4912109375 0.7740185953125
0 0.4736328125 0.6798811984375 0.4892578125 0.6929558375 0.5048828125 0.6929558375 0.5166015625 0.685111053125 0.5244140625 0.6772662703125001 0.533203125 0.66288416875 0.533203125 0.641964746875 0.53125 0.6288901078125 0.5146484375 0.6040482953125 0.5068359375 0.598818440625 0.5009765625 0.5962035125 0.4853515625 0.598818440625 0.4736328125 0.6066632234375 0.46875 0.6132005421875 0.46484375 0.623660253125 0.462890625 0.6315050359375001 0.462890625 0.6576543125 0.46484375 0.6654990953125 0.4736328125 0.6798811984375
0 0.4228515625 0.648502065625 0.4287109375 0.65111699375 0.4423828125 0.65111699375 0.4521484375 0.6458871390625001 0.4609375 0.6367348921875 0.466796875 0.6158154703125 0.466796875 0.5896661937500001 0.4609375 0.5792064828125 0.4501953125 0.5674393078125 0.4423828125 0.562209453125 0.4365234375 0.562209453125 0.4208984375 0.5700542359375 0.412109375 0.5792064828125 0.40625 0.5922811203125 0.404296875 0.6001259046875 0.404296875 0.621045325 0.408203125 0.6315050359375001 0.4228515625 0.648502065625
0 0.4111328125 0.5700542359375 0.4248046875 0.5700542359375 0.4365234375 0.562209453125 0.447265625 0.550442278125 0.44921875 0.526907928125 0.4453125 0.51644821875 0.4326171875 0.50468104375 0.4267578125 0.502066115625 0.4150390625 0.502066115625 0.3984375 0.5216780734375 0.396484375 0.5295228562500001 0.396484375 0.54782735 0.3984375 0.5556721328124999 0.4111328125 0.5700542359375
0 0.4853515625 0.59097365625 0.5009765625 0.580513946875 0.51171875 0.56613184375 0.51171875 0.545212421875 0.5078125 0.5295228562500001 0.5029296875 0.520370609375 0.4931640625 0.5125258265625 0.4814453125 0.50468104375 0.4775390625 0.50468104375 0.4716796875 0.5072959703125 0.455078125 0.526907928125 0.451171875 0.5582870609375 0.453125 0.563516915625 0.4697265625 0.5857438015625 0.4853515625 0.59097365625
0 0.4267578125 0.49945118749999995 0.4365234375 0.50468104375 0.4501953125 0.50468104375 0.4658203125 0.49422133281249997 0.474609375 0.4824541578125 0.4765625 0.474609375 0.4765625 0.45630488125 0.474609375 0.44846009843749995 0.4677734375 0.4366929234375 0.4560546875 0.428848140625 0.4462890625 0.4262332125 0.4326171875 0.43146306875 0.421875 0.44584517031250004 0.416015625 0.45630488125 0.416015625 0.471994446875 0.421875 0.49291386875 0.4267578125 0.49945118749999995
0 0.4560546875 0.428848140625 0.4716796875 0.428848140625 0.4853515625 0.4210033578125 0.4921875 0.41185111093750004 0.49609375 0.40139139999999995 0.49609375 0.37524212343749996 0.494140625 0.35955255625000004 0.4921875 0.3517077734375 0.4775390625 0.332095815625 0.4638671875 0.32686596093750003 0.4521484375 0.3294808890625 0.4443359375 0.33471074375 0.4375 0.34386299062500003 0.431640625 0.3569376296875 0.4296875 0.3700122671875 0.43359375 0.40400632812500004 0.4462890625 0.423618284375 0.4560546875 0.428848140625
0 0.4716796875 0.24841812968750002 0.4755859375 0.24841812968750002 0.4873046875 0.243188275 0.498046875 0.2314211 0.501953125 0.2209613890625 0.501953125 0.1817374734375 0.4990234375 0.1778150828125 0.4853515625 0.167355371875 0.4794921875 0.16474044375000002 0.4697265625 0.16474044375000002 0.4619140625 0.1699703 0.451171875 0.1843524015625 0.44921875 0.192197184375 0.447265625 0.2026568953125 0.44921875 0.22357631718749998 0.4599609375 0.24057334687499998 0.4716796875 0.24841812968750002
0 0.5185546875 0.243188275 0.5361328125 0.2536479859375 0.5478515625 0.2562629125 0.5673828125 0.243188275 0.58203125 0.22357631718749998 0.583984375 0.2052718234375 0.580078125 0.1843524015625 0.5634765625 0.15951058906249999 0.5556640625 0.15428073281250002 0.5458984375 0.15166580624999998 0.5283203125 0.15428073281250002 0.5126953125 0.167355371875 0.5078125 0.17650761875 0.50390625 0.18696732968750002 0.50390625 0.2183464625 0.5078125 0.2314211 0.5185546875 0.243188275
0 0.5009765625 0.34517045468749996 0.5126953125 0.34517045468749996 0.5302734375 0.33471074375 0.541015625 0.3203286421875 0.544921875 0.2994092203125 0.544921875 0.27325994374999996 0.54296875 0.2680300875 0.5283203125 0.2510330578125 0.5185546875 0.245803203125 0.4951171875 0.245803203125 0.4873046875 0.2510330578125 0.4765625 0.270645015625 0.474609375 0.2811047265625 0.474609375 0.31509878593749996 0.4853515625 0.33471074375 0.5009765625 0.34517045468749996
0 0.5283203125 0.4262332125 0.5439453125 0.4262332125 0.5498046875 0.423618284375 0.55859375 0.4092361828125 0.56640625 0.385701834375 0.56640625 0.367397340625 0.564453125 0.362167484375 0.5478515625 0.337325671875 0.5419921875 0.33471074375 0.5341796875 0.33471074375 0.5126953125 0.34517045468749996 0.5068359375 0.350400309375 0.5 0.362167484375 0.498046875 0.380471978125 0.501953125 0.40139139999999995 0.5126953125 0.4183884296875 0.5283203125 0.4262332125
0 0.4951171875 0.502066115625 0.5029296875 0.5072959703125 0.5205078125 0.5072959703125 0.5283203125 0.502066115625 0.53515625 0.49291386875 0.54296875 0.4667645921875 0.54296875 0.44584517031250004 0.5380859375 0.43407799531249996 0.5244140625 0.423618284375 0.5126953125 0.4183884296875 0.5068359375 0.4183884296875 0.4970703125 0.4210033578125 0.4873046875 0.428848140625 0.48046875 0.44323024218749996 0.478515625 0.45368995312499993 0.478515625 0.4693795203125 0.48046875 0.4798392296875 0.4951171875 0.502066115625
0 0.5810546875 0.4628422 0.5947265625 0.465457128125 0.6083984375 0.46022727343750003 0.6123046875 0.45761234531249995 0.630859375 0.43277053125 0.630859375 0.4066212546875 0.625 0.3883167609375 0.6083984375 0.368704803125 0.6025390625 0.36608987656249997 0.5888671875 0.36608987656249997 0.5732421875 0.3765495875 0.568359375 0.38308690625 0.55859375 0.41185111093750004 0.556640625 0.422310821875 0.564453125 0.44846009843749995 0.5693359375 0.45499741718750003 0.5810546875 0.4628422
0 0.5791015625 0.3634749484375 0.5869140625 0.36608987656249997 0.6025390625 0.3608600203125 0.6103515625 0.355630165625 0.625 0.3386331359375 0.6328125 0.32294356875 0.6328125 0.28894950937499997 0.62890625 0.2758748703125 0.6123046875 0.2536479859375 0.6044921875 0.24841812968750002 0.5888671875 0.243188275 0.5810546875 0.243188275 0.5673828125 0.24841812968750002 0.5546875 0.2628002328125 0.546875 0.2784897984375 0.544921875 0.30986893125 0.55078125 0.33078835156249997 0.5654296875 0.3530152375 0.5791015625 0.3634749484375
0 0.599609375 0.23665095625000002 0.6123046875 0.2536479859375 0.6201171875 0.25887784062499997 0.6298828125 0.26149276875 0.6435546875 0.26149276875 0.6552734375 0.2536479859375 0.673828125 0.228806171875 0.677734375 0.2183464625 0.6796875 0.2026568953125 0.677734375 0.179122546875 0.673828125 0.16343297968749998 0.6611328125 0.1438210234375 0.6455078125 0.1333613125 0.6240234375 0.1333613125 0.6083984375 0.14643595 0.595703125 0.1686628359375 0.591796875 0.1843524015625 0.591796875 0.21050167812499998 0.59375 0.2209613890625 0.599609375 0.23665095625000002
0 0.5419921875 0.6249677171875 0.5517578125 0.6301975718749999 0.5615234375 0.6301975718749999 0.5751953125 0.6223527890625 0.58984375 0.5922811203125 0.58984375 0.581821409375 0.58203125 0.5582870609375 0.5771484375 0.5491348140625 0.5654296875 0.54129003125 0.5439453125 0.538675103125 0.5361328125 0.543904959375 0.529296875 0.5556721328124999 0.5234375 0.5713617 0.521484375 0.5896661937500001 0.52734375 0.605355759375 0.5341796875 0.617122934375 0.5419921875 0.6249677171875
0 0.5517578125 0.7191051140625 0.5595703125 0.72433496875 0.5771484375 0.72433496875 0.5849609375 0.7191051140625 0.59375 0.7047230109375 0.595703125 0.696878228125 0.595703125 0.678573734375 0.591796875 0.6707289515625 0.5751953125 0.65111699375 0.5576171875 0.648502065625 0.5498046875 0.6537319218750001 0.5390625 0.6707289515625 0.537109375 0.678573734375 0.537109375 0.6916483734375001 0.541015625 0.7047230109375 0.5517578125 0.7191051140625
0 0.5986328125 0.818472365625 0.6123046875 0.8237022203125001 0.6298828125 0.818472365625 0.650390625 0.7884006968749999 0.65234375 0.7805559140625 0.65234375 0.7544066375 0.650390625 0.7439469265625 0.646484375 0.7334872156250001 0.6357421875 0.7191051140625 0.6240234375 0.71126033125 0.6005859375 0.71126033125 0.5771484375 0.726949896875 0.56640625 0.7413319984375 0.56640625 0.7674812765625 0.580078125 0.7988604078125 0.5986328125 0.818472365625
0 0.5966796875 0.67465134375 0.6083984375 0.6798811984375 0.6220703125 0.6798811984375 0.638671875 0.660269240625 0.642578125 0.644579675 0.642578125 0.62627518125 0.6337890625 0.6066632234375 0.6142578125 0.5962035125 0.5927734375 0.5962035125 0.580078125 0.6132005421875 0.578125 0.6184303984375 0.578125 0.644579675 0.5859375 0.660269240625 0.5966796875 0.67465134375
0 0.5966796875 0.59097365625 0.6064453125 0.5962035125 0.6220703125 0.5962035125 0.6279296875 0.5935885843750001 0.640625 0.5792064828125 0.646484375 0.5609019890625 0.646484375 0.5556721328124999 0.640625 0.5399825671875 0.6279296875 0.5282153921875 0.6220703125 0.525600465625 0.6044921875 0.525600465625 0.5966796875 0.5308303203125 0.5859375 0.54782735 0.583984375 0.5556721328124999 0.583984375 0.56613184375 0.5859375 0.5713617 0.5966796875 0.59097365625
0 0.6611328125 0.6903409093749999 0.6689453125 0.6929558375 0.6826171875 0.6877259812500001 0.6923828125 0.6772662703125001 0.6953125 0.6707289515625 0.697265625 0.6550393859375 0.6845703125 0.6301975718749999 0.6767578125 0.6275826453125 0.6572265625 0.6275826453125 0.6533203125 0.6301975718749999 0.646484375 0.641964746875 0.64453125 0.6524244578125 0.646484375 0.6707289515625 0.6484375 0.6759588062499999 0.6611328125 0.6903409093749999
0 0.6552734375 0.617122934375 0.6611328125 0.6197378609374999 0.6748046875 0.6197378609374999 0.6875 0.605355759375 0.69140625 0.5922811203125 0.69140625 0.5844363375 0.689453125 0.5792064828125 0.6767578125 0.5648243796875 0.6611328125 0.559594525 0.6552734375 0.562209453125 0.646484375 0.5739766265624999 0.64453125 0.581821409375 0.64453125 0.5975109765625 0.6484375 0.6079706875 0.6552734375 0.617122934375
0 0.7041015625 0.7714036671875 0.7119140625 0.7766335234375 0.7236328125 0.7766335234375 0.7333984375 0.7714036671875 0.7421875 0.7596364921875 0.744140625 0.74917678125 0.744140625 0.7334872156250001 0.7421875 0.7256424328125 0.7333984375 0.7138752578124999 0.7177734375 0.708645403125 0.7001953125 0.708645403125 0.6904296875 0.7164901859375 0.6875 0.7230275046875 0.685546875 0.7308722875 0.6875 0.7465618546874999 0.6953125 0.7622514203125 0.7041015625 0.7714036671875
0 0.7236328125 0.71126033125 0.7392578125 0.71126033125 0.7451171875 0.706030475 0.75390625 0.6916483734375001 0.7578125 0.678573734375 0.755859375 0.6654990953125 0.75 0.6550393859375 0.7470703125 0.65111699375 0.7333984375 0.6432722109375 0.7236328125 0.6432722109375 0.7119140625 0.648502065625 0.705078125 0.6654990953125 0.703125 0.6759588062499999 0.705078125 0.6942633 0.7138671875 0.706030475 0.7236328125 0.71126033125
0 0.6259765625 0.5125258265625 0.6357421875 0.5177556812499999 0.6494140625 0.5177556812499999 0.6611328125 0.5125258265625 0.669921875 0.4981437234375 0.673828125 0.4798392296875 0.666015625 0.4510750265625 0.6611328125 0.44715263437499997 0.6396484375 0.43930785156249996 0.6298828125 0.4419227796875 0.6220703125 0.44976756250000005 0.611328125 0.4641496640625 0.611328125 0.4850690859375 0.615234375 0.4981437234375 0.6259765625 0.5125258265625
0 0.671875 0.4641496640625 0.6884765625 0.483761621875 0.7216796875 0.483761621875 0.7275390625 0.48114669374999997 0.7421875 0.4641496640625 0.748046875 0.44846009843749995 0.75 0.440615315625 0.75 0.4144660375 0.7421875 0.39616154375 0.7275390625 0.3791645140625 0.7080078125 0.3765495875 0.6884765625 0.3843943703125 0.6767578125 0.39485408125 0.669921875 0.4066212546875 0.6640625 0.422310821875 0.6640625 0.43538545937500006 0.66796875 0.45368995312499993 0.671875 0.4641496640625
0 0.6552734375 0.368704803125 0.6669921875 0.3765495875 0.6767578125 0.3791645140625 0.6962890625 0.3791645140625 0.7060546875 0.37393465937500003 0.7197265625 0.3608600203125 0.732421875 0.33601820781249997 0.73828125 0.30986893125 0.736328125 0.28894950937499997 0.7265625 0.2628002328125 0.7080078125 0.243188275 0.6982421875 0.23795841874999998 0.6767578125 0.23795841874999998 0.6650390625 0.243188275 0.642578125 0.2680300875 0.63671875 0.2837196546875 0.634765625 0.2915644375 0.634765625 0.325558496875 0.642578125 0.3490928453125 0.6552734375 0.368704803125
0 0.6865234375 0.22226885312500003 0.7001953125 0.2327285640625 0.7060546875 0.2353434921875 0.7236328125 0.2327285640625 0.732421875 0.22357631718749998 0.7421875 0.2052718234375 0.740234375 0.17389269062499998 0.7333984375 0.16212551718749998 0.7236328125 0.15428073281250002 0.7158203125 0.15166580624999998 0.7021484375 0.15428073281250002 0.68359375 0.17650761875 0.681640625 0.1817374734375 0.681640625 0.20788675156249997 0.68359375 0.215731534375 0.6865234375 0.22226885312500003
0 0.6787109375 0.556979596875 0.6982421875 0.5700542359375 0.7119140625 0.5700542359375 0.7197265625 0.5648243796875 0.734375 0.5425974953125 0.732421875 0.5138332906249999 0.7236328125 0.4968362609375 0.7138671875 0.49160640468750005 0.6943359375 0.49160640468750005 0.6865234375 0.49422133281249997 0.6806640625 0.49945118749999995 0.673828125 0.5112183625 0.671875 0.5190631453125001 0.671875 0.5425974953125 0.673828125 0.54782735 0.6787109375 0.556979596875
0 0.7314453125 0.6223527890625 0.7490234375 0.6223527890625 0.7529296875 0.6197378609374999 0.765625 0.6001259046875 0.765625 0.5844363375 0.763671875 0.5765915546875 0.7451171875 0.5517497421875001 0.7353515625 0.5491348140625 0.712890625 0.5713617 0.708984375 0.581821409375 0.7109375 0.5975109765625 0.7236328125 0.617122934375 0.7314453125 0.6223527890625
0 0.7802734375 0.745254390625 0.7900390625 0.7530991734375 0.8134765625 0.7530991734375 0.8212890625 0.7504842453125 0.8330078125 0.740024534375 0.83984375 0.7308722875 0.845703125 0.71779765 0.84765625 0.7073379390625 0.84765625 0.6733438796875 0.845703125 0.6681140234375 0.8271484375 0.6432722109375 0.7783203125 0.6458871390625001 0.76953125 0.6576543125 0.76171875 0.6733438796875 0.7578125 0.6890334453125 0.759765625 0.7099528671875001 0.765625 0.7256424328125 0.7802734375 0.745254390625
0 0.7841796875 0.6458871390625001 0.7958984375 0.648502065625 0.8134765625 0.6458871390625001 0.8212890625 0.6406572828125 0.828125 0.6315050359375001 0.837890625 0.6105856140625 0.837890625 0.5922811203125 0.8359375 0.581821409375 0.8251953125 0.5674393078125 0.8173828125 0.562209453125 0.8134765625 0.562209453125 0.7744140625 0.580513946875 0.767578125 0.5896661937500001 0.765625 0.6105856140625 0.76953125 0.62627518125 0.771484375 0.6315050359375001 0.7841796875 0.6458871390625001
0 0.7666015625 0.5752840906250001 0.7802734375 0.5778990187499999 0.7900390625 0.5752840906250001 0.8095703125 0.5648243796875 0.8330078125 0.5491348140625 0.8515625 0.5216780734375 0.857421875 0.5033735796875 0.857421875 0.4850690859375 0.853515625 0.4667645921875 0.8359375 0.4249257484375 0.8115234375 0.392239153125 0.8076171875 0.392239153125 0.7744140625 0.40792871875000003 0.7587890625 0.423618284375 0.75390625 0.43015560468749997 0.75 0.440615315625 0.734375 0.4850690859375 0.734375 0.5190631453125001 0.740234375 0.5425974953125 0.7666015625 0.5752840906250001
0 0.7509765625 0.40269886406250005 0.7646484375 0.410543646875 0.7744140625 0.40792871875000003 0.8115234375 0.38700929687499996 0.818359375 0.37524212343749996 0.822265625 0.362167484375 0.822265625 0.3490928453125 0.8125 0.325558496875 0.8037109375 0.31379132187500003 0.7880859375 0.3033316109375 0.7626953125 0.3033316109375 0.7490234375 0.3111763953125 0.740234375 0.32294356875 0.734375 0.33601820781249997 0.73046875 0.3517077734375 0.73046875 0.362167484375 0.734375 0.37524212343749996 0.7509765625 0.40269886406250005
0 0.7509765625 0.2928719015625 0.7568359375 0.295486828125 0.7724609375 0.295486828125 0.7841796875 0.2902569734375 0.7880859375 0.28764204531250004 0.798828125 0.270645015625 0.80078125 0.2601853046875 0.80078125 0.2418808109375 0.796875 0.2314211 0.7900390625 0.22226885312500003 0.7783203125 0.2144240703125 0.7666015625 0.2118091421875 0.7529296875 0.2170389984375 0.748046875 0.2209613890625 0.736328125 0.2418808109375 0.734375 0.24972559374999997 0.734375 0.265415159375 0.7421875 0.2837196546875 0.7509765625 0.2928719015625
0 0.8251953125 0.2301136359375 0.8349609375 0.22488378125000003 0.83984375 0.2183464625 0.845703125 0.20004196875 0.845703125 0.1895822578125 0.841796875 0.17389269062499998 0.8291015625 0.15951058906249999 0.8134765625 0.15428073281250002 0.8037109375 0.15689566093750001 0.7890625 0.17389269062499998 0.78515625 0.1895822578125 0.78515625 0.2026568953125 0.7998046875 0.2301136359375 0.8251953125 0.2301136359375
0 0.8701171875 0.264107696875 0.8857421875 0.27456740625 0.8955078125 0.277182334375 0.9072265625 0.277182334375 0.9326171875 0.264107696875 0.943359375 0.24972559374999997 0.953125 0.2209613890625 0.95703125 0.2026568953125 0.95703125 0.179122546875 0.953125 0.16343297968749998 0.94921875 0.155588196875 0.9384765625 0.1412060953125 0.9287109375 0.1333613125 0.9091796875 0.1255165296875 0.8876953125 0.130746384375 0.8662109375 0.14643595 0.8505859375 0.16212551718749998 0.84375 0.17650761875 0.841796875 0.2183464625 0.84765625 0.2418808109375 0.8564453125 0.2536479859375 0.8701171875 0.264107696875
0 0.8525390625 0.34778538281250004 0.8642578125 0.3425555265625 0.875 0.328173425 0.87890625 0.31509878593749996 0.87890625 0.2784897984375 0.8681640625 0.26149276875 0.8603515625 0.2562629125 0.8505859375 0.2536479859375 0.8408203125 0.2562629125 0.8251953125 0.26672262343750003 0.8125 0.28633458125 0.810546875 0.30986893125 0.814453125 0.32294356875 0.8388671875 0.34778538281250004 0.8525390625 0.34778538281250004
0 0.8427734375 0.43407799531249996 0.8486328125 0.4366929234375 0.8642578125 0.43407799531249996 0.8759765625 0.4262332125 0.88671875 0.41185111093750004 0.890625 0.398776471875 0.890625 0.38308690625 0.88671875 0.367397340625 0.8759765625 0.3530152375 0.8701171875 0.350400309375 0.8427734375 0.3530152375 0.8291015625 0.3634749484375 0.8203125 0.37524212343749996 0.81640625 0.385701834375 0.81640625 0.3935466171875 0.8203125 0.40400632812500004 0.8427734375 0.43407799531249996
0 0.9912109375 0.26149276875 0.9990234375 0.25887784062499997 0.9990234375 0.149050878125 0.9892578125 0.15428073281250002 0.966796875 0.179122546875 0.9609375 0.2026568953125 0.958984375 0.2209613890625 0.96484375 0.2418808109375 0.9775390625 0.2562629125 0.9912109375 0.26149276875
0 0.9091796875 0.3530152375 0.9228515625 0.35824509375 0.9384765625 0.35824509375 0.9482421875 0.3530152375 0.9609375 0.3334032796875 0.96484375 0.31771371406250004 0.96484375 0.30202414843750003 0.9609375 0.28894950937499997 0.9521484375 0.27456740625 0.9443359375 0.2693375515625 0.9326171875 0.2693375515625 0.9130859375 0.277182334375 0.90234375 0.28894950937499997 0.8984375 0.2994092203125 0.896484375 0.307254003125 0.896484375 0.33078835156249997 0.8984375 0.33601820781249997 0.9091796875 0.3530152375
0 0.9814453125 0.38700929687499996 0.9931640625 0.39485408125 0.9990234375 0.39485408125 1 0.2758748703125 0.9931640625 0.27456740625 0.9892578125 0.277182334375 0.9765625 0.2941793640625 0.966796875 0.31771371406250004 0.9609375 0.34647791875 0.962890625 0.3517077734375 0.970703125 0.3700122671875 0.9814453125 0.38700929687499996
0 0.9169921875 0.4366929234375 0.9248046875 0.4419227796875 0.9443359375 0.4419227796875 0.9619140625 0.43146306875 0.97265625 0.417080965625 0.9765625 0.40400632812500004 0.9765625 0.3935466171875 0.97265625 0.380471978125 0.9619140625 0.3634749484375 0.9541015625 0.35824509375 0.9443359375 0.35824509375 0.9228515625 0.3634749484375 0.9111328125 0.37393465937500003 0.904296875 0.385701834375 0.90234375 0.3935466171875 0.90234375 0.4092361828125 0.904296875 0.41969589375 0.9169921875 0.4366929234375
0 0.8701171875 0.5308303203125 0.8818359375 0.536060175 0.9072265625 0.536060175 0.927734375 0.5138332906249999 0.931640625 0.5033735796875 0.9296875 0.4641496640625 0.92578125 0.4510750265625 0.9189453125 0.4419227796875 0.9013671875 0.428848140625 0.8896484375 0.428848140625 0.8701171875 0.4366929234375 0.8564453125 0.44715263437499997 0.8515625 0.45368995312499993 0.85546875 0.5138332906249999 0.8642578125 0.525600465625 0.8701171875 0.5308303203125
0 0.9697265625 0.5334452484375001 0.9814453125 0.525600465625 0.98828125 0.51644821875 0.998046875 0.49291386875 0.998046875 0.477224303125 0.990234375 0.45368995312499993 0.9814453125 0.4419227796875 0.9677734375 0.43146306875 0.9287109375 0.44453770625000005 0.927734375 0.5190631453125001 0.9384765625 0.5334452484375001 0.9501953125 0.54129003125 0.9697265625 0.5334452484375001
0 0.8466796875 0.6641916328125 0.8564453125 0.6641916328125 0.8662109375 0.6589617765625 0.87890625 0.641964746875 0.880859375 0.6341199640624999 0.880859375 0.621045325 0.87890625 0.6132005421875 0.8662109375 0.5962035125 0.8583984375 0.59097365625 0.8525390625 0.59097365625 0.8408203125 0.5962035125 0.837890625 0.60274083125 0.826171875 0.6367348921875 0.830078125 0.6471946015625 0.8388671875 0.6589617765625 0.8466796875 0.6641916328125
0 0.9013671875 0.617122934375 0.9306640625 0.617122934375 0.943359375 0.60274083125 0.94921875 0.587051265625 0.94921875 0.5556721328124999 0.9453125 0.545212421875 0.9287109375 0.525600465625 0.9208984375 0.525600465625 0.8818359375 0.54129003125 0.876953125 0.550442278125 0.873046875 0.5792064828125 0.88671875 0.6079706875 0.8955078125 0.61450800625 0.9013671875 0.617122934375
0 0.9912109375 0.648502065625 0.9990234375 0.6458871390625001 1 0.5216780734375 0.9892578125 0.520370609375 0.9619140625 0.538675103125 0.953125 0.550442278125 0.953125 0.60274083125 0.9677734375 0.6354274281250001 0.9912109375 0.648502065625
0 0.9365234375 0.6720364156249999 0.9462890625 0.666806559375 0.9521484375 0.6615767046875 0.962890625 0.644579675 0.962890625 0.6288901078125 0.9501953125 0.6092781515625 0.9404296875 0.6092781515625 0.9091796875 0.6223527890625 0.90625 0.6288901078125 0.904296875 0.6367348921875 0.90625 0.6471946015625 0.9248046875 0.6720364156249999 0.9365234375 0.6720364156249999
0 0.853515625 0.7308722875 0.8623046875 0.7426394625 0.8759765625 0.7530991734375 0.8916015625 0.7583290296875 0.8974609375 0.7583290296875 0.9091796875 0.7530991734375 0.9150390625 0.7478693187500001 0.9296875 0.7256424328125 0.931640625 0.71779765 0.931640625 0.6942633 0.9296875 0.683803590625 0.9169921875 0.6615767046875 0.8994140625 0.6458871390625001 0.8935546875 0.6432722109375 0.8837890625 0.6432722109375 0.8583984375 0.6641916328125 0.849609375 0.678573734375 0.84765625 0.6864185171875 0.84765625 0.7099528671875001 0.849609375 0.720412578125 0.853515625 0.7308722875
0 1 0.678573734375 0.9951171875 0.6720364156249999 0.9736328125 0.6563468484375 0.9580078125 0.6563468484375 0.9384765625 0.6720364156249999 0.931640625 0.6811886625 0.931640625 0.7230275046875 0.935546875 0.7361021437499999 0.9462890625 0.7504842453125 0.9599609375 0.7583290296875 0.9775390625 0.76094395625 1 0.7465618546874999 1 0.678573734375