0 0.4483136337529001 0.543555264600594 0.13168721133448216 0.16546132634965255
0 0.7494126859628027 0.8257565005570051 0.1195689998547305 0.1526353355147947
0 0.8944509424190905 0.49308835654046035 0.10464411009364483 0.11362610634647101
0 0.5131952246021771 0.4194632365929579 0.10103761213660042 0.12763519867918127
0 0.8937089891811112 0.8162713178708241 0.10014022720543672 0.13991943217894268
0 0.705491621267653 0.3040365892345955 0.09702692259364483 0.1135374723454369
0 0.3110703598676866 0.5303205626193658 0.13290554940640237 0.15776693659989133
0 0.20932681545145426 0.2996620033020469 0.06295730145896732 0.07703762417448826
0 0.28422971839799094 0.679730216621593 0.1176343535358944 0.14031814834798234
0 0.14007370692114998 0.15137050131286459 0.09022856618854025 0.1070182981779086
0 0.1899437588789509 0.5098727973026833 0.1365679706476862 0.1668841941836355
0 0.6597699398212005 0.4778649879058225 0.11565324414513807 0.13570898693109026
0 0.7264829203754622 0.7182985365611412 0.08617074434382346 0.0964327878441246
0 0.8266403655676697 0.4134741292170963 0.10918744527445128 0.1353410201802152
0 0.5577268385803631 0.5305729119191855 0.09242752763677906 0.1105566498448404
0 0.04763393978382308 0.6271613893220914 0.09526787956764617 0.1417250390973063
0 0.3978762272000672 0.43875922394177536 0.09023539497876917 0.10711595442790856
0 0.7950411682817753 0.5527911678867324 0.10517198012806298 0.11977958642981754
0 0.6145988234972259 0.27543087858054943 0.10508798145852083 0.11997376259647101
0 0.562147268766308 0.724113826583413 0.10103283653316772 0.1261714912625278
0 0.6053116687859784 0.4082433785805494 0.05458211824356418 0.06610914642345414
0 0.06631060885928045 0.8266795839831371 0.07430104623167452 0.10390566100910767
0 0.15757292733595327 0.24718244064291017 0.07829816918871887 0.08990111400978362
0 0.644309558743065 0.6989587379058225 0.09516667824021212 0.1120521745951983
0 0.49454486950294213 0.8201353985916853 0.09462782754469998 0.12248662101169253
0 0.6075311885606928 0.8453615705760951 0.07163228221459939 0.08806716717556214
0 0.07642683414088769 0.2801318479869551 0.08701956751899798 0.10717611167747113
0 0.7149987531789677 0.6146104625636866 0.10060534516538659 0.12284890609583457
0 0.06456670046486214 0.483229575986637 0.11271262148131725 0.13830934301399936
0 0.21150277655997812 0.7820563326305017 0.10211861417955621 0.14169883501252797
0 0.5441945802824899 0.62362347792014 0.06483803218308673 0.07881589067472702
0 0.02194501308879298 0.25430569199554565 0.04389002617758596 0.07268393250715874
0 0.3451386293134247 0.2887143179503659 0.08145320676627126 0.09315786026018139
0 0.4852077103522193 0.6969069839274579 0.08210399502480889 0.10106915284352791
0 0.09414457584301446 0.37281878731700074 0.07821211733238065 0.09146134134309047
0 0.8202825608367519 0.8616207278803693 0.06830241850773362 0.08510111700847105
0 0.32028645876273537 0.3873609032861386 0.10026801202753557 0.1152339912625278
0 0.2759680122331456 0.3066927059595928 0.07276934403361421 0.08339671217576097
0 0.23333276198104405 0.3805665579646834 0.08521328425755507 0.1022762541772722
0 0.2995437259395596 0.8067921559516386 0.10572033653316773 0.12622603526316425
0 0.23511877312890891 0.2322290552991834 0.05793724392454926 0.07083187275719852
0 0.01806960638800595 0.33092273599618205 0.0361392127760119 0.08795921550763594
0 0.6128570989719233 0.6017479305776859 0.08398539497876918 0.10704322909372692
0 0.27965002312890885 0.23171088729313824 0.04946918006257883 0.061365966089471334
0 0.3739260029268662 0.6919569492759572 0.08286676634364483 0.11337270401018137
0 0.4216808058930733 0.7569728746021849 0.0788949963552664 0.1012269663430903
0 0.9461884050402236 0.5346395098663698 0.03804259309091833 0.09889764658756235
0 0.6593175636867434 0.8080701085694135 0.07372470543581358 0.09287277742580073
0 0.7564264185338769 0.47986274522600497 0.060636805743564004 0.06617959909094288
0 0.024328192632754708 0.15982898599618198 0.048656385265509416 0.10377952800763604
0 0.26312879466833394 0.15540292596277444 0.08366444183801285 0.10245338534372679
0 0.03351307844090451 0.39147842799172766 0.051652430743564 0.06607505642305656
0 0.0761387129501093 0.7196210619828189 0.07198532611970412 0.09451134334221542
0 0.1404525852261685 0.7376074459739103 0.06549359604505715 0.08819089067472685
0 0.025285315199352724 0.7944488866565914 0.05057063039870545 0.08817270934118149
0 0.578683466808507 0.3648388239179129 0.047781039421822415 0.056760213672619034
0 0.9537163177972428 0.38233212253346066 0.04592467395561535 0.12231021567174408
0 0.4325147630663248 0.8364694705999576 0.045909190674727894 0.05371355225572714
0 0.0727005366225622 0.17713411732177325 0.06927415990702757 0.09760225334181775
0 0.00046697487858445334 0.591178983330682 0.0009339497571689067 0.09273968958863606
0 0.823314361709272 0.7624474312142328 0.07587796403651978 0.08040800375954511
0 0.8343389790416527 0.6717678872135965 0.08710561937533612 0.10561588434416436
0 0.012106232136150022 0.5121000106620002 0.024212464272300043 0.06314423258970994
0 0.34764055246200404 0.2082819306174568 0.054565738246469396 0.06308407534014737
0 0.19717211481136515 0.6409318933004561 0.07843746740993299 0.09468399759309047
0 0.5389050548077925 0.2973882419239581 0.058267079042330396 0.07415332159054513
0 0.9027065667888365 0.6764366585375969 0.07470805122876918 0.10693527742580074
0 0.8874036309029085 0.5938696065404604 0.05848354714285797 0.07864437275719852
0 0.4649705280725874 0.33884049260027577 0.07157149233238051 0.09138407067552237
0 0.12371210752189812 0.441168797979001 0.07132498665430083 0.08367263592556214
0 0.40296220096906515 0.3325364959420936 0.05165925953379293 0.06617271267305647
0 0.730530190073302 0.40366387189691383 0.07549139991283838 0.09162483650938587
0 0.6612392406937205 0.3787098725732316 0.046455493893036603 0.06152605225572705
0 0.9385840826282784 0.7103662158657335 0.027021854645763455 0.07525340233628963
0 0.20471536112819436 0.1646693853039559 0.047908733249374794 0.05998173358927246
0 0.43569257349722595 0.2775126412715029 0.0675191608182109 0.07250459709181775
0 0.1288263063972764 0.6136250533100011 0.05512364585843983 0.07245793900680084
0 0.12471224278740753 0.549662550644501 0.05259895566601167 0.06286603617321554
0 0.9245376441444602 0.609830413868597 0.039196886125961325 0.045634150754891675