0 0.69158231515757 0.6571219423654971 0.07740026101791671 0.1044341298696164
0 0.84090298261691 0.29503281979948154 0.11201635961208325 0.12378073853415499
0 0.3774223640757989 0.3119325787312306 0.09304100853646276 0.0969954307014885
0 0.6595984312301392 0.28952533928124213 0.07087969540721364 0.08850642780999936
0 0.23280411436013929 0.5069842057614731 0.0531354799698569 0.07267566593917678
0 0.1365291796146185 0.531074496346552 0.09495143692972233 0.12035913879807011
0 0.5646567924561464 0.6728678989410446 0.07221733423937948 0.08726076090658097
0 0.9205794841355214 0.665023765821722 0.07888085228646276 0.09674826425475107
0 0.4572728650257295 0.2867746659871731 0.0656491994678472 0.07767730590459516
0 0.7404315103523267 0.3401350397677095 0.08628900778847229 0.09209436191094955
0 0.9348348205728128 0.304481732136502 0.07099107115520412 0.09329158405999935
0 0.07361487157833393 0.7134954841716874 0.07222650778847228 0.09184890006039659
0 0.7214834482319794 0.43195434699187985 0.08681390158354603 0.10625792735331832
0 0.27401360866055613 0.6670137706962812 0.06277852765221796 0.07596771636524764
0 0.709879679898959 0.7386583145244757 0.05646261139320323 0.0730265909594463
0 0.267868138961424 0.43653138392680607 0.08048434747783864 0.10273086444751697
0 0.6763722764042365 0.5069173908233696 0.06241509669430556 0.0729352588266945
0 0.11890788136197972 0.6463449403401975 0.07581283995027785 0.10753015173448155
0 0.34307207997520883 0.6479149431795713 0.08667305881901921 0.10440075400713411
0 0.05322702355444493 0.5756954752432337 0.08198783179346796 0.10441658964028307
0 0.2504501285121881 0.7282961440730759 0.05604454739722229 0.06345286926707736
0 0.20295883909326456 0.8016557775961403 0.08338221333555565 0.10141481483304915
0 0.8542290919430562 0.7333686168773823 0.1025912725229123 0.11727114564663736
0 0.8140339709334032 0.4156083725594251 0.10312306689263054 0.13592519399282174
0 0.4843653079393754 0.44421501907142813 0.07398886623736978 0.09207489529171564
0 0.5181753038553127 0.35343606046728604 0.08197638526992641 0.09973079423646736
0 0.7707216884483337 0.5007549399298652 0.06433875467776921 0.07589733365419811
0 0.5622721023922921 0.4362036960189452 0.06917627099138883 0.08242446677104898
0 0.44759331297336846 0.5083905673671449 0.061084276785486225 0.0744738944801128
0 0.16964819129812536 0.41060803774240984 0.09309799620027785 0.10783186525911966
0 0.8885430084524657 0.39582375242904144 0.0774137355620141 0.09662503906198516
0 0.9600573039065962 0.21980276906813287 0.07988539218680764 0.08896133319751698
0 0.4971608211414936 0.6919939999967047 0.05789798812666671 0.07598014280602783
0 0.8446884781515978 0.6254333859521057 0.07530596664819882 0.08575280798448155
0 0.051814566391840955 0.8169789943179572 0.06457067972284294 0.09005578530801372
0 0.44138294661645894 0.6777445393639676 0.056289946986393245 0.06980223011326192
0 0.7805538961796186 0.6547702840856666 0.07430018208555574 0.10125628738790002
0 0.6212113445085073 0.45207020372958284 0.06109572330902786 0.07915968988392841
0 0.6349887826725006 0.7420366846548594 0.08983207178445304 0.10172263068121908
0 0.8962249558314237 0.22259080397116895 0.0593991994678472 0.07756821174879383
0 0.5972452080156253 0.3618446241842782 0.06095025294430556 0.07290968988392858
0 0.6513553990294102 0.572859990661214 0.05972853580902786 0.07913582553734706
0 0.38954573005145876 0.564385422887032 0.0899979172679167 0.10465402277740346
0 0.6229686405769446 0.19205032142433462 0.08359814590819017 0.11069215858304889
0 0.732459928664688 0.5680282146866316 0.07870591490520411 0.09342624715856669
0 0.5561013696784729 0.7750207341683921 0.08860605365417111 0.12034599629608422
0 0.3183279595342367 0.7255762930174157 0.06421617736013027 0.07901892446182916
0 0.19935910077677138 0.680548390826665 0.0738024823325695 0.08406708279171564
0 0.4594809428167368 0.784267274753471 0.10444925920125456 0.12999373168558784
0 0.1443637826725006 0.7334727934244527 0.06134112289819886 0.08550905073011297
0 0.19988447121774355 0.6024643011350904 0.06435474715020839 0.08077844155801354
0 0.131374779822709 0.8129011948044245 0.05792745514320319 0.07305215990221221
0 0.33827286436013926 0.5088251696406211 0.054697979969856904 0.07270293947812725
0 0.4194124551658337 0.43839566720498907 0.05126166412167095 0.0634670003040421
0 0.2930662010817711 0.34482117085843705 0.06916052347284296 0.09013590132868021
0 0.5744239974345489 0.28725768140844854 0.0659899823325695 0.08393071509696401
0 0.5145580349536114 0.2651275369283357 0.0627103384187544 0.07303802886524764
0 0.5380364750174657 0.5021599326262646 0.06127958928548623 0.07447730367248173
0 0.7593613886770836 0.24753448254353905 0.06282861474138883 0.08231366801906326
0 0.5951592972057991 0.5406417800284767 0.0708229526972918 0.09026253571381489
0 0.34335844823197953 0.42535415056589765 0.0691627964472918 0.0902335575786802
0 0.37145426595500064 0.7936638198027769 0.06400048974138901 0.08233412317327585
0 0.9706162952178801 0.5933766367628845 0.05876740956423987 0.09514534821381489
0 0.5017002379352435 0.5515053676914563 0.04815931221486114 0.06019150157232574
0 0.419153962765278 0.22597748782184007 0.05492275948639325 0.0697783657666804
0 0.9785667217439922 0.6966380044576364 0.04286655651201556 0.07610677719116268
0 0.27882643559854214 0.5718240016215578 0.0836049648315366 0.1109851273330488
0 0.6976965368534724 0.21522081452447578 0.07217869367375015 0.08560060465658088
0 0.4419764797671183 0.3677246570587193 0.0721423260825695 0.08403810465658088
0 0.5794992360353824 0.6059667711000231 0.05118665596486114 0.06024434405404193
0 0.9356193366247225 0.4723959350586012 0.06766613105500881 0.0888408011359143
0 0.9832704459084365 0.5030107353829129 0.03345910818312703 0.08836131534060954
0 0.2894411997505909 0.793013209007884 0.06929682028847228 0.0917977621748646
0 0.849247385161702 0.5528862301079072 0.05615365017076392 0.06814036926707737
0 0.9010462745043755 0.5639425068932683 0.06453658510611113 0.08859094155801354
0 0.5539465368534724 0.2127116489410445 0.0594831362198569 0.0727864646911626
0 0.6648873029053822 0.38254863635914277 0.06738436387465718 0.08092894028972993
0 0.9910872634808012 0.7726238059997639 0.017825473038397634 0.08946720535690744
0 0.6272834258148963 0.6458474772685332 0.057763964285486226 0.07441593820984345
0 0.7699995623077784 0.7381458457740638 0.061166185516940176 0.08218703363392858
0 0.5182350809251395 0.6244207163114847 0.05938775294430556 0.07288241634497812
0 0.03573235866055611 0.6628545560063545 0.042054782579583394 0.06633240741652457
0 0.8756267407850352 0.47837715380901324 0.06271951196784756 0.07762616801906326
0 0.7966860828250004 0.5761776797835955 0.052976453409739575 0.0700372425929924
0 0.2154860617390975 0.3333148806803952 0.06734572330902786 0.07926878403972992
0 0.4598770670574311 0.5999740953703221 0.07256501767874575 0.09800465300276535
0 0.46909875816812513 0.19092637783772615 0.06912642885611113 0.08867105757868021
0 0.02833939237989646 0.7478471647726523 0.023657011967847287 0.07694432954530477
0 0.9282302896063548 0.7588692232080482 0.05485692487867624 0.07114384867049602
0 0.3829852991056601 0.48383485227018086 0.051443257123680655 0.058686957842595255
0 0.5410900462558685 0.566249706165215 0.0452181781913195 0.0554545682829783
0 0.9872354566924979 0.31015107953871424 0.025529086615004103 0.11167146489426916
0 0.9948549646235396 0.41963517369451553 0.010290070752920854 0.08645668577503525
0 0.3816092095342367 0.7266808713449044 0.06268314437666671 0.07606366801906325
0 0.9649236704965627 0.38934765583760805 0.06482265328146682 0.08410557244275116
0 0.8078885012342709 0.18512598578994993 0.0629148244678472 0.07762957721143202