0 0.0869140625 0.83416193125 0.0908203125 0.836776859375 0.1103515625 0.836776859375 0.126953125 0.8223947578124999 0.130859375 0.80932011875 0.130859375 0.7779409859374999 0.125 0.7622514203125 0.1201171875 0.7557141015625 0.1064453125 0.7478693187500001 0.0947265625 0.7504842453125 0.0830078125 0.7583290296875 0.076171875 0.7674812765625 0.072265625 0.7779409859374999 0.0703125 0.7884006968749999 0.072265625 0.80932011875 0.076171875 0.8197798296875 0.0869140625 0.83416193125
0 0.1123046875 0.7321797515624999 0.1220703125 0.7374096078125 0.1396484375 0.7374096078125 0.1552734375 0.729564825 0.166015625 0.715182721875 0.169921875 0.7047230109375 0.16796875 0.6471946015625 0.1640625 0.63934981875 0.1513671875 0.6249677171875 0.1357421875 0.6197378609374999 0.1240234375 0.6197378609374999 0.1162109375 0.6223527890625 0.1005859375 0.6354274281250001 0.095703125 0.641964746875 0.091796875 0.6524244578125 0.087890625 0.6681140234375 0.087890625 0.683803590625 0.091796875 0.702108084375 0.1123046875 0.7321797515624999
0 0.142578125 0.8773082390625 0.1591796875 0.8943052687499999 0.1806640625 0.8943052687499999 0.1962890625 0.8838455578125 0.2109375 0.866848528125 0.21875 0.8459291062500001 0.21875 0.8197798296875 0.2109375 0.7988604078125 0.1865234375 0.7714036671875 0.1767578125 0.7714036671875 0.1572265625 0.78447830625 0.1494140625 0.7923230890624999 0.140625 0.80932011875 0.13671875 0.8223947578124999 0.134765625 0.8302395406249999 0.134765625 0.8511589624999999 0.138671875 0.866848528125 0.142578125 0.8773082390625
0 0.1982421875 0.7870932328125 0.2099609375 0.7949380171875 0.2216796875 0.7949380171875 0.2314453125 0.7897081609375001 0.23828125 0.7805559140625 0.244140625 0.7596364921875 0.244140625 0.7465618546874999 0.2314453125 0.726949896875 0.22525373124999998 0.7244496203125 0.218012528125 0.7234293968750001 0.2080078125 0.721720040625 0.1953125 0.7361021437499999 0.189453125 0.7517917093750001 0.189453125 0.7700962031249999 0.193359375 0.7805559140625 0.1982421875 0.7870932328125
0 0.1748046875 0.706030475 0.1845703125 0.71126033125 0.2001953125 0.71126033125 0.2060546875 0.708645403125 0.216796875 0.6942633 0.22265625 0.678573734375 0.22265625 0.660269240625 0.216796875 0.641964746875 0.2119140625 0.6354274281250001 0.2041015625 0.6301975718749999 0.1884765625 0.6301975718749999 0.1826171875 0.6328125 0.1767578125 0.6380423546875 0.166015625 0.6550393859375 0.1640625 0.66288416875 0.1640625 0.678573734375 0.16796875 0.696878228125 0.1748046875 0.706030475
0 0.2392578125 0.9230694734375 0.2509765625 0.9230694734375 0.2568359375 0.9204545453125 0.2705078125 0.9099948343750001 0.275390625 0.903457515625 0.28125 0.885153021875 0.28125 0.8616186718750001 0.275390625 0.8406992515624999 0.2685546875 0.83416193125 0.2587890625 0.8263171484375 0.2509765625 0.8237022203125001 0.2412109375 0.8263171484375 0.2333984375 0.8315470046875 0.216796875 0.8563888171875 0.21484375 0.8642336 0.21484375 0.8903828765625 0.216796875 0.898227659375 0.2392578125 0.9230694734375
0 0.2724609375 0.836776859375 0.2900390625 0.836776859375 0.3056640625 0.8263171484375 0.314453125 0.811935046875 0.3203125 0.791015625 0.3203125 0.7700962031249999 0.31640625 0.7596364921875 0.3125 0.7517917093750001 0.3037109375 0.7426394625 0.2958984375 0.740024534375 0.2841796875 0.740024534375 0.2666015625 0.745254390625 0.2578125 0.757021565625 0.25 0.7779409859374999 0.248046875 0.7988604078125 0.251953125 0.8145499734375001 0.2646484375 0.8315470046875 0.2724609375 0.836776859375
0 0.24609375 0.715182721875 0.2568359375 0.729564825 0.2646484375 0.7347946796875 0.2763671875 0.740024534375 0.2861328125 0.740024534375 0.3017578125 0.7347946796875 0.3193359375 0.7191051140625 0.328125 0.7047230109375 0.33203125 0.6942633 0.333984375 0.683803590625 0.33203125 0.6550393859375 0.32421875 0.6341199640624999 0.3134765625 0.6197378609374999 0.3037109375 0.6118930781249999 0.2978515625 0.6092781515625 0.2744140625 0.6092781515625 0.2685546875 0.6118930781249999 0.2509765625 0.6249677171875 0.244140625 0.6341199640624999 0.23828125 0.6498095296875 0.236328125 0.66288416875 0.236328125 0.6864185171875 0.23828125 0.696878228125 0.24609375 0.715182721875
0 0.3212890625 0.8838455578125 0.3271484375 0.8864604859374999 0.3427734375 0.8864604859374999 0.3505859375 0.8812306296875001 0.361328125 0.8642336 0.361328125 0.8250096843750001 0.3525390625 0.8106275828125 0.3427734375 0.8053977265625001 0.3271484375 0.8053977265625001 0.3154296875 0.8132425109374999 0.3046875 0.8276246125 0.302734375 0.8328544687500001 0.3046875 0.8563888171875 0.310546875 0.8720783828125 0.3212890625 0.8838455578125
0 0.3837890625 0.8864604859374999 0.3974609375 0.8864604859374999 0.4100946453125 0.8754451671875 0.4189453125 0.873385846875 0.421875 0.8694634562499999 0.427734375 0.8459291062500001 0.427734375 0.8302395406249999 0.416015625 0.806705190625 0.4091796875 0.79755294375 0.4052734375 0.7949380171875 0.3857421875 0.79755294375 0.3798828125 0.800167871875 0.37109375 0.80932011875 0.36328125 0.8250096843750001 0.36328125 0.8485440343749999 0.373046875 0.8720783828125 0.3837890625 0.8864604859374999
0 0.3447265625 0.8080126546875 0.3505859375 0.8106275828125 0.3623046875 0.8106275828125 0.3708397921875 0.7897449859375001 0.384765625 0.7805559140625 0.384765625 0.7517917093750001 0.3798828125 0.745254390625 0.3623046875 0.7321797515624999 0.3525390625 0.7321797515624999 0.3466796875 0.7347946796875 0.3408203125 0.740024534375 0.333984375 0.7517917093750001 0.330078125 0.7648663484375 0.330078125 0.7831708421875 0.3359375 0.7988604078125 0.3447265625 0.8080126546875
0 0.3427734375 0.666806559375 0.3564453125 0.67465134375 0.3759765625 0.67465134375 0.3896484375 0.666806559375 0.404296875 0.6471946015625 0.408203125 0.621045325 0.40234375 0.5922811203125 0.400390625 0.587051265625 0.3837890625 0.5674393078125 0.3740234375 0.562209453125 0.3583984375 0.562209453125 0.3408203125 0.5752840906250001 0.328125 0.5948960484375 0.326171875 0.60274083125 0.326171875 0.6341199640624999 0.33203125 0.6524244578125 0.3427734375 0.666806559375
0 0.4033203125 0.7870932328125 0.4091796875 0.7897081609375001 0.4228515625 0.7870932328125 0.43359375 0.7700962031249999 0.43359375 0.7517917093750001 0.431640625 0.7465618546874999 0.4248046875 0.7374096078125 0.4169921875 0.7321797515624999 0.4072265625 0.7347946796875 0.396484375 0.7465618546874999 0.392578125 0.757021565625 0.392578125 0.7648663484375 0.396484375 0.7779409859374999 0.4033203125 0.7870932328125
0 0.4619140625 0.8707709187500001 0.4775390625 0.8707709187500001 0.4951171875 0.8603112093749999 0.509765625 0.8433141781250001 0.515625 0.8145499734375001 0.513671875 0.7936305531250001 0.5078125 0.775326059375 0.4951171875 0.7583290296875 0.48136325468749996 0.7463847953125 0.4794921875 0.7478693187500001 0.4658203125 0.7478693187500001 0.4482421875 0.7557141015625 0.439453125 0.7674812765625 0.431640625 0.7884006968749999 0.4296875 0.8197798296875 0.43359375 0.8406992515624999 0.4482421875 0.8629261359375 0.4619140625 0.8707709187500001
0 0.4521484375 0.7504842453125 0.4580078125 0.7504842453125 0.4638671875 0.7478693187500001 0.470703125 0.738717071875 0.4765625 0.720412578125 0.4765625 0.71256779375 0.47265625 0.702108084375 0.4677734375 0.6955707640625 0.4638671875 0.6929558375 0.4541015625 0.6929558375 0.4462890625 0.6955707640625 0.4375 0.7047230109375 0.435546875 0.7099528671875001 0.435546875 0.7308722875 0.4404296875 0.740024534375 0.4521484375 0.7504842453125
0 0.1484375 0.60274083125 0.1650390625 0.6223527890625 0.1748046875 0.6275826453125 0.1962890625 0.6275826453125 0.2060546875 0.6223527890625 0.22265625 0.6001259046875 0.2265625 0.587051265625 0.2265625 0.5582870609375 0.21484375 0.5295228562500001 0.2001953125 0.5125258265625 0.1884765625 0.5072959703125 0.1806640625 0.5072959703125 0.1611328125 0.5151407546875 0.150390625 0.526907928125 0.142578125 0.5425974953125 0.140625 0.550442278125 0.140625 0.5792064828125 0.142578125 0.587051265625 0.1484375 0.60274083125
0 0.2490234375 0.6092781515625 0.2685546875 0.6092781515625 0.2783203125 0.6040482953125 0.2890625 0.587051265625 0.29296875 0.5739766265624999 0.29296875 0.5609019890625 0.2890625 0.550442278125 0.2724609375 0.5282153921875 0.2666015625 0.525600465625 0.2470703125 0.5308303203125 0.234375 0.545212421875 0.23046875 0.5556721328124999 0.228515625 0.56613184375 0.23046875 0.587051265625 0.2412109375 0.6040482953125 0.2490234375 0.6092781515625
0 0.3154296875 0.5648243796875 0.3251953125 0.5700542359375 0.3388671875 0.5700542359375 0.3486328125 0.5648243796875 0.359375 0.550442278125 0.36328125 0.5373676390625 0.36328125 0.5190631453125001 0.359375 0.5059885078125 0.3466796875 0.49160640468750005 0.3349609375 0.48637655 0.3291015625 0.48637655 0.3134765625 0.49422133281249997 0.306640625 0.5033735796875 0.30078125 0.5190631453125001 0.30078125 0.5373676390625 0.3046875 0.550442278125 0.3154296875 0.5648243796875
0 0.287109375 0.422310821875 0.2998046875 0.43930785156249996 0.3056640625 0.4419227796875 0.3232421875 0.4419227796875 0.3291015625 0.43930785156249996 0.33984375 0.4275406765625 0.349609375 0.4092361828125 0.3515625 0.385701834375 0.34375 0.35955255625000004 0.3271484375 0.34517045468749996 0.3056640625 0.34517045468749996 0.2978515625 0.350400309375 0.287109375 0.3647824125 0.283203125 0.37524212343749996 0.28125 0.38308690625 0.28125 0.40400632812500004 0.283203125 0.41185111093750004 0.287109375 0.422310821875
0 0.3662109375 0.4968362609375 0.3798828125 0.4968362609375 0.3916015625 0.48899147656249997 0.3984375 0.477224303125 0.400390625 0.4667645921875 0.400390625 0.44584517031250004 0.390625 0.4249257484375 0.3837890625 0.4183884296875 0.3779296875 0.4157735015625 0.3681640625 0.4157735015625 0.3623046875 0.4183884296875 0.3544921875 0.423618284375 0.341796875 0.44323024218749996 0.33984375 0.4510750265625 0.341796875 0.471994446875 0.3544921875 0.49160640468750005 0.3662109375 0.4968362609375
0 0.4150390625 0.5648243796875 0.4345703125 0.5752840906250001 0.4541015625 0.5778990187499999 0.4833984375 0.5674393078125 0.494140625 0.5556721328124999 0.5 0.5425974953125 0.505859375 0.5190631453125001 0.505859375 0.4850690859375 0.498046875 0.45891980937500004 0.4814453125 0.43407799531249996 0.4697265625 0.4262332125 0.4560546875 0.4210033578125 0.4404296875 0.4210033578125 0.4287109375 0.428848140625 0.419921875 0.440615315625 0.404296875 0.4693795203125 0.396484375 0.49029894062499996 0.396484375 0.526907928125 0.40234375 0.54782735 0.4150390625 0.5648243796875
0 0.4287109375 0.685111053125 0.4404296875 0.6929558375 0.4619140625 0.6929558375 0.4755859375 0.685111053125 0.4814453125 0.6798811984375 0.4921875 0.66288416875 0.49609375 0.644579675 0.494140625 0.623660253125 0.48828125 0.6079706875 0.4775390625 0.5935885843750001 0.4638671875 0.5857438015625 0.4482421875 0.5883587296874999 0.4345703125 0.5962035125 0.427734375 0.605355759375 0.41796875 0.6288901078125 0.416015625 0.6367348921875 0.416015625 0.660269240625 0.41796875 0.6681140234375 0.4287109375 0.685111053125
0 0.4091796875 0.428848140625 0.4208984375 0.428848140625 0.4345703125 0.4183884296875 0.443359375 0.4066212546875 0.443359375 0.39616154375 0.439453125 0.380471978125 0.4326171875 0.368704803125 0.4208984375 0.3634749484375 0.4111328125 0.3634749484375 0.4052734375 0.36608987656249997 0.392578125 0.38308690625 0.390625 0.3909316890625 0.390625 0.40400632812500004 0.396484375 0.417080965625 0.4091796875 0.428848140625
0 0.4150390625 0.3634749484375 0.4443359375 0.36608987656249997 0.4609375 0.3490928453125 0.46875 0.32294356875 0.46875 0.30202414843750003 0.462890625 0.28633458125 0.4560546875 0.277182334375 0.4404296875 0.2693375515625 0.4267578125 0.2693375515625 0.4130859375 0.27456740625 0.4072265625 0.2797972625 0.3984375 0.2941793640625 0.396484375 0.30202414843750003 0.396484375 0.33078835156249997 0.40234375 0.3490928453125 0.4150390625 0.3634749484375
0 0.462890625 0.41969589375 0.4716796875 0.428848140625 0.4814453125 0.428848140625 0.4873046875 0.4262332125 0.4921875 0.41969589375 0.498046875 0.40139139999999995 0.498046875 0.38308690625 0.49609375 0.37524212343749996 0.4873046875 0.3634749484375 0.4814453125 0.3608600203125 0.4677734375 0.3608600203125 0.4638671875 0.3634749484375 0.453125 0.37785704999999997 0.453125 0.385701834375 0.4609375 0.4144660375 0.462890625 0.41969589375
0 0.48936667656250005 0.33756650625 0.49609375 0.35955255625000004 0.5087890625 0.3765495875 0.5146484375 0.3765495875 0.53991524375 0.3607991109375 0.5425830625 0.3495764796875 0.5490620109375 0.3266210796875 0.5625 0.2994092203125 0.5625 0.2811047265625 0.560546875 0.27325994374999996 0.5556640625 0.26672262343750003 0.5183314171875 0.27023065625 0.4951171875 0.264107696875 0.4833984375 0.2693375515625 0.4765625 0.2784897984375 0.474609375 0.28633458125 0.4770312171875 0.3062162765625 0.4765625 0.3203286421875 0.48936667656250005 0.33756650625
0 0.5 0.4641496640625 0.5166015625 0.48637655 0.5263671875 0.49422133281249997 0.5458984375 0.49945118749999995 0.5595703125 0.4968362609375 0.5751953125 0.483761621875 0.5859375 0.4615347359375 0.58984375 0.440615315625 0.58984375 0.4092361828125 0.587890625 0.40139139999999995 0.58203125 0.3883167609375 0.5712890625 0.37393465937500003 0.5576171875 0.3634749484375 0.5498046875 0.3608600203125 0.5380859375 0.3608600203125 0.5263671875 0.36608987656249997 0.505859375 0.3883167609375 0.49609375 0.4092361828125 0.494140625 0.41969589375 0.494140625 0.44584517031250004 0.49609375 0.45368995312499993 0.5 0.4641496640625
0 0.5185546875 0.6432722109375 0.5361328125 0.6432722109375 0.5400390625 0.6406572828125 0.552734375 0.62627518125 0.55859375 0.6132005421875 0.55859375 0.5844363375 0.556640625 0.5765915546875 0.5458984375 0.559594525 0.5361328125 0.5517497421875001 0.5244140625 0.5517497421875001 0.5166015625 0.55436466875 0.5068359375 0.562209453125 0.498046875 0.5765915546875 0.49609375 0.5844363375 0.49609375 0.6079706875 0.50390625 0.6288901078125 0.5185546875 0.6432722109375
0 0.5732421875 0.5935885843750001 0.6005859375 0.5935885843750001 0.6083984375 0.5883587296874999 0.623046875 0.5713617 0.62890625 0.550442278125 0.626953125 0.5242930015625 0.6171875 0.5033735796875 0.6083984375 0.49422133281249997 0.5927734375 0.48637655 0.5810546875 0.48637655 0.5654296875 0.4968362609375 0.552734375 0.51644821875 0.548828125 0.5321377843749999 0.548828125 0.5582870609375 0.552734375 0.568746771875 0.5732421875 0.5935885843750001
0 0.5732421875 0.685111053125 0.5791015625 0.6877259812500001 0.5966796875 0.6877259812500001 0.6025390625 0.685111053125 0.6103515625 0.6798811984375 0.623046875 0.660269240625 0.625 0.6498095296875 0.625 0.6341199640624999 0.623046875 0.623660253125 0.619140625 0.6132005421875 0.6123046875 0.6040482953125 0.6005859375 0.5962035125 0.5751953125 0.5962035125 0.5625 0.6079706875 0.556640625 0.6184303984375 0.5546875 0.62627518125 0.552734375 0.6471946015625 0.556640625 0.66288416875 0.55859375 0.6681140234375 0.5732421875 0.685111053125
0 0.4921875 0.7517917093750001 0.5048828125 0.763558884375 0.5126953125 0.7661738125 0.5322265625 0.7661738125 0.5380859375 0.763558884375 0.5458984375 0.7583290296875 0.5625 0.7334872156250001 0.56640625 0.7099528671875001 0.564453125 0.6942633 0.55859375 0.678573734375 0.5458984375 0.6615767046875 0.5361328125 0.6537319218750001 0.5302734375 0.65111699375 0.5146484375 0.65111699375 0.5087890625 0.6537319218750001 0.4970703125 0.6615767046875 0.482421875 0.6890334453125 0.48046875 0.696878228125 0.48046875 0.7230275046875 0.482421875 0.7308722875 0.4921875 0.7517917093750001
0 0.5712890625 0.79755294375 0.5849609375 0.8080126546875 0.5966796875 0.8080126546875 0.6044921875 0.8027827999999999 0.619140625 0.7805559140625 0.619140625 0.7544066375 0.6171875 0.7465618546874999 0.6083984375 0.7347946796875 0.6005859375 0.729564825 0.5947265625 0.726949896875 0.5810546875 0.726949896875 0.5751953125 0.729564825 0.5673828125 0.7347946796875 0.560546875 0.74917678125 0.55859375 0.757021565625 0.55859375 0.7700962031249999 0.56640625 0.791015625 0.5712890625 0.79755294375
0 0.51953125 0.90607244375 0.5361328125 0.9256844015624999 0.5556640625 0.933529184375 0.5810546875 0.928299328125 0.5849609375 0.9256844015624999 0.6015625 0.903457515625 0.60546875 0.8903828765625 0.60546875 0.866848528125 0.603515625 0.8590037453124999 0.59375 0.8328544687500001 0.5751953125 0.8106275828125 0.5615234375 0.8027827999999999 0.5498046875 0.8027827999999999 0.5341796875 0.8106275828125 0.5224609375 0.8237022203125001 0.515625 0.8354693953125001 0.51171875 0.8511589624999999 0.51171875 0.8799231656250001 0.513671875 0.8903828765625 0.51953125 0.90607244375
0 0.5869140625 0.392239153125 0.5947265625 0.39485408125 0.6064453125 0.39485408125 0.6181640625 0.38700929687499996 0.626953125 0.37524212343749996 0.6328125 0.35955255625000004 0.6328125 0.3412480625 0.625 0.3203286421875 0.6181640625 0.3111763953125 0.6025390625 0.3033316109375 0.5947265625 0.3033316109375 0.5810546875 0.3111763953125 0.5703125 0.325558496875 0.56640625 0.3386331359375 0.564453125 0.3490928453125 0.56640625 0.362167484375 0.5703125 0.3726271953125 0.5869140625 0.392239153125
0 0.63302684375 0.3394304875 0.64279246875 0.3394304875 0.6720646609375 0.3087178359375 0.69943309375 0.29759164375 0.70822215625 0.28582446875 0.71212840625 0.27274983124999996 0.71017528125 0.257060265625 0.70040965625 0.2256811328125 0.68380809375 0.20345424687500002 0.67990184375 0.20083932031249999 0.65255809375 0.20345424687500002 0.62521434375 0.2191438140625 0.61740184375 0.22437366875000003 0.60470653125 0.2413706984375 0.60080028125 0.251830409375 0.59884715625 0.2649050484375 0.60080028125 0.2779796859375 0.61251903125 0.3041289640625 0.63302684375 0.3394304875
0 0.6962890625 0.40269886406250005 0.7060546875 0.40269886406250005 0.7177734375 0.3974690078125 0.73046875 0.380471978125 0.73828125 0.35955255625000004 0.736328125 0.3386331359375 0.732421875 0.328173425 0.7216796875 0.31379132187500003 0.7080078125 0.30594653906249997 0.6962890625 0.30594653906249997 0.6884765625 0.3085614671875 0.6826171875 0.31379132187500003 0.66796875 0.33601820781249997 0.666015625 0.34647791875 0.66796875 0.3726271953125 0.6845703125 0.39485408125 0.6962890625 0.40269886406250005
0 0.6162109375 0.46807205625000003 0.6240234375 0.4733019109375 0.6455078125 0.4733019109375 0.6552734375 0.465457128125 0.6640625 0.4510750265625 0.666015625 0.44323024218749996 0.666015625 0.4275406765625 0.6640625 0.417080965625 0.66015625 0.4092361828125 0.6513671875 0.4000839359375 0.6416015625 0.39485408125 0.6279296875 0.39485408125 0.6162109375 0.40269886406250005 0.609375 0.41185111093750004 0.60546875 0.422310821875 0.60546875 0.44846009843749995 0.609375 0.45891980937500004 0.6162109375 0.46807205625000003
0 0.6787109375 0.46022727343750003 0.6884765625 0.46022727343750003 0.703125 0.44323024218749996 0.705078125 0.4380003875 0.705078125 0.4249257484375 0.69921875 0.41185111093750004 0.6904296875 0.40269886406250005 0.6806640625 0.4000839359375 0.6728515625 0.405313790625 0.666015625 0.4144660375 0.666015625 0.44323024218749996 0.6748046875 0.45761234531249995 0.6787109375 0.46022727343750003
0 0.6435546875 0.543904959375 0.6591796875 0.5491348140625 0.6708984375 0.543904959375 0.677734375 0.5347527125 0.68359375 0.5190631453125001 0.68359375 0.4981437234375 0.6796875 0.4876840140625 0.6708984375 0.4759168390625 0.6669921875 0.4733019109375 0.6513671875 0.4733019109375 0.6396484375 0.48114669374999997 0.6328125 0.49291386875 0.62890625 0.5059885078125 0.62890625 0.5190631453125001 0.6328125 0.5295228562500001 0.6435546875 0.543904959375
0 0.654296875 0.6158154703125 0.6708984375 0.6301975718749999 0.6767578125 0.6328125 0.6923828125 0.6328125 0.6982421875 0.6301975718749999 0.7060546875 0.6249677171875 0.71875 0.6079706875 0.72265625 0.587051265625 0.716796875 0.5582870609375 0.7060546875 0.543904959375 0.6943359375 0.5334452484375001 0.6806640625 0.5334452484375001 0.6591796875 0.5491348140625 0.6484375 0.563516915625 0.64453125 0.5739766265624999 0.64453125 0.5896661937500001 0.646484375 0.5975109765625 0.654296875 0.6158154703125
0 0.6494140625 0.72433496875 0.6630859375 0.7321797515624999 0.6826171875 0.7321797515624999 0.69921875 0.71779765 0.70703125 0.696878228125 0.70703125 0.6733438796875 0.69921875 0.6524244578125 0.6904296875 0.6406572828125 0.6767578125 0.6328125 0.6611328125 0.6328125 0.6474609375 0.6406572828125 0.638671875 0.6524244578125 0.634765625 0.66288416875 0.634765625 0.69949315625 0.638671875 0.7099528671875001 0.6494140625 0.72433496875
0 0.6494140625 0.8864604859374999 0.6630859375 0.8969201968749999 0.6728515625 0.8995351234375001 0.6884765625 0.8995351234375001 0.6962890625 0.8969201968749999 0.7119140625 0.8864604859374999 0.71875 0.8746933109375 0.724609375 0.8590037453124999 0.728515625 0.8406992515624999 0.724609375 0.80932011875 0.71484375 0.7884006968749999 0.7041015625 0.7740185953125 0.6904296875 0.763558884375 0.6845703125 0.76094395625 0.6689453125 0.76094395625 0.6513671875 0.7714036671875 0.634765625 0.7936305531250001 0.62890625 0.80932011875 0.626953125 0.8197798296875 0.626953125 0.8380843234375 0.630859375 0.8590037453124999 0.6494140625 0.8864604859374999
0 0.7412109375 0.818472365625 0.7529296875 0.8263171484375 0.7705078125 0.8263171484375 0.7802734375 0.8237022203125001 0.7900390625 0.818472365625 0.806640625 0.7936305531250001 0.810546875 0.7805559140625 0.810546875 0.7622514203125 0.796875 0.7334872156250001 0.7822265625 0.7164901859375 0.7646484375 0.708645403125 0.7509765625 0.708645403125 0.7392578125 0.7138752578124999 0.7265625 0.7308722875 0.71875 0.7544066375 0.71875 0.7805559140625 0.7265625 0.7988604078125 0.7412109375 0.818472365625
0 0.7255859375 0.703415546875 0.7353515625 0.708645403125 0.7568359375 0.706030475 0.775390625 0.6864185171875 0.779296875 0.6681140234375 0.779296875 0.6550393859375 0.767578125 0.621045325 0.7626953125 0.61450800625 0.7412109375 0.6092781515625 0.7275390625 0.61450800625 0.720703125 0.621045325 0.70703125 0.6471946015625 0.705078125 0.6654990953125 0.708984375 0.6811886625 0.71484375 0.6916483734375001 0.7255859375 0.703415546875
0 0.8173828125 0.9178396171875001 0.8251953125 0.9230694734375 0.8310546875 0.9256844015624999 0.8486328125 0.9256844015624999 0.8544921875 0.9230694734375 0.8642578125 0.9152246906249999 0.873046875 0.9008425875 0.875 0.8929978046875 0.875 0.8746933109375 0.87109375 0.8616186718750001 0.8642578125 0.8498514984375 0.8447265625 0.8315470046875 0.8310546875 0.8289320765625 0.8193359375 0.83416193125 0.80859375 0.8485440343749999 0.8046875 0.8590037453124999 0.802734375 0.8694634562499999 0.802734375 0.8903828765625 0.8046875 0.898227659375 0.8173828125 0.9178396171875001
0 0.8095703125 0.7583290296875 0.8291015625 0.7661738125 0.8388671875 0.7687887390625 0.8623046875 0.7661738125 0.8759765625 0.7530991734375 0.884765625 0.7413319984375 0.896484375 0.715182721875 0.896484375 0.683803590625 0.892578125 0.66288416875 0.888671875 0.6524244578125 0.8740234375 0.6301975718749999 0.8583984375 0.6197378609374999 0.8408203125 0.6197378609374999 0.8056640625 0.6328125 0.798828125 0.641964746875 0.787109375 0.6811886625 0.78515625 0.6890334453125 0.787109375 0.7073379390625 0.794921875 0.7308722875 0.8095703125 0.7583290296875
0 0.8916015625 0.9387590390625 0.9111328125 0.9570635328125 0.9189453125 0.9596784609375 0.9404296875 0.9596784609375 0.9462890625 0.9570635328125 0.962890625 0.9374515750000001 0.966796875 0.9269918640625001 0.966796875 0.898227659375 0.962890625 0.885153021875 0.9482421875 0.8629261359375 0.9384765625 0.855081353125 0.9326171875 0.852466425 0.9130859375 0.852466425 0.8896484375 0.873385846875 0.8828125 0.88776795 0.880859375 0.903457515625 0.880859375 0.91914708125 0.8828125 0.9243769374999999 0.8916015625 0.9387590390625
0 0.7158203125 0.5517497421875001 0.7353515625 0.556979596875 0.7509765625 0.55436466875 0.7646484375 0.543904959375 0.7734375 0.5295228562500001 0.779296875 0.5138332906249999 0.779296875 0.4798392296875 0.7734375 0.4641496640625 0.7626953125 0.44976756250000005 0.7392578125 0.4366929234375 0.7236328125 0.4366929234375 0.7119140625 0.4419227796875 0.6953125 0.4667645921875 0.69140625 0.4824541578125 0.69140625 0.508603434375 0.69921875 0.5295228562500001 0.7158203125 0.5517497421875001
0 0.7353515625 0.43146306875 0.7509765625 0.4419227796875 0.7666015625 0.4419227796875 0.7744140625 0.4366929234375 0.78515625 0.4249257484375 0.79296875 0.40139139999999995 0.79296875 0.3909316890625 0.787109375 0.3726271953125 0.7763671875 0.35824509375 0.7724609375 0.355630165625 0.7548828125 0.355630165625 0.7451171875 0.3608600203125 0.732421875 0.37785704999999997 0.7265625 0.3935466171875 0.7265625 0.4144660375 0.728515625 0.422310821875 0.7353515625 0.43146306875
0 0.7548828125 0.3530152375 0.7724609375 0.3530152375 0.78515625 0.3412480625 0.791015625 0.325558496875 0.791015625 0.3124838578125 0.78515625 0.29679429218750003 0.7783203125 0.28764204531250004 0.7666015625 0.282412190625 0.7607421875 0.282412190625 0.7470703125 0.2902569734375 0.740234375 0.2994092203125 0.73828125 0.31771371406250004 0.740234375 0.33078835156249997 0.7509765625 0.350400309375 0.7548828125 0.3530152375
0 0.7236328125 0.277182334375 0.7314453125 0.282412190625 0.7373046875 0.28502711718749996 0.7529296875 0.28502711718749996 0.7607421875 0.282412190625 0.7705078125 0.27456740625 0.779296875 0.25757037656250004 0.78125 0.24972559374999997 0.78125 0.22619124531249998 0.7734375 0.20004196875 0.7646484375 0.1908897203125 0.7451171875 0.1830449375 0.7314453125 0.185659865625 0.7216796875 0.19350464843749998 0.712890625 0.2052718234375 0.708984375 0.215731534375 0.70703125 0.23665095625000002 0.7109375 0.25495545000000003 0.71484375 0.265415159375 0.7236328125 0.277182334375
0 0.7490234375 0.6118930781249999 0.7626953125 0.6118930781249999 0.7734375 0.5975109765625 0.775390625 0.5922811203125 0.775390625 0.5739766265624999 0.76953125 0.5582870609375 0.7626953125 0.5517497421875001 0.7529296875 0.5517497421875001 0.7373046875 0.559594525 0.734375 0.563516915625 0.73046875 0.5844363375 0.734375 0.6001259046875 0.7412109375 0.6092781515625 0.7490234375 0.6118930781249999
0 0.8076171875 0.6066632234375 0.8232421875 0.617122934375 0.8310546875 0.6197378609374999 0.8564453125 0.617122934375 0.8681640625 0.6092781515625 0.8828125 0.5896661937500001 0.88671875 0.5792064828125 0.888671875 0.56613184375 0.88671875 0.5425974953125 0.880859375 0.5242930015625 0.873046875 0.508603434375 0.8671875 0.4981437234375 0.8603515625 0.49160640468750005 0.8388671875 0.48114669374999997 0.8212890625 0.48114669374999997 0.8017578125 0.49422133281249997 0.787109375 0.51644821875 0.78515625 0.5399825671875 0.7890625 0.5713617 0.79296875 0.5844363375 0.8076171875 0.6066632234375
0 0.8017578125 0.48637655 0.8134765625 0.4785317671875 0.822265625 0.4641496640625 0.822265625 0.4510750265625 0.818359375 0.4380003875 0.8076171875 0.4262332125 0.8017578125 0.423618284375 0.7861328125 0.4262332125 0.7734375 0.440615315625 0.771484375 0.45630488125 0.77734375 0.471994446875 0.7900390625 0.48637655 0.8017578125 0.48637655
0 0.7998046875 0.282412190625 0.8115234375 0.2928719015625 0.8193359375 0.2928719015625 0.8388671875 0.28764204531250004 0.845703125 0.2784897984375 0.8515625 0.2628002328125 0.853515625 0.23665095625000002 0.849609375 0.2183464625 0.8408203125 0.20657928750000001 0.8271484375 0.1987345046875 0.8115234375 0.20134943125000002 0.7978515625 0.209194215625 0.791015625 0.2209613890625 0.7890625 0.22619124531249998 0.7890625 0.2628002328125 0.79296875 0.27325994374999996 0.7998046875 0.282412190625
0 0.8212890625 0.392239153125 0.8291015625 0.39485408125 0.8447265625 0.392239153125 0.8603515625 0.3817794421875 0.87109375 0.367397340625 0.875 0.3569376296875 0.876953125 0.3386331359375 0.87109375 0.31771371406250004 0.8564453125 0.295486828125 0.8486328125 0.2902569734375 0.8212890625 0.2928719015625 0.8173828125 0.295486828125 0.80078125 0.31771371406250004 0.796875 0.33078835156249997 0.796875 0.3490928453125 0.8046875 0.37524212343749996 0.8212890625 0.392239153125
0 0.8349609375 0.4785317671875 0.8466796875 0.483761621875 0.8623046875 0.483761621875 0.8818359375 0.4706869828125 0.88671875 0.4641496640625 0.89453125 0.440615315625 0.892578125 0.417080965625 0.8759765625 0.39485408125 0.8662109375 0.389624225 0.8525390625 0.389624225 0.8408203125 0.39485408125 0.8251953125 0.40792871875000003 0.8203125 0.417080965625 0.818359375 0.422310821875 0.818359375 0.440615315625 0.82421875 0.4641496640625 0.8349609375 0.4785317671875
0 0.8740234375 0.836776859375 0.8857421875 0.8446216421875 0.9052734375 0.842006715625 0.9208984375 0.8315470046875 0.9296875 0.8171649015625 0.931640625 0.806705190625 0.931640625 0.7857857703125 0.923828125 0.7648663484375 0.9150390625 0.7557141015625 0.9052734375 0.7504842453125 0.8876953125 0.7478693187500001 0.8798828125 0.7504842453125 0.8740234375 0.7557141015625 0.86328125 0.77271113125 0.861328125 0.7805559140625 0.861328125 0.80932011875 0.8671875 0.8250096843750001 0.8740234375 0.836776859375
0 0.8779296875 0.26672262343750003 0.8837890625 0.2693375515625 0.9033203125 0.2693375515625 0.9091796875 0.26672262343750003 0.921875 0.252340521875 0.927734375 0.2392658828125 0.9296875 0.22619124531249998 0.9296875 0.197427040625 0.9189453125 0.1778150828125 0.9072265625 0.1699703 0.9013671875 0.167355371875 0.8779296875 0.167355371875 0.861328125 0.1895822578125 0.859375 0.1948121125 0.85546875 0.21050167812499998 0.85546875 0.23403602812500002 0.859375 0.2444957390625 0.8779296875 0.26672262343750003
0 0.9521484375 0.26149276875 0.9599609375 0.26149276875 0.9658203125 0.25887784062499997 0.974609375 0.247110665625 0.978515625 0.23665095625000002 0.978515625 0.2183464625 0.9697265625 0.20657928750000001 0.9599609375 0.20134943125000002 0.9521484375 0.20134943125000002 0.9375 0.21311660625 0.931640625 0.23403602812500002 0.93359375 0.2418808109375 0.9482421875 0.25887784062499997 0.9521484375 0.26149276875
0 0.9248046875 0.34517045468749996 0.9365234375 0.350400309375 0.9501953125 0.350400309375 0.9599609375 0.34517045468749996 0.96875 0.33078835156249997 0.97265625 0.3203286421875 0.97265625 0.2915644375 0.96875 0.2811047265625 0.9599609375 0.2693375515625 0.9501953125 0.264107696875 0.9365234375 0.264107696875 0.9287109375 0.2693375515625 0.916015625 0.28633458125 0.912109375 0.29679429218750003 0.912109375 0.32294356875 0.916015625 0.3334032796875 0.9248046875 0.34517045468749996
0 0.9990234375 0.3242510328125 1 0.265415159375 0.9931640625 0.26149276875 0.9775390625 0.26149276875 0.9736328125 0.264107696875 0.966796875 0.27325994374999996 0.97265625 0.3203286421875 0.9755859375 0.3242510328125 0.9990234375 0.3242510328125
0 0.9990234375 0.26149276875 1 0.1843524015625 0.9951171875 0.1830449375 0.9697265625 0.20134943125000002 0.96875 0.2052718234375 0.982421875 0.252340521875 0.9892578125 0.25887784062499997 0.9990234375 0.26149276875
0 0.9697265625 0.389624225 0.9794921875 0.3974690078125 0.9912109375 0.3974690078125 0.9990234375 0.39485408125 1 0.328173425 0.9970703125 0.3242510328125 0.9892578125 0.3216361046875 0.9736328125 0.3242510328125 0.962890625 0.3412480625 0.958984375 0.3490928453125 0.958984375 0.3726271953125 0.9609375 0.37785704999999997 0.9697265625 0.389624225
0 0.9912109375 0.483761621875 0.9990234375 0.48637655 1 0.39616154375 0.9970703125 0.39485408125 0.9853515625 0.4000839359375 0.974609375 0.417080965625 0.97265625 0.4380003875 0.9765625 0.45630488125 0.984375 0.474609375 0.9912109375 0.483761621875
0 0.9697265625 0.6406572828125 0.9853515625 0.648502065625 0.9990234375 0.648502065625 1 0.49029894062499996 0.9951171875 0.48637655 0.9775390625 0.48899147656249997 0.9521484375 0.5151407546875 0.947265625 0.5242930015625 0.94140625 0.5373676390625 0.94140625 0.581821409375 0.947265625 0.605355759375 0.9697265625 0.6406572828125
0 0.9091796875 0.538675103125 0.9189453125 0.54129003125 0.9365234375 0.5334452484375001 0.947265625 0.5190631453125001 0.951171875 0.508603434375 0.951171875 0.4850690859375 0.94921875 0.4798392296875 0.9365234375 0.46022727343750003 0.9287109375 0.45499741718750003 0.9091796875 0.45499741718750003 0.9052734375 0.45761234531249995 0.892578125 0.4798392296875 0.890625 0.4876840140625 0.890625 0.5138332906249999 0.892578125 0.5190631453125001 0.9091796875 0.538675103125
0 0.8955078125 0.65111699375 0.9091796875 0.6432722109375 0.9140625 0.6367348921875 0.919921875 0.6184303984375 0.91796875 0.605355759375 0.9140625 0.5975109765625 0.9052734375 0.5883587296874999 0.8994140625 0.5857438015625 0.8857421875 0.5857438015625 0.880859375 0.5922811203125 0.869140625 0.6105856140625 0.869140625 0.623660253125 0.8896484375 0.65111699375 0.8955078125 0.65111699375
0 0.9423828125 0.7138752578124999 0.9560546875 0.7138752578124999 0.9619140625 0.71126033125 0.966796875 0.7047230109375 0.974609375 0.6864185171875 0.974609375 0.6654990953125 0.9580078125 0.6406572828125 0.9501953125 0.6380423546875 0.9404296875 0.6406572828125 0.9287109375 0.648502065625 0.921875 0.660269240625 0.919921875 0.683803590625 0.92578125 0.69949315625 0.9365234375 0.71126033125 0.9423828125 0.7138752578124999
0 1 0.7962454796875 0.990234375 0.7779409859374999 0.9833984375 0.7714036671875 0.9697265625 0.763558884375 0.9599609375 0.763558884375 0.9462890625 0.7714036671875 0.93359375 0.791015625 0.931640625 0.806705190625 0.931640625 0.8197798296875 0.93359375 0.8276246125 0.9501953125 0.852466425 0.9619140625 0.85769628125 0.9755859375 0.85769628125 0.9873046875 0.852466425 0.998046875 0.8380843234375 1 0.8328544687500001 1 0.7962454796875