0 0.9754838570428624 0.46029555245341075 0.04903228591427507 0.07714069954135674
0 0.31555445606091037 0.1937716982049981 0.11601433234903044 0.14045516693047427
0 0.7459054819663186 0.6868507261143095 0.06903058395918063 0.07969994615162061
0 0.44797739741771603 0.31990595236163316 0.10708334190820956 0.12773352941068872
0 0.7847520847218272 0.7526264903000746 0.05684116040718266 0.06561784916858962
0 0.8445987560488228 0.6328655712580293 0.14405486065745415 0.15529055674305994
0 0.9040301459412617 0.5387949740027386 0.08115901275027149 0.08949653416130729
0 0.659062383436729 0.6905547361434394 0.06663961350864085 0.0856665469450391
0 0.40790618142851304 0.19801658049573628 0.09217918689924609 0.11931653995108457
0 0.5383888591809999 0.3723837461725693 0.10902767720259376 0.11844377461060632
0 0.9527888319201182 0.6244202369348623 0.09442233615976363 0.11216176657749273
0 0.11907350642549115 0.29553747202418146 0.11595802731690305 0.1389931646871382
0 0.2624667475969845 0.47417460055399596 0.130890320698545 0.16435119452679176
0 0.9829960234652579 0.5441166229865242 0.03400795306948403 0.09134916140464337
0 0.8754478549550807 0.3113148316828705 0.06759682734157799 0.07810050656498975
0 0.7446459362043252 0.3339901505666313 0.06118230709800354 0.07820593587517113
0 0.6969403733352116 0.3840068709414601 0.08273177683574673 0.08963965451792992
0 0.6975033670829452 0.4634670504083466 0.0636298774566427 0.07185155158841638
0 0.8253305834488165 0.2716923905375014 0.07294093393601671 0.08633668462152996
0 0.04538966837408722 0.2910569090129155 0.04184017720259383 0.11648881802583091
0 0.847172331045801 0.7388655186716045 0.06316828848623217 0.06560723460174422
0 0.6576008681827312 0.5729042348897982 0.06502785721306807 0.07218430143171126
0 0.930862574070417 0.393928754881551 0.09548601996485076 0.10724305951428867
0 0.8485873450267881 0.3743998533904829 0.05830600415718266 0.0656604717685485
0 0.525872346126574 0.4756080345732291 0.07283301360054147 0.08623618686486605
0 0.8697091768259255 0.4567948162434643 0.06891797389492567 0.07677594166494846
0 0.44336706579180324 0.6095080099626229 0.059704278789579845 0.06414343587517113
0 0.19457561855939948 0.24321410556856088 0.06885140477732313 0.07521628317161237
0 0.053507255325705175 0.183031460345699 0.08139535330540171 0.12231292069139799
0 0.7415770998026002 0.4974616171805364 0.061682621689310047 0.06721908523845777
0 0.7576268172682574 0.4130327928864993 0.07228403246560618 0.08008668462152997
0 0.6147097391451462 0.34267116561032607 0.09365137426177288 0.10553459765100204
0 0.4751826448414758 0.4157185575344826 0.06684666447397536 0.07652095752500614
0 0.25736845788381413 0.7294925863682311 0.06602084790718257 0.06588495079499808
0 0.8353247407948252 0.5149877494712746 0.07009542325162102 0.07408418926490726
0 0.9594215012730107 0.5100311280010891 0.058208347907182656 0.0656576302618845
0 0.7013157093602684 0.53679089014179 0.0698590544097204 0.0736878812515794
0 0.7934892816077814 0.368902359658689 0.057205388003565005 0.07000953891192588
0 0.27659979153607417 0.28999582884638364 0.07558644239163233 0.09575999023481652
0 0.5265365509144737 0.17810254875899406 0.0716300514681441 0.08775890577157117
0 0.7199083347218271 0.7507397298752332 0.07430841631198852 0.08452667997815269
0 0.9186792297667467 0.4706814714954561 0.04942105466301357 0.054303180242099104
0 0.970264288846155 0.3393381947732788 0.05947142230768989 0.09129981076793
0 0.47690914391491457 0.6766871497752084 0.08680077782348991 0.10056474346784743
0 0.6997366963058426 0.6403334272888086 0.06464631679465586 0.0796697346017444
0 0.7522493896889954 0.6138224030739137 0.06519208258067088 0.07374680143171126
0 0.617048544835432 0.6316965616911178 0.07522457380302505 0.07657001459810306
0 0.5175013441002269 0.6256845909205775 0.05224282182753868 0.0542879276853526
0 0.7619695797727903 0.2542715583259055 0.07394887844438588 0.08295849696482485
0 0.1694651977822968 0.41928486058312586 0.09586051164670817 0.11173240550762475
0 0.6785752139628558 0.29078806835503535 0.08817383455615727 0.09602888834446191
0 0.4833422413447181 0.5600452190546805 0.10424252095259376 0.11830454078407442
0 0.22124595403456318 0.34134772868809904 0.10111430560367358 0.10614117715745977
0 0.06260053215767451 0.4029347833860949 0.05094011102656763 0.10117638375886191
0 0.35993754115940585 0.6086381802583094 0.06004299361026035 0.0673660921251713
0 0.6024700049490369 0.5152221155311837 0.0605048774566427 0.0717606233751713
0 0.1852801459412618 0.5178814849563051 0.07383626838013094 0.08003449247815268
0 0.12349130459049992 0.18195234514371963 0.06429704301252834 0.07819920783841657
0 0.5651059222233382 0.6932729076927673 0.07195850220334918 0.09088390577157117
0 0.786523631237157 0.4730670224325282 0.06326007550356501 0.07018571232508872
0 0.7789879100954735 0.5421663634196128 0.05786963308650215 0.06243497401188449
0 0.3077535248056221 0.37891357633910117 0.0771357578332088 0.08178557694139794
0 0.1137007968617793 0.4667305104248413 0.07538820941868392 0.08183208607144757
0 0.5457228371248426 0.2791338513454188 0.085989915070952 0.09284989971784743
0 0.23444958307214825 0.5707169799417403 0.060777023159720486 0.07342362113183505
0 0.3615073444768951 0.30492815855069705 0.07617385427149177 0.08652811059143924
0 0.9664801605950112 0.7190424151481076 0.06703967880997759 0.07861615785820213
0 0.5641394420799234 0.5655116205457487 0.07833137635307938 0.09408742293473402
0 0.4273949692885609 0.4649540279093115 0.07920411849444023 0.10053841844806186
0 0.6383794231498994 0.43448659256993016 0.058131514704104784 0.06400031551854841
0 0.3581921700237662 0.4660558751646022 0.08669285748801467 0.10046424571118351
0 0.4050341439149146 0.6745958008705651 0.08792513749697814 0.10848342423783919
0 0.6031717275671745 0.2403046835570147 0.08409896433574673 0.08967943561122471
0 0.07696317479957837 0.5840483910662269 0.040677415070951926 0.0915314406257897
0 0.2496897424445041 0.6638448543149197 0.05704116263596228 0.06844703891192587
0 0.39354072719050637 0.5504225149771879 0.08370686495588728 0.09891699826793002
0 0.47961223804536013 0.22814200118713424 0.0606793669097204 0.07342077962517113
0 0.06612194153003037 0.4957216769596041 0.03687498542959113 0.08499519991254445
0 0.995653378823129 0.658360979413015 0.008693242353741937 0.07526279230166182
0 0.3826714121218208 0.38031460345698986 0.07715658088013103 0.08013110370472579
0 0.3214802707529277 0.6799532391129404 0.08913836371485066 0.10705836158113406
0 0.10562780476372469 0.5529491552519918 0.07235089645918062 0.07979655737819372
0 0.14552064133867434 0.7620657424781527 0.0868450495143108 0.11302780388121647
0 0.09491541174515257 0.6881592295460288 0.05321584581587606 0.07651377159205772
0 0.11597636193046482 0.6365883693586145 0.07449316985054147 0.08628449247815269
0 0.8188505321576744 0.4249394109914725 0.04926709338088635 0.052838336492099104
0 0.652226025905408 0.49953493104973223 0.05985824007170741 0.06560827962517113
0 0.903591274428954 0.7124681547232663 0.06322429864238757 0.06891902258175264
0 0.1629429106453666 0.5795403989837856 0.053751937268359695 0.06679361069868044
0 0.9258209005438494 0.2940878792547303 0.058198083821707415 0.06555997401188458
0 0.2297413045904999 0.18504390439406196 0.06728890477732312 0.07517081906498971
0 0.17806343950368314 0.649298969516899 0.05428566971306821 0.07187173569868044
0 0.887591322420738 0.22677234712227667 0.05854735760383463 0.06703050077521241
0 0.2953026113805718 0.5865071159934022 0.07415445502986104 0.08306183622815269
0 0.5736553036639387 0.45596913598515487 0.051332533569169315 0.05766895684872182
0 0.6706947553257052 0.200989782461658 0.06685253370664271 0.07194532130832573