0 0.03154296875 0.628316115625 0.01494140625 0.622261853125 0.00126953125 0.6252745921875 0.00029296875 0.671064240625 0.00908203125 0.6747308984375 0.00912543125 0.6747344765625 0.0341145828125 0.6740073671875 0.040625 0.6631645234375 0.040625 0.652370684375 0.03154296875 0.628316115625
0 0.0296875 0.6242620859375 0.03125 0.6284005046875001 0.0400390625 0.6425268734375 0.0673828125 0.6652656015625 0.0751953125 0.6702681359375 0.0795934578125 0.6711215671875 0.10033517031250001 0.6705180453125 0.1083984375 0.6693020234375 0.1265625 0.636775046875 0.1265625 0.633994965625 0.123046875 0.6152697796875 0.1171875 0.5971357765625 0.1015625 0.5635963578125 0.0927734375 0.557314771875 0.0849609375 0.5575420921875 0.0537109375 0.57414094375 0.037109375 0.5942359578125 0.03125 0.6048661562500001 0.0296875 0.6090955046875 0.0296875 0.6242620859375
0 0.0304029875 0.5616153640625 0.028703704687499998 0.5616648078125 0.0203125 0.56415586875 0.0037109375 0.5920956656249999 0.0095703125 0.6049998125 0.018005953124999998 0.6135385796875 0.034479165625 0.613059259375 0.0427734375 0.606648628125 0.0447265625 0.60136194375 0.0447265625 0.580442521875 0.0427734375 0.5752694953125 0.0304029875 0.5616153640625
0 0.171484375 0.6471474515625 0.1734375 0.6392458390625 0.1734375 0.6235562734375 0.16953125 0.6105952953125 0.1626953125 0.6016419546875 0.1431640625 0.60221025625 0.1275390625 0.6078947515625 0.11875 0.6225325890625 0.120703125 0.6460101093749999 0.1353515625 0.6678107671875 0.1548828125 0.667242465625 0.1646484375 0.6591135328125 0.171484375 0.6471474515625
0 0.004345703125 0.553291290625 0.013171809375 0.5605542390625 0.0203125 0.5603464671875 0.0203125 0.4897726984375 0.000439453125 0.5220258140625 0.000439453125 0.5403303078125 0.004345703125 0.553291290625
0 0.1816002375 0.6634659734375 0.216967471875 0.662436890625 0.2181640625 0.6614408453125 0.2201171875 0.6561541609375 0.2201171875 0.6456944499999999 0.2162109375 0.6353484 0.20546875 0.6212788640625 0.19375 0.62161984375 0.1771484375 0.64171485625 0.1751953125 0.6522313984375 0.1771484375 0.66001935 0.1816002375 0.6634659734375
0 0.1390389921875 0.5943918781249999 0.16207320625 0.5937216515625 0.16748046875 0.5906685265625 0.1796875 0.5717909328124999 0.1796875 0.5482565828125 0.17431640625 0.531633746875 0.15185546875 0.5179051921875 0.14404296875 0.5181325125 0.12060546875 0.5318891109375 0.11572265625 0.5411834343749999 0.11376953125 0.5464701203125 0.11376953125 0.5621596875 0.11767578125 0.5725057375 0.12841796875 0.5865752734375 0.1390389921875 0.5943918781249999
0 0.06004023125 0.5529405078125 0.091106046875 0.5520365843749999 0.095166015625 0.5486570546875 0.105908203125 0.5313474609375 0.10625 0.5290494531250001 0.10625 0.5132291390625 0.102001953125 0.5000819890625 0.095166015625 0.4911286453125 0.085400390625 0.48356801406249994 0.079541015625 0.4811235765625 0.058056640625 0.481748709375 0.050244140625 0.48720588593749997 0.039501953125 0.501900553125 0.039501953125 0.520205046875 0.045361328125 0.53833905 0.06004023125 0.5529405078125
0 0.0458984375 0.47204953281249995 0.0546875 0.46002662031249997 0.0546875 0.412957921875 0.0498046875 0.4065626796875 0.0380859375 0.3990588765625 0.0146484375 0.40235576718750005 0.001953125 0.42233712187499994 0 0.4511581546875 0.0146484375 0.478188671875 0.0202564421875 0.47909809843750006 0.03408021875 0.4786958671875 0.0380859375 0.47750671093749997 0.0458984375 0.47204953281249995
0 0 0.35679235781249996 0.00390625 0.3723682640625 0.0166015625 0.38899589843750004 0.0244140625 0.393998434375 0.0302734375 0.39382794374999996 0.03125 0.31142930468749996 0.0205078125 0.3078194796875 0.0107421875 0.3133334875 0.005859375 0.32001288125 0 0.343717721875 0 0.35679235781249996
0 0.0869140625 0.36148997656250004 0.0869791671875 0.36153166406250004 0.1064127609375 0.3609662046875 0.1125 0.3526392265625 0.1125 0.33381174687500004 0.109375 0.32553490625000003 0.1044921875 0.3191396609375 0.0966796875 0.31413712656250004 0.0849609375 0.31447810781249996 0.0810546875 0.31720669687499997 0.076171875 0.32650101875000004 0.075 0.3312419875 0.075 0.3396097546875 0.076171875 0.34742043906250003 0.0869140625 0.36148997656250004
0 0.0896484375 0.37258196718750003 0.084765625 0.3661867234375 0.07790798593750001 0.361795609375 0.0607142859375 0.3622958953125 0.0525390625 0.37104681093749997 0.0486328125 0.3816201828125 0.0544921875 0.39713925781250003 0.0671875 0.41115196562499995 0.0797453703125 0.41799214687499997 0.0814732140625 0.417941871875 0.0896484375 0.4091909546875 0.0935546875 0.3986175828125 0.0935546875 0.3855429453125 0.0896484375 0.37258196718750003
0 0.0869140625 0.47285522812499997 0.0986328125 0.4829739578125 0.1162109375 0.4824624875 0.1298828125 0.4768348203125 0.146484375 0.45412487968750004 0.146484375 0.44366516875000006 0.140625 0.41507145312500004 0.1279296875 0.401058746875 0.1103515625 0.40157021718749997 0.0908203125 0.4125982296875 0.083984375 0.42194938281249994 0.080078125 0.43252275312500005 0.080078125 0.45605710312500003 0.08203125 0.46384505625 0.0869140625 0.47285522812499997
0 0.11499067656249999 0.3607166125 0.1081693671875 0.3609150921875 0.0998046875 0.372357471875 0.0978515625 0.3828740140625 0.1017578125 0.3932200625 0.106640625 0.3996153078125 0.11105324375 0.40145618125000004 0.1251832546875 0.40104503906250005 0.128125 0.3989901765625 0.13125 0.3930418109375 0.13125 0.3774293171875 0.11499067656249999 0.3607166125
0 0.18591530625 0.3492779171875 0.220722653125 0.34826512656249997 0.23740234375 0.3384750109375 0.25009765625 0.32110858593749997 0.25625 0.29209999375 0.25625 0.261407278125 0.25009765625 0.23481597187499997 0.23349609375 0.2130721421875 0.22177734375 0.2134131234375 0.19833984375 0.2271697234375 0.17783203125 0.2526082515625 0.17392578125 0.260566696875 0.16806640625 0.2816566078125 0.17197265625 0.3103071515625 0.17783203125 0.3362859375 0.18591530625 0.3492779171875
0 0.20437561249999997 0.3987407765625 0.215625 0.3853604453125 0.215625 0.3687469359375 0.21240234375 0.35589681562500003 0.20556640625 0.3469434734375 0.19580078125 0.339382840625 0.18212890625 0.34239558125 0.16943359375 0.357147078125 0.16748046875 0.36766361718749996 0.16943359375 0.380681428125 0.17333984375 0.3884125484375 0.1832538703125 0.39935535624999996 0.20437561249999997 0.3987407765625
0 0.1765625 0.3907739078125 0.175439453125 0.3877994171875 0.170556640625 0.3814041734375 0.16291292968749999 0.3765097171875 0.1567159765625 0.37669003125 0.145166015625 0.3847578921875 0.140283203125 0.3914372859375 0.136376953125 0.40201065781249995 0.138330078125 0.420258321875 0.147034746875 0.4316592265625 0.1532316984375 0.4314789125 0.170556640625 0.4232430171875 0.175439453125 0.41394869375 0.1765625 0.40188735 0.1765625 0.3907739078125
0 0.1534065140625 0.46897382656250003 0.1445952703125 0.4692302078125 0.136279296875 0.47565761249999994 0.132373046875 0.4836160546875 0.132373046875 0.5019205484375 0.137255859375 0.5083157921875 0.1427209921875 0.51303474375 0.14928522500000002 0.51284374375 0.1578125 0.5029353546875 0.1578125 0.47248150468750005 0.156787109375 0.471138503125 0.1534065140625 0.46897382656250003
0 0.20787498593749998 0.61113895625 0.22029381718750002 0.6107776046875 0.235595703125 0.6000889546875 0.240478515625 0.59079463125 0.240625 0.590300071875 0.240625 0.5545736203125 0.238525390625 0.54901261875 0.233642578125 0.5426173750000001 0.223876953125 0.5376716703125 0.210205078125 0.53806948125 0.198486328125 0.5462552453125 0.189697265625 0.5582781546875 0.183837890625 0.5741382125000001 0.183837890625 0.5845979234375 0.194580078125 0.603897315625 0.20787498593749998 0.61113895625
0 0.269759115625 0.6530883109375 0.2859375 0.647804165625 0.2966796875 0.63049456875 0.2984375 0.625736553125 0.2984375 0.6088702703125 0.2947265625 0.5965573390625 0.28203125 0.5825446328125 0.271245659375 0.5780450578125 0.26782407343750003 0.5781446156250001 0.2546875 0.5807253265625001 0.246875 0.5861825031250001 0.2361328125 0.6034920984375 0.234375 0.6153104203125 0.234375 0.618186840625 0.2361328125 0.6322563031249999 0.24296875 0.643824571875 0.2546875 0.6513283734375 0.2661820015625 0.6531923953125001 0.269759115625 0.6530883109375
0 0.287255859375 0.562512709375 0.2875 0.5608712765625 0.2875 0.545835440625 0.282373046875 0.5351980421875 0.278466796875 0.5326967781249999 0.264794921875 0.5330945890625001 0.256005859375 0.53988764375 0.252099609375 0.5504610125 0.252099609375 0.560920725 0.260888671875 0.5724321640625 0.264794921875 0.5749334312500001 0.278466796875 0.5745356203124999 0.287255859375 0.562512709375
0 0.22412109375 0.5348188125 0.2266529203125 0.5355925734375 0.243815109375 0.5350932046875 0.24951171875 0.5340800203125 0.25341796875 0.5313514328125 0.265625 0.5121385921875 0.265625 0.47935142343750003 0.25732421875 0.46847950781250003 0.24560546875 0.46097570625 0.22607421875 0.46154400781250005 0.21826171875 0.4670011828125 0.20751953125 0.48431077812499995 0.20556640625 0.49221239062500005 0.20556640625 0.5052870296875 0.20751953125 0.5130749828125001 0.21533203125 0.5259223015625001 0.22412109375 0.5348188125
0 0.203564453125 0.47359005156249995 0.2125 0.4589741 0.2125 0.443050378125 0.202587890625 0.42524230156250004 0.1891691984375 0.4179332390625 0.1808322484375 0.41817581875 0.171337890625 0.423536659375 0.158642578125 0.4435180109375 0.156689453125 0.4618793359375 0.158642578125 0.4696672890625 0.163525390625 0.4760625328125 0.177197265625 0.48612443125000004 0.1827311171875 0.4884330671875 0.1835991796875 0.48840780937500006 0.192822265625 0.485669790625 0.203564453125 0.47359005156249995
0 0.240625 0.40171818437500006 0.235595703125 0.3951310828125 0.225830078125 0.38757045 0.212158203125 0.3853533328125 0.205322265625 0.394704484375 0.199462890625 0.410564540625 0.201416015625 0.42881220468750003 0.20982776875 0.4423321359375 0.23056891093749998 0.4417286296875 0.240625 0.429767640625 0.240625 0.40171818437500006
0 0.2734375 0.3612489734375 0.27255859375 0.3589211109375 0.2638780375 0.3501344328125 0.24992886718750001 0.3505403125 0.24619140625 0.3531509984375 0.23349609375 0.37313235312500004 0.23349609375 0.3862069921875 0.23544921875 0.39138001718750004 0.2461070125 0.4053390171875 0.2561258203125 0.40504749999999995 0.26376953125 0.3997082265625 0.27255859375 0.387685315625 0.2734375 0.38530630625 0.2734375 0.3612489734375
0 0.2921875 0.3383183328125 0.2921875 0.31530281875 0.28779296875 0.3078660734375 0.27998046875 0.30286353906249996 0.26826171875 0.3032045203125 0.25947265625 0.3152274296875 0.25751953125 0.3257439703125 0.26142578125 0.3387049484375 0.26630859375 0.3451001921875 0.2704282359375 0.3468188421875 0.28463231875 0.3464055453125 0.2921875 0.3383183328125
0 0.2533203125 0.2758088515625 0.2552734375 0.2809818765625 0.262109375 0.287320290625 0.26320167968749997 0.2876541140625 0.2766420703125 0.2872630375 0.277734375 0.2868656484375 0.28359375 0.281465303125 0.2904296875 0.2668842953125 0.2904296875 0.2511947296875 0.2884765625 0.2460217046875 0.277734375 0.2345670953125 0.271875 0.2347375859375 0.258203125 0.24298017968750002 0.2533203125 0.2548894296875 0.2533203125 0.2758088515625
0 0.315576171875 0.23658697812499999 0.321875 0.2255610890625 0.321875 0.19776814375000001 0.315576171875 0.18951827968749999 0.305810546875 0.1871875015625 0.296044921875 0.1900865796875 0.288232421875 0.198158684375 0.283349609375 0.210067934375 0.283349609375 0.2309873546875 0.287255859375 0.23871847499999999 0.2920593421875 0.241501940625 0.3108362265625 0.2409555890625 0.315576171875 0.23658697812499999
0 0.3025390625 0.2573885796875 0.2986328125 0.27057687812500003 0.2986328125 0.29149630000000004 0.3005859375 0.30189918125 0.303515625 0.3057363265625 0.3217342421875 0.3140759890625 0.3281667953125 0.313888821875 0.340625 0.3072714828125 0.3494140625 0.29263364375 0.3513671875 0.28473203125 0.3513671875 0.27165739375000003 0.3474609375 0.2586964140625 0.338671875 0.247184975 0.32890625 0.242239271875 0.319140625 0.242523421875 0.309375 0.2480374265625 0.3025390625 0.2573885796875
0 0.3328125 0.3471811375 0.3328125 0.3311944203125 0.32275390625 0.31557169531249996 0.30908203125 0.3107396515625 0.29931640625 0.31625365781250003 0.29443359375 0.3255479796875 0.29248046875 0.343909303125 0.29638671875 0.354255353125 0.3042727609375 0.36458406718749997 0.32196180625 0.36406936875 0.32958984375 0.3559041703125 0.3328125 0.3471811375
0 0.268359375 0.46826656718750004 0.276171875 0.46280939062500004 0.284375 0.449147409375 0.284375 0.43093008125 0.2830078125 0.4273089625 0.278125 0.418298790625 0.2703125 0.41329625625000005 0.256640625 0.4136940671875 0.2458984375 0.4231588796875 0.240625 0.43743293124999993 0.240625 0.4437087578125 0.2419921875 0.45465167187500005 0.252734375 0.46872120937500006 0.268359375 0.46826656718750004
0 0.3330078125 0.442528309375 0.345703125 0.42254695625 0.346875 0.4115301609375 0.346875 0.402325615625 0.337890625 0.3809354328125 0.3310546875 0.371982090625 0.3178469796875 0.367314096875 0.3090398359375 0.36757035937500004 0.2939453125 0.37306186406249997 0.287109375 0.3797980875 0.278125 0.40171110781249997 0.278125 0.43183507499999996 0.279296875 0.43493889062499996 0.2861328125 0.4438922328125 0.30341254375000004 0.453671596875 0.304771890625 0.45363204375 0.3193359375 0.450770903125 0.3330078125 0.442528309375
0 0.2937520640625 0.5211401875 0.3025390625 0.513398071875 0.30625 0.50335336875 0.30625 0.48897126562500004 0.3044921875 0.48196210937500006 0.29375 0.47050749999999997 0.278125 0.47357706874999994 0.2673828125 0.48827173593750006 0.265625 0.500090059375 0.265625 0.5021820015625 0.2673828125 0.509191159375 0.27421875 0.5181445015625 0.2795428265625 0.521553634375 0.2937520640625 0.5211401875
0 0.299365234375 0.5979073890625 0.311083984375 0.6001813359375 0.320849609375 0.5972822578125 0.3296875 0.5870129453125 0.3296875 0.5554114328125 0.324755859375 0.547484971875 0.320849609375 0.544983703125 0.314990234375 0.542539265625 0.303271484375 0.542880246875 0.290576171875 0.5576317453125 0.288623046875 0.5629184296874999 0.288623046875 0.578607996875 0.290576171875 0.58639595 0.295458984375 0.595406121875 0.299365234375 0.5979073890625
0 0.309938525 0.608169209375 0.297314453125 0.6228379281249999 0.299267578125 0.6384706625 0.30604323437500003 0.6473450515625 0.3178959421875 0.6470001734374999 0.328564453125 0.6350032859375 0.3296875 0.627452690625 0.3296875 0.620467096875 0.323681640625 0.6103035453125 0.3198959515625 0.607879478125 0.309938525 0.608169209375
0 0.377392578125 0.6391376359375001 0.3796875 0.6329257796875 0.3796875 0.6090645671875 0.379345703125 0.6077016765625001 0.370556640625 0.5961902359375 0.358837890625 0.5965312171875 0.351025390625 0.5993734671875 0.338330078125 0.6141249640625001 0.336376953125 0.6194116484375 0.336376953125 0.6324862875 0.34733467500000004 0.6445810937500001 0.3739800328125 0.6438057921875 0.377392578125 0.6391376359375001
0 0.40888671875 0.613485165625 0.38935546875 0.6140534671875 0.38642578125 0.618061103125 0.38251953125 0.6286344749999999 0.38251953125 0.6390941859375 0.3846860515625 0.6419317796875 0.4062524140625 0.6413042625 0.4171875 0.6322018625 0.4171875 0.619417771875 0.40888671875 0.613485165625
0 0.4005328890625 0.6070956828125 0.407373046875 0.6029718421875 0.415625 0.5916836640625001 0.415625 0.56119360625 0.411279296875 0.5531745546875 0.389794921875 0.54595490625 0.381982421875 0.5461822265625 0.373193359375 0.5582051359375 0.369287109375 0.5687785046875 0.369287109375 0.584468071875 0.373193359375 0.597429053125 0.378076171875 0.60382429375 0.3858934953125 0.6075216453125 0.4005328890625 0.6070956828125
0 0.4015625 0.5048913875000001 0.395458984375 0.49541157656249996 0.3904604296875 0.4933262625 0.3810219359375 0.49360089374999994 0.366162109375 0.5014938843750001 0.359326171875 0.5134599671875 0.357373046875 0.5213615796875 0.359326171875 0.5396092421875001 0.368115234375 0.5511206828125 0.3731137859375 0.5532059968749999 0.376557078125 0.5531058078125 0.391552734375 0.550438721875 0.4015625 0.5388077328125 0.4015625 0.5048913875000001
0 0.357421875 0.52166361875 0.357421875 0.505974053125 0.3486328125 0.49184768749999996 0.3371672453125 0.487064434375 0.3308437015625 0.48724843125 0.3212890625 0.492643309375 0.31640625 0.499322703125 0.314453125 0.507224315625 0.314453125 0.525528809375 0.3232421875 0.5396551765625001 0.3269796484375 0.5420483640625 0.3430266203125 0.5415814453125 0.3486328125 0.5389163859375 0.353515625 0.5322369890624999 0.357421875 0.52166361875
0 0.39375 0.4831752515625 0.39375 0.45676844218749996 0.387646484375 0.443326621875 0.373974609375 0.44110950468750004 0.359326171875 0.46114768906250003 0.357373046875 0.46643437499999996 0.357373046875 0.47689408593750005 0.368115234375 0.49357854999999995 0.3783649359375 0.4952407046875 0.3832537546875 0.49509845468749997 0.387646484375 0.4930102484375 0.39375 0.4831752515625
0 0.4428692859375 0.5793013203124999 0.451025390625 0.5754240859374999 0.461767578125 0.5659592734375 0.4640625 0.55974741875 0.4640625 0.532813665625 0.459814453125 0.5215623328125 0.452978515625 0.5126089921875 0.435400390625 0.5078906078125 0.427587890625 0.51073285625 0.414892578125 0.5254843546875 0.412939453125 0.5333859671875001 0.412939453125 0.5569203171875 0.427587890625 0.578720975 0.43218135156250004 0.57961230625 0.4428692859375 0.5793013203124999
0 0.4599742 0.6256786171875001 0.461376953125 0.6237597359375 0.4625 0.6192163078124999 0.4625 0.5901252375 0.461376953125 0.5871507484375 0.450634765625 0.5756961375 0.433056640625 0.576207609375 0.429150390625 0.5789361984375 0.422314453125 0.590902278125 0.422314453125 0.6118216999999999 0.424267578125 0.6196096515625 0.427197265625 0.626061728125 0.43039369375 0.6265393218749999 0.4599742 0.6256786171875001
0 0.3791413515625 0.4280306140625 0.383984375 0.4257283453125 0.39375 0.4076151421875 0.39375 0.4019098453125 0.3927734375 0.39801587031249996 0.380078125 0.37354345312500004 0.364453125 0.37399809375 0.356640625 0.37945526875 0.3517578125 0.38613466406249997 0.35 0.3932461171875 0.35 0.41267129375 0.356640625 0.4239090390625 0.36377555781250004 0.4284777125 0.3791413515625 0.4280306140625
0 0.375390625 0.322351396875 0.361041184375 0.303557275 0.3599448640625 0.30358917343749997 0.3451171875 0.31146508906250003 0.336328125 0.323488 0.334375 0.3313896125 0.340234375 0.354753471875 0.354537815625 0.370934003125 0.3691526828125 0.3705087546875 0.3724609375 0.36819787656249997 0.3796875 0.358312371875 0.3796875 0.3375672796875 0.375390625 0.322351396875
0 0.3572265625 0.29414395937500004 0.377177975 0.32027524218750003 0.39788059531250003 0.3196728578125 0.4177734375 0.294997153125 0.4216796875 0.2870387125 0.4234375 0.272866953125 0.4234375 0.2354734859375 0.4216796875 0.2190505890625 0.4158203125 0.19830165625 0.40703125 0.1867902203125 0.39140625 0.18724486093749998 0.369921875 0.2087894125 0.3572265625 0.23138569531250003 0.3515625 0.246717084375 0.3515625 0.250639475 0.3533203125 0.2811829796875 0.3572265625 0.29414395937500004
0 0.4984375 0.6121934234374999 0.4984375 0.5791930359374999 0.497314453125 0.577120696875 0.468017578125 0.580588078125 0.465087890625 0.584595715625 0.465087890625 0.602900209375 0.467041015625 0.6106881609375 0.471923828125 0.6170834046875 0.4772418734375 0.6204886796875 0.4900432828125 0.620116196875 0.495361328125 0.6164014437499999 0.4984375 0.6121934234374999
0 0.5515625 0.6066756171875001 0.5515625 0.5805299749999999 0.5458449578125 0.574742534375 0.545100915625 0.5747641828125001 0.510595703125 0.5809011875000001 0.505712890625 0.58496565625 0.505712890625 0.6006552203125 0.507666015625 0.608443175 0.518408203125 0.6198977828125 0.524050565625 0.6222516859375 0.5380841281250001 0.6218433515624999 0.545751953125 0.616487234375 0.550634765625 0.6098078375 0.5515625 0.6066756171875001
0 0.583016371875 0.56116095625 0.5826551671875 0.561171465625 0.559521484375 0.5670066484375 0.556591796875 0.5710142859375 0.552685546875 0.5868175124999999 0.552685546875 0.59989215 0.565380859375 0.6191347125 0.5682406203125 0.6209658859375 0.5836725 0.6205168640625 0.596875 0.60717025625 0.596875 0.5771293515625 0.583016371875 0.56116095625
0 0.634375 0.5798709265624999 0.634375 0.572549128125 0.63310546875 0.5657872546875 0.62041015625 0.554389475 0.61064453125 0.5599034828125 0.60185546875 0.5719263921875 0.60185546875 0.5850010296875 0.61064453125 0.5965124703125 0.6126531140625 0.597798615625 0.6235229671875 0.597482334375 0.63310546875 0.5867066765625 0.634375 0.5798709265624999
0 0.66484375 0.623752903125 0.6716796875 0.6170166796875 0.68125 0.5885492921875 0.68125 0.5796062390625 0.6775390625 0.569777490625 0.670703125 0.56082415 0.6657407421875 0.5587539234375 0.6615547765625001 0.558875721875 0.643359375 0.561619771875 0.635546875 0.5670769484375 0.6306640625 0.5737563421874999 0.625 0.5890877296875 0.625 0.6007241578125 0.6287109375 0.6130370875 0.635546875 0.6219904296875 0.6463686359375 0.62650509375 0.6582272359375 0.62616004375 0.66484375 0.623752903125
0 0.65 0.529674546875 0.65 0.5125206234374999 0.6455078125 0.50182553125 0.6298828125 0.5048950984375 0.625 0.5115744953125 0.6234375 0.5241716109375 0.6234375 0.528041703125 0.6279296875 0.5363310609374999 0.6350597984374999 0.540896646875 0.6371069671875 0.5408370812500001 0.6435546875 0.5384913484375 0.65 0.529674546875
0 0.600390625 0.5609233671875 0.6109375 0.5439284921875001 0.6109375 0.5249663015625 0.6052734375 0.5150200578125 0.59453125 0.5035654484375 0.584765625 0.5038495984375 0.569140625 0.5121490203125 0.5625 0.52631343125 0.5625 0.5455518296874999 0.5642578125 0.5502075484375 0.5782079109375 0.56598836875 0.59213806875 0.5655830421875 0.600390625 0.5609233671875
0 0.5640625 0.57135379375 0.5640625 0.5530493 0.562109375 0.5478762734375 0.5513671875 0.5390365921875 0.5435546875 0.5392639124999999 0.534765625 0.5512868234375 0.5328125 0.564418290625 0.534765625 0.5722062453125 0.5420123390625 0.5795415515625 0.553151528125 0.5792174343750001 0.5591796875 0.5780331875 0.5640625 0.57135379375
0 0.5265625 0.562451709375 0.5265625 0.545716171875 0.5251953125 0.5439255046875 0.4998046875 0.52897473125 0.4841796875 0.53988908125 0.48125 0.54389671875 0.48125 0.5517415015625 0.487109375 0.5672605765625 0.49514129999999995 0.5777803593749999 0.5140874156249999 0.577229084375 0.52421875 0.5687957328125 0.5265625 0.562451709375
0 0.4984375 0.508646971875 0.485595703125 0.49870473593750003 0.473876953125 0.49904571718749996 0.465087890625 0.513683553125 0.465087890625 0.529373125 0.473876953125 0.543499490625 0.47699471875 0.545495871875 0.48833731093750005 0.5451658359375 0.495361328125 0.5402594296875 0.4984375 0.5344040062500001 0.4984375 0.508646971875
0 0.44609375 0.5051953578124999 0.44695216093749995 0.5057450203125 0.4757233796875 0.5049078640625 0.479296875 0.5016143203125 0.4841796875 0.49231999687499994 0.4859375 0.487561978125 0.4859375 0.484685559375 0.4841796875 0.4635557921875 0.475390625 0.45204435312499996 0.467578125 0.44704181875 0.455859375 0.4473828 0.448046875 0.452839975 0.4392578125 0.4674778125 0.4375 0.474589265625 0.4375 0.47720419375 0.4392578125 0.493627090625 0.44609375 0.5051953578124999
0 0.4223774171875 0.515835071875 0.440625 0.5025071156250001 0.440625 0.49148083906249995 0.4380859375 0.47285798593750006 0.429296875 0.46134654375000006 0.421484375 0.4589589375 0.409765625 0.46452977500000003 0.4029296875 0.47126599843749994 0.3990234375 0.4792244421875 0.3990234375 0.4975289359375 0.4078125 0.5116553046875 0.4146894328125 0.5160587703124999 0.4223774171875 0.515835071875
0 0.4296875 0.4442170890625 0.4296875 0.42774304531249996 0.42783203125 0.4203444890625 0.42099609375 0.41139114687499995 0.41186342500000006 0.4067659984375 0.402911603125 0.4070264703125 0.39169921875 0.414858528125 0.38681640625 0.421537921875 0.38681640625 0.445072271875 0.39951171875 0.464314834375 0.404408996875 0.46635790000000005 0.40697458906249995 0.4662832484375 0.41513671875 0.46386019218749996 0.42294921875 0.45840301562499997 0.42783203125 0.451723621875 0.4296875 0.4442170890625
0 0.480859375 0.42904173749999996 0.48125 0.42746141406250004 0.48125 0.39922019531249997 0.480859375 0.39766260625 0.4720703125 0.38615116562499996 0.4642578125 0.3811486296875 0.455034721875 0.3789473421875 0.453949653125 0.3789789140625 0.4447265625 0.38171693125 0.4408203125 0.3844455203125 0.428125 0.40442687343749995 0.428125 0.4201164390625 0.43203125 0.43307741875000005 0.4447265625 0.4470901234375 0.4613281265625 0.44907672187500003 0.4625217015625 0.44904199375 0.4701171875 0.44373640625000005 0.480859375 0.42904173749999996
0 0.51455078125 0.46316278750000006 0.51875 0.45741850937499995 0.51875 0.4215939984375 0.51455078125 0.41609408906249995 0.50673828125 0.41370648125000004 0.49501953125 0.4140474625 0.48427734375 0.42612720312499996 0.48037109375 0.43670057343749996 0.48037109375 0.44454535625 0.49501953125 0.466346015625 0.49810112812499996 0.4683192375 0.507562934375 0.4680439265625 0.51455078125 0.46316278750000006
0 0.5244409125 0.539427828125 0.554030228125 0.5385668671875 0.563623046875 0.530581778125 0.571875 0.516838475 0.571875 0.47078669531250006 0.555810546875 0.44974634062499996 0.551904296875 0.44724507343750003 0.534326171875 0.4477565453125 0.514794921875 0.4613994828125 0.509912109375 0.46807887968750006 0.504052734375 0.48132400937500003 0.502099609375 0.49184055000000004 0.504052734375 0.5074732843749999 0.509912109375 0.5229923609375 0.5244409125 0.539427828125
0 0.60615234375 0.49491280781249997 0.61103515625 0.48823341249999996 0.6125 0.4842683984375 0.6125 0.45294869687499995 0.60419921875 0.44005615625 0.59833984375 0.43761171875000004 0.58662109375 0.43795269843750007 0.57001953125 0.460662640625 0.57001953125 0.47373727812500005 0.57197265625 0.48152523125 0.57392578125 0.4866982578125 0.5836615328125 0.49707968437499994 0.6027633109375 0.4965238796875 0.60615234375 0.49491280781249997
0 0.5572265625 0.4565983796875 0.5604968375 0.4571287078125 0.5738703234375 0.4567395796875 0.5748046875 0.456086909375 0.585546875 0.44400716406249996 0.5875 0.43872047812500004 0.5875 0.42303091718749997 0.581640625 0.4075118375 0.5748046875 0.398558496875 0.5689453125 0.39611406250000003 0.5572265625 0.3938401109375 0.5533203125 0.396568703125 0.54453125 0.40859161093749996 0.540625 0.4270097625 0.542578125 0.4374126453125 0.5533203125 0.45409710781249996 0.5572265625 0.4565983796875
0 0.5421875 0.389765340625 0.53603515625 0.38170733437500004 0.52236328125 0.3821051453125 0.51845703125 0.3848337328125 0.51162109375 0.3967998140625 0.51162109375 0.4151043078125 0.51845703125 0.42405764843749993 0.52236328125 0.4265589171875 0.53603515625 0.42616110625000003 0.5421875 0.41774506875000006 0.5421875 0.389765340625
0 0.51171875 0.3780308296875 0.503002025 0.36661413593750003 0.48911313749999996 0.3670182609375 0.4853515625 0.369645790625 0.478515625 0.384226796875 0.478515625 0.3973014359375 0.48046875 0.40508938906249997 0.4891648078125 0.4138917578125 0.50115740625 0.413542809375 0.5107421875 0.408130915625 0.513671875 0.40150835 0.513671875 0.38320385468749996 0.51171875 0.3780308296875
0 0.451953125 0.3530523765625 0.4890625 0.37289202499999996 0.50078125 0.37255104375000003 0.541796875 0.363512828125 0.5671875 0.34446954375 0.571875 0.3355469953125 0.571875 0.3333504546875 0.5701171875 0.31692755781250004 0.5505859375 0.2730420890625 0.530078125 0.2435671359375 0.52421875 0.238507771875 0.479296875 0.239814865625 0.4646484375 0.2493933375 0.4490234375 0.281227109375 0.4453125 0.3384712578125 0.4453125 0.3418146296875 0.451953125 0.3530523765625
0 0.3953125 0.4017643046875 0.4026337046875 0.40547205625 0.42070553750000006 0.40494621875 0.4265625 0.400855021875 0.4373046875 0.386160353125 0.4421875 0.3707645328125 0.4421875 0.3441794359375 0.4412109375 0.3389779953125 0.4265625 0.3197922625 0.416796875 0.314846559375 0.405078125 0.31518753906249997 0.393359375 0.32598823125 0.3826171875 0.3432978265625 0.3787109375 0.3564861265625 0.3806640625 0.3721188609375 0.3865234375 0.390252865625 0.3953125 0.4017643046875
0 0.4398955875 0.3137628453125 0.44384525 0.313647921875 0.44990234375 0.311444303125 0.45771484375 0.3033722 0.4640625 0.2849764 0.4640625 0.2718083703125 0.46259765625 0.2679286015625 0.44794921875 0.25135779999999996 0.43623046875 0.2516987796875 0.43037109375 0.2544841953125 0.42548828125 0.2611635921875 0.42158203125 0.27435188906249997 0.41962890625 0.2900982859375 0.42353515625 0.303059265625 0.43232421875 0.311955775 0.4398955875 0.3137628453125
0 0.459765625 0.250591065625 0.471484375 0.2476351578125 0.475390625 0.24490656875 0.4861328125 0.2275969734375 0.4875 0.22206584375 0.4875 0.193824625 0.4861328125 0.1883730578125 0.479296875 0.176804790625 0.46953125 0.16924415625 0.451953125 0.169755628125 0.4392578125 0.18450712656249998 0.4359375 0.19349449218749998 0.4359375 0.220166753125 0.4412109375 0.23413392187499998 0.45 0.2456453609375 0.459765625 0.250591065625
0 0.530224609375 0.1808304328125 0.526477503125 0.17843106875 0.5047544125 0.179063146875 0.492138671875 0.196320721875 0.490185546875 0.2042223375 0.490185546875 0.22252683125 0.492138671875 0.22769985468749998 0.502276703125 0.238510240625 0.5258481640625 0.23782438125 0.530224609375 0.2357439140625 0.534375 0.2288316015625 0.534375 0.18785402499999998 0.530224609375 0.1808304328125
0 0.5890625 0.258527965625 0.5890625 0.2360003640625 0.587939453125 0.2330258734375 0.583056640625 0.22663062968749997 0.577197265625 0.2241861921875 0.567431640625 0.2270852703125 0.556689453125 0.24700979531249997 0.560595703125 0.259970771875 0.5701413015625 0.2724730828125 0.5755259515625 0.2723164046875 0.585009765625 0.2684126421875 0.5890625 0.258527965625
0 0.60288253125 0.330895409375 0.609375 0.3235945375 0.6109375 0.317273246875 0.6109375 0.29347740624999996 0.607421875 0.281812525 0.6044921875 0.2779753796875 0.5947265625 0.27302967499999997 0.5888671875 0.27320016406250003 0.5751953125 0.281442759375 0.572265625 0.285450396875 0.56875 0.29261299687500003 0.56875 0.3175498953125 0.57781209375 0.3316248859375 0.60288253125 0.330895409375
0 0.5511519828125 0.355838115625 0.547998046875 0.3580411984375 0.541162109375 0.37262220468749996 0.545068359375 0.3908130390625 0.5511616265625 0.39646283437499996 0.5660102 0.39603078593749996 0.571875 0.386263190625 0.571875 0.364112575 0.570458984375 0.3613100421875 0.56054434375 0.355564825 0.5511519828125 0.355838115625
0 0.625 0.3777176375 0.6265625 0.3734882890625 0.6265625 0.348304525 0.6142578125 0.3296540421875 0.6092954296875 0.3275838140625 0.5960816921875 0.32796829375000003 0.5849609375 0.33573635 0.580078125 0.345030671875 0.5765625 0.359253575 0.5765625 0.36971328593749997 0.580078125 0.3790247296875 0.5908203125 0.3930942671875 0.5990909546875 0.39506823281250003 0.6014829265625 0.394998634375 0.6181640625 0.38706878906250003 0.625 0.3777176375
0 0.73232421875 0.6191906375 0.74208984375 0.6110617046875 0.75087890625 0.59903879375 0.753125 0.59295910625 0.753125 0.5687710218750001 0.75283203125 0.5676028296875 0.74208984375 0.5561482234375 0.69912109375 0.5547835578125 0.69228515625 0.5615197828125 0.68837890625 0.572093153125 0.68837890625 0.5930125734375 0.69423828125 0.6033017968750001 0.69912109375 0.6096970390625 0.71279296875 0.6197589375 0.73232421875 0.6191906375
0 0.70363275625 0.560776378125 0.716796875 0.5451186125 0.7203125 0.535602578125 0.7203125 0.5230509249999999 0.71484375 0.5085664546875 0.7060546875 0.49444008906250003 0.6650390625 0.4930185921875 0.65625 0.5076564296875 0.6546875 0.5139777234375 0.6546875 0.534766396875 0.662109375 0.5519397109375 0.6708984375 0.5608362234375 0.672565225 0.5616803499999999 0.70363275625 0.560776378125
0 0.673291015625 0.492906003125 0.6767994109375 0.4943696484375 0.710798246875 0.49338038281249996 0.714306640625 0.49171257031250004 0.721142578125 0.4823614171875 0.7234375 0.47614956093750005 0.7234375 0.4492158078125 0.721142578125 0.4431375015625 0.706494140625 0.42656669843749995 0.698681640625 0.42417909062500003 0.683056640625 0.42463373125 0.675244140625 0.4274759796875 0.663525390625 0.43566174375 0.656689453125 0.447627825 0.656689453125 0.4711621734375 0.663525390625 0.4853453703125 0.673291015625 0.492906003125
0 0.662109375 0.439990134375 0.665625 0.42576723124999993 0.665625 0.4155316578125 0.6591796875 0.4021589296875 0.6455078125 0.402556740625 0.6328125 0.4173082390625 0.63125 0.4236295296875 0.63125 0.4278134140625 0.6328125 0.4382276625 0.64069010625 0.448545321875 0.654101559375 0.4481550890625 0.6572265625 0.44666953125 0.662109375 0.439990134375
0 0.625786675 0.4364789671875 0.6306640625 0.4298069953125 0.6326171875 0.4245203078125 0.6326171875 0.40883074218750004 0.6296875 0.4049935953125 0.623828125 0.39993422968750003 0.608203125 0.400388871875 0.6033203125 0.407068265625 0.6033203125 0.42275783437500003 0.610152796875 0.4369338671875 0.625786675 0.4364789671875
0 0.6945541562499999 0.4141655375 0.6955078125 0.413499390625 0.704296875 0.3988615546875 0.70625 0.390959940625 0.70625 0.3778853015625 0.700390625 0.36498115468750003 0.6916015625 0.3586995703125 0.6779296875 0.35909738125 0.6740234375 0.36182596875 0.6681640625 0.3672263140625 0.659375 0.381864153125 0.659375 0.39755371875 0.66328125 0.4105146984375 0.666687765625 0.41497636718750003 0.6945541562499999 0.4141655375
0 0.7571061125 0.4732829625 0.761865234375 0.4712704515625 0.7640625 0.46091024062499997 0.7640625 0.44832590000000005 0.761865234375 0.442506246875 0.755029296875 0.4335529046875 0.741357421875 0.43133579062500005 0.735498046875 0.43412120625000006 0.730615234375 0.440800603125 0.728662109375 0.4460872875 0.728662109375 0.459161928125 0.734521484375 0.47206607343749996 0.7359212265624999 0.47389937968750007 0.7571061125 0.4732829625
0 0.7193359375 0.42941246875 0.7211576515625 0.4305789546875 0.7381879453125 0.430083425 0.74765625 0.419436184375 0.749609375 0.4036897875 0.74765625 0.395901834375 0.7330078125 0.37933103125 0.7291015625 0.3768297625 0.7212890625 0.3770570828125 0.70859375 0.39180858281250003 0.706640625 0.407554978125 0.70859375 0.41534293125 0.7193359375 0.42941246875
0 0.6484375 0.29300933281249997 0.642578125 0.3114843171875 0.642578125 0.321944028125 0.650390625 0.34525105625 0.6572265625 0.354204396875 0.6708984375 0.3616513703125 0.6806640625 0.36136721875 0.7021484375 0.3398226671875 0.70703125 0.33052834531249997 0.708984375 0.320011803125 0.708984375 0.29909238125000004 0.705078125 0.28874633125 0.6962890625 0.27723489218749997 0.6884765625 0.2722323578125 0.6708984375 0.2727438296875 0.6611328125 0.278257834375 0.6484375 0.29300933281249997
0 0.601806640625 0.2721279703125 0.612548828125 0.2861975046875 0.622681928125 0.29438180625 0.6515218109375 0.29354265156250003 0.661376953125 0.2873916796875 0.677978515625 0.2620668140625 0.678125 0.26108195312500004 0.678125 0.2034750921875 0.670166015625 0.17600151718749998 0.663330078125 0.16966310625 0.659423828125 0.1671618375 0.628173828125 0.1628412640625 0.618408203125 0.1657403421875 0.604736328125 0.1765978640625 0.599853515625 0.183277259375 0.590087890625 0.20448082968749998 0.592041015625 0.24626284375 0.601806640625 0.2721279703125
0 0.794921875 0.6030484687500001 0.7900390625 0.594038296875 0.7705078125 0.586761815625 0.7607421875 0.587045965625 0.75390625 0.59639711875 0.751953125 0.601683803125 0.751953125 0.6147584421875 0.7530261375 0.6155891765625 0.794921875 0.6143701359375 0.794921875 0.6030484687500001
0 0.7421875 0.5169819999999999 0.7421875 0.537639925 0.7439453125 0.547002515625 0.7517578125 0.5650796890625001 0.7703125 0.5841517609375 0.7779318953125001 0.58830199375 0.8033628734375 0.587562028125 0.819140625 0.5775011515624999 0.8298828125 0.562806484375 0.8375 0.547287525 0.8375 0.5450648328125001 0.8357421875 0.5286419375 0.8337890625 0.5208539796875 0.815234375 0.4834774171875 0.795703125 0.470971078125 0.7859375 0.46864030625 0.7703125 0.4717098703125 0.756640625 0.4799524671875 0.7478515625 0.49459030468750004 0.7439453125 0.505163671875 0.7421875 0.5169819999999999
0 0.7447506749999999 0.47832996874999995 0.73828125 0.48717975312500006 0.736328125 0.4924664390625 0.736328125 0.5133858609375 0.7392578125 0.5172230078125 0.742083815625 0.519032565625 0.7516367140625 0.5187546046875 0.76171875 0.5074172140625001 0.763671875 0.49167081718750005 0.7551826859374999 0.478026428125 0.7447506749999999 0.47832996874999995
0 0.8640625 0.6079121640625 0.8640625 0.579867065625 0.863720703125 0.5771313359375 0.860791015625 0.5732941890625 0.8300554218749999 0.5664728546875 0.8292998875 0.5664948375 0.819775390625 0.5718726953125 0.812939453125 0.586453703125 0.814892578125 0.6073162937500001 0.818798828125 0.6150474171875 0.827587890625 0.623943928125 0.8390172874999999 0.628712090625 0.8453589171875 0.6285275671874999 0.860791015625 0.6177479609375001 0.863720703125 0.6111253953125 0.8640625 0.6079121640625
0 0.8902680937499999 0.62253334375 0.92421875 0.6194793640625 0.9291015625 0.6154148968750001 0.93125 0.6095995421875 0.93125 0.5818813109375001 0.9310546875 0.5813640078125 0.92421875 0.5697957375 0.914453125 0.56485003125 0.9046875 0.5651341828125 0.883203125 0.5814488828125 0.8763671875 0.5934149609375 0.8744140625 0.6013165765624999 0.8744140625 0.6143912140625 0.8808400875 0.622807671875 0.8902680937499999 0.62253334375
0 0.899755859375 0.5747140203125001 0.904638671875 0.5680346234375 0.9046875 0.5678697703125 0.9046875 0.5288746625 0.897802734375 0.5198573671875 0.886083984375 0.51496849375 0.880224609375 0.5151389843749999 0.867529296875 0.5246606265625 0.863623046875 0.537848925 0.863623046875 0.553538490625 0.875341796875 0.571502003125 0.880224609375 0.577897246875 0.889990234375 0.580228025 0.899755859375 0.5747140203125001
0 0.8976794218749999 0.514505196875 0.909375 0.5033243625 0.909375 0.45459619062499995 0.897412109375 0.4389278421875 0.866162109375 0.42676248437500003 0.858349609375 0.4322196609375 0.843701171875 0.452257846875 0.841748046875 0.47061917031249995 0.845654296875 0.4861950765625 0.851513671875 0.499099225 0.864208984375 0.51311193125 0.8686291374999999 0.5153504734375 0.8976794218749999 0.514505196875
0 0.8275137421875 0.47435930937500004 0.8306640625 0.472861715625 0.8375 0.4608956359375 0.8326171875 0.4518854640625 0.8189453125 0.4392086359375 0.8130859375 0.43937912656250006 0.80625 0.44873027812500005 0.80625 0.4591899890625 0.8130859375 0.4733731875 0.8151861515625001 0.47471800625 0.8275137421875 0.47435930937500004
0 0.76552734375 0.442519140625 0.78212890625 0.4642629703125 0.7888593484374999 0.46767153749999996 0.80457393125 0.46721428906250007 0.82509765625 0.4551679234375 0.8328125 0.44690980468749997 0.8328125 0.3852120390625 0.82998046875 0.372655625 0.81923828125 0.358586090625 0.79580078125 0.33834863125000003 0.78017578125 0.338803271875 0.77431640625 0.34158869062499997 0.76552734375 0.35361159999999997 0.75380859375 0.395791421875 0.75380859375 0.41148098749999995 0.75576171875 0.41926894062500003 0.76552734375 0.442519140625
0 0.72734375 0.3579541625 0.73515625 0.3629566984375 0.745844178125 0.3642356515625 0.7547759140625 0.3639757640625 0.768359375 0.3567607296875 0.7830078125 0.339337475 0.7875 0.3271780984375 0.7875 0.29802165468749997 0.7849609375 0.2895970171875 0.77421875 0.2755274828125 0.75859375 0.268137340625 0.748828125 0.268421490625 0.737109375 0.2739923265625 0.7185546875 0.301988953125 0.7146484375 0.31779218125 0.7146484375 0.333481746875 0.7166015625 0.3412696984375 0.72734375 0.3579541625
0 0.7515625 0.2364801625 0.7515625 0.2164759671875 0.7478515625 0.2041630375 0.735491415625 0.1879743859375 0.708760128125 0.1887521859375 0.70390625 0.1910596140625 0.6873046875 0.211154628125 0.6796875 0.2266735921875 0.6796875 0.2511231671875 0.6853515625 0.2661249390625 0.69609375 0.2775795484375 0.7025655859375 0.27955742968749997 0.733498859375 0.2786573625 0.7478515625 0.25646159218750003 0.7515625 0.2364801625
0 0.76875 0.1465388765625 0.75576171875 0.1272089578125 0.74404296875 0.1249350109375 0.73818359375 0.1277204296875 0.72744140625 0.145030025 0.72744140625 0.165949446875 0.72939453125 0.1711224734375 0.7369367515625 0.18324483125 0.762610084375 0.1824978125 0.76875 0.172604159375 0.76875 0.1465388765625
0 0.790625 0.183025046875 0.7825733593749999 0.1734346171875 0.768701171875 0.1801642578125 0.763818359375 0.186843653125 0.759912109375 0.19480209531249998 0.759912109375 0.207876734375 0.764794921875 0.2168869046875 0.7670130078125 0.2183072015625 0.789076503125 0.21766521874999997 0.790625 0.21554696718750002 0.790625 0.183025046875
0 0.8060546875 0.23354517187499998 0.8021484375 0.22058419218749997 0.795430653125 0.21435533125 0.783424959375 0.21470466250000003 0.7796875 0.21731534687499998 0.7689453125 0.23462494375 0.7689453125 0.255544365625 0.7796875 0.266998975 0.7852936890625 0.2693377875 0.78588445625 0.2693205984375 0.793359375 0.2666011640625 0.8041015625 0.25190649375 0.8060546875 0.246619809375 0.8060546875 0.23354517187499998
0 0.837158203125 0.2083568359375 0.831298828125 0.20591239843750003 0.817626953125 0.21154006406249998 0.808837890625 0.22617790000000002 0.808837890625 0.24709732187500003 0.813720703125 0.2534925671875 0.823486328125 0.258438271875 0.8421875 0.23762532187500002 0.8421875 0.21494393750000002 0.837158203125 0.2083568359375
0 0.82763671875 0.3119364390625 0.8328125 0.3013915015625 0.8328125 0.27671015 0.82275390625 0.2610874234375 0.817791521875 0.259017196875 0.8065309125000001 0.25934484687500003 0.79541015625 0.2671129015625 0.78857421875 0.2764640546875 0.78662109375 0.2843656671875 0.78857421875 0.3130730421875 0.79052734375 0.32086099375 0.79541015625 0.32464131093750004 0.8053349265625 0.326567146875 0.8078265640625 0.32649464687499996 0.82080078125 0.3186726625 0.82763671875 0.3119364390625
0 0.8774553578125 0.30103115625 0.885595703125 0.2923175734375 0.8859375 0.29001956562500003 0.8859375 0.2539989375 0.885595703125 0.2530936578125 0.872900390625 0.2364660234375 0.865087890625 0.23146348749999998 0.857275390625 0.231690809375 0.849462890625 0.2371479859375 0.838720703125 0.251842653125 0.834814453125 0.2807205171875 0.853369140625 0.2997925890625 0.8577148421875 0.30160554687499996 0.8774553578125 0.30103115625
0 0.86220703125 0.3558064140625 0.8625 0.3550134109375 0.8625 0.3252032359375 0.86025390625 0.31925425625 0.85146484375 0.30774281875 0.83974609375 0.300239015625 0.81337890625 0.331077890625 0.81435546875 0.34804650625 0.83193359375 0.365839528125 0.8327980359374999 0.3663930515625 0.8540744296874999 0.365773971875 0.85537109375 0.3651575671875 0.86220703125 0.3558064140625
0 0.85499010625 0.43762232812499996 0.8705919078125 0.4371683625 0.884375 0.42856580624999996 0.8912109375 0.41921465468749997 0.89375 0.410642259375 0.89375 0.3893305984375 0.8931640625 0.387778690625 0.882421875 0.3737091546875 0.874609375 0.3687066203125 0.8609375 0.36910443125 0.84921875 0.37729019531249997 0.8384765625 0.39198486250000003 0.8365234375 0.41557604374999996 0.8423828125 0.42848019062500003 0.853125 0.43731987187500004 0.85499010625 0.43762232812499996
0 0.953600021875 0.6300655734375 0.9658733500000001 0.62970845625 0.9873046875 0.6272915421875 0.99375 0.6160092390624999 0.99375 0.5954633796875 0.9921875 0.5892330171875 0.9814453125 0.5751634796875 0.9658203125 0.5782330484375 0.9580078125 0.583690225 0.9521484375 0.5890905703125 0.9453125 0.6010566500000001 0.94375 0.615745709375 0.94375 0.6201387875 0.9482421875 0.6284281453125 0.953600021875 0.6300655734375
0 0.91162109375 0.5476706874999999 0.92626953125 0.56685641875 0.9331416375 0.5697233515625 0.9576521515625 0.56901016875 0.97314453125 0.560262640625 0.99560546875 0.5321523531250001 0.996875 0.52786615625 0.996875 0.4678317734375 0.99169921875 0.4564331109375 0.98291015625 0.444921671875 0.97119140625 0.440032796875 0.94580078125 0.4407715890625 0.92431640625 0.45708628593749995 0.90966796875 0.48496925312499994 0.90576171875 0.49815755156249997 0.90380859375 0.5112890203125 0.90576171875 0.5295366828125 0.91162109375 0.5476706874999999
0 0.9677734375 0.43459893281250006 0.9765625 0.4204365359375 0.9765625 0.406014815625 0.97265625 0.39392547968749997 0.9658203125 0.38497213750000003 0.9599609375 0.385142628125 0.9482421875 0.39071346406249996 0.94140625 0.40267954375 0.939453125 0.4131960859375 0.9453125 0.433945015625 0.9485636890625001 0.43646211562500004 0.9658251343750001 0.43595985937500004 0.9677734375 0.43459893281250006
0 0.92472691875 0.4246556953125 0.928271484375 0.42360343437500003 0.93125 0.41838964531249995 0.93125 0.38646022812499997 0.922412109375 0.3767052265625 0.912646484375 0.3743744515625 0.906787109375 0.37715986875 0.899951171875 0.3865110203125 0.897998046875 0.3944126359375 0.897998046875 0.40487234375 0.903857421875 0.4151615640625 0.912646484375 0.42405807656250005 0.914773225 0.42494531718750006 0.92472691875 0.4246556953125
0 0.905712890625 0.3741742734375 0.9109375 0.3670273234375 0.9109375 0.342250884375 0.910595703125 0.34134560468749997 0.903759765625 0.3323922625 0.895947265625 0.3273897265625 0.884228515625 0.3303456359375 0.875439453125 0.33975361875 0.875439453125 0.360673040625 0.886181640625 0.374742575 0.8955023890625 0.3786310421875 0.8994990578125 0.37851475 0.905712890625 0.3741742734375
0 0.8954933453124999 0.2848813046875 0.8949508093749999 0.284897090625 0.88359375 0.2877617671875 0.8767578125 0.2997278484375 0.8767578125 0.3154174125 0.8787109375 0.32059044062500003 0.8834932828125 0.32429297031250004 0.8934196562500001 0.32400414375 0.9041015625 0.30939193593750003 0.9060546875 0.2962604671875 0.901171875 0.2872502953125 0.8954933453124999 0.2848813046875
0 0.89130859375 0.2153378421875 0.9015625 0.19881505 0.9015625 0.1833334875 0.89814453125 0.1719926328125 0.89130859375 0.16565421875 0.87958984375 0.1659952 0.87568359375 0.16872378593749998 0.86689453125 0.1833616234375 0.86494140625 0.1912632390625 0.86494140625 0.2043378734375 0.874931740625 0.21985458593749999 0.8792378031249999 0.21972929218749998 0.89130859375 0.2153378421875
0 0.95625 0.2729539890625 0.9650390625 0.260931078125 0.9671875 0.255115725 0.9671875 0.21432285312500002 0.9669921875 0.21380555 0.958203125 0.202294109375 0.9434702953125 0.19286031875 0.9280140796874999 0.1933100484375 0.91328125 0.203601203125 0.8966796875 0.231541 0.8947265625 0.23944261249999998 0.8947265625 0.260362034375 0.8966796875 0.2681499875 0.909375 0.2821626953125 0.923321759375 0.28875908125 0.9294053796874999 0.288582065625 0.938671875 0.286540096875 0.95625 0.2729539890625
0 0.9399377875000001 0.342963103125 0.94453125 0.340779471875 0.9533203125 0.3287565640625 0.95625 0.3208265359375 0.95625 0.307098165625 0.9533203125 0.29737743125 0.94453125 0.28848091875000004 0.92890625 0.2889355609375 0.9162109375 0.3036870578125 0.9125 0.31124758125 0.9125 0.31347027031249997 0.9142578125 0.32989316562500004 0.9171875 0.3363452390625 0.9262498390625 0.3433613828125 0.9399377875000001 0.342963103125
0 0.99296875 0.3686362921875 0.9984375 0.36324731250000003 0.9984375 0.3010120328125 0.99296875 0.2980332453125 0.9734375 0.2986015453125 0.96953125 0.301330134375 0.9607421875 0.3107381171875 0.9509765625 0.33717154374999997 0.9490234375 0.3503030109375 0.95390625 0.3671579671875 0.9671489203125001 0.373421340625 0.9839301203125 0.37293305781249997 0.99296875 0.3686362921875
0 0.9984375 0.2903111671875 0.9984375 0.237280434375 0.996875 0.2352339578125 0.98515625 0.232960009375 0.9734375 0.2385308453125 0.9685546875 0.24782516875 0.9646484375 0.2662433203125 0.9685546875 0.28704908281249997 0.975390625 0.2933874953125 0.9803771265625001 0.2949114390625 0.9908287484375 0.294607328125 0.9984375 0.2903111671875
0 0.99013671875 0.22053784687500003 0.9953125 0.20652812968749998 0.9953125 0.16480260156249998 0.98134765625 0.151498 0.98037109375 0.22605185312499998 0.98525390625 0.22721723906250002 0.99013671875 0.22053784687500003