0 0.23645066035813614 0.3679392886298653 0.11397019605330971 0.13409194293045398
0 0.6527767084034402 0.71505590523555 0.20019430007257705 0.20503872219127164
0 0.5421654850255615 0.5540195025859582 0.09612986163673795 0.11017966084499946
0 0.5210840578208036 0.4621774479233217 0.07155109452986608 0.07887270734205636
0 0.8773292117312053 0.6921525652053241 0.11790394730122174 0.14174662943089142
0 0.39441407965957814 0.623633663271821 0.0907794760294232 0.10406929301101649
0 0.6809065544930384 0.48060817990136817 0.08796567798449786 0.10423165184396535
0 0.6207899034948098 0.5811990732415951 0.06482316735120879 0.07577036559118148
0 0.7680604783700312 0.5919718465547779 0.10725524932390584 0.12903874884627217
0 0.1812130316142741 0.27415347330522855 0.08061782183330193 0.09448868509309047
0 0.3170925522052629 0.5574188646165024 0.10556218762987246 0.11194776876292564
0 0.1897698132285482 0.5503159839672287 0.0863928239131552 0.10723740526038021
0 0.5117240112320911 0.7463524532543218 0.1117057176579351 0.12655423034690863
0 0.08075321214679732 0.34711935331795524 0.0609835113871807 0.08479785284054513
0 0.123455084027333 0.6587830119748649 0.1565663768716786 0.18911813868554467
0 0.3915028244596295 0.3622330866088663 0.09966248237300715 0.1135374723454369
0 0.4553218804082495 0.5480064072645032 0.09619754170121517 0.10881474601169269
0 0.3930208793682598 0.4964444546069573 0.08562440292210863 0.09796119784372674
0 0.4680382558243464 0.6625774372613215 0.09722648031912833 0.12297149326165276
0 0.24332998710554107 0.6620705492918655 0.11743513672510168 0.1388146692641982
0 0.40054670174790985 0.7585717372692757 0.09877074711405384 0.1227943620951983
0 0.30629586418501564 0.2968904446212748 0.09190730836614183 0.1151055855943632
0 0.6960087019557057 0.5779826192314138 0.06468641831314877 0.07430552184118148
0 0.6086569906411021 0.4603780432447769 0.08575203535763123 0.09932838534372693
0 0.15401151268767274 0.4484994926400467 0.07422195619270462 0.09285345975890866
0 0.06440514912705489 0.5556767406508645 0.060281532991806094 0.07727832159054522
0 0.029484613365935348 0.4032244499920458 0.058969226731870696 0.09902171217576097
0 0.02290342366913375 0.5008443373249549 0.0458068473382675 0.07914969900739735
0 0.11209957903518035 0.22032958664863722 0.08245798663673783 0.11002057417647677
0 0.13514898086560265 0.34960800664386465 0.06830896760598604 0.08176148684157916
0 0.09940805678081381 0.41479720198122816 0.05099214338075821 0.061367102422817864
0 0.19785929866970176 0.7562478106301835 0.0707491363871807 0.08491148617520423
0 0.25115602142318255 0.5113620246260473 0.07149253106792611 0.0803352784253633
0 0.4675226724214111 0.40895299793127593 0.09180965211614182 0.11510444926101648
0 0.30820949396886743 0.44358363128582035 0.10107000012987247 0.11189549742898244
0 0.061615113977219624 0.4768886693189097 0.0633570861324034 0.07887491159094288
0 0.10950996193900134 0.5239358446451373 0.07887036340464464 0.09144429634289146
0 0.01872748966598562 0.6445670653246367 0.03745497933197124 0.08526120317472703
0 0.20943824064110222 0.46502337396563787 0.05275783501449016 0.0646068036730167
0 0.7838499319891147 0.6987031045512782 0.08751772699136318 0.10256808659392576
0 0.3205167601921013 0.6962904606142751 0.09009959468583925 0.09469656567770972
0 0.10451477329536604 0.7947932373090466 0.06519432167732875 0.07870118942452801
0 0.5441322481288263 0.6499859832511401 0.07462664767046334 0.08046929734245403
0 0.030915035149835263 0.20736705732813662 0.061830070299670525 0.10089088534372674
0 0.2605360750840272 0.7703461259548202 0.07501896446016865 0.0993010449256019
0 0.020489132520160665 0.30892046666136386 0.04097826504032133 0.09134082159054505
0 0.2415052475044286 0.24691826396404712 0.06840662385598613 0.08176262317492569
0 0.009291395006089272 0.7337841066597731 0.018582790012178545 0.09449429834201659
0 0.17496545465907323 0.15716596797422847 0.055944327734940735 0.07888620650660197
0 0.031182791467760252 0.8097284413192278 0.062365582935520504 0.08195679934157915