0 0.0576171875 0.740024534375 0.0986328125 0.740024534375 0.107421875 0.7334872156250001 0.119140625 0.7073379390625 0.12109375 0.69949315625 0.12109375 0.678573734375 0.115234375 0.644579675 0.107421875 0.62627518125 0.0966796875 0.6118930781249999 0.0693359375 0.5935885843750001 0.0302734375 0.59097365625 0.0166015625 0.5962035125 0.0078125 0.6079706875 0.00390625 0.623660253125 0 0.641964746875 0.0009765625 0.706030475 0.0419921875 0.7374096078125 0.0576171875 0.740024534375
0 0.015625 0.56613184375 0.0244140625 0.5778990187499999 0.0380859375 0.5857438015625 0.0595703125 0.5883587296874999 0.0693359375 0.5831288734375 0.078125 0.5739766265624999 0.083984375 0.5556721328124999 0.083984375 0.5347527125 0.0771484375 0.5229855375 0.0322265625 0.48637655 0.0283203125 0.48637655 0.0205078125 0.49160640468750005 0.0078125 0.5112183625 0.005859375 0.5190631453125001 0.005859375 0.5399825671875 0.0078125 0.550442278125 0.015625 0.56613184375
0 0.0478515625 0.50468104375 0.0576171875 0.5099108984375 0.0751953125 0.5099108984375 0.0966796875 0.4968362609375 0.103515625 0.4876840140625 0.107421875 0.474609375 0.107421875 0.45630488125 0.10546875 0.44584517031250004 0.1015625 0.43015560468749997 0.0869140625 0.40792871875000003 0.0693359375 0.3974690078125 0.0576171875 0.3974690078125 0.0439453125 0.405313790625 0.02734375 0.43015560468749997 0.025390625 0.440615315625 0.025390625 0.4641496640625 0.029296875 0.4824541578125 0.0478515625 0.50468104375
0 0.02734375 0.422310821875 0.0234375 0.41185111093750004 0.0107421875 0.39485408125 0.0009765625 0.389624225 0 0.471994446875 0.0048828125 0.4759168390625 0.025390625 0.45630488125 0.02734375 0.422310821875
0 0.109375 0.55305720625 0.1181640625 0.562209453125 0.1298828125 0.5674393078125 0.1455078125 0.5674393078125 0.1630859375 0.55436466875 0.16796875 0.54782735 0.171875 0.5347527125 0.171875 0.508603434375 0.16015625 0.4798392296875 0.1513671875 0.4706869828125 0.1396484375 0.465457128125 0.1298828125 0.465457128125 0.1240234375 0.46807205625000003 0.1083984375 0.48114669374999997 0.099609375 0.49552879687500007 0.09765625 0.5033735796875 0.09765625 0.526907928125 0.1015625 0.5399825671875 0.109375 0.55305720625
0 0.1142578125 0.36608987656249997 0.1318359375 0.3791645140625 0.1591796875 0.3817794421875 0.17578125 0.3647824125 0.185546875 0.3412480625 0.1875 0.325558496875 0.1796875 0.2941793640625 0.1630859375 0.2693375515625 0.1357421875 0.26149276875 0.1123046875 0.2797972625 0.103515625 0.2941793640625 0.09765625 0.31771371406250004 0.09765625 0.325558496875 0.10546875 0.3517077734375 0.1142578125 0.36608987656249997
0 0.1787109375 0.4759168390625 0.1904296875 0.48114669374999997 0.2119140625 0.48114669374999997 0.2275390625 0.4706869828125 0.232421875 0.4641496640625 0.236328125 0.45368995312499993 0.234375 0.417080965625 0.23046875 0.40139139999999995 0.2216796875 0.392239153125 0.2021484375 0.3765495875 0.1845703125 0.3765495875 0.1689453125 0.3817794421875 0.16015625 0.3935466171875 0.158203125 0.40139139999999995 0.15625 0.43538545937500006 0.16015625 0.4510750265625 0.16796875 0.4641496640625 0.1787109375 0.4759168390625
0 0.2255859375 0.6118930781249999 0.2431640625 0.61450800625 0.2548828125 0.6092781515625 0.2666015625 0.6014333671875 0.279296875 0.5792064828125 0.28125 0.568746771875 0.28125 0.5425974953125 0.279296875 0.5321377843749999 0.275390625 0.5242930015625 0.2607421875 0.5072959703125 0.2373046875 0.48899147656249997 0.2216796875 0.48899147656249997 0.2041015625 0.49945118749999995 0.197265625 0.508603434375 0.189453125 0.5321377843749999 0.1875 0.55305720625 0.19921875 0.587051265625 0.2119140625 0.6014333671875 0.2255859375 0.6118930781249999
0 0.1279296875 0.6537319218750001 0.1416015625 0.6615767046875 0.1650390625 0.6615767046875 0.18359375 0.63934981875 0.185546875 0.6341199640624999 0.18359375 0.6001259046875 0.1689453125 0.5674393078125 0.1220703125 0.5700542359375 0.111328125 0.587051265625 0.107421875 0.60274083125 0.109375 0.621045325 0.1171875 0.641964746875 0.1279296875 0.6537319218750001
0 0.1552734375 0.7321797515624999 0.1611328125 0.7321797515624999 0.17578125 0.7256424328125 0.177734375 0.71779765 0.1689453125 0.6641916328125 0.1337890625 0.6563468484375 0.1298828125 0.6563468484375 0.125 0.66288416875 0.123046875 0.6733438796875 0.125 0.7073379390625 0.1357421875 0.721720040625 0.1552734375 0.7321797515624999
0 0.1826171875 0.726949896875 0.1962890625 0.7374096078125 0.2080078125 0.7426394625 0.2255859375 0.740024534375 0.2451171875 0.726949896875 0.2578125 0.7099528671875001 0.26171875 0.6942633 0.26171875 0.6759588062499999 0.2578125 0.6550393859375 0.2490234375 0.6406572828125 0.2216796875 0.6301975718749999 0.2060546875 0.6301975718749999 0.1904296875 0.6380423546875 0.173828125 0.6576543125 0.171875 0.66288416875 0.171875 0.6916483734375001 0.177734375 0.720412578125 0.1826171875 0.726949896875
0 0.2763671875 0.6877259812500001 0.2998046875 0.7008006203125 0.3193359375 0.7008006203125 0.3310546875 0.6903409093749999 0.345703125 0.6707289515625 0.349609375 0.660269240625 0.349609375 0.6524244578125 0.34375 0.6367348921875 0.3232421875 0.6040482953125 0.2919921875 0.5962035125 0.2724609375 0.6066632234375 0.267578125 0.6132005421875 0.263671875 0.623660253125 0.26171875 0.6341199640624999 0.26171875 0.6576543125 0.267578125 0.6759588062499999 0.2763671875 0.6877259812500001
0 0.3408203125 0.5962035125 0.3583984375 0.598818440625 0.3740234375 0.5935885843750001 0.380859375 0.5844363375 0.396484375 0.55305720625 0.396484375 0.5347527125 0.388671875 0.5112183625 0.3818359375 0.502066115625 0.3642578125 0.48637655 0.3564453125 0.483761621875 0.3388671875 0.483761621875 0.3154296875 0.50468104375 0.310546875 0.5190631453125001 0.30859375 0.5425974953125 0.314453125 0.56613184375 0.3232421875 0.580513946875 0.3408203125 0.5962035125
0 0.2587890625 0.49160640468750005 0.2802734375 0.502066115625 0.2978515625 0.49945118749999995 0.3134765625 0.48637655 0.32421875 0.471994446875 0.328125 0.45891980937500004 0.328125 0.440615315625 0.32421875 0.3909316890625 0.3193359375 0.3843943703125 0.2939453125 0.37393465937500003 0.2666015625 0.37131973125 0.2509765625 0.3765495875 0.236328125 0.3909316890625 0.234375 0.41969589375 0.236328125 0.44846009843749995 0.24609375 0.474609375 0.2587890625 0.49160640468750005
0 0.3427734375 0.46807205625000003 0.3505859375 0.4733019109375 0.3681640625 0.4759168390625 0.3837890625 0.4706869828125 0.400390625 0.44584517031250004 0.40234375 0.4380003875 0.40234375 0.417080965625 0.400390625 0.4092361828125 0.3876953125 0.389624225 0.3740234375 0.3765495875 0.3603515625 0.3765495875 0.3369140625 0.392239153125 0.328125 0.4066212546875 0.326171875 0.41185111093750004 0.326171875 0.4275406765625 0.330078125 0.4510750265625 0.3427734375 0.46807205625000003
0 0.2666015625 0.35824509375 0.2822265625 0.37131973125 0.3115234375 0.3791645140625 0.3388671875 0.3817794421875 0.3583984375 0.37131973125 0.369140625 0.3543227015625 0.37109375 0.325558496875 0.365234375 0.2915644375 0.361328125 0.2837196546875 0.3447265625 0.26672262343750003 0.3173828125 0.24841812968750002 0.3056640625 0.243188275 0.2978515625 0.243188275 0.2763671875 0.2562629125 0.263671875 0.2758748703125 0.255859375 0.307254003125 0.25390625 0.325558496875 0.255859375 0.3386331359375 0.259765625 0.3490928453125 0.2666015625 0.35824509375
0 0.384765625 0.3334032796875 0.3994140625 0.350400309375 0.4150390625 0.35824509375 0.4306640625 0.35824509375 0.4404296875 0.3530152375 0.455078125 0.3334032796875 0.4609375 0.31509878593749996 0.462890625 0.2941793640625 0.458984375 0.2811047265625 0.455078125 0.270645015625 0.4453125 0.25495545000000003 0.4365234375 0.245803203125 0.4208984375 0.243188275 0.4072265625 0.245803203125 0.3916015625 0.2562629125 0.384765625 0.265415159375 0.376953125 0.2837196546875 0.375 0.2915644375 0.375 0.304639075 0.376953125 0.31509878593749996 0.384765625 0.3334032796875
0 0.4287109375 0.45499741718750003 0.4423828125 0.45499741718750003 0.4638671875 0.44453770625000005 0.4765625 0.41185111093750004 0.474609375 0.39616154375 0.46875 0.380471978125 0.4541015625 0.36608987656249997 0.4443359375 0.3608600203125 0.4267578125 0.3608600203125 0.4189453125 0.36608987656249997 0.404296875 0.3883167609375 0.40234375 0.4066212546875 0.40625 0.4275406765625 0.4208984375 0.44976756250000005 0.4287109375 0.45499741718750003
0 0.4228515625 0.55436466875 0.4423828125 0.5648243796875 0.4599609375 0.5648243796875 0.466796875 0.5582870609375 0.474609375 0.5399825671875 0.478515625 0.5216780734375 0.47265625 0.5007586515625 0.4658203125 0.49160640468750005 0.4541015625 0.483761621875 0.4365234375 0.48114669374999997 0.4189453125 0.49160640468750005 0.416015625 0.49552879687500007 0.412109375 0.5112183625 0.412109375 0.5321377843749999 0.416015625 0.545212421875 0.4228515625 0.55436466875
0 0.392578125 0.6498095296875 0.3994140625 0.6589617765625 0.4072265625 0.6641916328125 0.4189453125 0.666806559375 0.4306640625 0.666806559375 0.4384765625 0.6641916328125 0.4423828125 0.6615767046875 0.4609375 0.6367348921875 0.46484375 0.62627518125 0.466796875 0.6132005421875 0.458984375 0.5792064828125 0.4501953125 0.5674393078125 0.4091796875 0.5517497421875001 0.4013671875 0.556979596875 0.384765625 0.5792064828125 0.37890625 0.5896661937500001 0.37890625 0.6105856140625 0.380859375 0.621045325 0.392578125 0.6498095296875
0 0.337890625 0.7413319984375 0.3564453125 0.76094395625 0.3681640625 0.76094395625 0.3818359375 0.7557141015625 0.3896484375 0.7504842453125 0.400390625 0.7334872156250001 0.3984375 0.702108084375 0.39453125 0.6942633 0.3779296875 0.67465134375 0.3701171875 0.6720364156249999 0.3583984375 0.6720364156249999 0.3505859375 0.67465134375 0.3408203125 0.6824961265625 0.33203125 0.6942633 0.330078125 0.69949315625 0.330078125 0.71779765 0.33203125 0.7256424328125 0.337890625 0.7413319984375
0 0.4306640625 0.7661738125 0.4482421875 0.7661738125 0.4638671875 0.7557141015625 0.47265625 0.7439469265625 0.478515625 0.7230275046875 0.478515625 0.7099528671875001 0.47265625 0.6890334453125 0.4619140625 0.6694214875 0.4482421875 0.6615767046875 0.4169921875 0.6694214875 0.408203125 0.6811886625 0.40625 0.6916483734375001 0.404296875 0.7308722875 0.41015625 0.7439469265625 0.4267578125 0.763558884375 0.4306640625 0.7661738125
0 0.4853515625 0.4000839359375 0.4931640625 0.405313790625 0.5107421875 0.405313790625 0.5185546875 0.40269886406250005 0.53515625 0.38308690625 0.537109375 0.37524212343749996 0.537109375 0.3569376296875 0.53515625 0.34647791875 0.53125 0.33601820781249997 0.5185546875 0.3216361046875 0.4990234375 0.31379132187500003 0.4853515625 0.3216361046875 0.474609375 0.33601820781249997 0.470703125 0.34647791875 0.470703125 0.37785704999999997 0.4765625 0.3909316890625 0.4853515625 0.4000839359375
0 0.4951171875 0.5177556812499999 0.5146484375 0.5177556812499999 0.5341796875 0.50468104375 0.54296875 0.49029894062499996 0.55078125 0.4641496640625 0.548828125 0.440615315625 0.54296875 0.422310821875 0.5361328125 0.41315857500000003 0.5283203125 0.40792871875000003 0.5185546875 0.405313790625 0.4892578125 0.40792871875000003 0.4814453125 0.41315857500000003 0.46875 0.43277053125 0.46484375 0.44323024218749996 0.462890625 0.45630488125 0.46875 0.49029894062499996 0.4794921875 0.5072959703125 0.4951171875 0.5177556812499999
0 0.4990234375 0.617122934375 0.5068359375 0.6223527890625 0.5263671875 0.6223527890625 0.5419921875 0.61450800625 0.552734375 0.6001259046875 0.5625 0.5739766265624999 0.5625 0.55305720625 0.55859375 0.5399825671875 0.5400390625 0.5177556812499999 0.5361328125 0.5151407546875 0.5224609375 0.5151407546875 0.4892578125 0.520370609375 0.48046875 0.5321377843749999 0.4765625 0.5425974953125 0.4765625 0.5765915546875 0.482421875 0.5948960484375 0.4990234375 0.617122934375
0 0.5087890625 0.781863378125 0.5283203125 0.781863378125 0.541015625 0.7674812765625 0.546875 0.74917678125 0.546875 0.7334872156250001 0.5302734375 0.7138752578124999 0.5166015625 0.7138752578124999 0.5048828125 0.7191051140625 0.4951171875 0.729564825 0.4921875 0.7334872156250001 0.4921875 0.7622514203125 0.5029296875 0.77924845 0.5087890625 0.781863378125
0 0.5302734375 0.6981856921875 0.5458984375 0.706030475 0.5732421875 0.706030475 0.5849609375 0.6955707640625 0.59375 0.683803590625 0.59765625 0.6707289515625 0.59765625 0.6498095296875 0.5693359375 0.6197378609374999 0.5498046875 0.61450800625 0.5283203125 0.6249677171875 0.515625 0.63934981875 0.513671875 0.6471946015625 0.513671875 0.6654990953125 0.51953125 0.683803590625 0.5302734375 0.6981856921875
0 0.580078125 0.621045325 0.5947265625 0.6354274281250001 0.6005859375 0.6380423546875 0.6181640625 0.6380423546875 0.6357421875 0.6249677171875 0.646484375 0.6079706875 0.646484375 0.5739766265624999 0.64453125 0.56613184375 0.6318359375 0.5517497421875001 0.6025390625 0.538675103125 0.5908203125 0.54129003125 0.5703125 0.568746771875 0.5703125 0.5975109765625 0.572265625 0.605355759375 0.580078125 0.621045325
0 0.5517578125 0.5308303203125 0.5634765625 0.538675103125 0.5791015625 0.538675103125 0.5849609375 0.536060175 0.595703125 0.5216780734375 0.6015625 0.5059885078125 0.6015625 0.49291386875 0.59765625 0.474609375 0.5927734375 0.46807205625000003 0.5791015625 0.46022727343750003 0.5595703125 0.46022727343750003 0.55078125 0.4693795203125 0.541015625 0.49552879687500007 0.541015625 0.5059885078125 0.544921875 0.5216780734375 0.5517578125 0.5308303203125
0 0.6181640625 0.54129003125 0.6318359375 0.5491348140625 0.6494140625 0.5465198859375 0.6591796875 0.54129003125 0.67578125 0.5216780734375 0.6796875 0.5059885078125 0.6796875 0.477224303125 0.6767578125 0.4706869828125 0.6572265625 0.4523824890625 0.6474609375 0.44715263437499997 0.6376953125 0.44715263437499997 0.6240234375 0.44976756250000005 0.6103515625 0.45761234531249995 0.607421875 0.4615347359375 0.6015625 0.471994446875 0.6015625 0.51644821875 0.607421875 0.5295228562500001 0.6181640625 0.54129003125
0 0.6943359375 0.6040482953125 0.7041015625 0.6118930781249999 0.7275390625 0.617122934375 0.7353515625 0.617122934375 0.7529296875 0.6092781515625 0.767578125 0.5896661937500001 0.779296875 0.568746771875 0.78515625 0.550442278125 0.787109375 0.5347527125 0.787109375 0.51644821875 0.783203125 0.5033735796875 0.7685546875 0.483761621875 0.7470703125 0.46807205625000003 0.7353515625 0.4628422 0.7197265625 0.4628422 0.7099609375 0.465457128125 0.7021484375 0.4706869828125 0.689453125 0.4876840140625 0.677734375 0.5216780734375 0.67578125 0.5321377843749999 0.67578125 0.5609019890625 0.6875 0.5948960484375 0.6943359375 0.6040482953125
0 0.6357421875 0.6903409093749999 0.6650390625 0.7191051140625 0.6787109375 0.726949896875 0.6943359375 0.721720040625 0.7353515625 0.7008006203125 0.75 0.6759588062499999 0.74609375 0.644579675 0.7412109375 0.6301975718749999 0.7255859375 0.617122934375 0.6865234375 0.598818440625 0.6669921875 0.6014333671875 0.6591796875 0.6066632234375 0.6416015625 0.6223527890625 0.62890625 0.641964746875 0.626953125 0.6471946015625 0.626953125 0.6733438796875 0.62890625 0.6811886625 0.6357421875 0.6903409093749999
0 0.6904296875 0.800167871875 0.7041015625 0.8053977265625001 0.7236328125 0.8027827999999999 0.7392578125 0.7923230890624999 0.74609375 0.7831708421875 0.751953125 0.7648663484375 0.751953125 0.74917678125 0.7451171875 0.7321797515624999 0.7216796875 0.721720040625 0.7158203125 0.721720040625 0.6943359375 0.7321797515624999 0.689453125 0.738717071875 0.677734375 0.7648663484375 0.677734375 0.7700962031249999 0.68359375 0.791015625 0.6904296875 0.800167871875
0 0.7861328125 0.6903409093749999 0.7939453125 0.6955707640625 0.8154296875 0.6981856921875 0.8330078125 0.6877259812500001 0.8515625 0.6707289515625 0.8671875 0.621045325 0.8671875 0.5975109765625 0.86328125 0.581821409375 0.8603515625 0.5778990187499999 0.8056640625 0.5465198859375 0.7958984375 0.543904959375 0.7890625 0.55305720625 0.748046875 0.621045325 0.75 0.6498095296875 0.7626953125 0.6694214875 0.7861328125 0.6903409093749999
0 0.8779296875 0.7870932328125 0.8876953125 0.7897081609375001 0.9208984375 0.7714036671875 0.9345703125 0.7583290296875 0.947265625 0.738717071875 0.951171875 0.71779765 0.94921875 0.6890334453125 0.9453125 0.678573734375 0.9326171875 0.6615767046875 0.9189453125 0.6537319218750001 0.9013671875 0.65111699375 0.8896484375 0.6563468484375 0.8798828125 0.666806559375 0.859375 0.696878228125 0.849609375 0.7282573609375 0.849609375 0.7544066375 0.8662109375 0.77924845 0.8779296875 0.7870932328125
0 0.9990234375 0.7557141015625 1 0.7073379390625 0.9970703125 0.706030475 0.98828125 0.720412578125 0.982421875 0.7361021437499999 0.986328125 0.7465618546874999 0.9912109375 0.7530991734375 0.9990234375 0.7557141015625
0 0.9990234375 0.82108729375 0.9990234375 0.7897081609375001 0.9921875 0.7988604078125 0.9921875 0.811935046875 0.994140625 0.8171649015625 0.9990234375 0.82108729375
0 0.7041015625 0.465457128125 0.7294921875 0.46022727343750003 0.736328125 0.4510750265625 0.744140625 0.43015560468749997 0.744140625 0.40139139999999995 0.740234375 0.3909316890625 0.7294921875 0.3765495875 0.7197265625 0.37131973125 0.7001953125 0.37131973125 0.6923828125 0.3765495875 0.67578125 0.39616154375 0.669921875 0.4092361828125 0.66796875 0.4249257484375 0.673828125 0.440615315625 0.6865234375 0.45761234531249995 0.7041015625 0.465457128125
0 0.552734375 0.43538545937500006 0.5712890625 0.45761234531249995 0.5869140625 0.4628422 0.6064453125 0.46022727343750003 0.6201171875 0.44976756250000005 0.630859375 0.43277053125 0.634765625 0.4066212546875 0.634765625 0.380471978125 0.626953125 0.362167484375 0.6142578125 0.34778538281250004 0.6044921875 0.34517045468749996 0.5810546875 0.34517045468749996 0.5712890625 0.350400309375 0.556640625 0.3700122671875 0.55078125 0.3909316890625 0.548828125 0.40400632812500004 0.548828125 0.422310821875 0.55078125 0.43015560468749997 0.552734375 0.43538545937500006