0 0.899218411394003 0.68046875 0.0498116684661948 0.059375
0 0.8741717898182417 0.63984375 0.04596293047318909 0.04853515625
0 0.39697067239166517 0.60703125 0.04954672725757066 0.05458984375
0 0.4962090427180267 0.83359375 0.051263169244167094 0.05791015625
0 0.39116449997677805 0.94140625 0.06507150313985299 0.07646484375
0 0.02323105476459603 0.64296875 0.04646210952919206 0.1203125
0 0.7954142920933268 0.9265625 0.05495796525057663 0.0654296875
0 0.4787059244662576 0.6109375 0.0677584492756342 0.07197265625
0 0.08813492696505734 0.2390625 0.05811256504311739 0.0658203125
0 0.028069608821856395 0.72890625 0.05613921764371279 0.07333984375
0 0.08493076844761735 0.69375 0.0823333486019723 0.09677734375
0 0.7355791960373745 0.83984375 0.0496030129941671 0.05791015625
0 0.12245592446625761 0.6109375 0.06823944590442155 0.0783203125
0 0.08408143131473486 0.5296875 0.06281195109090269 0.0685546875
0 0.8513090945828378 0.93125 0.04912819004311757 0.0658203125
0 0.6365021559954183 0.85859375 0.041399772667244504 0.05146484375
0 0.2864592248811761 0.61171875 0.06528161553612337 0.07666015625
0 0.3016422425268228 0.17421875 0.0690267542552367 0.0861328125
0 0.5782267920933268 0.9265625 0.07901303610197238 0.09677734375
0 0.09717711762706915 0.315625 0.07393030967539974 0.0876953125
0 0.331315903296126 0.94765625 0.057610825494167094 0.05791015625
0 0.026061726166982747 0.55546875 0.052123452333965495 0.05478515625
0 0.7607325613893586 0.86875 0.03879119678554268 0.053125
0 0.34837980703968113 0.578125 0.07563195176572579 0.0908203125
0 0.31190339107228593 0.265625 0.06865675684847723 0.08125
0 0.7924635389930492 0.45 0.06563681304661237 0.08134765625
0 0.6471212698975098 0.790625 0.07718705181759056 0.09072265625
0 0.535608042517534 0.55078125 0.09064758815092269 0.1046875
0 0.7048135254965873 0.8953125 0.06028040386596025 0.07509765625
0 0.43803430289049616 0.5703125 0.051610966806520865 0.0625
0 0.22295283193479037 0.625 0.07143990231001603 0.07802734375
0 0.3278556647179954 0.4984375 0.07810284248134405 0.084765625
0 0.7458995441679193 0.93046875 0.053291865976683894 0.0640625
0 0.6826373304848978 0.528125 0.06691374424474753 0.0814453125
0 0.4875659032961259 0.94765625 0.05466645342481904 0.06416015625
0 0.8235402147087065 0.875 0.049950810556521216 0.0625
0 0.4231638902470933 0.07578125 0.06332097526106573 0.0701171875
0 0.5573352128578287 0.2125 0.07494824268880329 0.084375
0 0.24284816699308048 0.78515625 0.06193316016782511 0.075
0 0.6552549238415577 0.70390625 0.06841995850815116 0.078125
0 0.5646461923123971 0.45625 0.06686485845628631 0.07822265625
0 0.05933726597203959 0.12421875 0.10089543605010749 0.096875
0 0.047778001025685246 0.47265625 0.07324660059847725 0.08125
0 0.7076560281958797 0.80625 0.061598705577499045 0.071875
0 0.26335822468068343 0.32890625 0.06664140308798813 0.0765625
0 0.1594930605641661 0.67890625 0.0720539826783142 0.0796875
0 0.3649860439674265 0.64765625 0.04474822803554286 0.053125
0 0.2490015719860355 0.2296875 0.08010933936945541 0.090625
0 0.06750277964577214 0.903125 0.07856163926572576 0.0908203125
0 0.6425675149231325 0.59296875 0.054414855188222686 0.06083984375
0 0.4442186449977562 0.93203125 0.05320160967481904 0.06416015625
0 0.2230534560093515 0.29375 0.038332400001161025 0.0470703125
0 0.7422215435664412 0.08203125 0.04471268521910936 0.0513671875
0 0.7215688533054148 0.57109375 0.06180736104952693 0.07333984375
0 0.1453857842191643 0.53515625 0.07155830148017905 0.07958984375
0 0.03376765829372537 0.20390625 0.057971966028548795 0.06396484375
0 0.7908338744755463 0.234375 0.06035586027155482 0.0748046875
0 0.2598715688625358 0.69453125 0.07270820728961844 0.0921875
0 0.31896038110030905 0.81171875 0.043548325494167095 0.05791015625
0 0.8919899423123969 0.45625 0.06520470220628667 0.07822265625
0 0.5924328472821301 0.8421875 0.055111907237172984 0.06875
0 0.14073844748726713 0.93671875 0.09817923610255282 0.1203125
0 0.489488213883514 0.68515625 0.053075810556520865 0.0625
0 0.8738478680280544 0.88125 0.03816377344521697 0.05
0 0.6005514939767154 0.27109375 0.053277066080413604 0.0638671875
0 0.4419377850443569 0.725 0.05161096680652104 0.0625
0 0.1753413582797922 0.76875 0.07705530967539972 0.0876953125
0 0.49684338567370123 0.44375 0.0802069956194554 0.090625
0 0.2121291180280545 0.88125 0.08303634367481524 0.1060546875
0 0.34302610435432196 0.10234375 0.07601640308798814 0.0765625
0 0.530038668442973 0.88203125 0.06196130303612328 0.07666015625
0 0.29816170641033685 0.859375 0.037704976660835055 0.0439453125
0 0.700969242927808 0.73984375 0.053075810556520865 0.0625
0 0.1778682427273155 0.45703125 0.07490675684847722 0.08125
0 0.3596915408671489 0.17109375 0.05677206348717308 0.06875
0 0.40688920143595936 0.66171875 0.05002772388635801 0.0609375
0 0.5833225694872357 0.6015625 0.054728566858385716 0.06240234375
0 0.6283912288298683 0.33671875 0.06998245850815117 0.078125
0 0.15243422530538336 0.2359375 0.07594420651164624 0.09365234375
0 0.11179387944992387 0.43203125 0.08780075700465222 0.1044921875
0 0.7702627719721024 0.79453125 0.053034324716194806 0.059375
0 0.673635303090989 0.853125 0.039970471733678 0.05322265625
0 0.3946358099394661 0.771875 0.051757508844982245 0.06572265625
0 0.9196959321399275 0.71953125 0.03623127603845724 0.0451171875
0 0.6816588614032918 0.30390625 0.06157796265733602 0.0703125
0 0.4487546248765318 0.8 0.0758124643694554 0.090625
0 0.8077146437715783 0.1765625 0.03948947510489091 0.046875
0 0.617815046042019 0.6515625 0.06205750236188088 0.0779296875
0 0.4557242460513077 0.275 0.06160610552563419 0.07197265625
0 0.2986371483217485 0.75 0.053075810556520955 0.0625
0 0.8127695806853905 0.8109375 0.0498116684661948 0.059375
0 0.11797763754780097 0.16484375 0.06332097526106568 0.0701171875
0 0.8820327566247628 0.57734375 0.04813816924416727 0.05791015625
0 0.9114429564103368 0.859375 0.0513741684661948 0.059375
0 0.7862000383683492 0.54296875 0.04588456021910936 0.0513671875
0 0.08774626989750986 0.790625 0.0926629419114117 0.109375
0 0.03248581036367342 0.39609375 0.06144622051514522 0.06728515625
0 0.16628231513755823 0.3109375 0.06675980225815117 0.078125
0 0.7304800667879434 0.690625 0.052223590250576636 0.0654296875
0 0.04581644978557418 0.28203125 0.04443451636537978 0.0515625
0 0.3965510782098128 0.24140625 0.04970066924416709 0.05791015625
0 0.728037876550139 0.23828125 0.07752744943180936 0.09521484375
0 0.6457698282098129 0.24140625 0.06182216094579722 0.07353515625
0 0.8194189705314987 0.32109375 0.10302056276222657 0.1171875
0 0.3189981151282694 0.6875 0.06348826021968997 0.07490234375
0 0.6049742717716097 0.51171875 0.058529875987172984 0.06875
0 0.48805484583223757 0.7453125 0.04922561563927239 0.0529296875
0 0.36099267051756545 0.8859375 0.06526827256409558 0.0751953125
0 0.24332117966434968 0.15 0.04787322803554286 0.053125
0 0.23995476824712467 0.4109375 0.08739678903262434 0.10302734375
0 0.9166519358881271 0.16171875 0.05608241138635783 0.0609375
0 0.3588749860793309 0.82109375 0.04665852559789672 0.05771484375
0 0.4945984145175027 0.215625 0.05156208101805966 0.05927734375
0 0.8069134348392198 0.63046875 0.061598705577499045 0.071875
0 0.6852868885734862 0.6375 0.06709425684847722 0.08125
0 0.6461955420933269 0.9265625 0.07044865524066815 0.08427734375
0 0.01057360695719053 0.51015625 0.02114721391438106 0.05
0 0.032108048777718154 0.8421875 0.06421609755543631 0.08134765625
0 0.7685929441864967 0.17734375 0.04316498511537965 0.0515625
0 0.8051233626526917 0.11796875 0.06763265015733602 0.0703125
0 0.2800871352494939 0.81953125 0.044971683403841035 0.05478515625
0 0.2663019354639197 0.5375 0.06664734611188088 0.0779296875
0 0.8777568858741939 0.7265625 0.03826142969521662 0.05
0 0.4515443862984011 0.35078125 0.05788910967481904 0.06416015625
0 0.2142811846387272 0.34765625 0.044859227257570654 0.05458984375
0 0.7728586661678879 0.5953125 0.044643171837407535 0.05302734375
0 0.844285225505876 0.51875 0.08750184523075966 0.103125
0 0.7502159167925878 0.50234375 0.06517655933798813 0.0765625
0 0.5466001290257166 0.8078125 0.04847856685838572 0.06240234375
0 0.9116312879441419 0.91875 0.04318316016782546 0.075
0 0.3560469066201183 0.765625 0.03447492046269982 0.04384765625
0 0.8429208672028619 0.69140625 0.05558550391782511 0.075
0 0.37743757716090565 0.71015625 0.061501049327499134 0.071875
0 0.5431794697063059 0.13125 0.07214289738285906 0.0873046875
0 0.47662412882522387 0.525 0.05979200728903784 0.06865234375
0 0.26545502757117967 0.89921875 0.0366989296952168 0.05
0 0.5625947497762853 0.65859375 0.05819542139684693 0.065625
0 0.5129714128438956 0.77734375 0.0482491684661948 0.059375
0 0.9236245703124283 0.79140625 0.038392060893932725 0.0736328125
0 0.8214826524709334 0.7578125 0.041288773445216975 0.05
0 0.9173423719767466 0.60625 0.05747505856001602 0.07802734375
0 0.881531236079331 0.82109375 0.04476897095570607 0.0546875
0 0.43230636637766934 0.5015625 0.058529875987172984 0.06875
0 0.3093826263264242 0.896875 0.0397262734452168 0.05
0 0.8997091991608741 0.375 0.06876921299474788 0.0814453125
0 0.9538405921072599 0.36171875 0.04259116431701031 0.0671875
0 0.33498384833103734 0.3734375 0.13153711037760657 0.16875
0 0.4241567825687792 0.15546875 0.08836729318180936 0.09521484375
0 0.6902194904522304 0.1703125 0.0617866181293639 0.07177734375
0 0.015031158918425297 0.26875 0.030062317836850594 0.09375
0 0.9473672943916338 0.271875 0.046227871681813325 0.0533203125
0 0.8493297682471248 0.4109375 0.06406691309847723 0.08125
0 0.4523400595384809 0.20625 0.04282167365267604 0.049609375
0 0.7037795472914189 0.465625 0.05103971387586892 0.05625
0 0.9738374738554908 0.1390625 0.036110309000576636 0.0654296875
0 0.518833094382345 0.6484375 0.039294162604890735 0.046875
0 0.6828051190769617 0.4125 0.06462604932749905 0.071875
0 0.019606910071401383 0.33828125 0.039213820142802766 0.059375
0 0.17159216409329542 0.59140625 0.05306246758449311 0.06103515625
0 0.19472939169698583 0.17265625 0.05807702222668398 0.0640625
0 0.06235887405133914 0.61015625 0.05271321309789669 0.05771484375
0 0.4460701006061224 0.66015625 0.03646213135489074 0.046875
0 0.4190419688578914 0.8828125 0.04152557178554286 0.053125
0 0.4328643186620432 0.41171875 0.051624309778548746 0.06396484375
0 0.5605282999907113 0.3765625 0.05748514170279133 0.0626953125
0 0.94992084148256 0.4546875 0.04001893854019869 0.11572265625
0 0.21348886325416966 0.96640625 0.06257660967481922 0.06416015625
0 0.4834121221772394 0.8890625 0.04010961382400406 0.05634765625
0 0.5721771176270691 0.315625 0.049477213875868745 0.05625
0 0.2703698543543219 0.10234375 0.05830642061887481 0.06708984375
0 0.15319274852688552 0.84453125 0.061243508067010045 0.0671875
0 0.5271415792354981 0.7140625 0.05138156841432995 0.05947265625
0 0.7025311589184253 0.1109375 0.050566117195216795 0.05
0 0.5133941134778842 0.3078125 0.0813569014288948 0.10322265625
0 0.003864830266794645 0.890625 0.00772966053358929 0.04697265625
0 0.9356178526807148 0.6640625 0.03442829888693879 0.08447265625
0 0.2120763767506315 0.52109375 0.0658662114388033 0.084375
0 0.38647364812125584 0.4671875 0.05440891216433012 0.05947265625
0 0.9674206078788069 0.203125 0.03473088947202392 0.043359375
0 0.9231439313147348 0.5296875 0.06695511475815116 0.078125
0 0.8465562752960946 0.6125 0.039357732962699996 0.04384765625
0 0.5872735958322376 0.7453125 0.09612251182866025 0.1189453125
0 0.7920445288205796 0.71328125 0.07441724932807965 0.09541015625
0 0.3856322759207945 0.51953125 0.03770351973659256 0.04521484375
0 0.010356056268505913 0.1203125 0.020712112537011825 0.0875
0 0.6166948670023693 0.40859375 0.049790925546031775 0.0578125
0 0.6495180997809298 0.4703125 0.0650581601678251 0.075
0 0.6111049499860668 0.56484375 0.03568222295221091 0.03916015625
0 0.7326321333986161 0.15703125 0.04858956608041361 0.0638671875
0 0.8866932553753628 0.76328125 0.029849533896266323 0.04208984375
0 0.8560585620140586 0.77578125 0.03705412720570607 0.0546875
0 0.035627662843895576 0.77734375 0.031070179357805216 0.0388671875
0 0.3267342244569688 0.9875 0.04876938672260831 0.025
0 0.025084368803655454 0.9515625 0.05016873760731091 0.0904296875
0 0.8642480636876657 0.2140625 0.0766083989388033 0.084375
0 0.4125653192867431 0.31875 0.05688451963344345 0.0689453125
0 0.740765448736667 0.75078125 0.043129557625868745 0.05625
0 0.8372828219860355 0.2296875 0.03802463135489091 0.046875
0 0.8845354076690255 0.296875 0.06964060396968996 0.07490234375
0 0.6154203999953556 0.18828125 0.05793048018822269 0.06083984375
0 0.8438656313240237 0.153125 0.04958967002213939 0.0564453125
0 0.7638495964569374 0.65234375 0.03445417754253697 0.04228515625
0 0.6041053143123657 0.12109375 0.07107136182749904 0.071875
0 0.28262994956185955 0.940625 0.04801237012586892 0.05625
0 0.48666474750120037 0.371875 0.029077025441721815 0.03447265625
0 0.13466915269464796 0.09921875 0.05188319263635792 0.0609375
0 0.27718451034974023 0.9609375 0.044135489264564676 0.04375
0 0.7727915016503852 0.3796875 0.05202827775057663 0.0654296875
0 0.8458649165920951 0.21953125 0.049077962657336015 0.0703125
0 0.0006834032841267217 0.8125 0.0013668065682534434 0.0939453125
0 0.7265560416923414 0.3609375 0.08054145020978147 0.09375
0 0.07269791989286548 0.97890625 0.04069677759440164 0.0421875
0 0.7555224138928027 0.30859375 0.05304766768822269 0.06083984375
0 0.013543056218842659 0.45234375 0.027086112437685318 0.0576171875