0 0.250619128125 0.8036773125 0.264778171875 0.814534834375 0.2785718390625 0.8175475734375001 0.296028171875 0.8154441171875 0.3084190046875 0.80927619375 0.3100067515625 0.8014882406250001 0.309397790625 0.788413603125 0.3070792890625 0.7805119890625 0.3048825796875 0.775225303125 0.28944249375000003 0.757802046875 0.26795811875000003 0.757176915625 0.2583142859375 0.75950769375 0.24262616406249998 0.7786365953125001 0.2433569171875 0.7943261609375 0.250619128125 0.8036773125
0 0.30860634062500003 0.7002289640625 0.3167000734375 0.696025115625 0.332144609375 0.671666359375 0.3348166015625 0.6557493812499999 0.3336443515625 0.6305807015625 0.331905475 0.624654490625 0.31426867812500003 0.6019445484375 0.3102406359375 0.5992159609375001 0.29160002500000004 0.588946975 0.287387953125 0.588824415625 0.25933759375 0.59512345 0.2492652640625 0.6091929859375 0.24401484999999998 0.6220971343749999 0.2426706859375 0.6351149421875 0.2436450234375 0.6560343640624999 0.245963525 0.6639359765624999 0.255300653125 0.6759588875 0.2756844484375 0.6948316828125 0.2858524296875 0.6995668921875 0.30860634062500003 0.7002289640625
0 0.22784735625 0.60425616875 0.2372435328125 0.6002530265625 0.2529316546875 0.581124125 0.254519403125 0.5733361703125001 0.25342327343750004 0.549801821875 0.24201122812500003 0.5351071546874999 0.2279739765625 0.526864559375 0.21247076874999998 0.5290248484375 0.20972377031249997 0.53286199375 0.1955602765625 0.563786484375 0.19226298749999998 0.5767474625 0.1967781984375 0.5899357625 0.206115325 0.6019586703125 0.208683825 0.6036985671874999 0.22784735625 0.60425616875
0 0.2253303640625 0.5161704296875 0.23126147812500003 0.530444478125 0.24914185937500002 0.558384275 0.31285978124999997 0.58635211875 0.31341868906250003 0.58646106875 0.335082409375 0.58709141875 0.3420348640625 0.584589640625 0.3532664453125 0.5744709125 0.3633387765625 0.560401375 0.3704205234375 0.5449391296874999 0.371531946875 0.5394875625 0.3707476046875 0.522647428125 0.3605375546875 0.5002580390625 0.3430225515625 0.48016302499999997 0.29224575 0.4369034296875 0.2723491234375 0.42849034374999995 0.2508647484375 0.4278652125 0.24512716562499998 0.43030965 0.23505483593749998 0.44437918749999994 0.226385340625 0.4676293859375 0.2239967390625 0.487536971875 0.2253303640625 0.5161704296875
0 0.338314309375 0.4083894828125 0.339654025 0.4371536890625 0.3419725265625 0.4450553015625 0.35918082500000004 0.4795040046875 0.3685179515625 0.4915269109375 0.378648953125 0.499655846875 0.4035146171875 0.507942703125 0.4168199921875 0.50832985 0.4295519953125 0.5037483578125 0.45201515781249996 0.4835108984375 0.46575015468750003 0.46432516875 0.4676306484375 0.4586348390625 0.4655480015625 0.413919575 0.46514564218750004 0.409468515625 0.45819013750000004 0.3857636765625 0.4514782171875 0.3672886921875 0.44086004687499997 0.348700046875 0.42956979375 0.33662030625 0.413701209375 0.3309358109375 0.35925729375 0.3345744203125 0.3440563421875 0.3641630359375 0.3394148890625 0.3901418203125 0.338314309375 0.4083894828125
0 0.351004496875 0.6054733125 0.340810375 0.616927921875 0.3355599609375 0.6298320656249999 0.337143259375 0.6638261296875 0.339583553125 0.67434266875 0.343976971875 0.6849160390625 0.3631609890625 0.7096182546875001 0.3811702546875 0.7101422703125 0.41581409999999996 0.698757515625 0.42234555625 0.6924190984374999 0.42576463750000004 0.6820730515625 0.4271088015625 0.6690552390625 0.4179565875 0.6400637171875 0.4021511234375 0.6147956781249999 0.392020121875 0.6066667453125001 0.3800577875 0.6010959078125 0.3644327875 0.6006412671875 0.351004496875 0.6054733125
0 0.4634083953125 0.6423179453125 0.4901385578125 0.6430957125 0.5066134015625 0.625569428125 0.5110699421875 0.61655925625 0.5121813656249999 0.6111076890625 0.5102753171875001 0.5701840734375 0.49740696562500003 0.53259741875 0.48806983906249995 0.5205745125 0.47238036250000004 0.5099464921875 0.4575812265625 0.50951588125 0.43142921406249995 0.5189264375 0.4183663 0.5316032640625 0.4064626359375 0.548230896875 0.39779314062500004 0.571481096875 0.3969361453125 0.5949586140625 0.399376440625 0.6054751578124999 0.4048073171875 0.61738440625 0.41298519375 0.6254565109375 0.422994403125 0.630970515625 0.4634083953125 0.6423179453125
0 0.461519225 0.6540649796875 0.4628589390625 0.682829184375 0.4694490671875 0.6986892421875 0.4746363609375 0.7053686359375 0.4826924453125 0.7108258109375 0.4848498859375 0.7115986578125 0.5230389078125001 0.71270984375 0.5256611953125 0.7120760749999999 0.5528244812499999 0.6880583 0.5500188109375 0.6696969765625 0.5456253921875 0.6591236046875 0.5362882640625 0.64710069375 0.48953950625 0.6065696859374999 0.47586763125 0.606171875 0.4694579671875 0.615125215625 0.46420755312499995 0.6280293640625 0.461519225 0.6540649796875
0 0.6052827703125 0.7004160453125 0.603520365625 0.662576503125 0.6011860828125 0.6595707765625 0.5911768734375 0.6540567671875 0.5773832062500001 0.6510440328125 0.5614515015625 0.6649430781250001 0.5597419609375 0.6701161015625 0.5607162984375 0.6910355234375001 0.57017521875 0.7056733625 0.57833075625 0.7111979078124999 0.596018196875 0.711712559375 0.6052827703125 0.7004160453125
0 0.5372142828124999 0.6041663421875 0.53977636875 0.6172978109375 0.5472821625 0.63187881875 0.5574131640625 0.640007753125 0.5710850390625 0.6404055640624999 0.5843915375 0.6329585921875001 0.5889698703125 0.6265633484375 0.595686240625 0.60325631875 0.59544265625 0.5980264640625 0.5888525265625 0.58216640625 0.5774404828125 0.5674717390625 0.5675530656250001 0.5645726609375 0.5540029828125 0.566789778125 0.543808859375 0.5782443875000001 0.538558446875 0.591148534375 0.5372142828124999 0.6041663421875
0 0.5000980875 0.5149973 0.508641340625 0.5309141890625 0.528474846875 0.558910815625 0.5505978015624999 0.5668357734375 0.55390606875 0.566932034375 0.5676591390625 0.5626623421875 0.5752280546875 0.5576598078125 0.5925039234375 0.5307429531250001 0.59921343125 0.5031008296875 0.598161146875 0.4805078546875 0.5978805796875 0.47867172187499996 0.5910468671875 0.45758181093749994 0.57987840625 0.44811699843749997 0.5521692796875 0.4394765921875 0.5326380296875 0.43890829218749994 0.5231159890625 0.443853996875 0.5148749921875 0.4553654359375 0.49521750000000003 0.49396421874999996 0.4955828765625 0.501809003125 0.5000980875 0.5149973
0 0.5205877890624999 0.4302092953125 0.5299815984375 0.427938946875 0.543288096875 0.420491975 0.5564728031249999 0.41043007343750004 0.5682546734375 0.3911875109375 0.5716737546874999 0.38084146093750004 0.5703340406249999 0.3520772578125 0.55251678125 0.30455391718749997 0.5428142765625 0.2846862234375 0.5208354984375 0.271057490625 0.50493453125 0.27059482031250004 0.480192484375 0.2802527328125 0.45925395 0.31228578125 0.4540035359375 0.3251899296875 0.4524157875 0.33297788281249996 0.45326833281249995 0.3512823765625 0.4622987546875 0.3776589734375 0.477066759375 0.40159113281250003 0.4967784734375 0.426972834375 0.5007020859375 0.42963068125000003 0.5205877890624999 0.4302092953125
0 0.58642645625 0.5300776921875 0.5877661703125 0.558841896875 0.598993303125 0.59050518125 0.62022964375 0.62768246875 0.6273700609375 0.63441869375 0.6433604374999999 0.6427181171874999 0.6746104374999999 0.6436274 0.6803480203125 0.6411829625000001 0.708548765625 0.6185010656250001 0.7222837625 0.5993153343750001 0.7366908390625 0.5736206984375001 0.7435290015625 0.552928596875 0.742432871875 0.5293942484375 0.7401143703125 0.521492634375 0.7305336578125 0.5042398703125001 0.7121029875 0.48542390468749996 0.69794394375 0.47456638125 0.6682816921875 0.4658691484375 0.613715984375 0.46689283125000003 0.6079784015625 0.46933726875000004 0.5994938203125 0.47561885156250006 0.5924120734375 0.4910810984375 0.58642645625 0.5300776921875
0 0.65843145625 0.708847453125 0.6722000765625 0.6923820859375 0.6747643875 0.6846225484375 0.673729153125 0.6623956609375 0.672569903125 0.6584448546874999 0.6703731937499999 0.6531581703125 0.6590829406250001 0.6410784296875 0.6240484828125 0.6426704156249999 0.615929278125 0.65679678125 0.6147195296875 0.668512809375 0.6148129046874999 0.6705175875 0.6214188265625 0.6909045015624999 0.6328792765625 0.7081039609374999 0.65843145625 0.708847453125
0 0.5612934578125001 0.29198046718750004 0.5622677953124999 0.3128998890625 0.56482988125 0.3260313546875 0.5712982171875 0.339276484375 0.5806353453125 0.3512993953125 0.598578846875 0.35965564687499996 0.6048824374999999 0.3608844265625 0.6163023265625001 0.3612167109375 0.6275103453125 0.35266331875 0.6374608828125 0.33597885625 0.6401492109375 0.3099432359375 0.633437290625 0.291468253125 0.6247722453125 0.272936440625 0.611407075 0.2581849390625 0.6054259078124999 0.255399521875 0.5839415328124999 0.254774390625 0.5682534125 0.27390329375 0.5612934578125001 0.29198046718750004
0 0.5846367890625 0.44139976093750005 0.594095709375 0.45603759843749997 0.6165628265625 0.46889068125 0.631424409375 0.469323109375 0.6393829609374999 0.465189475 0.6566588296875 0.4382726203125 0.6569763796875 0.43671503281249996 0.6555879484375 0.40690485625 0.65507553125 0.4042785609375 0.652878821875 0.398991875 0.6331671078125 0.3736101765625 0.620839396875 0.36019455625 0.603261271875 0.35968308437499996 0.5894044843749999 0.3762538890625 0.5823227375 0.3917161359375 0.579147240625 0.40729204062499996 0.5799997859375 0.425596534375 0.5846367890625 0.44139976093750005
0 0.6697545359375 0.45770803125 0.6723166218750001 0.4708395 0.685803584375 0.48820592500000004 0.7037470859375 0.49656217968750005 0.7354090671875 0.5035564031249999 0.747141540625 0.5038977828125 0.7661252937499999 0.4957658171875 0.7725349593749999 0.4868124765625 0.7745009296875 0.4808634953125 0.7730607375 0.4499419765625 0.770464490625 0.44235870468750005 0.7493499421875 0.40779634375 0.7358629796875 0.3904299171875 0.7278068953125 0.384972740625 0.7141350203125 0.38457492968749996 0.7083974375000001 0.38701936875 0.691550065625 0.40219746250000005 0.677693278125 0.4187682671875 0.6707333234374999 0.43684544062499997 0.6697545359375 0.45770803125
0 0.690491553125 0.3618150140625 0.6956875328125001 0.35911624531249997 0.7039285296875 0.34760480781249997 0.7053944859375 0.33720192656250003 0.70429835625 0.3136675765625 0.6989892703125 0.3043732546875 0.685195603125 0.3013605171875 0.6735986453125 0.3036344640625 0.6622452734375 0.3111382671875 0.6594982734375 0.3149754125 0.6604726109375 0.335894834375 0.6629129046875 0.346411375 0.6681001984375 0.35309076875 0.6820617718750001 0.3615697328125 0.690491553125 0.3618150140625
0 0.6568670203125 0.27418544218749996 0.668279065625 0.2888801125 0.67633515 0.2943372875 0.6936575953124999 0.3010522203125 0.719329540625 0.301799196875 0.7272381921875 0.2984297984375 0.74781135 0.2585519640625 0.7491760843749999 0.238647228125 0.7476841296875001 0.206614365625 0.7448883375 0.1957937015625 0.7415323765624999 0.18655620781249999 0.7312795828125 0.1758123484375 0.725298415625 0.1730269296875 0.7078420828125 0.17513038593750002 0.6793977531250001 0.19258242812499998 0.6618782999999999 0.214269428125 0.6512556796875 0.2374627953125 0.6522300171875 0.2583822171875 0.6568670203125 0.27418544218749996
0 0.750593425 0.643882159375 0.758649509375 0.649339334375 0.7698489828125 0.655915603125 0.7876846750000001 0.6564345687500001 0.7983840921875001 0.6439670343749999 0.799098578125 0.64046245625 0.7980603000000001 0.618170196875 0.792529165625 0.60201453125 0.785023371875 0.5874335234375 0.7708643281249999 0.5765760015625 0.7552393281249999 0.576121359375 0.742054621875 0.586183259375 0.7374762890625 0.592578503125 0.7340572078125 0.6029245546875 0.7345443781250001 0.6133842640625 0.74113450625 0.6292443234375 0.750593425 0.643882159375
0 0.828406478125 0.5905230046875001 0.8397743578125001 0.588293975 0.845511940625 0.5858495375 0.8537529390625 0.5743381000000001 0.8641319749999999 0.5459148765624999 0.8673074703125 0.53033896875 0.866454925 0.512034475 0.8618179218750001 0.49623125 0.8531528765624999 0.4776994359375 0.8233101609375 0.44418880156249996 0.8056644703125 0.4385041796875 0.79371209375 0.4381564015625 0.7675220828125 0.460845221875 0.7574497515624999 0.474914759375 0.7562273796875 0.49054749375 0.7574453015625 0.5166967703124999 0.7620823062500001 0.5324999984375001 0.7728222687499999 0.55370356875 0.7863092296875 0.571069996875 0.8124306078125001 0.587498353125 0.8278663515625 0.5905072890625 0.828406478125 0.5905230046875001
0 0.721511915625 0.6832496109374999 0.7204757453124999 0.6610026125 0.7143249593750001 0.64619989375 0.7112125828125 0.64219225625 0.6974189156249999 0.6391795171875 0.6890561265625 0.648076028125 0.685978953125 0.6573874734375 0.6861981796875 0.6620943421875001 0.688442715625 0.6767834015624999 0.6990995359375 0.68818541875 0.7140108390625 0.6886192921875 0.721511915625 0.6832496109374999
0 0.7479390515625 0.7176933875 0.76049964375 0.7026726546875001 0.7639205812500001 0.6892256406249999 0.762570209375 0.6602326296875 0.755073215625 0.6489813921875001 0.7490920484375 0.6461959734375 0.731635715625 0.6482994296875 0.7258981328125 0.6507438671875 0.7176571359375 0.66225530625 0.7142380546875 0.6726013562500001 0.7154559765624999 0.6987506328124999 0.7206432703125001 0.705430028125 0.73833433125 0.7174139187499999 0.7479390515625 0.7176933875
0 0.7949947453124999 0.707298446875 0.823113771875 0.7212733828125 0.83912083125 0.7262636125 0.8624971265625 0.7327650218749999 0.87775675 0.7253748812499999 0.885997746875 0.7138634390624999 0.9011400281249999 0.6620763578125 0.9037787484375001 0.643351175 0.9036163593750001 0.6398646046875001 0.8972382265625001 0.6201806828125 0.8908916828125 0.6095504843749999 0.8775265140625 0.5947989875 0.8675173046875001 0.58928498125 0.8175886 0.6061118890625 0.80635701875 0.6162306203125001 0.79091248125 0.640589375 0.7847633359375 0.6676994140625 0.78583984375 0.6908124734375 0.7949947453124999 0.707298446875
0 0.9141348499999999 0.6887681875 0.93787460625 0.7168784765625 0.94645580625 0.7203488703125001 0.9691120546875001 0.7210080999999999 0.97498398125 0.71795825 0.9813936453125001 0.7090049078125 0.9815223062499999 0.7044387296875 0.9800955109375 0.6738048531249999 0.9698055875 0.6277148296874999 0.9644965015625001 0.61842050625 0.9483843328124999 0.60750615625 0.9344688734375 0.6018784890625 0.9266563734375 0.6016511671875 0.9115185421875 0.6116562375 0.8993712953124999 0.6230540171875 0.8963175906249999 0.64124485 0.9033948875 0.6675646171875 0.9141348499999999 0.6887681875
0 1 0.67782814375 0.9960030546875001 0.6761380765625 0.9878838484375001 0.6902644437500001 0.9862961015625 0.698052396875 0.9876358156249999 0.7268166015624999 0.9928231078125 0.7334959953125 0.9974666078125001 0.7343161921875 1 0.73438990625 1 0.67782814375
0 1 0.5658310140625 0.9905174828125001 0.5594075765625 0.984536315625 0.5566221578125 0.9769674 0.561624690625 0.9815323828125001 0.6805754875 0.9912998796875 0.685764903125 0.9968846140625001 0.6859274015625 1 0.68386834375 1 0.5658310140625
0 0.9759499359375001 0.5847977171875 0.9718519750000001 0.5795209953125 0.9640394750000001 0.579293675 0.9602550171875001 0.5817949421875 0.9540889359375001 0.5959781390625001 0.9564074390625 0.603879753125 0.9656110765625 0.6116794578125 0.9711087624999999 0.611839425 0.97331348125 0.6109001265625 0.9768616375000001 0.6043723187500001 0.9759499359375001 0.5847977171875
0 0.8940825296874999 0.6111585734375 0.9106543546875001 0.6116407640625 0.9207629109375001 0.605983515625 0.929003909375 0.594472078125 0.9349873015625001 0.5763664890625 0.9339825156250001 0.554793334375 0.9305961078125 0.5449021125 0.9172309375 0.5301506140625001 0.9094184375 0.52992329375 0.89428060625 0.5399283625 0.8767611531249999 0.5616153625 0.8753321796875 0.56862451875 0.8762578 0.5884979671874999 0.8783444515625 0.595609421875 0.8876815796875 0.6076323312499999 0.8940825296874999 0.6111585734375
0 0.9058487859375 0.5288006640625 0.9077211390625 0.5269836515625 0.9128497609374999 0.511464578125 0.9121190078125 0.4957750109375 0.9069317140625 0.489095615625 0.893138046875 0.48608287812500006 0.88538421875 0.5080540265625 0.8858713874999999 0.5185137375 0.893133596875 0.5278648890625 0.8940063421875 0.5284560843749999 0.9058487859375 0.5288006640625
0 0.931593265625 0.5170666921875 0.9551998609375 0.517753575 0.969608484375 0.5093666531250001 0.972355484375 0.5055295109375 0.9758963578125 0.49779838906249996 0.97772226875 0.4888422421875 0.9766484671875 0.46578729531249996 0.9717509734374999 0.45067286093750003 0.9581422187499999 0.43069150624999997 0.9460580921874999 0.42250574218750003 0.9303113 0.41943617343749995 0.920789259375 0.424381875 0.9070542625 0.44356760937499995 0.903756975 0.45652858749999997 0.9068062296875 0.48011976562500003 0.9189490265625 0.5105040015625 0.931593265625 0.5170666921875
0 1 0.5305036328125 0.9997265203125 0.5299436328125 0.9894737265625 0.5191997703125 0.969820684375 0.5160165390625 0.9580388140625 0.5352591015625 0.958891359375 0.5535635953125 0.9725001125 0.5735449484374999 0.97868018125 0.577731315625 0.997422025 0.5782766484375 0.9999656546875 0.5769554984374999 1 0.5769075234375001 1 0.5305036328125
0 0.894650646875 0.447367184375 0.8942852703125 0.4395224 0.88757335 0.42104741562500003 0.880311140625 0.4116962609375 0.86834880625 0.406125428125 0.860779890625 0.4111279609375 0.8471666859375 0.43292862187500003 0.8518036890625 0.448731846875 0.8674873609375 0.4713849578125 0.8811592359375 0.47178276874999997 0.8913533593749999 0.4603281609375 0.894650646875 0.447367184375
0 0.7808807515625 0.40007756250000004 0.7983957546875 0.42017257812500003 0.8077330234375 0.4245209265625 0.831764596875 0.4252201734375 0.8469802953125001 0.416363475 0.85326816875 0.40479520625000004 0.8549777093750001 0.39962218125 0.8542469562499999 0.3839326140625 0.8519284546874999 0.376031003125 0.8365514875000001 0.33902420312500003 0.829289278125 0.32967304999999997 0.8252612359375 0.32694446250000003 0.7998706109375 0.3262056703125 0.7885172375 0.333709475 0.7785666984375 0.3503939390625 0.775391203125 0.3659698453125 0.7764873328124999 0.38950419531249997 0.7808807515625 0.40007756250000004
0 0.7285532328125 0.3685418078125 0.7402872703125001 0.3773073640625 0.7688585984375 0.3781387046875 0.769934234375 0.3775800234375 0.7835474390625 0.3557793640625 0.7849121718750001 0.335874628125 0.7839073859375 0.3143014734375 0.78111159375 0.3034808109375 0.7698213421875 0.2914010703125 0.763840175 0.28861565312500004 0.7423558 0.28799052187499996 0.7310024265624999 0.295494321875 0.71922055625 0.31473688593750004 0.7176328078124999 0.3225248375 0.7189725218749999 0.351289040625 0.723365940625 0.3618624140625 0.7285532328125 0.3685418078125
0 0.798046228125 0.3009688546875 0.8033117671875001 0.29748869375 0.8132623046875 0.28080423125 0.8161829562499999 0.27022606250000003 0.8148381671875 0.241352903125 0.8131449625 0.23640729062500002 0.7997797921875 0.22165579218749998 0.79575175 0.21892720312499997 0.784033 0.21858622187500001 0.7630357953125 0.2284208015625 0.7517410921875001 0.258123075 0.7506405125 0.276370740625 0.7580245156250001 0.28833681875 0.77399771875 0.3002691140625 0.798046228125 0.3009688546875
0 0.7525819203124999 0.21382494218749998 0.7734044 0.21443081406250003 0.776942578125 0.2129234109375 0.7898837000000001 0.19763165625 0.796171571875 0.186063384375 0.8004866875 0.1677351640625 0.7990272109375 0.1363996140625 0.795201684375 0.123361953125 0.7796398046874999 0.10332376875 0.7756117625 0.10059518281249999 0.7481462203125 0.0971846328125 0.7215332234375 0.1120785765625 0.715123559375 0.12103191718749999 0.70852898125 0.1469538734375 0.7075501937500001 0.16781646562500002 0.7127374859375 0.174495859375 0.7525819203124999 0.21382494218749998
0 0.8259922812499999 0.1311586890625 0.8357579062499999 0.1314428390625 0.8489426124999999 0.121380940625 0.855230484375 0.10981267343750001 0.8581156125 0.098471815625 0.8573391875 0.0818016515625 0.8556003109375 0.07587544375000001 0.84589780625 0.05600775 0.8301510140625 0.05293818125000001 0.8186758484375 0.057827054687500004 0.8140975171875 0.0642223 0.805428021875 0.0874724984375 0.8061587749999999 0.10316206406249999 0.8084772765625001 0.111063678125 0.817936196875 0.12570151406250002 0.8259922812499999 0.1311586890625
0 0.827367175 0.2088373953125 0.8296117109375001 0.223526453125 0.8554978875 0.2371044625 0.8756525500000001 0.237690903125 0.8780113390625001 0.236685965625 0.8955307921875001 0.21499896718749997 0.9000901609374999 0.1956333 0.8998790546875 0.19110075625 0.8977319515625 0.178503640625 0.8911418234375 0.16264358437499998 0.8796079859375 0.1453339890625 0.8694769843750001 0.1372050546875 0.8478708171875 0.13396499687500002 0.8421332343750001 0.1364094328125 0.8337704453124999 0.14530594375 0.8283982390625001 0.1555951640625 0.8254306781249999 0.16726004375 0.827367175 0.2088373953125
0 0.9310158828124999 0.17282919531250002 0.937511246875 0.16152810312500002 0.9360741000000001 0.13067195625 0.93584225 0.1298817953125 0.9305331640625001 0.120587471875 0.9224770796874999 0.1151302953125 0.9088052046874999 0.11473248437500001 0.9050207468749999 0.11723375312499999 0.8970233343749999 0.133975046875 0.896531715625 0.16529735 0.9045309250000001 0.1776762625 0.9228746265625001 0.178210009375 0.9310158828124999 0.17282919531250002
0 0.9803442890625 0.179756471875 0.984128746875 0.17725520625 0.99236974375 0.16574376562499998 0.9950622703124999 0.15759625 0.9940985890625 0.1369056375 0.9905428609375001 0.12651985 0.981327525 0.1171118671875 0.9753463578125 0.11432645 0.9637494 0.11660039687499998 0.958133609375 0.1216597609375 0.9537988625 0.1332848609375 0.9546514078125 0.1515893546875 0.9569699093749999 0.1594909671875 0.9705786640625 0.1794723203125 0.9803442890625 0.179756471875
0 0.8870465484375 0.2464143265625 0.9026084265625001 0.2664525109375 0.91054271875 0.269294759375 0.92226146875 0.2696357390625 0.9268398015624999 0.2632404953125 0.94070598125 0.23012031875 0.940631384375 0.22851867656249997 0.9358791234374999 0.2060530671875 0.9305700375000001 0.19675874531249998 0.9225139531250001 0.19130156874999998 0.9049358281250001 0.19079009687499998 0.8991982453125 0.1932345359375 0.8935824546875001 0.1982939 0.8854632499999999 0.2124202671875 0.8840342765625 0.219429425 0.8848502843749999 0.23694944062499998 0.8870465484375 0.2464143265625
0 0.8768417046874999 0.2802104640625 0.8801564921875 0.2701800046875 0.8793747328125001 0.25339530312499997 0.87214603125 0.2422087671875 0.8681179890624999 0.239480178125 0.8603054890624999 0.23925285624999998 0.848159365625 0.24529850312499998 0.8436447812500001 0.25723239375 0.8451045359375 0.26884146875 0.85456345625 0.28347930625 0.8551950156249999 0.283907125 0.8725132046875 0.2844110328125 0.8768417046874999 0.2802104640625
0 0.8494467125 0.27144701875 0.8421845015624999 0.262095865625 0.8343273328125 0.256773434375 0.8240794578124999 0.2564752515625 0.8186252093749999 0.2587989765625 0.8103842125 0.27031041562499997 0.8112367578124999 0.288614909375 0.8202671796875001 0.31499150625 0.8232770890625 0.31886720468749996 0.8352851921875001 0.3192166046875 0.842667221875 0.314337590625 0.8518488546875 0.29894237968750004 0.85077985 0.2759904453125 0.8494467125 0.27144701875
0 0.9035040750000001 0.40503344375 0.911634028125 0.40881954687500005 0.96183979375 0.41028038593750005 0.9704897328125 0.40056089687499996 0.9663316359375 0.311284890625 0.9642447625000001 0.3062625390625 0.9445330484375001 0.2808808390625 0.9284208796875 0.2699664859375 0.901198921875 0.27178579375 0.8897237562500001 0.2766746671875 0.8742792203124999 0.30103342187500004 0.869515975 0.324397284375 0.8707338968749999 0.3505465609375 0.87939894375 0.369078375 0.9035040750000001 0.40503344375
0 1 0.37677216874999997 0.9820355171875 0.37624945625 0.978251059375 0.37875072187500003 0.9719631874999999 0.39031899375 0.9703754390625001 0.39810694375 0.970740815625 0.4059517265625 0.97733094375 0.4218117828125 0.984714946875 0.4337778640625 0.9856001203125 0.43437747812499994 1 0.43479647187500003 1 0.37677216874999997
0 1 0.274637296875 0.9964904812500001 0.2720156171875 0.9750061062500001 0.2713904859375 0.9673153984375 0.27377809375 0.97002875625 0.352784509375 0.993916378125 0.3534795671875 1 0.35053330781250003 1 0.274637296875
0 0.9837577796874999 0.24990467187499998 0.9796438343749999 0.24323785468749998 0.9714659578125 0.23516575 0.9617003328125 0.23488159999999997 0.9517497953125 0.25156606406250004 0.9522369640624999 0.2620257765625 0.9610238015625001 0.28317251875 0.969556278125 0.2856743140625 0.9778510296875 0.2859156671875 0.9851611734375 0.280036109375 0.9837577796874999 0.24990467187499998
0 1 0.44594982656250004 0.9936295749999999 0.4471989484375 0.9860606593749999 0.45220148125000004 0.9796509953125 0.4611548234375 0.9767190828125001 0.481960584375 0.9861780015624999 0.4965984234375 0.9942105734375 0.49860369843749996 1 0.498772153125 1 0.44594982656250004