0 0.2609375 0.7523881600337038 0.103125 0.12393980744925485
0 0.25390625 0.6547728166495621 0.0640625 0.07547036097226431
0 0.653125 0.7337002299047197 0.0689453125 0.07579173709438809
0 0.78984375 0.6360298234852533 0.08916015625 0.12249137486498078
0 0.18828125 0.7153108617309061 0.05791015625 0.06908691143338822
0 0.54921875 0.6975859887835144 0.0765625 0.0894102713449012
0 0.1359375 0.6851466387600732 0.0533203125 0.06906020850359199
0 0.47265625 0.47381266637841557 0.08583984375 0.10049940160193635
0 0.50625 0.5517422236582039 0.05927734375 0.07524720924758306
0 0.121875 0.6125722019917899 0.0501953125 0.07060452778543276
0 0.759375 0.7315195854873058 0.09697265625 0.10368917041037876
0 0.178125 0.6380261990649236 0.071875 0.09114081276766228
0 0.39296875 0.7563075246914762 0.06875 0.10196247579950324
0 0.0265625 0.7756267138956465 0.053125 0.07687157220870695
0 0.40546875 0.6515473018188391 0.07646484375 0.09898001569745887
0 0.07109375 0.6777113886618774 0.05791015625 0.06918456768338839
0 0.3390625 0.7089648920797229 0.065625 0.07538179508134384
0 0.565625 0.6209280400131784 0.05322265625 0.07218464035614965
0 0.221875 0.5705841690106943 0.05 0.06288854774054772
0 0.5046875 0.7783138140172835 0.05615234375 0.07513137227942383
0 0.46015625 0.7316978892510526 0.0703125 0.08771375365858276
0 0.4921875 0.6455740368899204 0.065625 0.09100679508134402
0 0.67734375 0.5296530793389858 0.06875 0.08633747579950324
0 0.77578125 0.8111116367169698 0.06396484375 0.07214948032482198
0 0.33359375 0.7746217083365016 0.04833984375 0.059460920484025695
0 0.03046875 0.6177914879979475 0.0609375 0.08306936775410509
0 0.2796875 0.5827478257247484 0.0654296875 0.08456034628645899
0 0.6203125 0.8065473774453917 0.046875 0.06130786702238851
0 0.0796875 0.7589113916869396 0.06572265625 0.08153470697878654
0 0.1515625 0.7694307351692771 0.05302734375 0.07237881656126462
0 0.56484375 0.7740575851927183 0.059375 0.09253293364502539
0 0.71953125 0.598938889643836 0.0625 0.0815159581131848
0 0.68828125 0.6717769468254284 0.059375 0.0831579336450254
0 0.6953125 0.7967360402095702 0.0720703125 0.09260679281254731
0 0.61171875 0.5769098744203296 0.07021484375 0.08478349801114042
0 0.61953125 0.6612394226249316 0.06875 0.08614216329950324
0 0.440625 0.5638427687395479 0.07177734375 0.09270274462021995
0 0.6671875 0.6031496666730032 0.04697265625 0.05818343516983084
0 0.91640625 0.7782622543998041 0.0921875 0.11137617493569749
0 0.0296875 0.6967022831774873 0.0501953125 0.07197171528543259
0 0.5453125 0.45776496468121336 0.05947265625 0.08149834554246808
0 0.334375 0.6363359131569618 0.0623046875 0.07077263431829976
0 0.3703125 0.5665955848981306 0.0654296875 0.08143534628645899
0 0.76640625 0.5369474288714475 0.0625 0.0736058018631848
0 0.5640625 0.535780880372258 0.05634765625 0.07220282107430868
0 0.00546875 0.6648119337432213 0.01083984375 0.05006306436611485
0 0.165625 0.5615364219375605 0.05009765625 0.05038911588799024
0 0.84609375 0.7060150705583871 0.0953125 0.10377716815385654
0 0.3453125 0.48236603064340444 0.0658203125 0.09110558762622886