0 0.1074355140625 0.667592246875 0.114014103125 0.64980510625 0.1155111328125 0.613065371875 0.10846579375000001 0.59441973125 0.09635650625 0.580333115625 0.089085475 0.575503221875 0.087397590625 0.5755425078124999 0.07302555625 0.5782637015625001 0.06510650625 0.5810604671874999 0.04195299375 0.5985802828125 0.0393605671875 0.6143153078125 0.037442665624999996 0.6613840062499999 0.049445401562500005 0.6780855484375 0.0624129953125 0.6853952999999999 0.08270941875 0.6849228953125001 0.1043460015625 0.671582828125 0.1074355140625 0.667592246875
0 0.14179808124999999 0.622667884375 0.1565116359375 0.6223254234375 0.16201808906249998 0.6186124000000001 0.181478453125 0.59595365 0.1818033859375 0.5951623546875 0.1832730171875 0.5590950296874999 0.16574734375 0.5270899328125 0.15999451874999998 0.5246113828125 0.14241639374999998 0.52502051875 0.12441206875 0.5358893625000001 0.1192628796875 0.5425403328125 0.110278328125 0.5714863765625 0.111698703125 0.5845155546874999 0.1175224140625 0.6091982578125 0.1345677890625 0.6218637625000001 0.14179808124999999 0.622667884375
0 0.22366765156250001 0.6021131828125 0.22641611562500003 0.6208588359375 0.2383123015625 0.64017530625 0.25525112656250004 0.6554557359375 0.26451649375 0.6588370359375 0.28216425156249997 0.6584262796875 0.290300825 0.65725239375 0.29431362656250004 0.654546546875 0.3097611890625 0.6345936421875 0.318426090625 0.6134923828125001 0.3203295515625 0.6050882468750001 0.3213098125 0.5810309140625 0.31469771875 0.5613302078125 0.30454155625 0.547198134375 0.28348338281249996 0.537238478125 0.26579870625 0.5402625390625 0.24790093125 0.548516459375 0.24182845625 0.5538826921875 0.23667926874999998 0.560533659375 0.2281209171875 0.5790199921875 0.22383813125000002 0.5979292984375 0.22366765156250001 0.6021131828125
0 0.1322861734375 0.7520844921875 0.14341185 0.7568778828125 0.1616779953125 0.756452734375 0.1753614734375 0.7484694562499999 0.1866896859375 0.733837328125 0.1888559109375 0.7285620125000001 0.19024106406250002 0.6945679515625 0.18512753906249999 0.6763998359375 0.174758278125 0.667497615625 0.16325262812500002 0.6625405171875001 0.149687303125 0.6602438078125 0.1355892265625 0.671021734375 0.12426101406250001 0.6856538624999999 0.1199285640625 0.6962044921875 0.11854341093750001 0.7301985531249999 0.12202346093750001 0.74056734375 0.1322861734375 0.7520844921875
0 0.22118216406250002 0.7737999765625 0.254633640625 0.7730213859374999 0.2625316796875 0.7676957078125 0.2754551984375 0.7486305015625 0.276916484375 0.7127679984374999 0.2693147828125 0.6970017421875 0.2617153828125 0.6919537250000001 0.2540094328125 0.6895206328125 0.2247125578125 0.690202525 0.2166869578125 0.695614221875 0.20535874375000002 0.71024635 0.19875351875 0.728687221875 0.1998542421875 0.749561184375 0.2099038546875 0.7663081875 0.22118216406250002 0.7737999765625
0 0.3330880921875 0.5888747109375 0.3394832828125 0.597773475 0.3705140140625 0.5970512265625 0.3867457546875 0.5889320390624999 0.39601429375 0.57696029375 0.401831165625 0.558711934375 0.40249887968750003 0.5423250562499999 0.4021580953125 0.5219558953125001 0.400524621875 0.514156571875 0.3831952609375 0.48451676875 0.37548931093750004 0.48208367812499997 0.34988558593749997 0.48790450625000004 0.330425221875 0.5105632578125 0.318493253125 0.5352238218750001 0.318081259375 0.5453348765625 0.32232829375 0.5656131171875 0.3330880921875 0.5888747109375
0 0.35285368125 0.7067335453125 0.36420841875 0.6990770015625001 0.37490016718749997 0.683304178125 0.3757145734375 0.6633172234375 0.3660554359375 0.629804146875 0.3575327484375 0.6234713953125001 0.3343083484375 0.6187870546875 0.3223764984375 0.624289665625 0.3110482859375 0.6389217953124999 0.306715834375 0.649472425 0.305969984375 0.66777691875 0.3165166828125 0.6962683671875001 0.3282700265625 0.7073057359375 0.35285368125 0.7067335453125
0 0.3063918171875 0.8108421531250001 0.33639760937499996 0.8101437609375 0.338637984375 0.8094336656250001 0.3526295109375 0.8012706656249999 0.3618980484375 0.789298925 0.362920796875 0.785748315625 0.3645474625 0.7458270859375 0.3620759265625 0.73704583125 0.348120065625 0.7203897453125 0.338567540625 0.7153871890625 0.317083165625 0.71588724375 0.307104440625 0.72134439375 0.2894906515625 0.7465726140625 0.28505165 0.759738171875 0.28604582343749996 0.7832270609374999 0.301635159375 0.8076824703125001 0.3063918171875 0.8108421531250001
0 0.37513358750000003 0.7685621671875 0.38887635 0.7904481062500001 0.40382605156249995 0.7992082375 0.41723911718749995 0.7988960453125 0.43369167500000005 0.7920174656250001 0.4510923625 0.772019103125 0.4568098765625 0.7418428765625 0.45777948281249997 0.718047034375 0.45744926562500005 0.711784846875 0.43198775468750006 0.690171665625 0.42438835468749997 0.6851236468749999 0.41071647968749997 0.6854418625 0.3830530796875 0.693923078125 0.3760573171875 0.6980045796875001 0.371511765625 0.7137850640625001 0.369132440625 0.724290234375 0.3682800390625 0.74520965625 0.37513358750000003 0.7685621671875
0 0.4517624203125 0.6310667890625 0.45250827187500003 0.6127622953125 0.45076824687499994 0.6075779 0.440612084375 0.593445825 0.42530673593749996 0.5859647171875 0.4059885859375 0.58118945625 0.3921036109375 0.5867375296875 0.370690121875 0.6094417390625 0.368523896875 0.6147170531249999 0.3672452953125 0.6460961859375 0.37257191875 0.6590344453125 0.38837435625 0.6782599984375 0.39608030625 0.6806930875 0.41951780625 0.6801475734375 0.42938998125000005 0.6773053484375 0.44061164374999995 0.665288146875 0.44700376875 0.6520771296875 0.4517624203125 0.6310667890625
0 0.508387678125 0.7977324359375 0.524438878125 0.7869090484375 0.529694615625 0.777643153125 0.5340128890625 0.7626516921875 0.5349940765625 0.73857161875 0.5155969812500001 0.716578759375 0.5079975828125 0.7115307421875 0.5016140109375 0.7095151828125 0.48364285156250003 0.709933465625 0.47870070781249996 0.7122126343749999 0.47365806875 0.7162486734375 0.46531281875 0.7295051499999999 0.4588141421875 0.745331096875 0.45796174218749996 0.766250515625 0.459488665625 0.77666476875 0.46584512812499995 0.7882728343750001 0.4917359484375 0.8002841484375001 0.5034455343750001 0.8000116046875 0.508387678125 0.7977324359375
0 0.4743304390625 0.6805924671875 0.478089753125 0.6819643890625 0.5091980953124999 0.681240334375 0.5194654140625 0.6743170421875 0.526887378125 0.6597758328125 0.5291601531250001 0.6518855875 0.5303322046875001 0.6231213859375 0.52869873125 0.6153220593750001 0.52337210625 0.6023837984375 0.51690909375 0.5933906609374999 0.4900980953125 0.58095245625 0.48299578125 0.587648884375 0.46207937968749996 0.6220975375 0.45991315468750005 0.6273728515625 0.45884765312500003 0.6535221296875 0.46417427812499995 0.666460390625 0.4743304390625 0.6805924671875
0 0.43852665156250004 0.539273175 0.44548675 0.560010759375 0.45379633750000004 0.5715733640625 0.4612891875 0.5792363093749999 0.469424153125 0.583821940625 0.4928153578125 0.5832775046875 0.49942840000000005 0.5770423874999999 0.5078802 0.56117098125 0.5167582015625001 0.53483986875 0.517397503125 0.5191503015625 0.515870578125 0.50873605 0.5142371031249999 0.5009367265625 0.5061406171875 0.484144265625 0.5004943421875 0.47905078906250004 0.4751037171875 0.4796417625 0.4591590671875 0.48785021874999995 0.44701411562500004 0.4985826890625 0.44381805312499994 0.505188196875 0.43927250312500005 0.5209686812500001 0.43852665156250004 0.539273175
0 0.5091834234375 0.57468088125 0.514083846875 0.5980788515625 0.5354260078124999 0.6250128078125 0.5498479 0.63346365625 0.5694263890625 0.6330079609375 0.5862072578124999 0.6238308609375001 0.605880721875 0.5959422546875001 0.6119035765625 0.5750331125 0.6123137953125 0.5649656421875 0.611598325 0.5513975671875 0.60279165 0.528090515625 0.5848608765625001 0.5095681125 0.564884309375 0.5042028234375 0.545354575 0.5073075015625 0.5350780734375 0.5165570546875 0.523482821875 0.529017428125 0.514155175 0.5484406859375001 0.5097161734375 0.5616062421875 0.5091834234375 0.57468088125
0 0.5495776046875 0.7240089984375 0.57441564375 0.7234308875 0.5846357921875 0.7174682031249999 0.59802368125 0.700175684375 0.6028710937499999 0.6817757265625 0.6038620109374999 0.6574569015625 0.6037412828125001 0.655630996875 0.590318171875 0.6259002734375 0.5412769468749999 0.6322666156250001 0.535311021875 0.6350179234375 0.532221509375 0.6390085046875 0.5254031828125 0.6626792312500001 0.52270420625 0.681029184375 0.52771118125 0.7018122265625 0.5415604921875 0.7210832375 0.5495776046875 0.7240089984375
0 0.522033496875 0.49674144687500005 0.54631873125 0.49617620156250003 0.55059110625 0.4946673296875 0.56468918125 0.48388940468749997 0.5739577203125 0.47191766093750004 0.5742773703124999 0.4640728796875 0.571010421875 0.4484742296875 0.5674238218750001 0.440720365625 0.547715134375 0.4215857328125 0.538056059375 0.4191981046875 0.524064534375 0.427361103125 0.514795996875 0.4393328453125 0.5042845203125 0.4578646359375 0.5039648703124999 0.4657094203125 0.51472466875 0.48897101249999997 0.522033496875 0.49674144687500005
0 0.6627810875 0.49486849218750006 0.66884651875 0.48009761093750003 0.6690169984375001 0.47591372656250003 0.666652115625 0.447754334375 0.662142228125 0.43871573750000004 0.6434835125 0.42366885 0.6252302328125 0.42409369999999996 0.6197062296875 0.42664120624999996 0.6096209531250001 0.4347132875 0.596541728125 0.45400819375 0.59551556875 0.47919195937500003 0.5986476140625 0.488523871875 0.608697225 0.505270875 0.616296625 0.5103188921874999 0.6312240640625 0.51761528125 0.6434903140625 0.5173297796874999 0.6627810875 0.49486849218750006
0 0.610208428125 0.6501564 0.600123153125 0.6582284796875 0.592914290625 0.6675398359375 0.5866287140625001 0.6781359250000001 0.5843559390624999 0.6860261671875 0.5817635125 0.7017611921875 0.5804849109375 0.733140325 0.588332634375 0.7799817265625 0.5983822453125 0.796728728125 0.6137383562500001 0.8130546921875 0.6743185578124999 0.811644671875 0.6758679453124999 0.8105999140625 0.6852430328125 0.7960132453125001 0.7192633359375 0.7272977734375 0.7215361125 0.71940753125 0.7202222875000001 0.7037634234375 0.7133687390625 0.6804109125 0.690073453125 0.653522415625 0.6709684031250001 0.6435173 0.6260465281250001 0.6445628671875 0.610208428125 0.6501564
0 0.612430584375 0.57526853125 0.6117912828125001 0.5909581 0.6132116578125 0.603987278125 0.6212015937500001 0.6233946687499999 0.63814041875 0.6386750984375 0.643464690625 0.642211828125 0.65204879375 0.6420120296875 0.6616844687500001 0.6355146578124999 0.6900937203125 0.6087289484375 0.6993622578124999 0.5967572046875 0.7000835953125 0.5946178015625 0.7015979390625 0.55745314375 0.6994335859375 0.5471190390625 0.6912305484375 0.5329415046875 0.6837376984375 0.525278559375 0.677984875 0.522800009375 0.654547375 0.5233455218749999 0.6427220734375 0.5262332093750001 0.6326367984375 0.5343052890625 0.6254279359375 0.5436166453125 0.614703359375 0.567378290625 0.612430584375 0.57526853125
0 0.670703984375 0.535076234375 0.6790135703125 0.5466388421875 0.68632424375 0.5522362265625 0.7203271546875001 0.5514448 0.7217692203125 0.5508685890625 0.7317479453125 0.5454114359375 0.743892896875 0.5346789671875001 0.751101759375 0.5253676125 0.7621459859375 0.49376118281250003 0.7638115140624999 0.4864075609375 0.764227059375 0.47620934375 0.7635311375 0.459767121875 0.7516349515625 0.4404506515625 0.7326364515625 0.42783060781250004 0.7131052015625 0.428285203125 0.6851221515625 0.444611203125 0.6759601625 0.4539680171875 0.6657789046875 0.47876199843749995 0.6652674640625 0.49131365000000005 0.6655904593749999 0.51690811875 0.670703984375 0.535076234375
0 0.766463034375 0.512321159375 0.7447298953125 0.5428701515625 0.7425636703125 0.548145465625 0.7429185421875 0.587323921875 0.760461003125 0.6117338703125 0.7662138281249999 0.61421241875 0.7713083171874999 0.6158209625 0.7911253046875 0.6153597171875 0.803536303125 0.608118834375 0.8168176421875 0.5934412453125 0.82548254375 0.572339984375 0.82839461875 0.5487601765625 0.8269742453125 0.535730996875 0.8218607203125 0.51756288125 0.817244284375 0.5111392125 0.805845184375 0.5035671859375 0.7785014343750001 0.50420361875 0.766463034375 0.512321159375
0 0.75135229375 0.719312640625 0.80309684375 0.7181082734374999 0.81082761875 0.7081227890624999 0.81632088125 0.6918304109375 0.8175395484375001 0.6619221734375 0.8168648703124999 0.6557333140625 0.806318171875 0.6272418671875 0.7979020359375 0.6182941890625 0.7765242109375 0.616179315625 0.754613634375 0.6271390828125 0.748541159375 0.632505315625 0.7350467218750001 0.6524127578125001 0.7318149953125 0.6838373515625 0.73703506875 0.6993905375 0.75135229375 0.719312640625
0 0.7346391 0.7961915328125 0.7621426015625 0.7955513812499999 0.7631813625 0.7951845234375 0.7712069625 0.7897728296875 0.77671659375 0.7826562953125 0.77759563125 0.761083140625 0.776427478125 0.7334836953125 0.762471615625 0.7168276125 0.750752865625 0.7171003703125 0.742833815625 0.7198971328125 0.730795415625 0.7280146734375 0.7193606515625001 0.7452617312500001 0.7184017015624999 0.7687960828125 0.723728325 0.781734340625 0.7338844875 0.795866415625 0.7346391 0.7961915328125
0 0.8384736734375 0.804222934375 0.8517876875000001 0.8075140328125 0.8771358812500001 0.806924046875 0.8895745734375 0.79519620625 0.8968899859375 0.783269921875 0.8984882390625 0.74404600625 0.891954340625 0.7128487140625 0.8743053281250001 0.69105369375 0.8552002796875 0.681048578125 0.8396818296875 0.6787973265625 0.819724378125 0.6897116296875 0.810455840625 0.701683375 0.8061233906249999 0.7122340046875 0.8044185875000001 0.754072846875 0.8096386624999999 0.7696260328125 0.8384736734375 0.804222934375
0 0.8811151078125 0.6632177609375 0.903770090625 0.6479414171875 0.9129320796875 0.638584603125 0.9192176546875 0.627988515625 0.9240614875000001 0.6144652078124999 0.925794703125 0.5719290499999999 0.9254680078125 0.5703691859375 0.9220945078125 0.5573854671875 0.908351746875 0.5354995265625 0.8741683796874999 0.5260098515625 0.8732870531250001 0.5260303656249999 0.857677046875 0.5340665453125 0.834416984375 0.5542012875 0.8257520828124999 0.5753025468749999 0.8246865812499999 0.6014518234375 0.82621350625 0.611866075 0.8351267296874999 0.6325582 0.847022915625 0.651874671875 0.858422015625 0.659446696875 0.87592486875 0.6633385656249999 0.8811151078125 0.6632177609375
0 0.9597421734375 0.722889875 0.9654826703125 0.708910290625 0.966973040625 0.6723339890625 0.9641459515624999 0.662701078125 0.957682940625 0.6537079390625 0.930978490625 0.63865480625 0.919259740625 0.6389275624999999 0.906298053125 0.64576036875 0.9027462343750001 0.756872065625 0.906545934375 0.7593960765625 0.918264684375 0.75912331875 0.938115584375 0.7508239390625 0.9597421734375 0.722889875
0 0.9608989359375 0.52809126875 0.9532995359375 0.5230432484375 0.9522696984374999 0.524373440625 0.9492676875000001 0.6210450203125 0.9567405359375 0.6208710875000001 0.9591228062500001 0.6195682765625 0.96633166875 0.6102569203125 0.9698517859375 0.6016845328125 0.9723096109375 0.5413651921875 0.9608989359375 0.52809126875
0 0.80993286875 0.5038123078125001 0.8245540140625 0.51467649375 0.8532692890625 0.5140081390625 0.87047974375 0.5024030625 0.8777951578125001 0.49047678125000005 0.884758184375 0.468043596875 0.8862046031249999 0.4325459546875 0.8826251359375 0.419828275 0.8743155484375 0.408265665625 0.86291645 0.400693640625 0.8196280484375 0.40953853125000006 0.8156152484374999 0.41224437968750005 0.8084063859375 0.42155573593750006 0.799421834375 0.45050177812500003 0.7971490593749999 0.45839201875 0.7979301328124999 0.48711076562500005 0.80993286875 0.5038123078125001
0 0.8104776265625 0.39347047968750004 0.8257829765625001 0.400951584375 0.8432545515625 0.40315737656249995 0.8654847765625 0.384352828125 0.878979215625 0.3644453875 0.8849789625 0.347694928125 0.88652505 0.3097512375 0.88185606875 0.2938423390625 0.8753930578125001 0.28484919999999997 0.8603008078125001 0.2721382375 0.8329570578125001 0.27277467031249997 0.8229783328125 0.278231821875 0.79939861875 0.30621134843750003 0.79279339375 0.3246522203125 0.791301690625 0.36126120781250004 0.794675190625 0.37424492656249997 0.8104776265625 0.39347047968750004
0 0.89419708125 0.4662572421875 0.8975705812499999 0.4792409609375 0.9099638546875 0.5103018765625 0.9316256656249999 0.52939105 0.947144115625 0.531642303125 0.9752337171875001 0.5127013765624999 0.9783232296875 0.5087107953125 0.9827983359375001 0.3988838328125 0.9725356234375001 0.387366684375 0.9590768484375 0.382455046875 0.9434518484375 0.382818721875 0.9255540734375 0.39107264062499997 0.912166184375 0.40836515625 0.903607834375 0.42685148906250003 0.8946232828125 0.45579753125 0.89419708125 0.4662572421875
0 0.9663864156249999 0.380249784375 0.9674327203124999 0.3802254328125 0.9800453390625 0.34433364375000003 0.984209159375 0.3259495953125 0.9851148359374999 0.3037227078125 0.97336966875 0.26872803749999996 0.9709726578125 0.26769530625 0.9663864156249999 0.380249784375