0 0.81484375 0.40859375 0.1015625 0.1203125
0 0.11875 0.21171875 0.1015625 0.14765625
0 0.52734375 0.3 0.090625 0.10625
0 0.35 0.4015625 0.10078125 0.13125
0 0.2640625 0.33984375 0.09921875 0.13671875
0 0.70234375 0.26640625 0.07578125 0.09765625
0 0.428125 0.68359375 0.08125 0.08515625
0 0.365625 0.61015625 0.0796875 0.10625
0 0.7921875 0.49609375 0.0515625 0.0609375
0 0.82109375 0.6734375 0.1046875 0.13125
0 0.62421875 0.25390625 0.06640625 0.090625
0 0.88515625 0.47734375 0.084375 0.09140625
0 0.69609375 0.67734375 0.1484375 0.17734375
0 0.89609375 0.578125 0.0890625 0.103125
0 0.44765625 0.24921875 0.07265625 0.10078125
0 0.6375 0.5015625 0.0609375 0.075
0 0.88359375 0.3359375 0.0859375 0.10546875
0 0.0484375 0.51875 0.09609375 0.17265625
0 0.6015625 0.34375 0.06328125 0.08828125
0 0.6265625 0.57890625 0.0578125 0.07109375
0 0.2734375 0.60859375 0.09921875 0.12421875
0 0.1796875 0.59921875 0.07890625 0.10625
0 0.57109375 0.74453125 0.071875 0.0890625
0 0.71640625 0.3859375 0.0578125 0.075
0 0.9625 0.525 0.075 0.09140625
0 0.53828125 0.4 0.084375 0.0984375
0 0.37265625 0.28984375 0.0796875 0.09765625
0 0.95703125 0.39609375 0.0859375 0.1109375
0 0.771875 0.57109375 0.084375 0.1015625
0 0.4453125 0.35859375 0.09765625 0.11484375
0 0.27421875 0.4515625 0.0640625 0.08203125
0 0.68828125 0.546875 0.0703125 0.084375
0 0.4765625 0.53671875 0.0609375 0.07421875
0 0.47578125 0.61484375 0.0671875 0.0796875
0 0.3359375 0.51640625 0.06875 0.09453125
0 0.7296875 0.47890625 0.06953125 0.08671875
0 0.02578125 0.38125 0.0515625 0.11875
0 0.13671875 0.515625 0.0828125 0.10546875
0 0.75859375 0.31640625 0.07421875 0.0890625
0 0.90546875 0.7125 0.07421875 0.08671875
0 0.9578125 0.64609375 0.075 0.0953125
0 0.46171875 0.459375 0.0625 0.071875
0 0.1765625 0.73828125 0.08125 0.115625
0 0.6046875 0.4359375 0.07421875 0.0875
0 0.53671875 0.57265625 0.07421875 0.08515625
0 0.13828125 0.6640625 0.0515625 0.071875
0 0.5359375 0.49375 0.0671875 0.07734375
0 0.8375 0.784375 0.0734375 0.090625
0 0.35390625 0.18125 0.0765625 0.09453125
0 0.765625 0.7703125 0.06796875 0.08125
0 0.68671875 0.80625 0.06640625 0.075
0 0.41953125 0.55546875 0.059375 0.07734375
0 0.15390625 0.328125 0.06328125 0.09296875
0 0.16953125 0.41953125 0.06484375 0.08515625
0 0.58671875 0.52734375 0.06328125 0.078125
0 0.221875 0.21171875 0.07890625 0.1234375
0 0.6546875 0.3828125 0.06015625 0.07890625
0 0.0578125 0.32109375 0.06328125 0.09765625
0 0.9703125 0.77265625 0.059375 0.1140625
0 0.6796875 0.44609375 0.04765625 0.059375
0 0.25625 0.7421875 0.0734375 0.10546875
0 0.22890625 0.66953125 0.053125 0.0578125
0 0.0359375 0.2125 0.0578125 0.07734375
0 0.0984375 0.4171875 0.06640625 0.08984375
0 0.8171875 0.28671875 0.0640625 0.075
0 0.0234375 0.80078125 0.046875 0.0734375
0 0.46953125 0.7546875 0.0671875 0.0921875
0 0.228125 0.50625 0.071875 0.109375
0 0.6109375 0.82265625 0.0609375 0.07578125
0 0.53984375 0.8171875 0.06953125 0.09296875
0 0.51640625 0.2015625 0.06796875 0.07734375
0 0.584375 0.6578125 0.06484375 0.084375
0 0.01484375 0.63359375 0.02890625 0.07109375
0 0.52109375 0.6953125 0.06328125 0.0859375
0 0.834375 0.53828125 0.0578125 0.07421875
0 0.98828125 0.58046875 0.02265625 0.06953125
0 0.35234375 0.76171875 0.06640625 0.0984375
0 0.3109375 0.68515625 0.0625 0.05625
0 0.06328125 0.64453125 0.06875 0.0921875
0 0.771875 0.21171875 0.05625 0.0734375
0 0.30859375 0.24296875 0.06328125 0.078125
0 0.98984375 0.4546875 0.0203125 0.059375
0 0.090625 0.746875 0.075 0.11640625
0 0.01796875 0.72578125 0.0359375 0.0703125
0 0.0078125 0.271875 0.015625 0.06171875
0 0.99296875 0.69296875 0.0125 0.0421875
0 0.3765625 0.48828125 0.05546875 0.06171875