0 0.09307397557819884 0.6576115746897486 0.1054955644360289 0.13567958022389276
0 0.6031847964728124 0.285145822115959 0.07021068068726599 0.08940949247815269
0 0.21446986149013317 0.909177737859299 0.05524188878035981 0.07356778651188449
0 0.9320435430819105 0.8181678884259302 0.05812011646291495 0.09685827962517095
0 0.6188674344209117 0.9115552094212621 0.059816378688772966 0.0734083685750889
0 0.8840563381959263 0.2557611651481076 0.06781907324157714 0.07354371587152997
0 0.29666264303648193 0.7143940867639424 0.07851450361804461 0.09901181301126591
0 0.06371294493636126 0.8296767913036536 0.059284247088224176 0.08558130174512187
0 0.544461571687583 0.25605170401098587 0.06796154525648745 0.07998334535820213
0 0.5131518594539684 0.5399493308914477 0.08997486473856356 0.10558574477095259
0 0.3851176334255435 0.7584372549480578 0.06857652942652762 0.08799684087152997
0 0.3679511448455043 0.6679570074553404 0.0799234652021763 0.09612758961788863
0 0.7908131919956852 0.4971697636570395 0.053307024394930555 0.06083553442525371
0 0.6646202634561257 0.30727688638086625 0.06288549652290473 0.0705724507949979
0 0.7248961064017505 0.8442206084050478 0.07037957294472115 0.09263214872815269
0 0.846902739711693 0.5167979535487675 0.07126608866161739 0.08163961507811131
0 0.031471328019161166 0.21742919239901032 0.06294265603832233 0.15360838479802066
0 0.05043601198578762 0.11257420783841651 0.06323434743877296 0.07350782130832582
0 0.7564337907070613 0.6604821058977653 0.08138319100498066 0.09607255596784743
0 0.3111500254419132 0.40809862265731967 0.05327036825799443 0.06385719516192587
0 0.11563612958035625 0.42118834138279587 0.046686871183712994 0.06103293697210717
0 0.019964903236632126 0.6447729423990103 0.03992980647326425 0.13007322854802067
0 0.8496736991202327 0.9566106113080416 0.05669649663596843 0.07341509661184346
0 0.6677873705352446 0.6798111159268951 0.0583007707201002 0.07053655623179385
0 0.25081015321324723 0.8726779482049981 0.05721423980929199 0.07957312337517095
0 0.72378282225341 0.4623568429656416 0.10680728502344401 0.1309398880805155
0 0.1445313342391976 0.5566090158351177 0.07408843417830413 0.10200326219806186
0 0.614791845320474 0.7056545504083467 0.06829974502468125 0.08457603061486588
0 0.9528339936684219 0.1975144076262602 0.06946857834390271 0.0752493362281526
0 0.9542460074632318 0.2601507999461283 0.05449978643699645 0.05940763026188458
0 0.17032811510817777 0.8108706185006846 0.08020923973856364 0.10530159410456079
0 0.8780044962704137 0.7743436805875138 0.0891799219101106 0.09785953499429709
0 0.5468220160581174 0.8828558964099962 0.0842161876693421 0.1147788883444619
0 0.5372201232487781 0.6032449527573446 0.05154921189493056 0.06078438730530315
0 0.37602699570458686 0.5586502036152744 0.08039431634417245 0.10511196461788863
0 0.5466714456137298 0.3930432386507219 0.05655402462105848 0.06697546712517113
0 0.34311267639185294 0.4700590650563301 0.059863270720100295 0.07058202033841639
0 0.6448832163059447 0.4897938696878189 0.06502162186209634 0.07970278765828454
0 0.8427044041177585 0.8656446305083716 0.0770390087203701 0.10062650515464319
0 0.35681108548239304 0.3131869394295094 0.05464267370519007 0.06399463250522067
0 0.5831611442796774 0.47313155542291163 0.0651137449116174 0.08146060015828453
0 0.5824164365686182 0.636640125956025 0.06477042719622812 0.07677025865162061
0 0.6473719719601542 0.7707627248606684 0.062020283101357876 0.07825035495836694
0 0.2226486109243063 0.7083282916993651 0.06700379353213633 0.08775606426490726
0 0.603696051561195 0.3649697144358271 0.06946816309061923 0.07710196347148876
0 0.3944063449817897 0.9245850921742187 0.05739378321442175 0.08113846488183504
0 0.2701178324301753 0.6087745725781775 0.08702387494321435 0.10881512905770734
0 0.8132392271600786 0.20362435213684157 0.060021927083164076 0.07360936408841656
0 0.021519876523257455 0.32354280007914227 0.04303975304651491 0.08128158523845777
0 0.7363879635924112 0.5652234301918024 0.06478619629109836 0.07521060015828454
0 0.4481388545927282 0.8846791576927672 0.09993164970572951 0.12440185088403269
0 0.4344049824756038 0.6988409460934271 0.05005282995519007 0.06386108169201651
0 0.706702706356322 0.7584051288590189 0.07048788034239592 0.09097767549148053
0 0.24281394674538354 0.7863767353520166 0.0767882293077852 0.09584134890464338
0 0.6589257841483406 0.40100415432755493 0.07482694467981102 0.08632607005468458
0 0.8798468730216357 0.18678384461499423 0.06940204503035971 0.0739798049781526
0 0.5830604042293001 0.2063161284633075 0.05839330902290474 0.07044174148845776
0 0.15055776345612565 0.2923191953020042 0.07316083997604857 0.0898853626780701
0 0.8615052295349278 0.3576048099752581 0.13516729534115868 0.13810305674305975
0 0.260108746609098 0.5310216456185733 0.03701115805902226 0.04944055185236298
0 0.4389264654014335 0.5080568217202476 0.06531929330600868 0.08166159567161238
0 0.0561084006112554 0.28800611685133204 0.048260437584671065 0.057568459092057725
0 0.22736152363289097 0.4541719891129404 0.07203972919472124 0.09268045434143915
0 0.014587162801622486 0.532826871865897 0.029174325603244972 0.09387355847512993
0 0.7576033808235516 0.1902688942984251 0.06503185775648763 0.07989810015828454
0 0.6288687126879001 0.5863506209414601 0.09667441358521031 0.11806660568411545
0 0.7146302295349278 0.3533311839527261 0.08474873452317447 0.10075332793109278
0 0.49642578414834054 0.3962758872387961 0.043250506911347665 0.05127972302218975
0 0.675977249549774 0.8967856672596788 0.056641029723383696 0.06863562337517096
0 0.8221949095448252 0.7195137765891634 0.0714298629718769 0.08476461507811131
0 0.18491175203616492 0.3832995479675712 0.059678609367774936 0.06891902258175264
0 0.5740196811415513 0.7819298939027137 0.053351840159840694 0.06727232240526178
0 0.23798916440606535 0.3558936134861197 0.06678967025648763 0.07994924727823509
0 0.6628674129357274 0.19142456584775286 0.08066086485162742 0.10833746237455263
0 0.29978647953492776 0.34126046364440427 0.06943704015416223 0.07836865321482475
0 0.620826082091491 0.8443222453146394 0.06017034755183683 0.07644139533841639
0 0.05797079375927896 0.34204875917120003 0.051451555644930556 0.06078154579863924
0 0.4354152838096563 0.6198437678801817 0.07672722919472115 0.0928168466613073
0 0.8005024525111347 0.43172662008353024 0.0603971982415775 0.07332776136507206
0 0.7405377165330873 0.9190076597378314 0.050068599050060315 0.06230142319868044
0 0.5125963387617534 0.44604020651826826 0.0520405348257091 0.07015938730530316
0 0.46724289518418854 0.4455029974262105 0.05129289928186651 0.057754202048639236
0 0.5001019035519315 0.6545884924116456 0.06691678842981101 0.08609590801490725
0 0.5501561352345657 0.7147280220368167 0.0746312169265277 0.08817301428469282
0 0.9342002645877795 0.7172957102126849 0.06469213188295483 0.10504510704499807
0 0.32540403946386587 0.8975392073761981 0.09741651592857377 0.13222676193411545
0 0.7672849180241099 0.2742718212580292 0.07500095488446164 0.08964638255468457
0 0.1953026181603955 0.5134871531404207 0.04316350180902231 0.04961956677218975
0 0.381544412597043 0.40858200745534035 0.058300770720100294 0.07053655623179385
0 0.9120409023087361 0.9161734794130147 0.0750619549975255 0.09267088479802084
0 0.39904617311249263 0.34336618441494454 0.0567177989313179 0.07010046712517112
0 0.05917368837764057 0.5729039540774928 0.07326956262700661 0.08637826219806186
0 0.6730027357549642 0.834103810833188 0.046959368144930555 0.060650836492099104
0 0.04764304613412816 0.4943243130112661 0.03673907635108816 0.04797002508903496
0 0.1728820635469827 0.4635409774344579 0.046692819637475444 0.057425338735435004
0 0.4492653426069406 0.7736052653728992 0.067183336937266 0.08932140577157135
0 0.2739100542747286 0.2826068776718847 0.07125031956674714 0.08319927357144738
0 0.021971615979541902 0.45109113855894434 0.043943231959083805 0.07049004710174422
0 0.9159769663059446 0.49768189218685405 0.07971279886058938 0.09582893785456079
0 0.8299896359119344 0.27218413552293647 0.05145155564493038 0.06078154579863924
0 0.14009057496694344 0.3726060888755135 0.04654273815566912 0.06200381645877932
0 0.08451560436558558 0.44766827335696496 0.04359382462673693 0.05597006452885367
0 0.0968352199239893 0.37682457594338975 0.03850200679828377 0.04811882845898552
0 0.3071254302370402 0.7984197457768578 0.06411588011626809 0.0847468145783175
0 0.11415335821077281 0.7779384465556454 0.07013944467981101 0.08618967773481642
0 0.9574318831984009 0.34865937047924167 0.0576008471842524 0.12043994500522066
0 0.18830126639680173 0.6470809031404208 0.07648115247604856 0.08998197390464338
0 0.2986887262555674 0.21290814311129086 0.05994515787523005 0.07214452033841648
0 0.11065313772095664 0.2027422182632578 0.08123006784239584 0.09129024122451135
0 0.4264175785849881 0.2839146280675961 0.06321346039670708 0.07496982355166182
0 0.4703855845778818 0.3407473012662765 0.06995436807420212 0.08637930722148868
0 0.02970747427720294 0.7754606527447093 0.05941494855440588 0.08913670783841639
0 0.21977699570458684 0.5541037929530063 0.04323515306976082 0.05098675427218975
0 0.8103201085494571 0.5728517252563797 0.05994557312851327 0.07029189309508048
0 0.33500252600774016 0.6098800830030188 0.04498743236928178 0.052792872385476385
0 0.10878974954977408 0.8802821965556454 0.07042480396291487 0.09721630946482485
0 0.6832153759623116 0.5347259364600087 0.04806512508467105 0.05756277607872988
0 0.1024444900503773 0.26979332594338973 0.03512622738569893 0.04324274399574026
0 0.7019841446183616 0.25124584672656525 0.046267199513673064 0.053025124472107166
0 0.21001797263752278 0.30735081340697745 0.06010381423829392 0.07517186408841656
0 0.0517340818643484 0.40133283095795463 0.049904824739800804 0.05917642319868044
0 0.7816850169626286 0.865434030350087 0.06060025511626801 0.08464452033841638
0 0.5127546325210324 0.7864067937444291 0.07362145522365342 0.09867442517806993
0 0.5291431088881413 0.33932720526462706 0.05855708333316425 0.07356674148845777
0 0.35090192220798144 0.3662210112162641 0.041432109551567196 0.04635144641556703
0 0.4341338240624323 0.4054175550272002 0.0531168298421262 0.060927507661925874
0 0.4935785866140468 0.7193413141984003 0.03502345318850324 0.043142246239076344
0 0.5754061979885791 0.5464553951563549 0.04661605042954129 0.055960494985435004
0 0.778569898802233 0.357538962324256 0.03819880215389269 0.04791499143899376
0 0.9129991304848672 0.42013355370705197 0.04790135077441136 0.054437776078729884
0 0.4042426854369644 0.22928095236163318 0.04642627113002042 0.054199840978771174
0 0.06578337799847656 0.8946796656768331 0.027343189309022308 0.049159242692635274
0 0.40063857134889885 0.4772099870013692 0.046893250084671045 0.057528677998762844
0 0.17661233039401036 0.22813467484803307 0.04645227611928182 0.05283549498543509
0 0.2895782406162042 0.476325785431159 0.06398198298261537 0.08591300656498965
0 0.38484763851392617 0.8382384152146146 0.05967349142057934 0.06882136633175265
0 0.8894853081199159 0.6299260908540706 0.14494508706427284 0.17583037727617318
0 0.9423214603130509 0.44289510378619423 0.03985895840389268 0.0479632970522804
0 0.2275197331529723 0.24213499036658154 0.0530298247398008 0.05926735141192587
0 0.16269699457293307 0.15026808762187224 0.06650181945368319 0.08003837900824333
0 0.7777511114901332 0.9255675482967757 0.03337906603337348 0.04153428213245362
0 0.16549785221787902 0.7238790838609486 0.05023749130751547 0.06552407944868044
0 0.4824185950933314 0.27537235385270126 0.05789175019773492 0.060871428988457765
0 0.1296333525565633 0.49749242860895676 0.05680480403364321 0.07176062337517113
0 0.6967212760077401 0.6204050236861695 0.06616361968548964 0.07544569375157942
0 0.7669032219601541 0.7742407290173035 0.07372381416756575 0.10062755017807028
0 0.8579907259168831 0.45452527408188087 0.0545710224444516 0.06262744500522074
0 0.4468805647901782 0.22191473324044558 0.03729389091463098 0.04925376387235465
0 0.006793396088699638 0.8687871039192082 0.013586792177399276 0.10944920783841638
0 0.3108114314802356 0.5489282111371218 0.06244410730423198 0.06773189502500614
0 0.5451786239261467 0.15279031169111779 0.04831078655006031 0.062250276078729884
0 0.9489731727738082 0.5847105307457984 0.04866834725498066 0.095120651235435
0 0.9672119176854256 0.5054322077054025 0.018726476000539095 0.059634328566226816
0 0.33294753957540746 0.24598506756361252 0.05328060415238571 0.06405250766192579
0 0.1341382253510562 0.2323758939692207 0.03322552761750526 0.03860459463245362
0 0.9798158955228728 0.23507424359877982 0.02051997922311415 0.03803988626614441