0 0 0.79252050625 0.00017583125 0.792445403125 0.019401346875 0.7731802296875 0.022818571875 0.724311646875 0.015609917187499999 0.711439459375 0.0118865203125 0.7088018046875 0.0001677703125 0.708733628125 0 0.7088513187500001 0 0.79252050625
0 0.05347622656249999 0.84473379375 0.055073146875 0.8218967578124999 0.050457714062500006 0.8096619453124999 0.037112865625000005 0.7927256953125 0.036228118749999996 0.7927205484375001 0.023143096874999998 0.7951150796875 0.01780315 0.8016239921875 0.0136292515625 0.811017278125 0.0123675625 0.8290602796875 0.015060346875 0.8408479078125 0.033890025000000004 0.8630480500000001 0.0345665953125 0.8630519874999999 0.0439623828125 0.8606359906250001 0.0516211609375 0.8489085875000001 0.05347622656249999 0.84473379375
0 0 0.6929464609375 0.0038075953125 0.6985952296875 0.013656721875 0.7066167703125 0.026514796875000003 0.7066915765624999 0.0307856375 0.703984165625 0.0405803953125 0.6896531968749999 0.0409556484375 0.688478184375 0.0431956046875 0.6564453203125 0.0413700734375 0.65041791875 0.029863309375 0.6333470296875 0.0241867875 0.6306980109375 0.0085617875 0.6306071078125 0.0012687171875 0.6371046578125 0 0.6420425609375 0 0.6929464609375
0 0.1272087046875 0.8437368796875001 0.13254201875 0.831734346875 0.1345808359375 0.8025779046875 0.13263604843750001 0.7940646171875 0.12821036875 0.7874988890625 0.0994620546875 0.7794836609375 0.08753131875 0.7964181953125 0.08411536562500001 0.8173262546875 0.0853370765625 0.8277973281250001 0.0911673203125 0.8422192015625001 0.09766288437500001 0.8477877140625001 0.122499721875 0.8479322109374999 0.1272087046875 0.8437368796875001
0 0.0591093953125 0.7446160749999999 0.0755612671875 0.7747956921875 0.09613137499999999 0.787995321875 0.11779860312499998 0.7855053875 0.1458737671875 0.7752047578125 0.16598270937499998 0.7530858203124999 0.17721116406249998 0.7322232125 0.18666934531249998 0.7087343171875 0.1888045171875 0.697759575 0.1900662078125 0.6797165734374999 0.19087497656250002 0.6485909796875 0.185044734375 0.6341691078125 0.1517170203125 0.607815296875 0.110518540625 0.610191603125 0.1064294375 0.6127838046875 0.0692326671875 0.6557312609375 0.0645950015625 0.6661682437499999 0.0573890515625 0.721716140625 0.05656621093750001 0.7334833140625 0.0591093953125 0.7446160749999999
0 0.174242184375 0.820087915625 0.1831542 0.8264011890624999 0.188061559375 0.8264297390625 0.2159892234375 0.8098668265625 0.220421378125 0.8044644312499999 0.22166478281250002 0.7866829234375 0.2221188484375 0.7641226375 0.21396977343749998 0.7549192578125 0.20456985468750002 0.7496325875000001 0.189127709375 0.7469267546875 0.1829026265625 0.7521225203124999 0.1775626796875 0.758631434375 0.16828735156250002 0.779505403125 0.1648713984375 0.8004134625000001 0.168046234375 0.8108958984375001 0.174242184375 0.820087915625
0 0.23859522187499999 0.8454813624999999 0.2622925375 0.8456192296875 0.266442003125 0.84350051875 0.2785430328125 0.822733540625 0.28113216875 0.7857071703125 0.279710978125 0.7794859234375 0.2745830171875 0.768992125 0.2666167953125 0.7571738171875 0.2568511703125 0.7571170015625001 0.23072913125 0.7674289937500001 0.22520633124999997 0.776552834375 0.2225217921875 0.78700118125 0.2212418171875 0.8053056749999999 0.227408634375 0.8288854765625 0.23859522187499999 0.8454813624999999
0 0.185363790625 0.7301988453125 0.1965048484375 0.7524995890625 0.211398434375 0.7630502031249999 0.21576355781249998 0.764065478125 0.2303324296875 0.7641502375 0.234835934375 0.7631865578125 0.244967265625 0.75801351875 0.261169959375 0.73587185625 0.27044528749999996 0.714997884375 0.272822384375 0.6810038265625 0.27178352656250004 0.6679178265625 0.2622298875 0.650858296875 0.25319567656249997 0.640341771875 0.24184263281249999 0.635043740625 0.23012388281249999 0.6349755625 0.205772115625 0.6479138468750001 0.19329281874999998 0.6726931609375 0.1882894484375 0.6883600015625 0.18450778750000002 0.7144979140625 0.185363790625 0.7301988453125
0 0.3099545703125 0.7818079578125 0.3206411421875 0.7725639828124999 0.326786046875 0.758734978125 0.3289412265625 0.7279144875 0.3220085125 0.7110961390625 0.3127914484375 0.7031945421875 0.2952133234375 0.7030922765625001 0.277240359375 0.7226076453125 0.27492152812500004 0.7278261374999999 0.2729101390625 0.7565903421875 0.2760849734375 0.7670727796875 0.2840511953125 0.7788910875 0.2869557171875 0.781674153125 0.3099545703125 0.7818079578125
0 0.3461734171875 0.7776716046875001 0.3427574640625 0.7985796640625 0.346788303125 0.824763028125 0.36165275625 0.8497014265624999 0.3676166078125 0.8524845296875 0.395492040625 0.8526467046875 0.40498721406250004 0.84472155625 0.4145991171875 0.8330055156249999 0.41728365624999997 0.8225571671875 0.420699609375 0.801649109375 0.41666877031249994 0.7754657421875 0.40357458749999997 0.7531536359375 0.39435752343749997 0.7452520390624999 0.37482627343749997 0.745138409375 0.36451208749999997 0.7529263765625 0.3461734171875 0.7776716046875001
0 0.2837213203125 0.6597307546875 0.3065511796875 0.6598635749999999 0.31191230625 0.6584850359375001 0.32988527031250003 0.6389696640625 0.3346384734375 0.6240861640625 0.3367412890625 0.5940144953125001 0.332137778125 0.5788149640625 0.31849503437500004 0.564347640625 0.3108653890625 0.561687259375 0.2952403890625 0.56159635625 0.284926203125 0.5693843249999999 0.277450278125 0.5784968015625 0.26376916875 0.6092859078124999 0.2629682703125 0.6207392921875 0.2749857859375 0.6556542140625 0.2837213203125 0.6597307546875
0 0.2143560859375 0.6250512515625 0.221745290625 0.6067005515624999 0.223935578125 0.5753779906250001 0.2141360390625 0.5583421890625 0.21041264375000002 0.5557045359375 0.1943922390625 0.548228421875 0.1828905015625 0.54816150625 0.17952835 0.550292871875 0.16350851093750002 0.5698196078125 0.1561863078125 0.590704940625 0.1550891859375 0.60639450625 0.1594857328125 0.6273480171875 0.17117535156250002 0.641803978125 0.17796020625 0.6466103703125 0.18750881875 0.646665921875 0.20456132968750002 0.6393822218749999 0.2143560859375 0.6250512515625
0 0.0885989703125 0.5492285531250001 0.085731578125 0.562291825 0.08658758125 0.5779927578125 0.09153268906249999 0.5911014859375 0.10019554374999999 0.6039532859375 0.11837184999999999 0.60405903125 0.1327311671875 0.588725178125 0.13736883125 0.57828819375 0.13987051718750002 0.5704547718749999 0.1390145140625 0.5547538453125 0.13602253125 0.54165648125 0.128056309375 0.52983816875 0.11865639218749999 0.5245515015625 0.10889076718749999 0.5244946859375 0.093236634375 0.538791565625 0.0885989703125 0.5492285531250001
0 0.08899812968750001 0.604993478125 0.0909811765625 0.5766345875 0.07856628125000001 0.563469321875 0.064711553125 0.566004709375 0.0531465234375 0.5777093875 0.048508859375000005 0.588146371875 0.0474117390625 0.6038359390625 0.050586573437500004 0.6143183765625 0.0627172859375 0.627182278125 0.0772500890625 0.627266828125 0.0812880140625 0.622344965625 0.08899812968750001 0.604993478125
0 0.0483134109375 0.5609033984375 0.051444778125 0.516122759375 0.0459126796875 0.5079156046875 0.0384658859375 0.5026402953125 0.0208877609375 0.5025380296875 0.0112758578125 0.5142540703125 0.00663819375 0.524691053125 0.013843868749999998 0.5613568546875001 0.021653484375 0.5706704921875 0.040013528124999996 0.5707773078125 0.046864140625 0.56416495625 0.0483134109375 0.5609033984375
0 0.0444724796875 0.53200421875 0.05513746093750001 0.5505445328125 0.0766914375 0.5506699296875001 0.08902864687499999 0.5374954203125 0.0913474796875 0.5322769296875001 0.09635085 0.5166100890624999 0.095494846875 0.500909159375 0.08575835468750001 0.48646456093749996 0.0783115609375 0.481189253125 0.0626865609375 0.48109835 0.0553934890625 0.48759589999999997 0.0530746578125 0.492814390625 0.0444724796875 0.53200421875
0 0.01800523125 0.4892725578125 0.0236817515625 0.49192157343750004 0.0393067515625 0.4920124765625 0.053344334375 0.4868621609375 0.0610031125 0.47513475781250003 0.0663117109375 0.459992890625 0.0679802484375 0.43613167500000005 0.064660184375 0.422836203125 0.05669396249999999 0.41101789687499996 0.04924716875 0.40574259062499995 0.03362216875 0.4056516859375 0.029533065625 0.4082438875 0.0176023296875 0.425178421875 0.007778440624999999 0.4538971734375 0.0068641734375 0.4669718125 0.010039009375000001 0.4774542484375 0.01800523125 0.4892725578125
0 0.036525834374999996 0.39835671875 0.046320592187499995 0.3840257484375 0.046723271875 0.382458496875 0.04977235625 0.33885457812499997 0.047841684375 0.3343307609375 0.04341600625 0.3277650328125 0.0322458171875 0.31985207031249996 0.0166208171875 0.3197611671875 0.0105785875 0.3223420078125 0.005853528125 0.37594234375 0.0072580921875 0.3837984890625 0.0229960015625 0.40185965156250003 0.030927295312500002 0.40190579375 0.036525834374999996 0.39835671875
0 0.0278109578125 0.2449588578125 0.0228075875 0.260625696875 0.02061334375 0.2920048296875 0.0253755984375 0.307728484375 0.0298012765625 0.3142942109375 0.0391216859375 0.3175441421875 0.048243509375 0.3175972109375 0.0532387765625 0.314430565625 0.0671226375 0.2975073953125 0.0719431546875 0.284455484375 0.0732231296875 0.2661509890625 0.07200141875 0.255679915625 0.06546889375 0.23732997031249997 0.061043215625 0.23076424218749997 0.055366693749999994 0.2281152265625 0.037605715625 0.2306278875 0.0278109578125 0.2449588578125
0 0.026703779687500002 0.2663807171875 0.022338653125 0.23030814687499998 0.016479278125 0.2302740578125 0.0102541953125 0.2354698265625 0.0024125640625 0.24981215781250002 0.00076688125 0.27334650781250003 0.0023543 0.278587725 0.010320521874999999 0.2904060328125 0.023992396875 0.2904855734375 0.0250753859375 0.2896678359375 0.026703779687500002 0.2663807171875
0 0.10463823750000001 0.336682934375 0.121357559375 0.33678020468750003 0.1313718609375 0.3266449796875 0.13911209375 0.31305415625 0.1416825578125 0.276294809375 0.1366746140625 0.25081207656250004 0.13029580937500002 0.2442349875 0.1246192890625 0.2415859703125 0.1129005390625 0.24151779375000001 0.102586353125 0.2493057609375 0.09511042812500001 0.25841823750000004 0.08815393125 0.274073715625 0.0861425421875 0.3028379203125 0.0924922140625 0.32380279375 0.10463823750000001 0.336682934375
0 0.07664594062499999 0.4349976265625 0.09962228749999999 0.43513129843750004 0.10111605937499998 0.43449325937500005 0.112863940625 0.4201736546875 0.11471900625 0.415998859375 0.1163114953125 0.39322521718750003 0.10745766875 0.3717463578125 0.0982406046875 0.3638447609375 0.0884749796875 0.3637879453125 0.08243275156249999 0.366368784375 0.0749568265625 0.3754812609375 0.070502015625 0.38330331875 0.0646824359375 0.416230953125 0.0642435875 0.42250678124999996 0.0645552453125 0.4264325765625 0.07664594062499999 0.4349976265625
0 0.1144760296875 0.3999139421875 0.11283034843749999 0.42344829375000004 0.11829488437499999 0.44310002031250006 0.12159041718750001 0.4446379203125 0.137814921875 0.4447323109375 0.14582148749999999 0.4406441734375 0.155433390625 0.4289281328125 0.1577522234375 0.423709640625 0.1595807578125 0.39756036093749997 0.15640592343749998 0.3870779265625 0.1502099734375 0.377885909375 0.1367209515625 0.3751914421875 0.1306787234375 0.3777722796875 0.11697771562499999 0.392080521875 0.1144760296875 0.3999139421875
0 0.08627529375000001 0.470689265625 0.0894501296875 0.48117170312499996 0.093875809375 0.4877374296875 0.1017598640625 0.49141661875000003 0.1083245375 0.4914548109375 0.115360184375 0.48786242187499995 0.1185641515625 0.4839570734375 0.12729091875 0.4709278875 0.130341165625 0.45524968593750004 0.1289366015625 0.4473935390625 0.12292350468749999 0.4355865953125 0.10143912968749999 0.4354616015625 0.0918272265625 0.4471776421875 0.0871895625 0.457614628125 0.08627529375000001 0.470689265625
0 0.12398622031249999 0.5098045796874999 0.1301530375 0.53338438125 0.1357140953125 0.5416345 0.15282244843749998 0.5417340328125 0.17208293125000002 0.5205483656250001 0.1767205953125 0.5101113796875001 0.1781834234375 0.489191959375 0.17659600625 0.4839507390625 0.1654549484375 0.46164999375000004 0.15977842656250002 0.4590009796875 0.1439705734375 0.4615250015625 0.12813358749999998 0.47843681250000003 0.12563190156249998 0.48627023124999996 0.12398622031249999 0.5098045796874999
0 0.171476040625 0.380839584375 0.19468206562499998 0.38097459218749996 0.19483999375 0.3809238390625 0.2044359875 0.3624497265625 0.20733116875 0.32104670468749996 0.205299840625 0.30119695156250004 0.1987381828125 0.2972347890625 0.1813429109375 0.294517596875 0.163033371875 0.3048750390625 0.15537459375 0.31660244375 0.14841809687500002 0.3322579203125 0.1473209765625 0.34794748750000004 0.1503129578125 0.3610448515625 0.1565089078125 0.37023686875 0.171476040625 0.380839584375
0 0.156629890625 0.2744599859375 0.174331003125 0.27456296875 0.1772569984375 0.273313178125 0.1888220265625 0.2616084984375 0.19345969062499999 0.25117151249999997 0.1957536046875 0.24072089375 0.197106721875 0.2213704296875 0.1958367875 0.2171774546875 0.1915939625 0.2079968 0.180423771875 0.200083840625 0.16656904374999998 0.20261922656250003 0.1612290984375 0.20912813749999998 0.1567742875 0.2169501953125 0.1537489578125 0.2378605265625 0.15301754375 0.2483202359375 0.153117215625 0.2692487484375 0.156629890625 0.2744599859375
0 0.24055216562499998 0.3562312859375 0.25266175 0.35178834375 0.25586571875 0.347882996875 0.259496075 0.33508575937499996 0.261233184375 0.3102439453125 0.2595227890625 0.2955844421875 0.253692546875 0.28116257031249997 0.23452700312500002 0.275819084375 0.2181705890625 0.28618789218749996 0.21051181093750002 0.29791529687499996 0.2072787109375 0.316208428125 0.211492403125 0.339776865625 0.21591808281249997 0.34634259218749996 0.2261508890625 0.3561475015625 0.24055216562499998 0.3562312859375
0 0.18786155625 0.46744752656250005 0.19759805 0.48189212656249997 0.20654306249999999 0.49046309375 0.2453297765625 0.4906887484375 0.2512175609375 0.483512071875 0.27117278125 0.44962027656250003 0.27201554375 0.44664949062500003 0.275162909375 0.40164004843749995 0.2746469984375 0.39993665156249997 0.263140234375 0.3828657625 0.24434039843750002 0.3722924234375 0.23262164843750002 0.3722242453125 0.21254183906250002 0.379955396875 0.1945688734375 0.399470771875 0.18993120937500002 0.40990775625 0.184379278125 0.4334193796875 0.184869575 0.45435016250000004 0.18786155625 0.46744752656250005
0 0.278227428125 0.41897590156250003 0.2967298296875 0.41908354531249997 0.299625990625 0.41784649687500003 0.31119101875 0.4061418203125 0.3268742828125 0.37745715625 0.3283371125 0.35653773437499997 0.32693254843749997 0.3486815875 0.3186297515625 0.3277053515625 0.3088932578125 0.313260753125 0.2833197796875 0.3157279609375 0.267299940625 0.335254696875 0.258207465625 0.3535137390625 0.2560132234375 0.384892871875 0.2574177875 0.3927490171875 0.2669714265625 0.40980854375 0.278227428125 0.41897590156250003
0 0.2230007953125 0.4993304875 0.2151937796875 0.49051342187499997 0.1970119609375 0.49040764374999996 0.1874788375 0.504355809375 0.18583315625000002 0.527890159375 0.1872377203125 0.5357463046875 0.19520394218749998 0.5475646125 0.20004650468750002 0.5498244531250001 0.2110236578125 0.549888315625 0.2222111171875 0.538565765625 0.2247128015625 0.5307323453125 0.22617563125 0.5098129234375001 0.2230007953125 0.4993304875
0 0.23099457812500002 0.6001701781250001 0.2444835984375 0.6028646453125 0.2588868875 0.592484478125 0.2686816453125 0.5781535078125 0.269218553125 0.5760638375 0.2702425328125 0.5614202406250001 0.26855705625000004 0.5519928671875001 0.2653822203125 0.54151043125 0.25723314531249997 0.5323070515625 0.2419738515625 0.5269862921875 0.227753415625 0.5347515328125 0.22241347031249997 0.541260446875 0.21777580625 0.5516974296875 0.21808324843750002 0.575243140625 0.22302835625 0.58835186875 0.23099457812500002 0.6001701781250001
0 0.276965965625 0.5539876359375 0.2812598765625 0.5549863453125 0.29474730312499997 0.5550648125000001 0.3083988203125 0.5515545140625 0.32120489218750004 0.525594871875 0.32363649375 0.4908213625 0.3202632296875 0.4796837734375 0.3124798625 0.46525053906249997 0.293497171875 0.4572921265625 0.28354869374999997 0.4598502390625 0.2634397515625 0.48196917656249993 0.2588020875 0.4924061625 0.255386134375 0.5133142203125 0.25660784375 0.5237852937499999 0.2695191734375 0.5487123296875 0.276965965625 0.5539876359375
0 0.34357510625 0.478123846875 0.3547452953125 0.4860368078125 0.35582164375 0.4866421640625 0.38243477812500004 0.4867969953125 0.3840421703125 0.4862072515625 0.3977431765625 0.47189900937499996 0.4092143140625 0.4517572109375 0.41145427031250004 0.419724346875 0.4099441625 0.409186196875 0.3984373984375 0.39211530625 0.3776844375 0.3815306046875 0.3659656875 0.3814624265625 0.3538812296875 0.386624103125 0.3444521796875 0.3957252171875 0.337861390625 0.4061508390625 0.3301734796875 0.4322660265625 0.3304809234375 0.455811740625 0.34357510625 0.478123846875
0 0.35480592187500004 0.5962406453125 0.362252715625 0.6015159531250001 0.3653138828125 0.602369428125 0.386337096875 0.6024917375000001 0.39582154687500004 0.5964792671875 0.40329747187500004 0.587366790625 0.40834093281249995 0.57601656875 0.41040717656250003 0.5464678875 0.40695454375000006 0.5350682375 0.398988321875 0.5232499296875 0.3880009859375 0.512722040625 0.3684697359375 0.5126084109375 0.360291528125 0.517792815625 0.3549515828125 0.5243017265625001 0.343357421875 0.5503941890624999 0.34207744687499997 0.5686986828125 0.348609971875 0.587048628125 0.35480592187500004 0.5962406453125
0 0.33981270937499997 0.6960899453125 0.3474132234375 0.7131381109375 0.3566302875 0.7210397078125 0.3663959125 0.7210965234375 0.38238662031250004 0.71595756875 0.39181567031250003 0.7068564546875 0.40054243749999996 0.6938272703125 0.40198090625000005 0.6893230546875 0.40445857187499995 0.6538907828125 0.40365094843750005 0.649373496875 0.3937316015625 0.6375438296875 0.38628480781249996 0.6322685203125 0.36480043281249996 0.6321435281250001 0.3607113296875 0.6347357296875 0.34487434375000003 0.6516475390625 0.3425555125 0.6568660328125 0.3400538265625 0.66469945 0.33840814375 0.6882338 0.33981270937499997 0.6960899453125
0 0.4186442203125 0.531360821875 0.42587597656250004 0.5323806624999999 0.440308734375 0.5324646296875 0.456485009375 0.5211170093749999 0.46615031250000005 0.509335878125 0.47021880468750005 0.45115373593749997 0.467127709375 0.43877519062500003 0.458978634375 0.42957181093749996 0.4415833625 0.42685461875 0.431634884375 0.4294127296875 0.42345667656249997 0.43459713437499997 0.4095728171875 0.45152030625000006 0.404935153125 0.46195728750000004 0.40310661718749996 0.48810656874999997 0.410860853125 0.5169275875 0.4186442203125 0.531360821875
0 0.44122563281250005 0.65595768125 0.44990605781250004 0.6515254703125 0.4614710859375 0.63982079375 0.4653659296875 0.6323224765625 0.468232159375 0.5913334859375 0.4654938640625 0.582292384375 0.4539871 0.5652214953125 0.444982446875 0.5575019906249999 0.42495608125000006 0.55738548125 0.42114968125 0.5597984687500001 0.4070829671875 0.5793365671874999 0.4001264703125 0.59499204375 0.39744193125 0.6054403921875 0.39634481093749996 0.6211299593749999 0.399519646875 0.6316123953125 0.40925613906249997 0.64605699375 0.418473203125 0.6539585921875 0.42391756875000003 0.6558569859375 0.44122563281250005 0.65595768125
0 0.46043396249999996 0.7615318296875 0.465071628125 0.7510948453124999 0.47447163750000004 0.7256436140625 0.47601675 0.7035474765624999 0.4745880734375 0.6988303796875 0.459540765625 0.676506909375 0.45067727343749997 0.6586218203125 0.438414725 0.6528150562499999 0.4379271203125 0.6528122203125 0.4253453078125 0.6610260875 0.410683509375 0.69061061875 0.4036053796875 0.710799775 0.402742265625 0.7231428671875 0.4057882640625 0.7553228828125 0.4202398921875 0.7761970359375 0.4229665640625 0.7762128984375 0.43306108125 0.77576053125 0.4529580375 0.77064430625 0.46043396249999996 0.7615318296875
0 0.4470327 0.757582365625 0.43952764218749996 0.7810826234375 0.438430521875 0.7967721921875001 0.4408739421875 0.8177143390625 0.4488110328125 0.8439204296874999 0.45323671093750006 0.850486159375 0.472434415625 0.8562206140624999 0.4862791015625 0.856301159375 0.5020648359375001 0.8507702328125 0.5246754640625 0.8208178734375 0.5296788359375 0.8051510328125 0.5307759562500001 0.78946146875 0.5293713921875 0.7816053203125 0.50174933125 0.74351274375 0.49430253906250005 0.7382374375 0.48453691406250005 0.7381806234375 0.460368 0.7485039765625 0.4470327 0.757582365625
0 0.5138310984375 0.74327945 0.5237795765625 0.7407213359375 0.53534460625 0.7290166578124999 0.5371583281250001 0.723337428125 0.539172003125 0.6945405375 0.538087409375 0.68979274375 0.5299383343749999 0.6805893625 0.5129087703125 0.6726423140625 0.5050962703125 0.6725968625000001 0.4849873265625 0.6947157984375 0.484073059375 0.7077904375 0.487065040625 0.7208878000000001 0.49503126249999996 0.732706109375 0.5062014515625 0.7406190687499999 0.5138310984375 0.74327945
0 0.4982189078125 0.66879434375 0.50697781875 0.6688453015625 0.5276714203124999 0.6592187 0.53923645 0.647514025 0.543062521875 0.638903509375 0.5449733421875 0.6115775171875 0.544298084375 0.603071615625 0.5427106671875 0.597830396875 0.52748050625 0.5781218546875 0.519850859375 0.5754614734375 0.49427738125 0.577928684375 0.47557300312499995 0.6079037671874999 0.47233990312499996 0.6261968984374999 0.474966178125 0.6445241171875 0.48451981718750003 0.6615836453124999 0.4982189078125 0.66879434375
0 0.479394628125 0.5686441453125 0.50259174375 0.5687791015625 0.5044491703125 0.5679857328125 0.5160423296875 0.555878759375 0.5173856 0.5366690984375 0.5166210234374999 0.5196607046875 0.503526840625 0.49734859687500005 0.495714340625 0.49730314531250003 0.4814939046875 0.5050683874999999 0.4677928984375 0.51937663125 0.46547406562500004 0.5245951234375 0.46437694531249996 0.5402846890624999 0.465781509375 0.548140834375 0.46736892656249995 0.553382053125 0.479394628125 0.5686441453125
0 0.5348566031249999 0.5452888625 0.5376657328125 0.5610011546875 0.545631953125 0.5728194609374999 0.5564096796875 0.581597290625 0.5775839078125 0.5817204796875 0.584328746875 0.5782765765625 0.5965960578125 0.570499971875 0.6017311453125 0.559935078125 0.6041448125 0.5254180359375 0.6030913890625 0.5195259265625001 0.599916553125 0.5090434890625 0.5899972078125 0.497213815625 0.5727847890625 0.49188169375 0.5628363109375 0.49443980937500004 0.554658103125 0.4996242140625 0.5450462 0.51134025 0.5382725578125 0.5243808015625 0.5357708718749999 0.5322142234375 0.5348566031249999 0.5452888625
0 0.6602903234374999 0.6026838953125 0.6677662484375 0.5935714187500001 0.6749055984375001 0.5753010140625 0.6781386984375 0.5570078828125 0.6735592984375 0.5386693015625 0.6638228046875 0.5242247015625 0.6563760125 0.5189493953125 0.6475030765625001 0.516475559375 0.6328184703125 0.5163901265625 0.6208540546875 0.5239747171875 0.6110592984375 0.5383056859375001 0.6039199484375 0.5565760921875 0.6045930984375001 0.5748919484375 0.607767934375 0.585374384375 0.6192746984374999 0.6024452734375 0.6377886796875 0.6102071812500001 0.639428340625 0.610216721875 0.6540652421875001 0.6078796609375 0.6602903234374999 0.6026838953125
0 0.578432809375 0.68645550625 0.5905180718749999 0.6865258171875 0.5998074328125 0.677559534375 0.60426224375 0.669737475 0.6073091515625 0.6589969390625 0.608742265625 0.63850244375 0.6085924656249999 0.6357547796875 0.5988559718750001 0.6213101828125 0.5931794499999999 0.6186611640625 0.5775544499999999 0.618570259375 0.5635168687500001 0.623720575 0.5578112156249999 0.63545934375 0.5561655328125 0.65899369375 0.55934036875 0.6694761265625 0.56553631875 0.6786681453125001 0.578432809375 0.68645550625
0 0.5381194671875 0.7445204390625 0.536473784375 0.7680547890625 0.5375126421875 0.7811407906250001 0.56046790625 0.8440581375 0.56666385625 0.8532501546875 0.5796043171874999 0.8637894062499999 0.597203334375 0.8694515828125 0.6336488046875 0.8696636171875 0.6378323609375001 0.8693601484375 0.6803108140624999 0.8486793484374999 0.691951896875 0.8344899203124999 0.695659253125 0.7814722609375 0.6911946312499999 0.7349470390625 0.6880197953125 0.724464603125 0.6729724874999999 0.7021411328125 0.6600320265625 0.69160188125 0.6259728984375 0.6757077828125 0.6044885234375 0.6755827890625 0.5660991734375 0.6936713875 0.54599023125 0.7157903234375 0.5413525671875 0.726227309375 0.5381194671875 0.7445204390625
0 0.6764293609375 0.633145896875 0.6700505578125 0.6265688078125 0.6626037640625 0.6212935015625 0.6411193890625 0.621168509375 0.63187319375 0.6276546953125 0.627235528125 0.6380916796875 0.625589846875 0.6616260281249999 0.6369137578124999 0.681311846875 0.6402694125 0.683688990625 0.656666015625 0.6837843828125 0.6685294640625 0.676263796875 0.6754713953125 0.6678022109375 0.6774142140625 0.6400186031249999 0.6764293609375 0.633145896875
0 0.6820239015625 0.6383644078125 0.6766548234374999 0.659261103125 0.6748262875 0.6854103765625 0.6778182703125 0.69850774375 0.68718905625 0.7181821937499999 0.703024396875 0.7262587515625001 0.7293959546875 0.7264121765625 0.74187655625 0.7185003562500001 0.7582621015625 0.69374376875 0.7639968875 0.667617215625 0.761553465625 0.6466750718750001 0.7581957765625 0.6388075625 0.7411953453125 0.616472725 0.7317954265625 0.6111860578125 0.7142173015625 0.611083790625 0.6959077625 0.6214412375 0.6820239015625 0.6383644078125
0 0.751997053125 0.81267760625 0.7623112390625 0.8048896390625 0.7678340390625 0.7957657984375001 0.7682367203125 0.794198546875 0.7697132625 0.7730830046875 0.7686237171875 0.7565305203125 0.76544888125 0.7460480859375 0.7519889921875 0.72896583125 0.7467329546875 0.726513040625 0.7299505468749999 0.7264154031250001 0.7207389921875 0.7287840250000001 0.7125607859375 0.7339684296875 0.698494071875 0.753506528125 0.6964826828125 0.7822707328125 0.6977043921875 0.79274180625 0.709028303125 0.812427621875 0.716475096875 0.8177029296875 0.7253480328124999 0.8201767656250001 0.7266983421875 0.820184621875 0.751997053125 0.81267760625
0 0.8281797609374999 0.8364063796875 0.8459015875 0.826381396875 0.8621042796875 0.8042397343750001 0.8674733578125 0.7833430375 0.869119040625 0.7598086890625 0.8627693687500001 0.738843815625 0.8475392078124999 0.719135271875 0.8366264375 0.71140466875 0.8144669109375 0.7112757484375 0.8028001859374999 0.7162589968749999 0.792486 0.7240469671875001 0.782874096875 0.73576300625 0.7759176 0.751418484375 0.7733576515625 0.788027471875 0.7745793609375 0.798498546875 0.7828821578125 0.8194747828125 0.7928015046875 0.831304453125 0.79977023125 0.8362410984374999 0.8281797609374999 0.8364063796875