0 0.32578125 0.55234375 0.12421875 0.15859375
0 0.35859375 0.82578125 0.10078125 0.14921875
0 0.63125 0.47109375 0.0890625 0.121875
0 0.04296875 0.25703125 0.0859375 0.134375
0 0.4484375 0.5703125 0.11875 0.153125
0 0.57734375 0.590625 0.11953125 0.1640625
0 0.6609375 0.86796875 0.090625 0.1203125
0 0.778125 0.534375 0.1046875 0.128125
0 0.91640625 0.87734375 0.10625 0.1578125
0 0.1890625 0.53671875 0.10390625 0.13515625
0 0.1765625 0.6765625 0.10703125 0.14375
0 0.37421875 0.21953125 0.075 0.090625
0 0.42421875 0.725 0.1078125 0.14375
0 0.2796875 0.30390625 0.06953125 0.08359375
0 0.7171875 0.775 0.09296875 0.13125
0 0.934375 0.45625 0.09296875 0.128125
0 0.08671875 0.64140625 0.07421875 0.09453125
0 0.07109375 0.48203125 0.09609375 0.1171875
0 0.44375 0.4390625 0.08671875 0.1109375
0 0.8578125 0.65703125 0.0890625 0.11953125
0 0.6875 0.575 0.084375 0.10625
0 0.80703125 0.3578125 0.0875 0.10234375
0 0.25625 0.21875 0.08125 0.0984375
0 0.7546875 0.6453125 0.08125 0.10703125
0 0.715625 0.33984375 0.09296875 0.11015625
0 0.396875 0.28671875 0.04453125 0.05625
0 0.88203125 0.76640625 0.078125 0.09921875
0 0.08203125 0.74296875 0.090625 0.1140625
0 0.2171875 0.42421875 0.0734375 0.08984375
0 0.19765625 0.33046875 0.0796875 0.1
0 0.575 0.80390625 0.075 0.103125
0 0.33125 0.35234375 0.05546875 0.0734375
0 0.3578125 0.43515625 0.078125 0.0953125
0 0.721875 0.4578125 0.04921875 0.06171875
0 0.121875 0.38515625 0.065625 0.084375
0 0.52109375 0.49296875 0.078125 0.10390625
0 0.79765625 0.746875 0.08828125 0.1140625
0 0.7734375 0.89921875 0.06796875 0.0890625
0 0.15625 0.8515625 0.0640625 0.09296875
0 0.21796875 0.87890625 0.075 0.11328125
0 0.01328125 0.48828125 0.0265625 0.0765625
0 0.11875 0.56328125 0.04921875 0.06484375
0 0.0671875 0.33984375 0.06796875 0.090625
0 0.5921875 0.8875 0.0421875 0.05859375
0 0.396875 0.35546875 0.06328125 0.07734375
0 0.0171875 0.66015625 0.03359375 0.10078125
0 0.51640625 0.73984375 0.075 0.11328125
0 0.13359375 0.3046875 0.0515625 0.06796875
0 0.125 0.22578125 0.071875 0.09375
0 0.34765625 0.290625 0.05234375 0.06484375
0 0.28046875 0.7890625 0.06640625 0.0921875
0 0.021875 0.8015625 0.04375 0.13125
0 0.62890625 0.740625 0.078125 0.09921875
0 0.82421875 0.85234375 0.07265625 0.09140625
0 0.03125 0.5640625 0.0625 0.090625
0 0.21484375 0.771875 0.06875 0.09921875
0 0.19140625 0.23515625 0.06484375 0.08984375
0 0.15625 0.440625 0.05078125 0.0625
0 0.34140625 0.6796875 0.071875 0.0984375
0 0.97109375 0.71484375 0.05703125 0.109375
0 0.45078125 0.8546875 0.09765625 0.12578125
0 0.9828125 0.53671875 0.034375 0.1046875
0 0.98046875 0.91640625 0.0375 0.090625
0 0.0109375 0.415625 0.021875 0.071875
0 0.69140625 0.41484375 0.04375 0.0515625
0 0.68359375 0.6703125 0.0640625 0.07890625
0 0.2671875 0.65703125 0.05390625 0.0703125
0 0.25390625 0.4796875 0.0671875 0.08125
0 0.05078125 0.41015625 0.03828125 0.05234375
0 0.46484375 0.3421875 0.0734375 0.0828125
0 0.3171875 0.228125 0.04921875 0.0578125
0 0.971875 0.80703125 0.05546875 0.08515625
0 0.87734375 0.5296875 0.05234375 0.0625
0 0.54296875 0.33125 0.0546875 0.0640625
0 0.25234375 0.60078125 0.0546875 0.0625
0 0.51796875 0.38359375 0.04296875 0.05546875
0 0.64921875 0.35625 0.053125 0.06640625
0 0.57265625 0.4046875 0.06484375 0.0828125
0 0.84453125 0.44921875 0.06796875 0.08984375
0 0.45703125 0.271875 0.05 0.05625
0 0.7703125 0.43359375 0.04296875 0.0578125
0 0.9953125 0.63515625 0.009375 0.0546875
0 0.91640625 0.6 0.0953125 0.1203125