0 0.5015625 0.3953125 0.09453125 0.125
0 0.17578125 0.3828125 0.084375 0.1140625
0 0.7875 0.375 0.06875 0.084375
0 0.184375 0.9125 0.09140625 0.1234375
0 0.7234375 0.35625 0.05234375 0.0609375
0 0.84296875 0.58828125 0.06796875 0.0890625
0 0.06171875 0.08671875 0.0515625 0.0625
0 0.578125 0.146875 0.07578125 0.0890625
0 0.8328125 0.50234375 0.05546875 0.07109375
0 0.61328125 0.97421875 0.0734375 0.05078125
0 0.825 0.2953125 0.0859375 0.109375
0 0.8484375 0.4359375 0.06015625 0.075
0 0.590625 0.2515625 0.06875 0.08671875
0 0.76796875 0.746875 0.0390625 0.053125
0 0.29765625 0.95546875 0.053125 0.06796875
0 0.78671875 0.878125 0.09375 0.121875
0 0.525 0.70078125 0.08515625 0.1125
0 0.446875 0.74140625 0.0828125 0.121875
0 0.146875 0.16796875 0.07109375 0.090625
0 0.62578125 0.07421875 0.06015625 0.07421875
0 0.2234375 0.80625 0.08359375 0.10546875
0 0.21328125 0.10234375 0.09296875 0.11171875
0 0.428125 0.2109375 0.07109375 0.0890625
0 0.66953125 0.11875 0.05625 0.071875
0 0.7640625 0.15625 0.0453125 0.05546875
0 0.53984375 0.221875 0.0546875 0.071875
0 0.12109375 0.62265625 0.09453125 0.14140625
0 0.48203125 0.8421875 0.07265625 0.09765625
0 0.2453125 0.9484375 0.04765625 0.0625
0 0.71328125 0.02265625 0.04609375 0.0453125
0 0.67109375 0.45625 0.04453125 0.0609375
0 0.0390625 0.6296875 0.071875 0.09296875
0 0.621875 0.83125 0.08203125 0.109375
0 0.1296875 0.82421875 0.08359375 0.103125
0 0.55390625 0.7921875 0.071875 0.10078125
0 0.27890625 0.6203125 0.0671875 0.084375
0 0.521875 0.1015625 0.065625 0.08125
0 0.20078125 0.65625 0.05859375 0.078125
0 0.8265625 0.0421875 0.053125 0.07109375
0 0.796875 0.10703125 0.0625 0.07890625
0 0.7484375 0.43203125 0.053125 0.06796875
0 0.278125 0.1796875 0.0703125 0.08671875
0 0.71640625 0.51953125 0.0796875 0.10859375
0 0.403125 0.47421875 0.0859375 0.11796875
0 0.515625 0.5515625 0.05703125 0.07421875
0 0.159375 0.04140625 0.04765625 0.06171875
0 0.23515625 0.55 0.07109375 0.0921875
0 0.103125 0.0171875 0.0671875 0.034375
0 0.5609375 0.90234375 0.0703125 0.10546875
0 0.1328125 0.09921875 0.0578125 0.0578125
0 0.4765625 0.15859375 0.07421875 0.09453125
0 0.70390625 0.84921875 0.06875 0.0875
0 0.7015625 0.40859375 0.05390625 0.0671875
0 0.7921875 0.55234375 0.0484375 0.06015625
0 0.27890625 0.87578125 0.07578125 0.10078125
0 0.4078125 0.978125 0.07421875 0.04375
0 0.54921875 0.6109375 0.0546875 0.07578125
0 0.71640625 0.20078125 0.078125 0.1
0 0.59453125 0.340625 0.06328125 0.08125
0 0.54765625 0.3109375 0.05703125 0.075
0 0.41484375 0.35234375 0.0734375 0.09765625
0 0.76796875 0.2140625 0.04296875 0.05703125
0 0.865625 0.875 0.05234375 0.08828125
0 0.75625 0.2796875 0.05703125 0.0734375
0 0.73515625 0.77890625 0.05234375 0.06640625
0 0.67578125 0.05859375 0.0484375 0.05
0 0.42109375 0.64765625 0.06171875 0.078125
0 0.32265625 0.74296875 0.15859375 0.2125
0 0.65546875 0.5328125 0.05625 0.0734375
0 0.05625 0.76328125 0.07890625 0.1140625
0 0.28359375 0.3515625 0.053125 0.07265625
0 0.3078125 0.26171875 0.075 0.10078125
0 0.821875 0.18984375 0.071875 0.10078125
0 0.63359375 0.18828125 0.06953125 0.09296875
0 0.79453125 0.6453125 0.06953125 0.09609375
0 0.46640625 0.28359375 0.06328125 0.08359375
0 0.54296875 0.0234375 0.0453125 0.046875
0 0.62109375 0.45859375 0.05859375 0.071875
0 0.840625 0.96875 0.10390625 0.06171875
0 0.75390625 0.06015625 0.0515625 0.06328125
0 0.1015625 0.93671875 0.0515625 0.0796875
0 0.6875 0.946875 0.075 0.09921875
0 0.7359375 0.65625 0.053125 0.065625
0 0.27421875 0.44921875 0.10390625 0.11953125
0 0.45703125 0.04921875 0.06953125 0.0890625
0 0.1796875 0.490625 0.05625 0.07734375
0 0.3671875 0.57421875 0.05859375 0.07890625
0 0.45390625 0.56796875 0.06875 0.0859375
0 0.6140625 0.72890625 0.06875 0.08984375
0 0.053125 0.89375 0.07109375 0.09140625
0 0.21328125 0.021875 0.0703125 0.04375
0 0.31171875 0.5484375 0.06171875 0.0828125
0 0.4609375 0.93359375 0.07578125 0.1
0 0.3625 0.90390625 0.09609375 0.1265625
0 0.475 0.490625 0.06484375 0.0828125
0 0.1 0.41328125 0.084375 0.10625
0 0.8015625 0.79375 0.0453125 0.05625
0 0.34921875 0.02578125 0.0578125 0.0515625
0 0.52890625 0.97734375 0.0609375 0.04453125
0 0.49609375 0.0125 0.04765625 0.025
0 0.6875 0.6625 0.0390625 0.05
0 0.33984375 0.36015625 0.06015625 0.08515625
0 0.59921875 0.5890625 0.05703125 0.06953125
0 0.675 0.75625 0.05703125 0.07421875
0 0.721875 0.1078125 0.0625 0.07890625
0 0.59765625 0.5296875 0.03984375 0.0546875
0 0.08984375 0.1578125 0.053125 0.0734375
0 0.64609375 0.015625 0.0890625 0.03125
0 0.41015625 0.01640625 0.0703125 0.0328125
0 0.12421875 0.9875 0.0546875 0.025
0 0.3671875 0.2765625 0.05546875 0.07578125
0 0.640625 0.63984375 0.0625 0.08671875
0 0.2109375 0.23671875 0.071875 0.08515625
0 0.12890625 0.73203125 0.06953125 0.08671875
0 0.69296875 0.6015625 0.05703125 0.07265625
0 0.67421875 0.2953125 0.10546875 0.13515625
0 0.72421875 0.7171875 0.0546875 0.06171875
0 0.37421875 0.16640625 0.0703125 0.08984375
0 0.8 0.44296875 0.046875 0.0546875
0 0.59375 0.0265625 0.03828125 0.0484375
0 0.2359375 0.3078125 0.0625 0.07890625
0 0.58359375 0.6609375 0.04921875 0.065625
0 0.55390625 0.478125 0.06796875 0.09453125
0 0.334375 0.9890625 0.05390625 0.02109375
0 0.1640625 0.559375 0.0484375 0.065625
0 0.58828125 0.41015625 0.04375 0.05546875
0 0.6453125 0.3921875 0.05390625 0.06796875
0 0.51328125 0.271875 0.0375 0.04765625
0 0.8578125 0.68203125 0.0671875 0.0875
0 0.8484375 0.7640625 0.05703125 0.0734375
0 0.46875 0.64375 0.03671875 0.0546875
0 0.275 0.05234375 0.05625 0.0734375
0 0.15390625 0.29375 0.0640625 0.07890625
0 0.4234375 0.125 0.05078125 0.0671875
0 0.3921875 0.06171875 0.04921875 0.0546875
0 0.771875 0.025 0.040625 0.04765625
0 0.2953125 0.01484375 0.05 0.02890625
0 0.76015625 0.97578125 0.06171875 0.0484375
0 0.47265625 0.99296875 0.04140625 0.01328125
0 0.159375 0.0046875 0.03359375 0.009375
0 0.26328125 0.99296875 0.0484375 0.01328125
0 0.8046875 0.725 0.04453125 0.05625
0 0.33203125 0.4875 0.03515625 0.04765625
0 0.33671875 0.43359375 0.0515625 0.06171875
0 0.09375 0.309375 0.075 0.11171875
0 0.3390625 0.096875 0.1078125 0.12265625