0 0.48671875 0.54921875 0.11953125 0.1640625
0 0.8078125 0.83515625 0.1078125 0.15078125
0 0.9296875 0.50390625 0.09609375 0.1125
0 0.54296875 0.42578125 0.0921875 0.1265625
0 0.9515625 0.82734375 0.08984375 0.13828125
0 0.72734375 0.3125 0.08984375 0.1125
0 0.3484375 0.534375 0.12265625 0.15703125
0 0.23046875 0.30234375 0.05703125 0.07578125
0 0.33203125 0.68359375 0.10859375 0.1390625
0 0.15078125 0.153125 0.0828125 0.1046875
0 0.22578125 0.5125 0.125 0.16484375
0 0.69375 0.4859375 0.10625 0.13515625
0 0.77734375 0.72734375 0.07890625 0.09609375
0 0.85625 0.4234375 0.09921875 0.13359375
0 0.5953125 0.5375 0.0859375 0.11015625
0 0.0828125 0.628125 0.1015625 0.13984375
0 0.42890625 0.44375 0.0828125 0.10546875
0 0.834375 0.5625 0.096875 0.11796875
0 0.634375 0.2828125 0.09609375 0.11953125
0 0.61328125 0.73125 0.09296875 0.12578125
0 0.634375 0.415625 0.05 0.06484375
0 0.12421875 0.828125 0.06640625 0.103125
0 0.175 0.24921875 0.07265625 0.0890625
0 0.69375 0.70703125 0.08671875 0.11171875
0 0.55234375 0.8265625 0.08671875 0.1203125
0 0.6671875 0.853125 0.06484375 0.0859375
0 0.09609375 0.28125 0.07890625 0.10625
0 0.75859375 0.6234375 0.09140625 0.12109375
0 0.0984375 0.484375 0.103125 0.1359375
0 0.26640625 0.78515625 0.09296875 0.140625
0 0.58828125 0.63046875 0.059375 0.078125
0 0.0328125 0.2546875 0.0515625 0.07265625
0 0.365625 0.29296875 0.075 0.09296875
0 0.534375 0.703125 0.07578125 0.1015625
0 0.1203125 0.37421875 0.071875 0.090625
0 0.88125 0.871875 0.06171875 0.084375
0 0.34765625 0.39140625 0.09296875 0.11484375
0 0.29765625 0.31015625 0.06640625 0.08203125
0 0.26015625 0.38359375 0.078125 0.10078125
0 0.35625 0.8109375 0.09765625 0.12578125
0 0.2515625 0.23515625 0.05234375 0.06953125
0 0.028125 0.33125 0.05625 0.0859375
0 0.65546875 0.609375 0.0765625 0.10546875
0 0.29609375 0.23515625 0.04453125 0.06015625
0 0.42265625 0.696875 0.075 0.1125
0 0.475 0.7625 0.071875 0.1015625
0 0.984375 0.54609375 0.03046875 0.09921875
0 0.71640625 0.81640625 0.06796875 0.09140625
0 0.790625 0.4890625 0.0546875 0.06484375
0 0.028125 0.16015625 0.05625 0.103125
0 0.27421875 0.15859375 0.0765625 0.1015625
0 0.0609375 0.3921875 0.0484375 0.06484375
0 0.1265625 0.72109375 0.0640625 0.09375
0 0.1921875 0.73984375 0.059375 0.0875
0 0.07421875 0.7953125 0.0578125 0.0875
0 0.6046875 0.371875 0.04453125 0.05625
0 0.98125 0.39375 0.03671875 0.121875
0 0.49140625 0.8421875 0.0421875 0.05390625
0 0.01796875 0.6953125 0.0359375 0.1125
0 0.08515625 0.178125 0.0625 0.096875
0 0.01953125 0.59140625 0.0390625 0.09296875
0 0.87734375 0.77265625 0.0703125 0.07890625
0 0.88203125 0.68203125 0.08046875 0.1046875
0 0.034375 0.5125 0.04765625 0.06328125
0 0.3625 0.2125 0.0515625 0.0625
0 0.2421875 0.64375 0.071875 0.09453125
0 0.56015625 0.30390625 0.053125 0.07421875
0 0.95078125 0.6875 0.06796875 0.10546875
0 0.9296875 0.6046875 0.05234375 0.07734375
0 0.01015625 0.4296875 0.0203125 0.121875
0 0.4890625 0.34453125 0.0640625 0.090625
0 0.1546875 0.44296875 0.06484375 0.08359375
0 0.4265625 0.3375 0.0484375 0.065625
0 0.759375 0.4125 0.0703125 0.09140625
0 0.68828125 0.38671875 0.0421875 0.06171875
0 0.9890625 0.721875 0.02109375 0.075
0 0.21640625 0.1671875 0.04375 0.06015625
0 0.45546875 0.2828125 0.0625 0.07109375
0 0.171875 0.615625 0.05078125 0.071875
0 0.16328125 0.5515625 0.04765625 0.06171875
0 0.00546875 0.28828125 0.01015625 0.0453125
0 0.96796875 0.62109375 0.03671875 0.04453125