0 0.8782628987445869 0.3202287087841764 0.12741800785617413 0.1374533002665447
0 0.11551613691876968 0.6502550860120904 0.09166803249502423 0.1057045183451983
0 0.4485859634967847 0.6221146413908155 0.09463966762335403 0.10437255717894267
0 0.743503238174183 0.3475531827657227 0.07591205163952797 0.097517165176437
0 0.586949490645641 0.3574447087444055 0.07091417503308026 0.08984543367580074
0 0.3348285751323212 0.3599771733768162 0.10570035191510652 0.13866474168025505
0 0.3153304531166613 0.5713686593729982 0.06530499469566067 0.0743577931751247
0 0.4427671146384672 0.15351918272595183 0.11421285654909 0.1607260319312891
0 0.6042894768426574 0.6871776620782691 0.08843741787049986 0.10547170684476086
0 0.3924686146756482 0.5480589760502704 0.09476700161574296 0.10749755717894267
0 0.5133939269192072 0.44951348273390596 0.08586768065564705 0.11666694926101648
0 0.523757059846463 0.6846788234006788 0.06274537161104057 0.08340573442472685
0 0.2706613043720746 0.26083969203531654 0.0804939370150037 0.09737526034372675
0 0.5522123236866274 0.7506038154041785 0.062269692571136306 0.07412725434138032
0 0.7235859634967847 0.6253145560948139 0.04884834455787157 0.05376582358967017
0 0.11410482862954341 0.7689323606779086 0.0827770022336074 0.11028633934396552
0 0.42079525003718105 0.4000214653882702 0.08206837457679014 0.09768641042727211
0 0.06771925996019383 0.8378908986712272 0.07088416496653686 0.09150445359245438
0 0.8339252387056556 0.7460730461091314 0.05956068380210837 0.08190452800763595
0 0.6267813117864484 0.30012310475013254 0.05056420942954158 0.055152328756562244
0 0.15713860973273236 0.5218942760184537 0.04914529249513362 0.053866888839709935
0 0.19445422041686683 0.6519544933561352 0.06456287191997286 0.08489103217496563
0 0.4046714788198239 0.6942254513844521 0.06931403891616732 0.0865080761756019
0 0.2493221566532521 0.35039254069858944 0.06453286185342941 0.08655005209161892
0 0.8407455830781677 0.7984713401097677 0.03096481911114992 0.03169310158736351
0 0.9220924476794539 0.5526599481221762 0.04967634783255335 0.06929544000636341
0 0.6690589254735135 0.8394219620862234 0.0592383696338743 0.07399437175763594
0 0.7998977485914873 0.7925298754375861 0.04084882275655044 0.049085073171942994
0 0.6971946294672149 0.22675887742676845 0.04903967787060921 0.05367044000636341
0 0.5284910504177419 0.24509870273708767 0.0854599801233542 0.1042657418443631
0 0.41141091015047426 0.7638021547183158 0.053854511862998146 0.05684998400699968
0 0.5217555721665718 0.3480964334022696 0.066200644153799 0.09154756584181775
0 0.36924065619614155 0.7445703493793616 0.03650204175369627 0.050205813171346494
0 0.9624655079086655 0.04868152013044854 0.07502867206733085 0.07583747767643705
0 0.6039234264249156 0.4482242500795418 0.06306801810342932 0.08653300709142009
0 0.6888952871090501 0.5788389980903595 0.06893568380210838 0.08201361600890884
0 0.8587435079830275 0.8377247441119948 0.039592720175735965 0.05658642308839745
0 0.26002216509339016 0.7854669746976349 0.03953734387822054 0.05043635200509069
0 0.8249905904925416 0.8334275954407678 0.028484779771773105 0.04269416783696585
0 0.922371043003368 0.2145423301240852 0.03975404342193016 0.058150059421744074
0 0.6642109634967847 0.624623665420087 0.033265624510356064 0.04743507550425541
0 0.8909234303420671 0.07517983812058536 0.0441611768820259 0.048928396005727
0 0.6270055103801233 0.05649128341817792 0.0396053223858317 0.04731362467178386
0 0.38818567988495667 0.4621123853834977 0.04447155348847378 0.05654558350572696
0 0.83648528114037 0.15731962877940392 0.0377498536358317 0.04729203433819862
0 0.16731340026464253 0.714109048018772 0.05723020066051352 0.06303869042409041
0 0.8895890123944706 0.46404234345158546 0.03173711376416151 0.04585553050405657
0 0.6174964254735136 0.8388219780792238 0.04122717787060921 0.053579533338636055
0 0.31695137254713257 0.18953740404199806 0.10174336945316256 0.12300110634647102
0 0.5021751730020555 0.8257669000636334 0.03306633282309388 0.04733514658756235
0 0.8968669545995361 0.5851633654519036 0.0300595496577138 0.038222434337204444
0 0.38221284148112467 0.8329606873806341 0.08245004422980173 0.11184429401057905
0 0.36252112950439586 0.617989668045816 0.062210004762204105 0.07266241059138032
0 0.6450338350553341 0.8055645827498144 0.03291330027557855 0.041183939170909054
0 0.6441133222037527 0.7446452640833597 0.0493920021053869 0.05992157633970994
0 0.8576479457022875 0.542539513446813 0.039660698683347206 0.05346369575509069
0 0.7880543928130876 0.29106737277208605 0.06578100605971962 0.07885338967516438
0 0.13505270410524448 0.5739562153484993 0.050605824733716796 0.058569161173215534
0 0.6124110415576743 0.59903277207986 0.04122319868334721 0.053481877088636054
0 0.23790579007479962 0.5876470926957259 0.0727016652754691 0.09298975134269263
0 0.7592780657779621 0.7155310234324954 0.03488781231928826 0.04891810058780095
0 0.27230464779318464 0.7036175380330894 0.039397739999890644 0.051801266838397454
0 0.22608492790779033 0.45085561736154417 0.03583502940105419 0.041022716671306546
0 0.6857703567298017 0.11886456142581392 0.03650602094095845 0.050303469421346406
0 0.1748155410633828 0.5915982486871354 0.03775018595998643 0.04250915075489185
0 0.5160174971086126 0.7821987133990879 0.03283338420618076 0.04401369775421564
0 0.7046847717860109 0.5064009240929048 0.05987537191997276 0.08483648817432918
0 0.7130980855496256 0.8086992207590413 0.03803851087441501 0.05198067067154497
0 0.5402349526223696 0.5716430214035422 0.05990902884962388 0.08805800809098266
0 0.26858674018853035 0.7465226533656804 0.03443816415866543 0.03788294433780095
0 0.7829994086675995 0.7610980621021317 0.02972065409212199 0.039487420253817976
0 0.23027631528367057 0.7070328920273624 0.05579105546564014 0.06604785284054522
0 0.5588138562726913 0.5101697194064057 0.04286130324132813 0.0553555271721816
0 0.8420110864638467 0.024634398114222016 0.04036982917769336 0.030143169671982706
0 0.3349306872993305 0.4966322887094071 0.07420016595512005 0.09622831625954512
0 0.3932684748283101 0.28022658605186124 0.12881951693413446 0.13112496168343668
0 0.48229914133021284 0.2804816720639516 0.045910698683347205 0.0535364210892725
0 0.25759484345829103 0.8408811806969986 0.039439687628220546 0.05043521567174416
0 0.7815696294672149 0.22774066943822247 0.028566186948569695 0.04708756275361914
0 0.9742969348278725 0.49235879479626676 0.03618337444856969 0.04717619675465308
0 0.6648384328135253 0.08426229475649587 0.03461689526130733 0.047060359171107756
0 0.7967304199619439 0.02488838944140412 0.03408186073662556 0.03153415175445434
0 0.5362624466536896 0.1483600627386785 0.06425216298937038 0.08205672825827234
0 0.6684608399238878 0.03901342942390492 0.04231797801796731 0.044416890838834974
0 0.8118381082126765 0.12735940877622223 0.03739752940105419 0.04104089800485204
0 0.9848000953348496 0.2754712867997666 0.030399809330300797 0.10338422083863605
0 0.4266260973754427 0.46646407805536116 0.036412676202375135 0.04561710575469284
0 0.6623076349044222 0.2521219567552232 0.04598630324132813 0.0553918898392725
0 0.9216030163488034 0.48315597012249434 0.043100054477056914 0.0612149021721816
0 0.5613154792769344 0.30326573874122387 0.03304063426796731 0.044308939170908876
0 0.5981296601504743 0.7659748240769965 0.0395076661358317 0.04731248833843722
0 0.6610554941056821 0.37470548142104143 0.07793762846933631 0.11608662500994278
0 0.5944808063492409 0.2739782280792237 0.03642030225274482 0.05059530183799978
0 0.24536280440925565 0.6556703866963624 0.03605604045618085 0.04405119675465308
0 0.6244839131162239 0.7803373160804963 0.02951771554175231 0.034506951503817974
0 0.9467369620139099 0.6208832367918125 0.026595986416276675 0.0346681740034203
0 0.7672232865775774 0.18228271876985888 0.03456549815105418 0.04100794433780095
0 0.9162496714819998 0.42843210745540344 0.03804646924893902 0.05217598317154533
0 0.7136526176042167 0.17072705342931377 0.04780778273752233 0.056974843839511104
0 0.9109652411771136 0.7586826814528582 0.034628832823094056 0.04735332792110789
0 0.6506777737259962 0.1200179814210414 0.02852457164439439 0.04367073033696576
0 0.8629203775272295 0.6144417854471311 0.04292099105026033 0.0568203709221816
0 0.8687539530794803 0.18268325545031278 0.034947500128220454 0.05038294433780095
0 0.2558188488583174 0.4715044720321349 0.0361656342679673 0.044345301837999784
0 0.2785108854358949 0.6451237853675893 0.04136247023752242 0.056899845838636054
0 0.9498633261209044 0.3718190281269487 0.06065148394946647 0.07274188550783486
0 0.4875728676413978 0.5632214467297698 0.037843530698569695 0.04719551442154533
0 0.7107120069200822 0.04106682542963193 0.03639062451035606 0.04747143817134637
0 0.8934501359301865 0.6546218901177219 0.059530673735564935 0.08356354792428941
0 0.456671741634224 0.3606140673933609 0.03293933115485981 0.039427263004255496
0 0.8761127387056555 0.7465639421148584 0.024804184662470873 0.036209083669834996
0 0.9791183804929791 0.629849704129494 0.04148184585538672 0.059829533338636054
0 0.5850381166528146 0.5596702800763602 0.032841342580705125 0.04420901025421564