0 0.1455078125 0.7421875 0.1591796875 0.7526041671875 0.1669921875 0.7552083328125 0.1923828125 0.7526041671875 0.2060546875 0.7421875 0.216796875 0.7278645828125 0.2265625 0.6966145828125 0.2265625 0.6861979171875 0.224609375 0.6731770828125 0.220703125 0.66015625 0.2099609375 0.6432291671875 0.1826171875 0.6354166671875 0.1728515625 0.6354166671875 0.1533203125 0.6484375 0.142578125 0.6627604171875 0.140625 0.66796875 0.140625 0.7018229171875 0.142578125 0.7278645828125 0.1455078125 0.7421875
0 0.2236328125 0.6614583328125 0.2392578125 0.6692708328125 0.2587890625 0.6692708328125 0.2666015625 0.6640625 0.27734375 0.6497395828125 0.28515625 0.62890625 0.287109375 0.6184895828125 0.287109375 0.60546875 0.279296875 0.5846354171875 0.2763671875 0.5807291671875 0.2568359375 0.5677083328125 0.2451171875 0.5677083328125 0.2314453125 0.5729166671875 0.216796875 0.5872395828125 0.212890625 0.6002604171875 0.2109375 0.6236979171875 0.2109375 0.6393229171875 0.212890625 0.64453125 0.2236328125 0.6614583328125
0 0.2509765625 0.8072916671874999 0.2685546875 0.8072916671874999 0.2822265625 0.7994791671875 0.296875 0.7825520828125 0.30078125 0.76953125 0.30078125 0.76171875 0.298828125 0.7252604171875 0.2939453125 0.7161458328125 0.2822265625 0.7083333328125 0.2626953125 0.7083333328125 0.2509765625 0.7161458328125 0.234375 0.7356770828125 0.23046875 0.74609375 0.23046875 0.7877604171875 0.2451171875 0.8046875 0.2509765625 0.8072916671874999
0 0.3095703125 0.8046875 0.3173828125 0.8072916671874999 0.3310546875 0.8072916671874999 0.3466796875 0.7994791671875 0.361328125 0.7825520828125 0.3671875 0.7669270828125 0.3671875 0.7434895828125 0.365234375 0.7356770828125 0.359375 0.72265625 0.3525390625 0.7161458328125 0.3349609375 0.7135416671875 0.3037109375 0.7317708328125 0.30078125 0.7408854171875 0.296875 0.7877604171875 0.298828125 0.79296875 0.3056640625 0.8020833328125001 0.3095703125 0.8046875
0 0.349609375 0.66796875 0.3544921875 0.6744791671875 0.3623046875 0.6770833328125 0.3759765625 0.6770833328125 0.3876953125 0.6692708328125 0.390625 0.6653645828125 0.41015625 0.6263020828125 0.412109375 0.62109375 0.41015625 0.59765625 0.3916015625 0.5677083328125 0.3798828125 0.5598958328125 0.3720703125 0.5598958328125 0.3662109375 0.5625 0.3583984375 0.5677083328125 0.3515625 0.5768229171875 0.33984375 0.60546875 0.33984375 0.6341145828125 0.341796875 0.6497395828125 0.349609375 0.66796875
0 0.3984375 0.7096354171875 0.4072265625 0.7161458328125 0.4150390625 0.7161458328125 0.4267578125 0.7109375 0.44140625 0.69140625 0.447265625 0.67578125 0.447265625 0.6575520828125 0.439453125 0.6341145828125 0.4345703125 0.6276041671875 0.4228515625 0.6223958328125 0.4169921875 0.6223958328125 0.41015625 0.62890625 0.390625 0.66796875 0.388671875 0.6731770828125 0.388671875 0.6783854171875 0.390625 0.6888020828125 0.3984375 0.7096354171875
0 0.3916015625 0.8203125 0.3994140625 0.8203125 0.4072265625 0.8177083328125001 0.4169921875 0.8125 0.431640625 0.79296875 0.4375 0.76953125 0.4375 0.7486979171875 0.431640625 0.7330729171875 0.4248046875 0.7239583328125 0.4130859375 0.71875 0.4072265625 0.71875 0.4013671875 0.7213541671875 0.392578125 0.7330729171875 0.3828125 0.7513020828125 0.375 0.7747395828125 0.373046875 0.78515625 0.375 0.8033854171874999 0.3837890625 0.8151041671874999 0.3916015625 0.8203125
0 0.4736328125 0.7760416671875 0.4853515625 0.7760416671875 0.4990234375 0.765625 0.5078125 0.75390625 0.513671875 0.73046875 0.515625 0.7044270828125 0.513671875 0.6940104171875 0.5029296875 0.6770833328125 0.4951171875 0.671875 0.4833984375 0.671875 0.4794921875 0.6744791671875 0.46875 0.6888020828125 0.455078125 0.7174479171875 0.453125 0.7408854171875 0.458984375 0.76171875 0.4658203125 0.7708333328125 0.4736328125 0.7760416671875
0 0.5322265625 0.7578125 0.5390625 0.7486979171875 0.552734375 0.72265625 0.552734375 0.71484375 0.55078125 0.70703125 0.537755840625 0.6805791984375 0.518896721875 0.68855006875 0.5147569125 0.6989735359375 0.5078125 0.75390625 0.5146484375 0.7630208328125 0.5185546875 0.7630208328125 0.5322265625 0.7578125
0 0.4326171875 0.6041666671875 0.4482421875 0.6067708328125 0.4580078125 0.6041666671875 0.466796875 0.5924479171875 0.474609375 0.5690104171875 0.4765625 0.5533854171875 0.47265625 0.5299479171875 0.466796875 0.5143229171875 0.4599609375 0.5052083328125 0.4501953125 0.5 0.4306640625 0.5 0.419921875 0.5247395828125 0.41796875 0.5403645828125 0.416015625 0.57421875 0.42578125 0.59765625 0.4287109375 0.6015625 0.4326171875 0.6041666671875
0 0.4755859375 0.6692708328125 0.4853515625 0.6692708328125 0.5009765625 0.6614583328125 0.5078125 0.65234375 0.51171875 0.6419270828125 0.515625 0.6106770828125 0.509765625 0.58984375 0.5048828125 0.5833333328125 0.4970703125 0.578125 0.4873046875 0.578125 0.4755859375 0.5885416671875 0.462890625 0.6106770828125 0.4609375 0.6263020828125 0.46484375 0.6549479171875 0.4677734375 0.6640625 0.4755859375 0.6692708328125
0 0.5419921875 0.65625 0.548828125 0.64453125 0.552734375 0.6315104171875 0.552734375 0.6080729171875 0.55078125 0.6028645828125 0.54296875 0.5872395828125 0.5341796875 0.578125 0.5244140625 0.578125 0.5185546875 0.5807291671875 0.509765625 0.58984375 0.5078125 0.6549479171875 0.5146484375 0.6614583328125 0.5263671875 0.6640625 0.5419921875 0.65625
0 0.5009765625 0.5729166671875 0.5087890625 0.578125 0.5166015625 0.5807291671875 0.5283203125 0.5755208328125 0.53515625 0.5638020828125 0.54296875 0.53515625 0.5390625 0.51171875 0.53515625 0.5013020828125 0.5283203125 0.4921875 0.5166015625 0.4869791671875 0.5068359375 0.4921875 0.4921875 0.5143229171875 0.490234375 0.51953125 0.490234375 0.5481770828125 0.494140625 0.5638020828125 0.5009765625 0.5729166671875
0 0.5712890625 0.6822916671875 0.5771484375 0.6822916671875 0.5849609375 0.6770833328125 0.59375 0.6627604171875 0.59765625 0.6419270828125 0.595703125 0.62109375 0.591796875 0.6106770828125 0.5869140625 0.6041666671875 0.5576171875 0.6067708328125 0.5546875 0.6106770828125 0.552734375 0.6315104171875 0.552734375 0.65234375 0.556640625 0.66796875 0.5712890625 0.6822916671875
0 0.5595703125 0.6041666671875 0.5654296875 0.6067708328125 0.5869140625 0.6015625 0.59375 0.58984375 0.6015625 0.5638020828125 0.6015625 0.5377604171875 0.587890625 0.5143229171875 0.5830078125 0.5104166671875 0.5654296875 0.5104166671875 0.5556640625 0.5208333328125 0.544921875 0.5377604171875 0.537109375 0.5611979171875 0.537109375 0.56640625 0.55078125 0.5950520828125 0.5595703125 0.6041666671875
0 0.5380859375 0.5 0.5419921875 0.5026041671875 0.5478515625 0.5026041671875 0.5615234375 0.4921875 0.5703125 0.48046875 0.5703125 0.4674479171875 0.568359375 0.4596354171875 0.564453125 0.4518229171875 0.5537109375 0.4375 0.5498046875 0.4348958328125 0.5439453125 0.4348958328125 0.5380859375 0.4401041671875 0.53125 0.4518229171875 0.52734375 0.4674479171875 0.52734375 0.48046875 0.533203125 0.4934895828125 0.5380859375 0.5
0 0.6005859375 0.5078125 0.6064453125 0.5104166671875 0.6142578125 0.5104166671875 0.626953125 0.4908854171875 0.62890625 0.4830729171875 0.62890625 0.4622395828125 0.626953125 0.4544270828125 0.625 0.44921875 0.6162109375 0.4375 0.6123046875 0.4348958328125 0.6064453125 0.4348958328125 0.59375 0.44921875 0.58984375 0.4596354171875 0.58984375 0.4908854171875 0.591796875 0.49609375 0.6005859375 0.5078125
0 0.6435546875 0.53125 0.6552734375 0.53125 0.6650390625 0.5234375 0.677734375 0.5065104171875 0.6796875 0.4934895828125 0.6796875 0.46484375 0.673828125 0.4466145828125 0.6708984375 0.4427083328125 0.6611328125 0.4375 0.6494140625 0.4375 0.6435546875 0.4427083328125 0.630859375 0.4622395828125 0.625 0.50390625 0.62890625 0.5169270828125 0.6396484375 0.5286458328125 0.6435546875 0.53125
0 0.6259765625 0.6041666671875 0.6298828125 0.6015625 0.640625 0.5846354171875 0.642578125 0.57421875 0.642578125 0.5481770828125 0.640625 0.5403645828125 0.6318359375 0.5234375 0.6181640625 0.515625 0.6123046875 0.515625 0.6015625 0.5247395828125 0.59765625 0.58984375 0.599609375 0.5950520828125 0.6083984375 0.6041666671875 0.6259765625 0.6041666671875
0 0.5986328125 0.7317708328125 0.6083984375 0.7369791671875 0.6201171875 0.7369791671875 0.6435546875 0.7265625 0.650390625 0.7174479171875 0.65234375 0.7122395828125 0.65625 0.69140625 0.65625 0.6471354171875 0.650390625 0.6184895828125 0.6416015625 0.609375 0.6259765625 0.6041666671875 0.6103515625 0.6067708328125 0.6005859375 0.6119791671875 0.59765625 0.6158854171875 0.5859375 0.6888020828125 0.5859375 0.7044270828125 0.58984375 0.7200520828125 0.5986328125 0.7317708328125
0 0.67578125 0.69140625 0.677734375 0.6809895828125 0.677734375 0.66015625 0.67578125 0.6497395828125 0.6708984375 0.6432291671875 0.6669921875 0.640625 0.65625 0.6419270828125 0.654296875 0.70703125 0.6650390625 0.7083333328125 0.671875 0.7018229171875 0.67578125 0.69140625
0 0.6767578125 0.6432291671875 0.6845703125 0.6458333328125 0.6943359375 0.6432291671875 0.701171875 0.6315104171875 0.705078125 0.6028645828125 0.705078125 0.58984375 0.701171875 0.5768229171875 0.6943359375 0.5677083328125 0.6787109375 0.5677083328125 0.671875 0.5768229171875 0.666015625 0.6002604171875 0.666015625 0.6080729171875 0.671875 0.6393229171875 0.6767578125 0.6432291671875
0 0.6884765625 0.5677083328125 0.6943359375 0.5677083328125 0.705078125 0.5559895828125 0.7109375 0.52734375 0.7109375 0.5065104171875 0.708984375 0.4986979171875 0.7001953125 0.4869791671875 0.6865234375 0.484375 0.681640625 0.48828125 0.671875 0.51953125 0.673828125 0.5403645828125 0.6796875 0.5638020828125 0.6884765625 0.5677083328125
0 0.7177734375 0.5911458328125 0.7275390625 0.5911458328125 0.736328125 0.58203125 0.7421875 0.5690104171875 0.74609375 0.55078125 0.74609375 0.53515625 0.744140625 0.5221354171875 0.740234375 0.51171875 0.7333984375 0.5026041671875 0.7177734375 0.4947916671875 0.7109375 0.4986979171875 0.703125 0.55859375 0.703125 0.5690104171875 0.7119140625 0.5859375 0.7177734375 0.5911458328125
0 0.7138671875 0.6901041671875 0.7236328125 0.6953125 0.734375 0.6861979171875 0.744140625 0.6627604171875 0.74609375 0.6497395828125 0.74609375 0.61328125 0.744140625 0.6080729171875 0.7373046875 0.6015625 0.7236328125 0.6067708328125 0.7109375 0.63671875 0.708984375 0.6471354171875 0.708984375 0.6783854171875 0.7109375 0.6861979171875 0.7138671875 0.6901041671875
0 0.7626953125 0.6458333328125 0.7685546875 0.6458333328125 0.7724609375 0.6432291671875 0.779296875 0.6341145828125 0.787109375 0.61328125 0.7890625 0.60546875 0.7890625 0.5872395828125 0.783203125 0.5690104171875 0.7783203125 0.5625 0.7666015625 0.5625 0.7578125 0.57421875 0.755859375 0.5794270828125 0.748046875 0.6080729171875 0.748046875 0.6315104171875 0.7568359375 0.6432291671875 0.7626953125 0.6458333328125
0 0.7802734375 0.5625 0.7890625 0.55078125 0.794921875 0.52734375 0.794921875 0.5013020828125 0.79296875 0.4934895828125 0.7861328125 0.4817708328125 0.7744140625 0.4765625 0.755859375 0.5013020828125 0.75390625 0.5065104171875 0.75390625 0.55078125 0.7607421875 0.5572916671875 0.7802734375 0.5625
0 0.740234375 0.4856770828125 0.7490234375 0.4973958328125 0.7568359375 0.4973958328125 0.7626953125 0.4947916671875 0.767578125 0.48828125 0.7734375 0.4752604171875 0.775390625 0.46484375 0.775390625 0.4361979171875 0.771484375 0.4153645828125 0.7666015625 0.4088541671875 0.7529296875 0.4010416671875 0.7412109375 0.4010416671875 0.7353515625 0.4036458328125 0.732421875 0.4075520828125 0.732421875 0.4544270828125 0.736328125 0.4752604171875 0.740234375 0.4856770828125
0 0.6884765625 0.484375 0.7060546875 0.4921875 0.7099609375 0.4921875 0.71875 0.4752604171875 0.720703125 0.4622395828125 0.720703125 0.4388020828125 0.71875 0.4283854171875 0.7158203125 0.421875 0.7080078125 0.4192708328125 0.6904296875 0.421875 0.6875 0.42578125 0.681640625 0.4388020828125 0.681640625 0.4700520828125 0.68359375 0.4778645828125 0.6884765625 0.484375
0 0.7099609375 0.4140625 0.7236328125 0.4140625 0.732421875 0.40234375 0.736328125 0.38671875 0.736328125 0.35546875 0.732421875 0.3424479171875 0.7216796875 0.328125 0.7119140625 0.3255208328125 0.701171875 0.3424479171875 0.69921875 0.3502604171875 0.697265625 0.3815104171875 0.69921875 0.39453125 0.703125 0.4049479171875 0.7099609375 0.4140625
0 0.8095703125 0.4010416671875 0.818359375 0.3893229171875 0.8203125 0.3841145828125 0.8203125 0.3580729171875 0.814453125 0.3268229171875 0.8037109375 0.3125 0.7919921875 0.3046875 0.7802734375 0.3046875 0.771484375 0.30859375 0.76953125 0.3684895828125 0.775390625 0.3971354171875 0.7802734375 0.4010416671875 0.8095703125 0.4010416671875
0 0.8310546875 0.3828125 0.8369140625 0.3802083328125 0.83984375 0.3763020828125 0.84375 0.36328125 0.845703125 0.3502604171875 0.845703125 0.3372395828125 0.84375 0.3268229171875 0.83984375 0.3138020828125 0.8330078125 0.3072916671875 0.8232421875 0.3098958328125 0.818359375 0.3190104171875 0.81640625 0.33203125 0.822265625 0.37890625 0.8271484375 0.3828125 0.8310546875 0.3828125
0 0.7861328125 0.6744791671875 0.7919921875 0.6770833328125 0.7978515625 0.6770833328125 0.810546875 0.6627604171875 0.8125 0.6549479171875 0.810546875 0.62890625 0.80859375 0.6184895828125 0.8017578125 0.6119791671875 0.7919921875 0.6067708328125 0.787109375 0.61328125 0.775390625 0.64453125 0.77734375 0.6549479171875 0.783203125 0.6705729171875 0.7861328125 0.6744791671875
0 0.8173828125 0.6692708328125 0.8271484375 0.6692708328125 0.8359375 0.6549479171875 0.837890625 0.6471354171875 0.83984375 0.6315104171875 0.83984375 0.6158854171875 0.837890625 0.6080729171875 0.8359375 0.6028645828125 0.8291015625 0.59375 0.8076171875 0.6041666671875 0.8046875 0.6080729171875 0.8046875 0.6106770828125 0.8125 0.6653645828125 0.8173828125 0.6692708328125
0 0.8388671875 0.6744791671875 0.84765625 0.6627604171875 0.8515625 0.6471354171875 0.8515625 0.6315104171875 0.849609375 0.6236979171875 0.8427734375 0.6171875 0.83984375 0.6184895828125 0.828125 0.6653645828125 0.828125 0.6705729171875 0.8330078125 0.6744791671875 0.8388671875 0.6744791671875
0 0.8623046875 0.6666666671875 0.8662109375 0.6640625 0.87890625 0.64453125 0.880859375 0.6315104171875 0.880859375 0.6080729171875 0.8740234375 0.59375 0.8681640625 0.59375 0.849609375 0.6184895828125 0.849609375 0.66015625 0.8544921875 0.6666666671875 0.8623046875 0.6666666671875
0 0.8447265625 0.6119791671875 0.8544921875 0.6119791671875 0.865234375 0.59765625 0.869140625 0.5872395828125 0.869140625 0.5638020828125 0.8671875 0.5559895828125 0.8642578125 0.5520833328125 0.8583984375 0.5520833328125 0.8466796875 0.5598958328125 0.837890625 0.57421875 0.8359375 0.58203125 0.8359375 0.5950520828125 0.83984375 0.60546875 0.8447265625 0.6119791671875
0 0.8095703125 0.5989583328125 0.8212890625 0.5989583328125 0.830078125 0.58984375 0.837890625 0.5690104171875 0.837890625 0.5377604171875 0.8359375 0.5299479171875 0.8291015625 0.5208333328125 0.8193359375 0.5208333328125 0.8046875 0.54296875 0.802734375 0.5481770828125 0.802734375 0.5768229171875 0.8046875 0.5924479171875 0.8095703125 0.5989583328125
0 0.8408203125 0.5208333328125 0.8447265625 0.5182291671875 0.84765625 0.5143229171875 0.8515625 0.5013020828125 0.8515625 0.4752604171875 0.849609375 0.4700520828125 0.8447265625 0.4635416671875 0.8408203125 0.4635416671875 0.830078125 0.4778645828125 0.828125 0.4830729171875 0.826171875 0.4934895828125 0.826171875 0.50390625 0.830078125 0.5169270828125 0.8408203125 0.5208333328125
0 0.8037109375 0.4661458328125 0.8095703125 0.4661458328125 0.8154296875 0.4635416671875 0.822265625 0.4544270828125 0.826171875 0.4388020828125 0.82421875 0.41015625 0.8154296875 0.3958333328125 0.8056640625 0.4036458328125 0.796875 0.41796875 0.794921875 0.4309895828125 0.794921875 0.4466145828125 0.796875 0.4544270828125 0.8037109375 0.4661458328125
0 0.8369140625 0.4453125 0.8408203125 0.4453125 0.849609375 0.4361979171875 0.853515625 0.4205729171875 0.853515625 0.40234375 0.849609375 0.38671875 0.8447265625 0.3802083328125 0.8369140625 0.3802083328125 0.828125 0.3971354171875 0.826171875 0.4049479171875 0.826171875 0.4231770828125 0.828125 0.4309895828125 0.8369140625 0.4453125
0 0.8662109375 0.484375 0.875 0.4752604171875 0.880859375 0.45703125 0.8828125 0.44140625 0.880859375 0.4231770828125 0.87890625 0.4153645828125 0.8720703125 0.4088541671875 0.8603515625 0.4088541671875 0.85546875 0.4127604171875 0.853515625 0.4205729171875 0.84765625 0.4622395828125 0.8544921875 0.4791666671875 0.8623046875 0.484375 0.8662109375 0.484375
0 0.8662109375 0.40625 0.87109375 0.3997395828125 0.875 0.3919270828125 0.876953125 0.3815104171875 0.876953125 0.37109375 0.87109375 0.3528645828125 0.8701171875 0.3515625 0.861328125 0.3528645828125 0.849609375 0.37109375 0.853515625 0.40234375 0.8583984375 0.4088541671875 0.8662109375 0.40625
0 0.8828125 0.43359375 0.8857421875 0.4375 0.8935546875 0.4401041671875 0.900390625 0.43359375 0.90625 0.4153645828125 0.90625 0.37890625 0.9013671875 0.3697916671875 0.8974609375 0.3671875 0.8896484375 0.3671875 0.8828125 0.3815104171875 0.87890625 0.3971354171875 0.87890625 0.4127604171875 0.880859375 0.42578125 0.8828125 0.43359375
0 0.9287109375 0.4348958328125 0.9326171875 0.4322916671875 0.935546875 0.4283854171875 0.9375 0.4205729171875 0.9375 0.38671875 0.9306640625 0.3776041671875 0.9287109375 0.3776041671875 0.921875 0.3893229171875 0.91796875 0.40234375 0.916015625 0.41015625 0.916015625 0.4231770828125 0.9228515625 0.4348958328125 0.9287109375 0.4348958328125
0 0.8896484375 0.4895833328125 0.896484375 0.4752604171875 0.8984375 0.45703125 0.89453125 0.4440104171875 0.8916015625 0.4401041671875 0.8828125 0.44140625 0.876953125 0.4700520828125 0.876953125 0.4830729171875 0.8818359375 0.4895833328125 0.8896484375 0.4895833328125
0 0.8779296875 0.5546875 0.8837890625 0.5546875 0.8876953125 0.5520833328125 0.896484375 0.53515625 0.896484375 0.50390625 0.89453125 0.4986979171875 0.8876953125 0.4921875 0.8818359375 0.4921875 0.876953125 0.4986979171875 0.87109375 0.5169270828125 0.869140625 0.5247395828125 0.87109375 0.54296875 0.873046875 0.5481770828125 0.8779296875 0.5546875
0 0.8994140625 0.59375 0.90625 0.5794270828125 0.908203125 0.5716145828125 0.908203125 0.5325520828125 0.9013671875 0.5234375 0.8974609375 0.5234375 0.876953125 0.5611979171875 0.875 0.5794270828125 0.880859375 0.60546875 0.8837890625 0.609375 0.8994140625 0.59375
0 0.912109375 0.6263020828125 0.912109375 0.6028645828125 0.9091796875 0.5989583328125 0.9072265625 0.5989583328125 0.89453125 0.6158854171875 0.892578125 0.6236979171875 0.890625 0.65234375 0.8974609375 0.6536458328125 0.904296875 0.64453125 0.912109375 0.6263020828125
0 0.9423828125 0.6171875 0.947265625 0.6106770828125 0.951171875 0.6002604171875 0.955078125 0.5768229171875 0.953125 0.5481770828125 0.9501953125 0.5442708328125 0.9443359375 0.5442708328125 0.94140625 0.5481770828125 0.935546875 0.5690104171875 0.93359375 0.58203125 0.935546875 0.6028645828125 0.939453125 0.6158854171875 0.9423828125 0.6171875
0 0.9228515625 0.5703125 0.9287109375 0.5729166671875 0.9326171875 0.5703125 0.939453125 0.55859375 0.9453125 0.5299479171875 0.9453125 0.5091145828125 0.9443359375 0.5078125 0.9169921875 0.5260416671875 0.9140625 0.5299479171875 0.9140625 0.5559895828125 0.916015625 0.5611979171875 0.9228515625 0.5703125
0 0.939453125 0.5143229171875 0.947265625 0.49609375 0.94921875 0.4856770828125 0.94921875 0.4700520828125 0.947265625 0.4544270828125 0.9453125 0.4466145828125 0.9384765625 0.4375 0.9345703125 0.4348958328125 0.9248046875 0.4401041671875 0.921875 0.4440104171875 0.919921875 0.4518229171875 0.912109375 0.4934895828125 0.91796875 0.5221354171875 0.9306640625 0.5234375 0.939453125 0.5143229171875
0 0.9072265625 0.4921875 0.912109375 0.48828125 0.919921875 0.4674479171875 0.919921875 0.4388020828125 0.91796875 0.43359375 0.9111328125 0.4244791671875 0.9052734375 0.4244791671875 0.90234375 0.4283854171875 0.89453125 0.44140625 0.89453125 0.48828125 0.8994140625 0.4921875 0.9072265625 0.4921875