0 0.27109375 0.37109375 0.1015625 0.13359375
0 0.7203125 0.7234375 0.18125 0.20234375
0 0.59453125 0.5609375 0.0859375 0.1078125
0 0.56484375 0.46875 0.06484375 0.078125
0 0.94296875 0.703125 0.10546875 0.13984375
0 0.453125 0.62890625 0.08046875 0.103125
0 0.7265625 0.4890625 0.07890625 0.10390625
0 0.67578125 0.5890625 0.0578125 0.07578125
0 0.82421875 0.6015625 0.0953125 0.1265625
0 0.20703125 0.2765625 0.071875 0.09296875
0 0.36953125 0.56171875 0.09453125 0.11015625
0 0.24140625 0.553125 0.07578125 0.10703125
0 0.58203125 0.753125 0.1 0.1265625
0 0.11328125 0.3484375 0.053125 0.0828125
0 0.18515625 0.6609375 0.1390625 0.1875
0 0.42578125 0.3671875 0.08984375 0.1125
0 0.50703125 0.55390625 0.08671875 0.1078125
0 0.43984375 0.5015625 0.0765625 0.0984375
0 0.53046875 0.66875 0.08515625 0.12265625
0 0.30546875 0.665625 0.10390625 0.13828125
0 0.471875 0.7640625 0.08671875 0.12109375
0 0.334375 0.30078125 0.08125 0.11484375
0 0.75078125 0.58671875 0.0578125 0.07421875
0 0.65234375 0.46796875 0.0765625 0.0984375
0 0.19609375 0.45078125 0.065625 0.09140625
0 0.11640625 0.55703125 0.053125 0.07734375
0 0.05859375 0.40390625 0.06640625 0.09765625
0 0.06171875 0.5015625 0.05390625 0.0796875
0 0.1328125 0.221875 0.0734375 0.10859375
0 0.16796875 0.3515625 0.06015625 0.08046875
0 0.13828125 0.41640625 0.0453125 0.06015625
0 0.26875 0.759375 0.0640625 0.08359375
0 0.29921875 0.51484375 0.0640625 0.07890625
0 0.50625 0.41484375 0.08046875 0.11484375
0 0.35 0.44765625 0.09140625 0.11015625
0 0.10625 0.478125 0.0546875 0.07890625
0 0.15859375 0.52578125 0.07109375 0.090625
0 0.0640625 0.6453125 0.059375 0.0859375
0 0.253125 0.46796875 0.04609375 0.0640625
0 0.85 0.70859375 0.07734375 0.10234375
0 0.3859375 0.70078125 0.08203125 0.09375
0 0.17890625 0.796875 0.05859375 0.07734375
0 0.60546875 0.65703125 0.0671875 0.0796875
0 0.03828125 0.2078125 0.0765625 0.1
0 0.01796875 0.553125 0.0359375 0.09375
0 0.3328125 0.77421875 0.0671875 0.09921875
0 0.0390625 0.309375 0.053125 0.09140625
0 0.0375 0.803125 0.059375 0.09453125
0 0.26484375 0.25 0.06015625 0.0796875
0 0.05078125 0.734375 0.06328125 0.09375
0 0.18984375 0.159375 0.04921875 0.07890625
0 0.01015625 0.46640625 0.01875 0.07265625
0 0.00625 0.68125 0.01171875 0.071875
0 0.10390625 0.8109375 0.06015625 0.08125