0 0.5640734895086517 0.40955210140831466 0.11007182646296912 0.13258398693109025
0 0.06461436177026006 0.583367030673136 0.10022262351524955 0.169859061346272
0 0.4019061101209075 0.44593340205281573 0.1003033599563052 0.13237269734643126
0 0.7163095909205776 0.4613066000954501 0.1166883808226146 0.14525436851527207
0 0.8859748847315135 0.5484082527848126 0.09395344932687451 0.11209080992898243
0 0.3813916509623427 0.8682078440483615 0.11695159591893205 0.15765557593192553
0 0.2640627808123054 0.5130561727004984 0.10708037727617334 0.13713746801399934
0 0.40583875534376934 0.5810896520528157 0.0971171853967423 0.11681353626272681
0 0.5344113508832005 0.8395299554025877 0.1136884071158267 0.14951488084818115
0 0.5668300796378064 0.5579714200747693 0.07956881405042485 0.10421119784372693
0 0.2682776047106311 0.33582151070177113 0.08452625718349696 0.1135430855943631
0 0.6694549744649569 0.5419838880887686 0.07626584415402463 0.09470331525998255
0 0.28537445730969113 0.8428800327020893 0.07152899351731143 0.09630779117599957
0 0.19641462806759608 0.44276130669158975 0.05182424727823509 0.06327711517345413
0 0.16634434633085388 0.5634641580203626 0.09409372817683304 0.11355679001232896
0 0.046896979017303456 0.8065227200031817 0.04968136356052376 0.1003489911730167
0 0.431813885127225 0.6954157813892248 0.08315622817683313 0.11342952067751089
0 0.16933426867160448 0.7735840453532719 0.09708743174305985 0.12921133467934034
0 0.77442963097059 0.5799116967695408 0.06509534060758355 0.08656823342516447
0 0.6529112982967756 0.8323179867520414 0.10243265836946805 0.1384501115133631
0 0.7107679477427796 0.6197821714274048 0.07923710923055687 0.09952142517703351
0 0.31868574782192194 0.6456783160407253 0.0912471958298969 0.12309073984523806
0 0.26141646859246215 0.7441970846992259 0.0924723079967011 0.11822383601209037
0 0.09512491270733216 0.4509545200111358 0.09277814569297738 0.13208988717874384
0 0.6307311067556951 0.6336895827498144 0.09050631405042484 0.104338467178545
0 0.4882253580093364 0.6210975813971789 0.05530727711788863 0.07561816534054522
0 0.8350609055811962 0.6774594061107222 0.08135863458353824 0.11204187917727229
0 0.48225885134541874 0.523404968730088 0.09696838202679174 0.1150545874293801
0 0.5134957941401405 0.7112049607335879 0.07813702335696497 0.10868520401018138
0 0.7367240086424747 0.8676565974299499 0.06661237650096083 0.08502391475870966
0 0.23995430872161688 0.8923345926957259 0.06517669927741032 0.09271944084181775
0 0.18409282132453625 0.3145363093570898 0.0940859551166516 0.11999982984563581
0 0.8851387765891634 0.8686025741167673 0.05692481076793001 0.07417263925743711
0 0.3554008346523714 0.5117760307129069 0.054933994721488674 0.0661443727571985
0 0.7659615645941116 0.6914940867679499 0.07452328421077112 0.09185196634309048
0 0.1567767812080168 0.6640999573519991 0.06193444604437941 0.08194316334142009
0 0.5942145967265653 0.7207350494111783 0.08442860093349687 0.11354194926101649
0 0.977666976576528 0.7893792454646303 0.044666046846943884 0.11638861600890867
0 0.8614308404583593 0.7785133761139038 0.0811150164702518 0.11037945026057905
0 0.3483625391255756 0.753018648710998 0.0810705973870558 0.10549777409392576
0 0.7302263045649818 0.7785486440960865 0.07431660568411544 0.09145906867639723
0 0.9543815554229116 0.6179309594604941 0.07942958022389277 0.09942604159372692
0 0.2202255157686106 0.6437516420273625 0.08116436710696498 0.10872043034392576
0 0.10103656122889937 0.8688505446769541 0.08939277210332378 0.11974997334499946
0 0.5622311593421199 0.6414833540738147 0.03900420204863906 0.04877733208843722
0 0.9913783040046681 0.6833019681333121 0.01724339199066378 0.11289998933799979
0 0.6673338479802065 0.7106520720878142 0.058721359337797985 0.07887945692432918
0 0.15281774076229296 0.39383291068586274 0.048605477558325824 0.06001809625636341
0 0.0879789685924622 0.7421789566756815 0.08742109514371962 0.10566929201145392
0 0.6071308192129651 0.49361856608049626 0.06307715451793001 0.0742442282582724
0 0.46573555872161687 0.8949617953930428 0.0634834899708702 0.08820907200827222
0 0.8450196126281899 0.4292219007797221 0.08061206979073816 0.09309429401057905
0 0.07028638558944347 0.37569089067472694 0.0680800617576248 0.08513861600890867
0 0.906404708167621 0.6868804067870399 0.07533027210332363 0.11958634134309047
0 0.934051020387464 0.4560303961250397 0.06807437874429709 0.08494330350890866
0 0.8001750917120004 0.7668668041056315 0.05844857469806186 0.06950445692432919
0 0.9928139369572466 0.9004712867997664 0.014372126085506665 0.0848283970052897
0 0.44869515973783125 0.7924544133911338 0.06946070533113406 0.0789067973424542
0 0.9284735879510766 0.8011610827895852 0.07165686131718765 0.10070232242599957
0 0.8034291576927671 0.5029315734404497 0.07449950713403304 0.09438989250974394
0 0.801439726510021 0.8371702134388588 0.06634527487455273 0.07584422725870965
0 0.9830291557136898 0.5027786741326757 0.03394168857262052 0.20511596608947133
0 0.05153666640174885 0.8854562420034998 0.03449751345170311 0.058291964254454244
0 0.31558216521461463 0.43165217870781625 0.07169229798419803 0.08849983650938605
0 0.0206297148980455 0.30638636000159086 0.025528848904643332 0.0721477200031817
0 0.028437517880181656 0.46736022266868177 0.0323244181841155 0.09097044533736351
0 0.2510195600417651 0.413719244032453 0.045270957525006136 0.05949117967257926
0 0.11832306881725377 0.3356386026814084 0.05659594745472578 0.06958052284074405
0 0.02033184969606615 0.37667158800127265 0.020022994985435073 0.043968176002545344
0 0.02962089931299002 0.7227562473345 0.018999336228152607 0.06582385833565337