0 0.15676314062500002 0.521596565625 0.1516143984375 0.5137290546875 0.13664118593750002 0.49927309375 0.10805494375 0.4912692296875 0.09171931093749999 0.49901174687500005 0.08479398593750001 0.5107277890625 0.08213022656249999 0.5185498453124999 0.08710019375 0.549928978125 0.09816715625 0.5643622109375 0.124788340625 0.572074040625 0.154472225 0.5722467375 0.157589234375 0.5699329578125 0.16143663749999998 0.5634240453125 0.1648110296875 0.5477685671875 0.1631543734375 0.5373088546875 0.15676314062500002 0.521596565625
0 0.0876414203125 0.45108863125000004 0.0817231984375 0.44452290312500004 0.0711292453125 0.43923623437500003 0.0807138609375 0.505911209375 0.08204603125 0.50626084375 0.0863718421875 0.5062860109375 0.09272908125 0.49553103906249996 0.095633640625 0.48553328437500004 0.0934109609375 0.47149983906250004 0.0876414203125 0.45108863125000004
0 0.07463458437500001 0.3800548703125 0.0691893734375 0.3826357078125 0.0653419703125 0.3891446203125 0.0639917671875 0.40402811875 0.0654827578125 0.4134418578125 0.0715544296875 0.4283685359375 0.08726874531249999 0.4438488203125 0.100621934375 0.44392650624999996 0.109550978125 0.440345925 0.103871271875 0.3995575984375 0.10223670625 0.3892373515625 0.08635333437500001 0.3801230484375 0.07463458437500001 0.3800548703125
0 0.16573135625 0.48027419374999997 0.16595795468750002 0.4761607953125 0.16112719375 0.44566056875 0.1536006765625 0.4344845515625 0.143176940625 0.427002421875 0.128053484375 0.4269144359375 0.12347547343750001 0.429084253125 0.11110493749999999 0.44338113124999995 0.1088553421875 0.45381811718750004 0.10897303750000001 0.46688139375000004 0.1125828171875 0.477352465625 0.12838435937499998 0.49703828281250007 0.1453251125 0.501945809375 0.1472225375 0.5019568484375 0.1603449921875 0.4893866703125 0.16573135625 0.48027419374999997
0 0.1820167109375 0.5519874140625001 0.1937354609375 0.5520555921875 0.2007196328125 0.546871190625 0.2055288875 0.53873505 0.19910934687499998 0.498203671875 0.189654903125 0.48933141874999997 0.1814282390625 0.48667103906250003 0.170123653125 0.48921778906249996 0.1666315671875 0.491809990625 0.1585814453125 0.508744525 0.1578708109375 0.51657794375 0.1603557953125 0.532267509375 0.1635514109375 0.5401236578125 0.175743171875 0.5493384 0.1820167109375 0.5519874140625001
0 0.33398615781249996 0.649995940625 0.333347034375 0.6484247109375 0.3203269453125 0.6339801140625 0.3056887703125 0.6262025359375001 0.28767661875 0.6260977453125001 0.275049753125 0.637635475 0.272800159375 0.648072459375 0.276527634375 0.671606809375 0.28209053906250003 0.682089246875 0.2880087609375 0.6886549734375 0.3045638921875 0.696443703125 0.3148358828125 0.6965034640625001 0.3355943953125 0.6810942640625 0.338210628125 0.6766682046875 0.33398615781249996 0.649995940625
0 0.24765654375 0.518890359375 0.24543138125000002 0.514697384375 0.23530109062500001 0.5055913953125 0.22146387031249998 0.5055108921875 0.2133643765625 0.5192133578125 0.21495992031250002 0.5292872296875 0.2172119796875 0.540590678125 0.223538834375 0.547076175 0.23148794218750002 0.5516364984375 0.2413939671875 0.5524586499999999 0.2427408609375 0.5524664859375 0.24767874218750002 0.5473669375 0.25121835312499996 0.5413787375 0.24765654375 0.518890359375
0 0.24847105625000002 0.5228009765625 0.2505418765625 0.5358756140625001 0.25332332812499997 0.54111683125 0.263885328125 0.551028440625 0.27966786718750003 0.5511202609375 0.2811400890625 0.550422478125 0.2876512515625 0.5360915109375 0.284337940625 0.5151720890625 0.2815564875 0.5099308687499999 0.2709036875 0.49811256249999997 0.2646301484375 0.49546354687500005 0.2607238984375 0.49544082187500005 0.2556928515625 0.5006365859375 0.2518454484375 0.5071454984375 0.24847105625000002 0.5228009765625
0 0.2016637703125 0.4841472171875 0.20744522187499997 0.47198514375 0.20383917343750002 0.4492174453125 0.2024943328125 0.44627053749999995 0.1989433984375 0.4423311015625 0.188349446875 0.43704443125000003 0.175091734375 0.43957981718749994 0.1655026515625 0.459117915625 0.1684017984375 0.477422409375 0.17195273125 0.48136184687499994 0.1868670984375 0.4892861703125 0.1927264734375 0.489320259375 0.2016637703125 0.4841472171875
0 0.1162760109375 0.37808455625000004 0.119589321875 0.399003978125 0.1295903359375 0.42518734374999995 0.137875846875 0.4343793609375 0.1418469421875 0.43636104531250003 0.1704141125 0.43652724374999996 0.17652418281249999 0.43199169375 0.18652743125 0.415068521875 0.187948696875 0.39940168125 0.185877878125 0.38632704375000004 0.179900809375 0.3732296796875 0.1640992671875 0.3535438625 0.157825728125 0.3508948453125 0.145692815625 0.348211740625 0.12740405625 0.35594289375 0.1162760109375 0.37808455625000004
0 0.1192613203125 0.346420303125 0.11056164531249998 0.3346133578125 0.09973473125 0.32684182812499996 0.0838911109375 0.3267496515625 0.0744571390625 0.35922223125 0.0761137953125 0.369681940625 0.0812625359375 0.3775494484375 0.0871807578125 0.3841151765625 0.095608234375 0.38926022968749996 0.11161903437500001 0.389353378125 0.11843075781250001 0.3842969828125 0.1249419203125 0.36996601406249996 0.12482422500000001 0.35690273906250003 0.1192613203125 0.346420303125
0 0.059000160937500004 0.2650187578125 0.04858275 0.279327 0.045918990625 0.2871490578125 0.0471614828125 0.2949938390625 0.0638501984375 0.3264411515625 0.0711833796875 0.3313589015625 0.07277734531249999 0.33136817500000004 0.062410390625 0.2659137921875 0.059000160937500004 0.2650187578125
0 0.0559898078125 0.2808166546875 0.0678850984375 0.3004797453125 0.0798131015625 0.30643214375 0.1033133015625 0.3065688640625 0.1093148875 0.3033332953125 0.12363854999999999 0.2890477765625 0.12555070468750001 0.280176340625 0.12285863906250001 0.2631793109375 0.12062170781249999 0.25768001093750004 0.10630028124999999 0.2288589890625 0.088959778125 0.2117767375 0.065522278125 0.21164038281250003 0.0581239421875 0.21420985625000002 0.05463185625 0.21680205937500002 0.0465817328125 0.23373659375 0.0450216171875 0.24483071875 0.045870653125 0.250191321875 0.0559898078125 0.2808166546875
0 0.0320671484375 0.2024640046875 0.0341379671875 0.21553864374999998 0.044790767187500004 0.22735695156250002 0.054710528125000005 0.23447733125 0.058572578125 0.23449979999999998 0.0604746140625 0.23397949218749997 0.05017936562500001 0.1751379375 0.044319990625 0.1751038484375 0.035855704687500004 0.18942345625 0.0320671484375 0.2024640046875
0 0.06689728125 0.195521725 0.0704131375 0.1938553328125 0.078888021875 0.18268268593749998 0.07428201875 0.153601521875 0.0691728796875 0.1429040140625 0.061301532812500004 0.13632692500000002 0.055027993750000004 0.1336779078125 0.0476296578125 0.136247384375 0.039106524999999996 0.144035353125 0.0337201609375 0.15314782968750001 0.0346661828125 0.17144095937499998 0.044963665624999996 0.1871759765625 0.054165796875000005 0.19544765625 0.06689728125 0.195521725
0 0.1620721234375 0.347498278125 0.1640653421875 0.3465535609375 0.1679127453125 0.34004465 0.1721081640625 0.3277249125 0.1685670625 0.3053672765625 0.16045779531249998 0.2929759515625 0.1419924953125 0.2811121921875 0.12678165937500002 0.28363621562499997 0.1202704984375 0.2979671859375 0.1203881921875 0.3110304609375 0.12204484687499999 0.321490171875 0.127607753125 0.3319726078125 0.1406278421875 0.34641720625 0.1429242703125 0.34738687968750004 0.1620721234375 0.347498278125
0 0.1620303390625 0.23452758906249999 0.1592488859375 0.229286371875 0.1470545140625 0.217842909375 0.13636430156249998 0.217780715625 0.126401078125 0.225176490625 0.119475753125 0.2368925328125 0.117226159375 0.2473295171875 0.119296978125 0.2604041546875 0.1362455484375 0.2771003140625 0.1511093328125 0.2771867890625 0.1557545671875 0.2749851125 0.16309405625 0.2658839984375 0.1657578140625 0.2580619375 0.1620303390625 0.23452758906249999
0 0.094825878125 0.20507718281249998 0.114521571875 0.2192146984375 0.1297241390625 0.2193031453125 0.1405172328125 0.204036746875 0.142766828125 0.1935997625 0.1427491734375 0.191640271875 0.1394048 0.17052473125 0.135015409375 0.1569794125 0.1228236484375 0.14776466875 0.11459698437500002 0.14510429062500002 0.10092510937500002 0.14502474999999998 0.0939409359375 0.150209153125 0.08547665 0.16452875625000002 0.0832270546875 0.1749657421875 0.086126203125 0.1932702375 0.0889076546875 0.1985114546875 0.094825878125 0.20507718281249998
0 0.15685485 0.17105038125 0.177692653125 0.186799953125 0.19899790781249999 0.186923903125 0.2042028609375 0.1804696578125 0.20911621406249997 0.16221061406249998 0.20807514375 0.150709478125 0.20484466562499998 0.1303130421875 0.19816917812499998 0.1177341171875 0.1898836671875 0.1085421 0.183195965625 0.103278159375 0.159758465625 0.10314180312500001 0.1508211671875 0.10831484218750001 0.146973765625 0.11482375625 0.145138334375 0.127875665625 0.1448418640625 0.1383240140625 0.1477410125 0.156628509375 0.15685485 0.17105038125
0 0.18496509375 0.2399183109375 0.190973896875 0.232467275 0.1903893 0.20659994375 0.1898508859375 0.20320053749999997 0.184406121875 0.1971600703125 0.17339800625 0.189258471875 0.15972613125 0.18917893125000002 0.15428091875 0.19175976875 0.1504335171875 0.1982686828125 0.14840888125 0.20766196875 0.149910915625 0.2171454390625 0.16759524374999998 0.23886255625000002 0.1698877984375 0.23983059375 0.18496509375 0.2399183109375
0 0.258625153125 0.23517019687500001 0.2586075 0.2332107046875 0.2557911859375 0.215429196875 0.2521162265625 0.20639462968750003 0.22329292343749998 0.18706524687499998 0.22012644374999998 0.187046825 0.2074319734375 0.1891532953125 0.1958309171875 0.20214839375000002 0.1908587171875 0.21387579843750001 0.1986101375 0.2504961484375 0.20494252343750002 0.25967680312499997 0.21595063906249998 0.2675784 0.22281634687500002 0.2697986671875 0.242010021875 0.2699103328125 0.2548365984375 0.24821074531249998 0.258625153125 0.23517019687500001
0 0.2251322609375 0.287048309375 0.22594773906249999 0.2832649015625 0.222743146875 0.2630318984375 0.220576459375 0.2582841046875 0.21229094843750002 0.2490920875 0.20797053437500002 0.246454434375 0.19471282343750002 0.2489898203125 0.1892676125 0.251570659375 0.18542020937499998 0.258079571875 0.1851237390625 0.26852791875 0.200096953125 0.28298388124999996 0.21779277187499999 0.2961494234375 0.2251322609375 0.287048309375
0 0.19932152187500002 0.3772654734375 0.21423588906250002 0.38518979531249997 0.2419938015625 0.387963803125 0.24548588906250002 0.38537160312499996 0.25598334375 0.3644846328125 0.2507586671875 0.33149731875 0.24288544375 0.31351222343749996 0.23181848125 0.29907898906249997 0.219271403125 0.2937809578125 0.207552653125 0.29371278125 0.19666223124999999 0.29887445625 0.18162793593749998 0.32099339374999997 0.17937834218749998 0.331430378125 0.183105815625 0.3549647265625 0.1863014328125 0.36282087343749997 0.19932152187500002 0.3772654734375
0 0.20492857656250002 0.45389970625 0.2350287046875 0.4540748234375 0.2384984609375 0.45090435156249997 0.24066140156250002 0.44515633125000004 0.235135075 0.41026448125000003 0.2192070671875 0.3907042 0.212933528125 0.3880551828125 0.199261653125 0.38797564218749997 0.19227748125 0.393160046875 0.1873052796875 0.404887446875 0.186594646875 0.41272087187500006 0.1899079578125 0.4336402890625 0.193103575 0.4414964375 0.203756375 0.45331474531250004 0.20492857656250002 0.45389970625
0 0.2624136875 0.49255752656249996 0.27736536875 0.49959187812500006 0.293520840625 0.49968586718749997 0.298398265625 0.4979919171875 0.30840151250000003 0.48106874531250005 0.309112146875 0.4732353234375 0.305384671875 0.449700975 0.298579275 0.43137375625 0.28834063906249996 0.42217037656249995 0.275379396875 0.41425741718750003 0.25934023281249996 0.411551584375 0.2504029359375 0.4167246234375 0.24235281406250003 0.433659159375 0.24164217968749999 0.441492578125 0.2453696546875 0.465026928125 0.25134672343750003 0.4781242921875 0.2624136875 0.49255752656249996
0 0.278036315625 0.41470829374999996 0.27989493125 0.4153093421875 0.3141361078125 0.4155085515625 0.315145690625 0.41492418906250006 0.3236099765625 0.400604584375 0.3283821796875 0.3879224484375 0.32311815625 0.35468671406249996 0.3216002375 0.3509550453125 0.301892446875 0.331246503125 0.29325161875 0.325971196875 0.27176724375 0.32584620468750003 0.2612909859375 0.3336228078125 0.2582719109375 0.345361575 0.2569683375 0.37409169375 0.2582108296875 0.3819364765625 0.269336640625 0.4029013484375 0.278036315625 0.41470829374999996
0 0.237634175 0.26957685625 0.23579874531249997 0.2826287703125 0.23911205624999998 0.3035481921875 0.2446749609375 0.3140306265625 0.254913596875 0.3232340078125 0.2664066984375 0.32625043593749997 0.27831474375 0.326319715625 0.2892415203125 0.3182086859375 0.2926747578125 0.309084846875 0.294096025 0.29341800625 0.29007208125 0.2803320046875 0.28137240625 0.26852505937500004 0.27468470312500004 0.263261115625 0.266043875 0.2579858078125 0.2519578375 0.25529134062500003 0.241481578125 0.2630679453125 0.237634175 0.26957685625
0 0.2738017765625 0.1615891078125 0.270439675 0.154221840625 0.25741958593750003 0.1397772421875 0.2478053390625 0.1372539296875 0.24697345468749998 0.1372490890625 0.23285728906249997 0.144859378125 0.2259319640625 0.1565754203125 0.22409653281250003 0.1696273328125 0.22894880624999997 0.187943190625 0.24001576875000002 0.20237642500000003 0.248416571875 0.2075051953125 0.266359678125 0.2076095859375 0.2786052578125 0.19345711875 0.27833169375 0.1901898796875 0.2738017765625 0.1615891078125
0 0.2881247640625 0.16824364218750001 0.2871176609375 0.1865254109375 0.288774315625 0.196985121875 0.2979470015625 0.2179386328125 0.3062325125 0.22713065000000002 0.314873340625 0.23240595625 0.32616215625 0.236056590625 0.343284546875 0.2361562046875 0.3550606375 0.2274147234375 0.3604470015625 0.218302246875 0.357015996875 0.1843195484375 0.3517495609375 0.163388765625 0.338729471875 0.14894416562499999 0.32144781718750004 0.1383935515625 0.30386969218750004 0.1382912859375 0.29688551875 0.1434756890625 0.2914991546875 0.152588165625 0.2881247640625 0.16824364218750001
0 0.32948815468750003 0.2827916375 0.3306129515625 0.27757314375000003 0.33196315468750004 0.2626896453125 0.33163182343750003 0.260597703125 0.3280102734375 0.2488203 0.3149901859375 0.2343757046875 0.30560603125 0.2296927578125 0.3018143296875 0.22967069843750001 0.293091646875 0.23163578437500001 0.2861074734375 0.2368201859375 0.28167966718750004 0.2507527375 0.2847474375 0.2701218796875 0.29042565468750003 0.282564378125 0.2939765875 0.2865038109375 0.30753454062499996 0.293707446875 0.31765623593750003 0.29376633281250003 0.3236876265625 0.2892891859375 0.32948815468750003 0.2827916375
0 0.3380662015625 0.3024547796875 0.3272664078125 0.300066484375 0.325120384375 0.3000539984375 0.3185349515625 0.30234115 0.30740690625 0.3244828125 0.31030605312500004 0.34278730625 0.32715581718750003 0.3593861296875 0.34232008281250004 0.35947435156249996 0.3467636421875 0.3573682609375 0.35517253125 0.3402348515625 0.3516425796875 0.31794762187500003 0.3483048375 0.31165815937499997 0.3380662015625 0.3024547796875
0 0.37625693125000004 0.415869959375 0.3805067171875 0.41271531093749997 0.3913380140625 0.39116409218750003 0.3898359796875 0.381680621875 0.38713780625 0.36834108125 0.3651215734375 0.3525378859375 0.3553559484375 0.3524810703125 0.34641865156249996 0.3576541109375 0.3410322875 0.3667665890625 0.33938039999999997 0.378513309375 0.3423209625 0.397079296875 0.34487745625 0.4033642125 0.357718965625 0.415762109375 0.37625693125000004 0.415869959375
0 0.31373984843749997 0.4420845875 0.33149451406249997 0.46178176875 0.33916205 0.465608075 0.35236975937500004 0.465684915625 0.35883826406249997 0.46194084999999996 0.3657635890625 0.4502248046875 0.3639892390625 0.4267018171875 0.36120778750000004 0.4214606015625 0.345820409375 0.4043897125 0.33132020624999997 0.399080315625 0.32350770624999997 0.3990348640625 0.311551334375 0.4159466734375 0.31042653750000004 0.421165165625 0.31373984843749997 0.4420845875
0 0.3022040375 0.5478929984375001 0.310339478125 0.5528597625 0.32297210625 0.5529332578124999 0.3295477875 0.5480520796875 0.3325668625 0.5363133125 0.32966771562499997 0.51800881875 0.3241048109375 0.5075263828125001 0.3119130484375 0.4983116390625 0.3010554359375 0.49911945625 0.2932220625 0.5074572093749999 0.288735325 0.5125900453125001 0.2911370734375 0.5334597624999999 0.3022040375 0.5478929984375001
0 0.34374953750000004 0.5379249171875 0.35184366875 0.5437348656250001 0.36924960156250003 0.54383613125 0.3734605765625 0.540710290625 0.3784327765625 0.528982884375 0.3742911375 0.502833609375 0.3620405296875 0.48708722812499994 0.3541691828125 0.480510140625 0.3404973078125 0.48043060000000004 0.3346967796875 0.48692814687499997 0.33173655156250004 0.5051985515624999 0.33463569843749996 0.5235030453125 0.34374953750000004 0.5379249171875
0 0.366498921875 0.44624338437500005 0.3560815109375 0.4605516265625 0.35856649375 0.476241190625 0.3674226375 0.48606627343750003 0.393571909375 0.4862184046875 0.3955633890625 0.4769789359375 0.39329823125 0.4626772953125 0.380170796875 0.44632292500000004 0.366498921875 0.44624338437500005
0 0.40793823125 0.534694853125 0.42937049531250004 0.5348195421875 0.4373927109375 0.524243659375 0.43131203124999995 0.485851765625 0.4191796765625 0.4723920265625 0.4089998875 0.469720284375 0.3996484265625 0.472278396875 0.3938478984375 0.478775946875 0.391184140625 0.486598003125 0.389348709375 0.49964991562499994 0.391419528125 0.5127245546875 0.39739659843749997 0.52582191875 0.4033148203125 0.5323876453125 0.40793823125 0.534694853125
0 0.42024089531250003 0.46920189843750004 0.42639084218749995 0.46463674375 0.43177720624999993 0.4555242671875 0.43270102968749996 0.445340821875 0.42986400781249995 0.42742856875 0.42597891250000003 0.41891528125 0.4157402765625 0.4097119 0.4070994484375 0.40443659375 0.3953806984375 0.40436841562500003 0.386857565625 0.41215638437499996 0.38147120156250003 0.42126886093750004 0.3807605671875 0.42910228124999994 0.3828313875 0.4421769203125 0.4013963328125 0.4690922640625 0.42024089531250003 0.46920189843750004
0 0.35813931875 0.3235458890625 0.358938975 0.323666653125 0.38506745 0.3238186640625 0.38548306875 0.3237049703125 0.39436151875 0.3120002921875 0.3943896390625 0.31186982812499997 0.3873902703125 0.2676775515625 0.3873207328125 0.267546521875 0.3766679328125 0.2557282125 0.35784731718749996 0.2477811640625 0.35003481718749996 0.2477357125 0.3410975203125 0.25290875156250003 0.33304739687499996 0.2698432859375 0.3331650921875 0.2829065609375 0.3376032 0.29860749062499997 0.34358026875 0.3117048546875 0.35813931875 0.3235458890625
0 0.40510959843750005 0.24526299062499998 0.413573884375 0.230943384375 0.413870353125 0.22049503593750003 0.4138468140625 0.21788238125 0.40813135312500004 0.1817963796875 0.399372384375 0.1720791046875 0.39073155625 0.166803796875 0.37510655625 0.16671289375 0.3630913375 0.1770930640625 0.35658017656249996 0.19142403125000002 0.361135978125 0.22018823593749998 0.366698884375 0.2306706734375 0.3749843953125 0.239862690625 0.3875314734375 0.245160725 0.40510959843750005 0.24526299062499998
0 0.3706349765625 0.1532646640625 0.3744823796875 0.1467557515625 0.3704787953125 0.12147811718749998 0.3651919984375 0.112738965625 0.3573206515625 0.10616187656250001 0.3436487765625 0.10608233593750001 0.33861772968750004 0.1112781015625 0.335184490625 0.1204019421875 0.33530218437500003 0.13346521718749998 0.3412792546875 0.14656258125 0.347482428125 0.15344443593749998 0.36974443749999997 0.153573953125 0.3706349765625 0.1532646640625
0 0.4033205140625 0.1658981484375 0.41160602500000004 0.17509016718749998 0.412568784375 0.175677940625 0.436218475 0.1758155296875 0.43699665000000004 0.175237884375 0.44546093593749997 0.1609182796875 0.4492494921875 0.1478777296875 0.449301375 0.14604927031249998 0.4462262078125 0.12663343124999998 0.4455220171875 0.12434338125 0.43995911249999997 0.11386094375 0.43404088906249993 0.10729521875 0.42540006249999995 0.10201990937500001 0.40474401406249993 0.1071247734375 0.39231463125 0.11489001562500001 0.38929555625 0.1266287828125 0.3889990859375 0.13707712968750002 0.3926088671875 0.14754820468750002 0.4033205140625 0.1658981484375
0 0.44319289375000004 0.2513199828125 0.44873601875 0.25238030624999996 0.4641349484375 0.2524698953125 0.46858351875000004 0.25146769999999996 0.4778761328125 0.24237795 0.48263760156249996 0.228396021875 0.47799190625000004 0.19906425625 0.46521359531249995 0.1809101015625 0.448346103125 0.1729744171875 0.4409477671875 0.17554389374999999 0.4204094140625 0.1937120328125 0.416976175 0.202835871875 0.41667970624999995 0.21328421875 0.4191646890625 0.22897378750000003 0.42194614062499997 0.23421500156250002 0.432598940625 0.246033309375 0.44319289375000004 0.2513199828125
0 0.405875 0.2969122515625 0.41611363749999997 0.30611563125 0.423887440625 0.3099949703125 0.4347727953125 0.3100582984375 0.4449963484375 0.3036711484375 0.4503827125 0.294558671875 0.4525198265625 0.2846435359375 0.44904085 0.2626781421875 0.443756090625 0.252719828125 0.43547057968749997 0.2435278109375 0.4225093375 0.23561485000000001 0.4107905875 0.23554667187499997 0.40185329062499997 0.24071971250000002 0.3964669265625 0.24983218906250002 0.39320501406249997 0.2649658171875 0.39349492812500003 0.2667962671875 0.397116478125 0.2785736671875 0.405875 0.2969122515625
0 0.44388815312499996 0.3582752 0.44090617343750005 0.33944772031250003 0.43993571875 0.3357845484375 0.4312360453125 0.323977603125 0.4245483421875 0.318713659375 0.4149215296875 0.3161870484375 0.4138605734375 0.3161808765625 0.4050170921875 0.31860003125 0.3964939578125 0.3263879984375 0.3895686328125 0.338104040625 0.3901004921875 0.35378224375 0.3960775609375 0.3668796078125 0.40909765 0.38132420625 0.4123299578125 0.3832975609375 0.4314732140625 0.3834089328125 0.4414136 0.369755884375 0.44388815312499996 0.3582752
0 0.49882160468750003 0.3962892375 0.5042494265624999 0.39226012187500003 0.507410325 0.3848048421875 0.500141009375 0.3389081921875 0.498274590625 0.336056221875 0.4860828296875 0.32684147812500003 0.4626453296875 0.32670512343749997 0.45566115781249994 0.331889528125 0.45181375468749996 0.3383984390625 0.4484393625 0.3540539140625 0.454948290625 0.3828294828125 0.45772974375000003 0.388070703125 0.46666462343750004 0.396102153125 0.49882160468750003 0.3962892375
0 0.43652700156249996 0.4276084375 0.440550946875 0.440694440625 0.44611385156249994 0.451176875 0.457233521875 0.46161181406249996 0.4726366875 0.4617014265625 0.482867909375 0.45530948125000004 0.48855074375 0.4357486578125 0.4868940890625 0.42528894843750004 0.48091701875000004 0.4121915828125 0.4745846328125 0.40301092812499995 0.457302978125 0.3924603140625 0.451443603125 0.392426225 0.44292046875 0.40021419375 0.43907306718749994 0.40672310625 0.43652700156249996 0.4276084375
0 0.441315546875 0.504658815625 0.44225830468750005 0.5052343765625 0.4632374515625 0.5053564296874999 0.46860045 0.4982862578125 0.4711310203125 0.49085530468750005 0.4693086984375 0.47934962187499996 0.46363048281249997 0.4669071265625 0.46007955 0.46296769062500004 0.44907143281249995 0.4550660921875 0.44321205781249995 0.45503200312500003 0.43581372187499995 0.4576014796875 0.428888396875 0.46931752031249996 0.4297398171875 0.4857813375 0.43015398125 0.48839626718750007 0.4330300359375 0.49546679843749997 0.441315546875 0.504658815625
0 0.48479097343750005 0.537676271875 0.4825959046875 0.523817153125 0.48009259843749996 0.519100059375 0.47222125000000004 0.5125229671875 0.46204146250000006 0.509851228125 0.45024450781249997 0.5265375437500001 0.4511708546875 0.5323862640625 0.45606215937499994 0.539860396875 0.461079453125 0.54437038125 0.48034623749999994 0.544482471875 0.4810974671875 0.543924828125 0.48479097343750005 0.537676271875
0 0.5293277546875 0.5084018296874999 0.5300383890625 0.5005684109375 0.5263109140625 0.4770340625 0.508142084375 0.4547219546875 0.502906390625 0.4525111703125 0.483712715625 0.4523995046875 0.477306246875 0.457155075 0.4719198828125 0.4662675515625 0.46967028906249997 0.4767045375 0.47144463906249995 0.5002275234375 0.47505441875 0.510698596875 0.48375409375 0.5225055421875 0.5046414265625 0.53525745625 0.5098401171875 0.5352877015625 0.519738671875 0.5279399296875 0.5293277546875 0.5084018296874999
0 0.526594815625 0.4651374671875 0.5306585593750001 0.4632113984375 0.53568960625 0.4580156296875 0.5418390359374999 0.444480828125 0.5378038140625 0.41900344062499995 0.5277616453125 0.40180036562500004 0.5179371734375 0.3952119125 0.5042652984375 0.395132371875 0.49378903906250005 0.402908978125 0.4888168390625 0.41463638124999996 0.48810620625 0.4224698015625 0.4925443140625 0.4381707296875 0.5099436640625 0.46178462343750004 0.514516790625 0.4650671984375 0.526594815625 0.4651374671875
0 0.5269506171875 0.282718040625 0.5109114531250001 0.28001220937500004 0.4988962328125 0.2903923796875 0.49043194687499997 0.3047119859375 0.4897213140625 0.31254540625 0.4934487890625 0.3360797546875 0.501793146875 0.351803409375 0.5167663609375001 0.366259371875 0.5362976109375001 0.3663730015625 0.541742821875 0.3637921609375 0.549496475 0.3573059765625 0.5544098265625 0.3390469328125 0.552635478125 0.315523946875 0.5494398609375 0.3076678015625 0.53559144375 0.2879933453125 0.5269506171875 0.282718040625
0 0.47439354375000004 0.26689843125 0.46072166875000004 0.266818890625 0.45338217968750005 0.2759200046875 0.4480546625 0.29156411718749997 0.45332109843749996 0.3124949015625 0.4642151046875 0.322718071875 0.48270951249999994 0.32282566875 0.48980581718750005 0.31307894375 0.48390528593750004 0.2758244546875 0.47439354375000004 0.26689843125
0 0.5116042453125 0.2794582546875 0.516990609375 0.270345778125 0.5177012421875 0.262512359375 0.515216259375 0.2468227921875 0.5041492953125 0.2323895578125 0.48964909375000004 0.2270801625 0.48420388281250004 0.22966100156249997 0.47727855625000004 0.24137704218749997 0.476153759375 0.24659553281250002 0.47905290625 0.264900028125 0.4881667453125 0.2793218984375 0.493041878125 0.2822982140625 0.506561846875 0.282376871875 0.5116042453125 0.2794582546875
0 0.5288035437499999 0.20133113749999998 0.5168074984375 0.20126134687500002 0.5134663046875 0.203741540625 0.5054161828125 0.2206760734375 0.5083153296875 0.2389805671875 0.52133541875 0.25342516718749997 0.525469146875 0.255948846875 0.5355009390625 0.2560072109375 0.545624228125 0.241688225 0.541419084375 0.21513799374999998 0.538915778125 0.210420896875 0.5288035437499999 0.20133113749999998
0 0.4645425515625 0.14987690468749998 0.46341775468749996 0.155095396875 0.46714522968749994 0.1786297453125 0.47034084531250003 0.186485890625 0.4778568765625 0.196979690625 0.48589339374999996 0.2042036140625 0.512208653125 0.2043567125 0.5130719734375 0.2037158640625 0.5199972984375 0.191999821875 0.5211220953125 0.1867813265625 0.5169804578125 0.1606320515625 0.5114175515625 0.150149615625 0.5007647515625 0.1383313078125 0.4901707984375 0.1330446359375 0.4804051734375 0.1329878203125 0.4714678765625 0.1381608640625 0.4645425515625 0.14987690468749998
0 0.5516411171875 0.4325009171875 0.5646016875 0.43257631874999997 0.5684047624999999 0.43171954531249995 0.5764548859375 0.4147850109375 0.576916796875 0.4096932875 0.57561218125 0.401456265625 0.5727274109375 0.3912506609375 0.5671645046875 0.380768225 0.5545585796875 0.36893855468750003 0.5408867046875 0.3688590140625 0.5273913718750001 0.3883743875 0.5270949015624999 0.39882273281249997 0.5358534234375 0.41716131562500003 0.5386348765625 0.422402534375 0.5488735124999999 0.43160591562499995 0.5516411171875 0.4325009171875
0 0.5435460140624999 0.5180912 0.5568192843750001 0.5261946562500001 0.5834577453125 0.526349634375 0.58385100625 0.5261632421875 0.587698409375 0.519654328125 0.591874759375 0.50413414375 0.5881431421875 0.4805736453125 0.5766336796875 0.4621145578125 0.5663950437499999 0.45291117812500004 0.5558010906249999 0.44762450625000005 0.5460354656249999 0.44756769218750003 0.5375123312500001 0.455355659375 0.5290480453125 0.4696752671875 0.5283374125 0.47750868593750007 0.5288692703125 0.4931868890625 0.5348463390625 0.506284253125 0.5435460140624999 0.5180912
0 0.5054391265625 0.14031385937500002 0.525399034375 0.14042998281250002 0.531397925 0.1272265125 0.5321085578125 0.11939309218750001 0.5292094109375001 0.1010886 0.508376821875 0.0865985484375 0.500564321875 0.086553096875 0.49358015 0.0917375015625 0.487483153125 0.1086833953125 0.492335425 0.1269992546875 0.4986678109375 0.1361799078125 0.5054391265625 0.14031385937500002
0 0.5220700968750001 0.1792145734375 0.5276330031249999 0.189697009375 0.5410672546875 0.2067565359375 0.562669325 0.21994480468750002 0.57243495 0.22000161875000002 0.5868174578125 0.21224773749999998 0.5937427828125 0.2005316984375 0.5959923781249999 0.1900947125 0.5929755359375 0.15872694375000002 0.5861701390625 0.1403997234375 0.5774704640625 0.128592778125 0.5586498484375 0.120645728125 0.5317202609375 0.123101575 0.528228175 0.125693778125 0.5178107640625 0.1400020203125 0.5166859671874999 0.1452205140625 0.5220700968750001 0.1792145734375
0 0.60886943125 0.2726292515625 0.6142557953125001 0.263516775 0.6144807546875 0.26247307656249996 0.6105434375 0.23761383125000002 0.594312615625 0.217681678125 0.5880390765625 0.2150326640625 0.578687615625 0.217590775 0.567856040625 0.2292840890625 0.5664347734375 0.2449509328125 0.56891975625 0.26064049843750003 0.5744826625 0.2711229328125 0.579380171875 0.276556275 0.60236958125 0.2766900234375 0.60886943125 0.2726292515625
0 0.575633478125 0.3093167421875 0.5767244359375 0.30868528125 0.5847745578125 0.2917507453125 0.581461246875 0.27083132499999996 0.57867979375 0.26559010625 0.56607386875 0.253760434375 0.55044886875 0.25366953125 0.545417821875 0.2588652984375 0.5400314578125001 0.267977775 0.536657065625 0.2836332515625 0.5378995578125 0.291478034375 0.5434624625 0.301960471875 0.5514899515625 0.3091762796875 0.575633478125 0.3093167421875
0 0.6006776796875 0.3625906671875 0.5965896390625 0.3367797921875 0.5954770578125 0.3346833046875 0.5828711328125 0.32285363437500003 0.5672461328125 0.32276273125 0.561800921875 0.32534356875000003 0.55795351875 0.33185248125 0.5534543296875001 0.35272644999999997 0.5583066015625 0.371042309375 0.57196230625 0.384226275 0.5895501000000001 0.3843285984375 0.6006776796875 0.3625906671875
0 0.6134897031250001 0.4271583578125 0.6216147984375 0.4297858921875 0.62178359375 0.4297868734375 0.6271615781250001 0.4272378984375 0.638762634375 0.4142428015625 0.639615059375 0.4113086765625 0.6350489015624999 0.3824790984375 0.6345621484375 0.38156188593749996 0.6234951843750001 0.36712865 0.6191747703125 0.364490996875 0.60508873125 0.3617965296875 0.5996435203125 0.3643773671875 0.5927181953125 0.376093409375 0.5920075625 0.383926828125 0.5961491999999999 0.4100761046875 0.604848875 0.42188305000000004 0.6134897031250001 0.4271583578125
0 0.61827940625 0.4540113 0.6157944234375 0.438321734375 0.6125988062500001 0.43046558749999997 0.60389913125 0.41865864375 0.5952583031249999 0.4133833359375 0.5818678671875 0.410821928125 0.5809033671875 0.4108163171875 0.5757270531249999 0.41326970625000004 0.5672627671875 0.42758931406249995 0.5701619140624999 0.4458938078125 0.57335753125 0.453749953125 0.5887449078125 0.4708208421875 0.6021353375 0.47338224999999995 0.6030998484375 0.4733878609375 0.6082761578125 0.470934471875 0.6171546078125 0.4592297921875 0.61827940625 0.4540113
0 0.61139571875 0.5249511124999999 0.62128535625 0.5250086484375001 0.626441128125 0.524022665625 0.6353195781250001 0.5123179875 0.6352254234375 0.5018673671875 0.634479928125 0.49716049531250006 0.6315921046875 0.4887836390625 0.6228924296875 0.4769766921875 0.6118843125 0.46907509531249997 0.6079780625 0.46905237031249997 0.59596284375 0.47943254062499996 0.59127476875 0.4904898078125 0.5918782640625 0.4943001296875 0.5954287515625001 0.5068608734375 0.60294478125 0.517354671875 0.61139571875 0.5249511124999999
0 0.6059210828125 0.3329088546875 0.61635701875 0.33296956875 0.6194626390625 0.33212001875 0.6264468109375 0.3269356171875 0.629605390625 0.3185416828125 0.62675594375 0.30055098125 0.62419945 0.294266065625 0.6178670640624999 0.2850854109375 0.6029526984375 0.277161084375 0.592062275 0.28232276562499997 0.58513695 0.29403880625 0.58456844375 0.30030554062500003 0.5853967718749999 0.3055353953125 0.5892785890625001 0.32018808125 0.5975641 0.3293800984375 0.6059210828125 0.3329088546875
0 0.63867039375 0.2575021 0.6276423921875 0.24916694687500002 0.6178767671875 0.2491101328125 0.6094124812499999 0.2634297390625 0.6110691359375 0.273889446875 0.616632040625 0.2843718859375 0.6268706765625 0.293575265625 0.6366363015625 0.2936320796875 0.6401283890625 0.2910398796875 0.6429341296875 0.284422271875 0.63867039375 0.2575021
0 0.6379408734375 0.23630940625000002 0.6414915828125001 0.23588980624999997 0.64847575625 0.23070540312499999 0.6523231578125 0.22419649062499997 0.65388416875 0.1958597515625 0.65050045 0.174495790625 0.634511878125 0.1548611375 0.6176443875000001 0.1469254515625 0.6102460515625 0.14949492656250002 0.598289678125 0.1664067328125 0.596040084375 0.17684371875 0.5965719421875 0.19252192343750002 0.60266670625 0.2186825625 0.6161009578125001 0.23574208749999997 0.6168290265625 0.2361865796875 0.6379408734375 0.23630940625000002
0 0.6784904046875 0.189713509375 0.6682082874999999 0.1896536890625 0.6649878078125 0.1920442765625 0.65960144375 0.20115675312499998 0.6629147546875 0.222076175 0.674984625 0.2334028 0.68204829375 0.23344389375 0.6883642265625001 0.2287555296875 0.691797465625 0.219631690625 0.68889831875 0.20132719687499998 0.6861168656250001 0.196085978125 0.6784904046875 0.189713509375
0 0.729850528125 0.2335059015625 0.72993935625 0.2325267234375 0.726677815625 0.21193416874999998 0.726123053125 0.20997155312500002 0.7111498390625 0.1955155921875 0.7013842140625 0.1954587765625 0.6913809671875 0.21238194687499998 0.696647403125 0.23331273281249998 0.7006125 0.2398670953125 0.710821478125 0.24609977343749997 0.719704578125 0.24615145468750002 0.7244641640625 0.24261837812499998 0.729850528125 0.2335059015625
0 0.7019753203125 0.2493123453125 0.693995890625 0.244440825 0.671315525 0.24430887499999998 0.6648659453125 0.2490964484375 0.656300640625 0.2676825328125 0.6591631265625 0.2857555578125 0.6626141171875 0.3026399703125 0.6705372265625 0.3114299359375 0.7082445984375 0.3116493109375 0.7133953671875 0.30293540625 0.715230796875 0.2898834921875 0.7083077062500001 0.2584929984375 0.7019753203125 0.2493123453125
0 0.6472477546875 0.3486179734375 0.65352129375 0.351266990625 0.67109941875 0.35136925625000004 0.6784389078124999 0.34226814375000003 0.679451225 0.3375715 0.6771526156250001 0.3230586515625 0.6706874875 0.3056477921875 0.6643551015625 0.2964671390625 0.6513938609375 0.28855417656250004 0.6416282359375 0.2884973625 0.6346440640625 0.29368176562500004 0.6292576999999999 0.3027942421875 0.6279074953125 0.317677740625 0.6293432640625001 0.3267428234375 0.63700911875 0.33941459375 0.6472477546875 0.3486179734375
0 0.69568164375 0.41294192656249995 0.697706278125 0.40354863906249994 0.6936060562499999 0.37766085625 0.68822669375 0.36587322968749997 0.6799411828124999 0.3566812125 0.6723191171875 0.35202786875 0.6586430265625001 0.3519483046875 0.6436601359375 0.361695171875 0.635503640625 0.3754940625 0.6365804671874999 0.382292875 0.642118940625 0.4074052734375 0.6472676828124999 0.4152727828125 0.65987360625 0.42710245156250004 0.6689307828125 0.431622228125 0.6728973140625001 0.4316453046875 0.68721735625 0.4272615328125 0.69568164375 0.41294192656249995
0 0.6693357546875001 0.474831925 0.6708807125 0.470726196875 0.665913046875 0.43936159375 0.6588028828125 0.43297035624999997 0.6544824703125001 0.4303327046875 0.6369043453125001 0.4302304375 0.6326427781249999 0.434124421875 0.6303931828125 0.4445614078125 0.6332923312500001 0.46286590156249996 0.6419920046875001 0.47467284374999996 0.6479859125 0.47833218125 0.6658458546875 0.4784360875 0.6693357546875001 0.474831925
0 0.6781539875 0.5295840375 0.682001390625 0.523075125 0.6819216109374999 0.5207233953125 0.6789292765625 0.5018305421875 0.6754924625000001 0.4942995578125 0.669574240625 0.4877338296875 0.6550740375 0.48242443437500004 0.6496288265625 0.4850052734375 0.6407503765625 0.49670994999999996 0.6397432734375 0.5149917203125 0.65004075625 0.5307267390625 0.6532072875 0.532999665625 0.6733944000000001 0.5331171109375 0.6781539875 0.5295840375
0 0.718335975 0.517767971875 0.7307996609375 0.496682309375 0.7310246203124999 0.49563861249999996 0.726385984375 0.46635142187499995 0.7202667890625001 0.4548207421875 0.708489190625 0.44822092500000005 0.694817315625 0.44814138437500006 0.6823879328125 0.4559066265625 0.6754626078125 0.46762266874999997 0.6747519750000001 0.47545608906250003 0.6780652859375 0.4963755109375 0.683628190625 0.5068579468750001 0.693331153125 0.5176224984375 0.718335975 0.517767971875
0 0.7619109749999999 0.5141607593749999 0.7708771718749999 0.5196347078125 0.7907435703125001 0.5197502875 0.7920361765624999 0.5195610609375 0.8005593109375001 0.5117730890625001 0.8074846359375 0.50005705 0.8088062718750001 0.49392531875 0.8041262203124999 0.4643766375 0.7952951078125 0.44773576875 0.7803218953125 0.43327980781250003 0.7697279421875 0.4279931375 0.74865773125 0.4304830734375 0.7451656453125 0.43307527500000004 0.7382403203125001 0.44479131875 0.735990725 0.4552283015625 0.738889871875 0.47353279531250003 0.7536254640625 0.5049687421875 0.7619109749999999 0.5141607593749999
0 0.7362113046875 0.449536878125 0.7399998609375 0.43649632968749996 0.74071049375 0.42866290781250005 0.7378113468749999 0.4103584140625 0.7212991718749999 0.39850601874999997 0.7153354390625 0.3959878171875 0.7143709296874999 0.39598220624999997 0.7017679218749999 0.398392390625 0.6982758359375 0.4009845890625 0.6933036359375 0.41271199531249997 0.6925930015625 0.42054541562500003 0.6970311109375 0.43624634531249995 0.702594015625 0.4467287796875 0.7128326515625 0.455932159375 0.7280797546875 0.45850437031249996 0.7289753703125 0.45850958124999996 0.7362113046875 0.449536878125
0 0.7197271921875 0.3956650328125 0.7353521921875 0.39575593593749997 0.7446448046875 0.386666184375 0.74789665 0.3754730484375 0.7431096046875 0.3452488421875 0.7359473640624999 0.3317527046875 0.7248804015625 0.3173194703125 0.7103801984375 0.31201007187499996 0.7025676984375 0.31196461875 0.6936304015625 0.31713766250000003 0.6897829984375 0.323646571875 0.687236934375 0.3445319046875 0.7012618921875 0.383801271875 0.7048128250000001 0.387740709375 0.7197271921875 0.3956650328125
0 0.7503479343749999 0.329040928125 0.759153290625 0.33536139375 0.7796636203125 0.33548071875 0.7859183468750001 0.3318603890625 0.7908905468749999 0.320132984375 0.7962929640625 0.286789496875 0.7908933015625 0.2526973734375 0.7894737484375 0.24958675000000002 0.7721332453125 0.23250449999999998 0.7552657546875 0.2245688140625 0.7435470046875 0.2245006375 0.7291644953125 0.2322545140625 0.7202860453125 0.2439591921875 0.716497490625 0.25699974375 0.7199284953125 0.290982440625 0.7254914 0.3014648765625 0.7503479343749999 0.329040928125
0 0.8122523609375 0.391249221875 0.8247994390625 0.3965472546875 0.8365181890625 0.3966154328125 0.8511383203125 0.3718815671875 0.8469966812499999 0.345732290625 0.8374098312499999 0.322163853125 0.82675703125 0.31034554375 0.81657724375 0.30767380312500003 0.8056868203124999 0.31283547968750003 0.7926056515625 0.33496578125 0.791480853125 0.3401842734375 0.79603665625 0.368948478125 0.7992322734374999 0.376804625 0.8122523609375 0.391249221875
0 0.7688063390625001 0.4274104453125 0.7902907140625001 0.4275354375 0.7941381171875 0.421026525 0.797512509375 0.40537104843750005 0.7982231421875 0.397537628125 0.7953239953125 0.379233134375 0.775202040625 0.3569096625 0.7708816265625 0.3542720109375 0.7572097515625 0.3541924703125 0.753717665625 0.3567846703125 0.7486866171875 0.36198043750000003 0.74217545625 0.37631140625000004 0.7414648234375 0.3841448265625 0.7443639703125 0.4024493203125 0.755430934375 0.41688255625000004 0.7688063390625001 0.4274104453125
0 0.8266659359374999 0.5137150359375 0.8493322687499999 0.5138469046874999 0.8571029203125 0.5031739640625 0.8517203828125 0.46918996249999995 0.8471309859374999 0.460541953125 0.8412127640625 0.4539762265625 0.8314471390625 0.4539194125 0.8107910921875 0.459024275 0.8069436890624999 0.4655331859375 0.80623305625 0.4733666078125 0.809132203125 0.49167110156250005 0.8123278203125001 0.49952724843749996 0.82102749375 0.511334190625 0.8266659359374999 0.5137150359375
0 0.8271556171875 0.45595865625 0.8315169390625 0.4549761171875 0.8369033031249999 0.445863640625 0.8335899921875001 0.42494422031249995 0.8253044812500001 0.415752203125 0.8135857312500001 0.415684025 0.80470728125 0.42738870156250003 0.8071922640625001 0.44307826875 0.8099737171875001 0.44831948749999995 0.8184156218749999 0.45590780937500003 0.8271556171875 0.45595865625
0 0.8949066999999999 0.5053101203125 0.8911792249999999 0.48177577187500004 0.8889422937499999 0.4762764703125 0.881070946875 0.4696993796875 0.8713310249999999 0.46714308281249994 0.8706558703124999 0.4671391546875 0.865445946875 0.46960847499999997 0.8573958234375001 0.48654301093749996 0.8571882953125 0.49385685312499994 0.8583065375000001 0.5009171578125 0.8611232984375 0.510077359375 0.8670415203124999 0.516643084375 0.8812284484375 0.5218377734375 0.88219898125 0.52184341875 0.8967525593750001 0.5194284578125 0.8949066999999999 0.5053101203125
0 0.8474334765625 0.43473138906250003 0.8580862765624999 0.4465496953125 0.87991023125 0.4609487546875 0.89920638125 0.4610610171875 0.90620376875 0.4546671921875 0.9131290921874999 0.44295114687500003 0.9169176484375001 0.42991060000000003 0.9176282828125 0.42207717968749997 0.9151433000000001 0.4063876140625 0.91153351875 0.395916540625 0.903603325 0.3828078109375 0.8886301109374999 0.3683518515625 0.8741299078125 0.3630424546875 0.8585049078125 0.36295155156250003 0.853059696875 0.365532390625 0.841103325 0.382444196875 0.8377289328125 0.398099675 0.8382607906249999 0.413777878125 0.8474334765625 0.43473138906250003
0 0.8577481890625 0.32737336093749997 0.8589906812500001 0.33521814375000003 0.8645535859375 0.3457005796875 0.87562055 0.36013381718750004 0.8862109765625 0.3657607375 0.900280915625 0.36584259375 0.9053315890625001 0.3629191890625 0.9091789921875 0.3564102765625 0.9114285859375 0.34597329062500004 0.9064586203125 0.314594159375 0.903263003125 0.3067380140625 0.8945633281250001 0.29493106875 0.8863366656249999 0.29227068906250003 0.8730789531250001 0.2948060765625 0.8630757062500001 0.31172924687500003 0.8577481890625 0.32737336093749997
0 0.9657138749999999 0.47188189375 0.9651820171875001 0.45620368906250003 0.961158071875 0.4431176875 0.9438175703124999 0.4260354390625 0.9184269453124999 0.42588772031250005 0.914934859375 0.42847991875 0.906470571875 0.442799525 0.9047528359375001 0.468914715625 0.91114406875 0.48462700468750003 0.9241641578124999 0.4990716046875 0.9386643609374999 0.5043810015625 0.9519220718750001 0.5018456171875 0.9657138749999999 0.47188189375
0 0.9273572140624999 0.36600011875 0.9115746781249999 0.3659082984375 0.909332734375 0.3697011453125 0.907318528125 0.40626468125 0.917971328125 0.41808298906249997 0.92210505625 0.4206066703125 0.934245778125 0.420677303125 0.939455703125 0.41820798281249993 0.9428889421875001 0.4090841421875 0.9443102078125 0.393417303125 0.9430677171875 0.3855725203125 0.9273572140624999 0.36600011875
0 1 0.37536353437500003 0.991380428125 0.3641221203125 0.979958146875 0.3536055953125 0.9717314828125 0.35094521562500003 0.960426896875 0.353491965625 0.951548446875 0.36519664375 0.95042365 0.3704151359375 0.949713015625 0.37824855625 0.9521979999999999 0.393938121875 0.9605423578125001 0.409661778125 0.973562446875 0.42410637500000004 0.977123259375 0.4256099390625 1 0.42574303125 1 0.37536353437500003
0 1 0.42610749375 0.9871365515624999 0.42603265625000003 0.9766602921875001 0.43380926249999996 0.96819600625 0.44812886875 0.967188903125 0.46641063593750004 0.9688455593749999 0.476870346875 0.9744084640624999 0.48735278437499996 0.9893816781250001 0.5018087453125 0.9971941781250001 0.501854196875 1 0.5009952546875 1 0.42610749375
0 0.931890103125 0.6876048984375001 0.95800049375 0.687756803125 0.9610636124999999 0.685483028125 0.964911015625 0.678974115625 0.963803659375 0.6643363 0.9626121859375001 0.656813640625 0.9531356515624999 0.6292677624999999 0.9472174296875 0.6227020375000001 0.9342561890625 0.6147890765625 0.92017015 0.6120946078125 0.911647015625 0.619882578125 0.9066001890625 0.6284206375 0.9111073296875001 0.6568776078125 0.9135979078125 0.663000475 0.9191608125 0.6734829125 0.931890103125 0.6876048984375001