0 0.6235088863341078 0.7291911305697317 0.1183017389724144 0.12639300784730628
0 0.6583259741312344 0.8840326245624139 0.1097290087195228 0.10581474267981754
0 0.5962006756834233 0.4814263399109132 0.050863934730564074 0.05685900625596556
0 0.664827057256504 0.46892579256845907 0.057579840430020825 0.06152043900680084
0 0.21117404424409747 0.7644142992918656 0.1314352641831574 0.14361125726547092
0 0.6021233599303215 0.5539098672422315 0.04912157453392894 0.055375981172420194
0 0.4791081010993361 0.4375410745942306 0.08192120883464735 0.09456929634289164
0 0.7048835047833195 0.7844138852244141 0.05231678780078841 0.05677839500616457
0 0.49844350013375516 0.2610058465945488 0.06884590621098816 0.07861944184138032
0 0.18094153085271783 0.29902620397041046 0.10057355258464731 0.09478633601209037
0 0.522353780986473 0.5618592745862765 0.05416533330360984 0.05992044000636341
0 0.06356217997630705 0.3019523039863188 0.10314981792462267 0.11656254342874384
0 0.5110484257725932 0.6602876839195038 0.12433565673087905 0.13582482451463562
0 0.5557546800877697 0.5185632605824584 0.05455249668002082 0.06148521267305647
0 0.7892238116385581 0.4596769672183689 0.10539751748363066 0.12136701734563574
0 0.8773310573456742 0.6443235925366423 0.053961491747423554 0.058260283756363405
0 0.7200525704918361 0.6227496792250504 0.048878299314826276 0.054983083505727136
0 0.7850594783572407 0.563483219883869 0.09835638262400934 0.10373207567830622
0 0.7854500264483714 0.2553258218889597 0.06633614250870981 0.07088641675783487
0 0.3763984959300415 0.6259683226050482 0.059815549309253056 0.06622725667369274
0 0.8591002239751868 0.5704230158736877 0.06330026970252334 0.06919330684078381
0 0.28377790833354766 0.8720080759468661 0.06579458110143666 0.07838890300763594
0 0.3825437241089419 0.8427740146005938 0.07821719458182574 0.09140566100910733
0 0.3055272898620435 0.7711177379455935 0.09487141222516601 0.1118829293443632
0 0.5499140747847199 0.4390575739179129 0.09020814359029039 0.10090679401057905
0 0.8337600617500207 0.6814968758752784 0.06452010742162599 0.06959756784094288
0 0.1959158994356846 0.6218273572963199 0.08482691497509594 0.09440807384328931
0 0.6748201493910996 0.5273195478994592 0.05394603944405851 0.05972285483967017
0 0.5612591232548236 0.8867223672422314 0.09840780696670137 0.10256247334499946
0 0.5225644784687032 0.7888757605824585 0.10881202461004147 0.12296701634607335
0 0.7648932896614108 0.3655638878899142 0.053202617297966805 0.05366816733967017
0 0.4739152809641805 0.5179552805935943 0.061182736809253055 0.06624316534054522
0 0.29320129415492735 0.585589317950366 0.057513088786750544 0.05859416050684061
0 0.3203788862226452 0.5103802326145933 0.0968453069667012 0.10254429201145392
0 0.7161294739306017 0.48315137722791396 0.06469143856207467 0.06940452800763594
0 0.39902205282986514 0.39088479793923003 0.04509554273895881 0.04879551342198276
0 0.3988045090093257 0.4689007099379573 0.05221566992719921 0.0583374860061248
0 0.7177345134359647 0.5463235392266412 0.06004016060697488 0.058526048923851805
0 0.20830212741395226 0.43835178596436536 0.04999541335133166 0.05216809725592597
0 0.6123843817514212 0.33691327124445863 0.05093414799742355 0.058225057422619034
0 0.4271362064023859 0.5177194705999576 0.052529158413161345 0.06009643483947134
0 0.6667634126041391 0.6374121632320501 0.05027292979796698 0.05363407733927232
0 0.7162195530527904 0.8318701405554142 0.04578927135415327 0.05523968958863605
0 0.3279836888072925 0.41667568594845694 0.07949364907900414 0.08829997867599956
0 0.002842223796846465 0.5223017139958639 0.00568444759369293 0.1460215720082722
0 0.25481127224465766 0.625042716621593 0.045503225851331666 0.05211582592198276
0 0.18359190377315354 0.5252341679662743 0.08699241058746887 0.09774884034352808
0 0.3616269784687033 0.7907484379376392 0.046968069601331666 0.05213287092218159
0 0.6342633818405913 0.5145291939051863 0.04753509317437761 0.055162487338874654
0 0.37662988624493776 0.5541933199395481 0.061950140314896276 0.07249316534054522
0 0.7684822241312345 0.88275084054746 0.12688189248363066 0.12161701068188577
0 0.09761986444613069 0.8187847206397285 0.06555649831771784 0.07565566434098266
0 0.7858872679517738 0.8045349338797327 0.043039694056361454 0.04555353950509087
0 0.07544908795317426 0.4656420866486372 0.12349259751741962 0.14166601818109026
0 0.4015428071896266 0.3385865012730937 0.05016328286819114 0.0535352847559258
0 0.8720630046049791 0.426727559874324 0.09252098898356068 0.10385920817751089
0 0.2108061890302178 0.8627154392902746 0.04762582617719922 0.05828407833883489
0 0.07620564503133816 0.5865540233131827 0.10482542647798754 0.11511929001232897
0 0.845466965300249 0.7640548372056422 0.09734718470548494 0.10742596817810757
0 0.8153580703357883 0.3103673105506417 0.07221418143009081 0.07904870217516438
0 0.25518997388601655 0.3995796399586383 0.0869804199076932 0.09765118409352791
0 0.8712225223561203 0.8402082572008698 0.05726264031489627 0.0724386213399086
0 0.6458189739751867 0.5729047679026408 0.050558975300788414 0.056757941005925974
0 0.7210602106952697 0.3286275092298229 0.07902428175595819 0.08527149859265304
0 0.7661077810756431 0.7368934478835507 0.10452392867180116 0.11345799742898244
0 0.6493929081106223 0.42307749057132255 0.046776218724921034 0.0505703709221816
0 0.8436058425581535 0.8935787052037332 0.050656631550788235 0.056759077339272324
0 0.6629293951428008 0.8020650092298229 0.05531643856207467 0.06929544000636341
0 0.6072459475714004 0.3978234992441404 0.04861277354796698 0.05361475967238043
0 0.05004269332310164 0.6789142459818646 0.07952134206771785 0.07581816000954511
0 0.703387237188226 0.6822337672263231 0.053961491747423554 0.058260283756363405
0 0.5398784431447614 0.31747347525464 0.0869769582841041 0.09921141142683476
0 0.2601632501560477 0.30824611529282003 0.0662297071969502 0.08034430067432918
0 0.33812409226835066 0.3213813672820024 0.08736066003692552 0.10233641142683476
0 0.40641631175002074 0.6864694705999577 0.06895555314076382 0.07871823442472685
0 0.7311225353016493 0.41822581122695945 0.05581003725024516 0.06140232875656224
0 0.9044542634582573 0.5886184852005515 0.05216745720252334 0.06906376483927232
0 0.01648818468797068 0.8393250346515007 0.03297636937594136 0.057129248339033725
0 0.3493712152556639 0.680892179941139 0.0456830860479668 0.05358066967198276
0 0.42350188617806006 0.42024503393541207 0.041501175415912785 0.04573067067154515
0 0.4754105485369813 0.5756677832590944 0.046568915545145195 0.05047044200548854
0 0.6886681056374377 0.7385746738940503 0.04735177135415327 0.055257870922181596
0 0.6987481230096058 0.39597864123173193 0.0472455860479668 0.05359885100552812
0 0.12914479428868253 0.8543040499681833 0.049897757101331666 0.05216696092257926
0 0.37646272829036304 0.43483479260822994 0.045491235171555996 0.052018169671982764
0 0.36403796089590246 0.7329904819382757 0.05150623900306659 0.06447278475592597
0 0.44522072846870325 0.7897757365929581 0.0832607033459336 0.1070670236761984
0 0.8436215352793568 0.37244913987909645 0.04726956740751831 0.053794163505528125
0 0.4527572986038589 0.709334258593276 0.056820965980564075 0.056928322590107605
0 0.7982329564692634 0.6468042498806874 0.0593427203626181 0.06475900392365297
0 0.9102057896614107 0.3638730238701878 0.04034982015187509 0.04747257450469302
0 0.8208388206032987 0.8439150598743239 0.04753163155078823 0.056722714672181596
0 0.8945334038623237 0.6948321225334607 0.04519801641598278 0.0631316645050907
0 0.23915557918906635 0.47933986529282 0.05123564580361002 0.05988635000596574
0 0.027146317246495716 0.376525589990455 0.05429263449299143 0.06487143250715874
0 0.24129563186288377 0.5635694146244565 0.07558925489358534 0.08191595975890867
0 0.09227273282846471 0.7416136933084102 0.0802610525846473 0.09454997867599957
0 0.424238596628112 0.2681103692711847 0.06877223132053949 0.0788136180080337
0 0.5622252239751868 0.5738774692473221 0.045323365654696704 0.05065098217198276
0 0.2617614433231016 0.6764506752864567 0.04706572585133166 0.05213400725552812
0 0.6544354168524378 0.36294851257164074 0.05873094568848547 0.07089543900680084
0 0.1433792985369813 0.5795313166375013 0.0487104297979668 0.05361589600572696
0 0.6064331583112551 0.8237860152371408 0.043639228045145376 0.05043635200509087
0 0.30357908806463685 0.6853256886139569 0.05239899174742355 0.05824210242281787
0 0.10089717588405597 0.8873983606381376 0.04550322585133171 0.05211582592198276
0 0.6015082678626037 0.6288098699077315 0.08252445445259333 0.086774977676437
0 0.46453628087501037 0.34019390726450316 0.098599657843112 0.10412497334499946
0 0.8362531231210685 0.6167167605426875 0.04269196434286684 0.04272150825509069
0 0.3270155880423444 0.6405853532781844 0.04410859536819114 0.05346483208843722
0 0.29283243891875516 0.6394228426161842 0.04341993418559387 0.05023876683839745
0 0.032127324462076626 0.7494903753182734 0.06425464892415325 0.1057918791772721
0 0.0437423074571369 0.8763614106460919 0.08016908878117739 0.06997469367639723
0 0.8030924607175622 0.372140604551278 0.036618362915912785 0.04567385400421564
0 0.7325712632799171 0.23487750922982292 0.07208055314076382 0.07875459709181776
0 0.22297287314336098 0.6683205492918656 0.037581328927129135 0.040809222837761186
0 0.11507129404346472 0.3653239133115919 0.072476245573361 0.08197725334181775
0 0.42968765381773866 0.6113058385980485 0.034870935286680546 0.04097271800405657
0 0.15510889496446056 0.45223301997136495 0.058739474744671935 0.0725533225901076
0 0.9202285748293051 0.5236838285328244 0.0354153333036102 0.05970226400381797
0 0.7481647240197717 0.6606491212205962 0.045189737365369534 0.05035687708863605
0 0.1235345792782365 0.6585557453055466 0.07995102572227437 0.09123080250934627
0 0.5702731143792532 0.6798820212444585 0.03673147146927782 0.04421241925425541
0 0.2496076056820228 0.8326188592855022 0.04899647530078841 0.05673975967238043
0 0.013033724660280072 0.6562039993236823 0.026067449320560144 0.08664429934157916
0 0.4050061231879461 0.7551376545990032 0.03994720447209943 0.047370372921306546
0 0.04996361444613068 0.8193392513128647 0.03464817980353994 0.0423353601706701
0 0.47100397851328835 0.87841097525464 0.09607444183746879 0.09785451934476086
0 0.9428808247401349 0.34554973786605164 0.036730596449771724 0.08312158267027261
0 0.875377009232251 0.9080315565325062 0.031699078365439705 0.0675578762531817
0 0.9404806887404149 0.27614575720086976 0.05678128231207467 0.06931248500656224
0 0.660313561549388 0.28330646590550435 0.08153750708182575 0.09144429634289164
0 0.22290964080533193 0.9039216946212749 0.03688388868277226 0.04704217783756235
0 0.9314103116162655 0.41355485053314245 0.039743112910339565 0.056827120504454244
0 0.3335029784909958 0.8355433172740483 0.04215040293559387 0.05022399450489203
0 0.8900060616608506 0.5029718865372788 0.06157842924185033 0.06946582159054522
0 0.01795962236083603 0.43755399665818223 0.03591924472167206 0.061581732589709934
0 0.889302890515529 0.31808835654046036 0.0625222313205395 0.07874089267385198
0 0.17848716271560164 0.8654319066279562 0.032055962149053395 0.044255531503619494
0 0.41097819327851653 0.5857791272676849 0.03645395502264268 0.042746439170909055
0 0.896851460918195 0.7712582625318698 0.02365504382053949 0.07828863200190898
0 0.9353314081329149 0.46421792186509714 0.017582317413091176 0.04233181433501691
0 0.2796708072565042 0.4734074912874112 0.03562288648895873 0.04868528908736351
0 0.6983140353908195 0.5964780805617775 0.04381908824178034 0.05190119575509069
0 0.42135398714364103 0.596580267266094 0.03585442103385894 0.03786362667090888
0 0.13658443896334022 0.7301762066359105 0.05066862223056408 0.0568567335892725
0 0.18453246536712653 0.9051483872931382 0.04081943748049399 0.03938415075489203
0 0.14008329431097505 0.898644395965956 0.05501210414623188 0.04140211517345449
0 0.7101425573233817 0.601801379893414 0.06979033330360984 0.060102253341817756
0 0.8751019255719605 0.25584289521009657 0.05112253725024516 0.06134778475592588