0 0.1828125 0.5796875 0.05859375 0.07421875
0 0.58671875 0.10703125 0.0578125 0.07578125
0 0.19140625 0.30234375 0.05703125 0.0703125
0 0.3515625 0.95 0.0609375 0.08203125
0 0.74921875 0.50703125 0.06484375 0.078125
0 0.27578125 0.67421875 0.05 0.0625
0 0.240625 0.75 0.0546875 0.0734375
0 0.7484375 0.828125 0.05 0.06875
0 0.41640625 0.82890625 0.05 0.065625
0 0.15 0.515625 0.05625 0.0703125
0 0.5140625 0.9015625 0.0640625 0.084375
0 0.7046875 0.43515625 0.0859375 0.11328125
0 0.46796875 0.96171875 0.0671875 0.0765625
0 0.32578125 0.803125 0.05703125 0.0796875
0 0.16640625 0.23671875 0.05859375 0.0765625
0 0.67734375 0.10390625 0.06953125 0.0859375
0 0.74609375 0.35859375 0.05234375 0.06796875
0 0.79375 0.63046875 0.0515625 0.06640625
0 0.13203125 0.40859375 0.10703125 0.128125
0 0.371875 0.8765625 0.05234375 0.06640625
0 0.59921875 0.48515625 0.11171875 0.1390625
0 0.64375 0.39140625 0.06171875 0.07578125
0 0.72890625 0.95078125 0.04765625 0.06484375
0 0.13515625 0.8609375 0.08203125 0.10703125
0 0.521875 0.42734375 0.05859375 0.07734375
0 0.41640625 0.925 0.06015625 0.08046875
0 0.621875 0.715625 0.11796875 0.1796875
0 0.265625 0.07109375 0.0375 0.04921875
0 0.28671875 0.76640625 0.0390625 0.0515625
0 0.715625 0.753125 0.08046875 0.10546875
0 0.27890625 0.5140625 0.075 0.09453125
0 0.23828125 0.584375 0.05078125 0.0671875
0 0.8140625 0.4859375 0.05703125 0.07109375
0 0.784375 0.978125 0.06484375 0.04296875
0 0.80546875 0.278125 0.07734375 0.09921875
0 0.31171875 0.72109375 0.0578125 0.07421875
0 0.27265625 0.834375 0.0609375 0.0796875
0 0.7796875 0.70625 0.06640625 0.08125
0 0.35234375 0.18515625 0.0546875 0.06796875
0 0.7453125 0.59140625 0.06953125 0.0859375
0 0.35078125 0.665625 0.059375 0.07578125
0 0.80078125 0.55703125 0.06015625 0.07421875
0 0.5140625 0.6390625 0.0578125 0.07578125
0 0.575 0.365625 0.0703125 0.09296875
0 0.23203125 0.4171875 0.07578125 0.096875
0 0.7078125 0.17890625 0.04609375 0.05703125
0 0.54453125 0.97109375 0.0546875 0.05703125
0 0.62734375 0.95390625 0.0859375 0.09140625
0 0.7328125 0.66171875 0.0453125 0.059375
0 0.659375 0.54140625 0.04296875 0.0578125
0 0.6921875 0.334375 0.06796875 0.08515625
0 0.3421875 0.484375 0.0578125 0.0765625
0 0.80625 0.18828125 0.05234375 0.06015625
0 0.4015625 0.76171875 0.05859375 0.08203125
0 0.5234375 0.79375 0.08125 0.11171875
0 0.13828125 0.31171875 0.04921875 0.06171875
0 0.6265625 0.0421875 0.071875 0.08359375
0 0.7671875 0.8921875 0.0515625 0.0671875
0 0.46015625 0.4671875 0.0625 0.08046875
0 0.41015625 0.0484375 0.08203125 0.096875
0 0.31015625 0.89765625 0.06015625 0.078125
0 0.48046875 0.70859375 0.05859375 0.07734375
0 0.62421875 0.16875 0.065625 0.090625
0 0.56484375 0.2109375 0.06171875 0.08203125
0 0.4734375 0.85 0.0484375 0.059375
0 0.3 0.34296875 0.1 0.115625
0 0.31171875 0.59140625 0.05859375 0.07734375
0 0.81328125 0.3875 0.07890625 0.11875
0 0.67109375 0.23828125 0.07890625 0.10546875
0 0.1953125 0.80546875 0.04375 0.05546875
0 0.21875 0.1578125 0.1 0.1296875
0 0.5265625 0.05234375 0.0890625 0.1
0 0.41171875 0.42109375 0.0640625 0.084375
0 0.27109375 0.97421875 0.0421875 0.0515625
0 0.42578125 0.67109375 0.0640625 0.08359375
0 0.68515625 0.90625 0.053125 0.065625
0 0.80859375 0.82578125 0.065625 0.09140625
0 0.36171875 0.55234375 0.05390625 0.07109375
0 0.21640625 0.65625 0.06640625 0.08671875
0 0.8078125 0.028125 0.05859375 0.05625
0 0.43125 0.33828125 0.0546875 0.075
0 0.42421875 0.55390625 0.0671875 0.09453125
0 0.7671875 0.428125 0.0328125 0.046875
0 0.34921875 0.02109375 0.05625 0.0421875
0 0.61484375 0.59453125 0.06484375 0.0796875
0 0.4 0.25078125 0.07265625 0.096875
0 0.45859375 0.78671875 0.046875 0.0640625
0 0.20859375 0.05078125 0.05859375 0.0765625
0 0.1421875 0.95625 0.06875 0.0875
0 0.240625 0.2640625 0.06953125 0.0859375
0 0.70390625 0.5421875 0.03515625 0.05
0 0.14921875 0.74296875 0.09921875 0.11953125
0 0.76875 0.115625 0.0765625 0.103125
0 0.67890625 0.61875 0.07421875 0.10078125
0 0.34765625 0.41171875 0.06171875 0.07421875
0 0.1515625 0.6453125 0.0640625 0.08046875
0 0.61015625 0.84453125 0.06640625 0.0828125
0 0.50234375 0.2203125 0.06875 0.0859375
0 0.30703125 0.23359375 0.06171875 0.08046875
0 0.83515625 0.12265625 0.0625 0.07734375
0 0.39453125 0.4875 0.0359375 0.04765625
0 0.46796875 0.3921875 0.0546875 0.0703125
0 0.5671875 0.64921875 0.05390625 0.07265625
0 0.515625 0.32421875 0.07421875 0.09375
0 0.346875 0.2703125 0.04375 0.05078125
0 0.15234375 0.021875 0.0828125 0.04375
0 0.553125 0.57421875 0.06015625 0.08046875
0 0.30234375 0.15234375 0.06171875 0.0828125
0 0.1515625 0.08984375 0.07421875 0.090625
0 0.553125 0.85625 0.04296875 0.06328125
0 0.41953125 0.1296875 0.05625 0.07265625
0 0.2828125 0.03203125 0.07109375 0.0640625
0 0.3578125 0.1171875 0.065625 0.08125
0 0.215625 0.8734375 0.0453125 0.05703125
0 0.4125 0.98359375 0.05 0.0328125
0 0.57421875 0.91640625 0.04921875 0.06796875
0 0.46015625 0.01953125 0.0546875 0.0390625
0 0.4984375 0.54375 0.06171875 0.08515625
0 0.35703125 0.73125 0.0328125 0.0453125
0 0.2015625 0.4921875 0.053125 0.06484375
0 0.73828125 0.26328125 0.059375 0.0796875
0 0.46953125 0.6109375 0.04921875 0.0671875
0 0.725 0.884375 0.0421875 0.05859375
0 0.69453125 0.99375 0.04765625 0.0125
0 0.371875 0.34609375 0.0578125 0.07109375
0 0.5484375 0.71640625 0.03984375 0.05625
0 0.4546875 0.1875 0.05234375 0.065625
0 0.3109375 0.08515625 0.04609375 0.05390625
0 0.75546875 0.1953125 0.03828125 0.053125
0 0.45859375 0.090625 0.04453125 0.071875
0 0.71796875 0.0578125 0.05390625 0.06171875
0 0.62578125 0.31875 0.06640625 0.0828125
0 0.76875 0.00546875 0.0296875 0.0109375
0 0.7359375 0.99375 0.034375 0.0125
0 0.56796875 0.28828125 0.04453125 0.04609375
0 0.4609375 0.2890625 0.0515625 0.06328125
0 0.71796875 0.00546875 0.03515625 0.0109375
0 0.71640625 0.99375 0.0375 0.0109375