0 0.8076719018169222 0.5079541571975353 0.059910408642709356 0.0668228575345097
0 0.7442819249928899 0.5298460345723617 0.07240920263949154 0.07996578269832462
0 0.8781378440272283 0.5773594270491673 0.05510691220941162 0.06505587148541672
0 0.2612467142418097 0.4321442720358335 0.08969706212357682 0.0909808087834767
0 0.87193548669532 0.5110077284359382 0.056980721142709 0.06675466830104604
0 0.3108936507940147 0.285306946047778 0.06581121333959841 0.07484666250694882
0 0.49901034691705715 0.4034062486688198 0.062343996418103134 0.0713582315490365
0 0.8190875608584165 0.5845530247887158 0.053843153337809466 0.06658427686868489
0 0.9946979946061546 0.563681399598091 0.010604010787690753 0.08430129826395394
0 0.6364872574034658 0.4003747804882991 0.061168395135913656 0.06373649810013884
0 0.9634489998784435 0.5684403283596883 0.06845743075018547 0.08406044462368065
0 0.18020598350504097 0.40766964247680565 0.10107611548105319 0.10828431213166248
0 0.8057399695994605 0.40820873033579924 0.05726419123212203 0.057609075417777864
0 0.5216420437625567 0.4763716231938545 0.057089922149505055 0.0698728493776997
0 0.40237968354081965 0.5725173117390975 0.0627838695895985 0.0747762002990365
0 0.13610524987844347 0.5491836888295835 0.06599293498659438 0.07777180405805133
0 0.9252153925465352 0.5013430941272576 0.06030001059460517 0.0698502012845097
0 0.9904822110877252 0.3030348403275355 0.019035577824549677 0.05567169793632383
0 0.5708064303505406 0.4891995847248616 0.0515923102575158 0.06195579255305574
0 0.47489886010018056 0.45814764684520864 0.06196016684460517 0.06988884185013902
0 0.19520171207443807 0.5544537234988542 0.06837913773158762 0.08269553009812931
0 0.7621515961945999 0.4508131512136117 0.07991309694027926 0.08909790103749575
0 0.21878739718172874 0.48957425911805574 0.06912473041309637 0.07638424143930997
0 0.44784329592992833 0.35080727232017395 0.07825294069027926 0.08905926047186644
0 0.9525538854435197 0.3687858204759035 0.05170253431241569 0.0620557217775044
0 0.8391378918240779 0.540621840043195 0.040621199035233244 0.04933524325597229
0 0.544250651094465 0.5431051815144796 0.06725092147979872 0.07468544462368065
0 0.9137044481688574 0.557156683033091 0.04591195367042644 0.05413184602951393
0 0.9832222641836692 0.39880128200691056 0.03355547163266159 0.08625669623840278
0 0.6757672110515305 0.3545544406325353 0.051863212542028594 0.05271254341978739
0 0.7088202542131867 0.3148204466164589 0.07246338309639419 0.07811713287167103
0 0.6155998493848791 0.5346400245043755 0.05884773464950506 0.06991376291777769
0 0.544354120815482 0.3865467101998268 0.05637067108101377 0.06352746610214846
0 0.6332371618097665 0.47195883975885466 0.07460977450018583 0.08420364201395394
0 0.6905618547425297 0.49977602165458385 0.05873173821620732 0.06825587964222653
0 0.8350320205865891 0.4602985604079173 0.06097308263591365 0.06373195215124135
0 0.4875336037196222 0.28396591764677115 0.06708754001610054 0.07341591337368066
0 0.8422970930043208 0.3654406552976742 0.06743943855329668 0.07615028837368065
0 0.5061897820243477 0.33814492458062534 0.05441856912911795 0.06046375476096788
0 0.39947360082979344 0.44704518626413225 0.07088151986499228 0.07944340683159297
0 0.5871285066810086 0.44050816479697963 0.05285606912911796 0.06042738716978739
0 0.30512706693852437 0.49469947663298636 0.07267703577969176 0.07977728912167095
0 0.6519231503720079 0.586893508736806 0.05120950373212203 0.05746815100195306
0 0.977166780453792 0.503524496387709 0.04566643909241606 0.07310922512569
0 0.18927409908442874 0.2723503915268751 0.058666013002509045 0.06698862136667535
0 0.9759555694675548 0.3311773709127438 0.04808886106489041 0.05430678341077257
0 0.9499844974106215 0.4396068135420494 0.06754966260819657 0.0762502175981293
0 0.3462302259800186 0.5719893284565976 0.058822599039705284 0.06971845041777769
0 0.7762655323247982 0.5967977984400701 0.04726657336552655 0.05406601142179675
0 0.5217469771244827 0.24114329122187544 0.05350400556062666 0.05411382553651922
0 0.9277564339628267 0.2910965783596883 0.07069979821799635 0.07651826528049047
0 0.8642740990844289 0.2880611909168757 0.0658044179130961 0.07630696030805133
0 0.1641571878755629 0.319279289703264 0.05863408196620732 0.06825360666777787
0 0.8995607017811433 0.3504163737625355 0.0702908330346986 0.07485356308159297
0 0.3666678215737179 0.500805312689028 0.07278623678648746 0.08289547019832462
0 0.5644059154220524 0.2639456647969796 0.049841293184017844 0.06045458121187508
0 0.74651461834766 0.2627319229651047 0.06042959788090698 0.06858748895785602
0 0.695997867203196 0.5964873674942714 0.038948474980333006 0.0491989464403428
0 0.806415420057246 0.27425195763437565 0.07776261334407089 0.09508439930403219
0 0.10510544106584203 0.40514274810013895 0.0772685597156729 0.09351508038068576
0 0.7470307720315035 0.37568586464447973 0.06653744278970528 0.06989801539923182
0 0.5013429852504057 0.5849465361878823 0.058911779677222144 0.05755005973340719
0 0.22939492324752514 0.348059559554896 0.06746457416309637 0.07634560087368066
0 0.12609192788271867 0.350328614741389 0.047376797420426484 0.05416594064624567
0 0.4336326108226377 0.41590494224805585 0.0437451759871287 0.05242623029053828
0 0.6010875369599917 0.5973939444322574 0.0769555705963942 0.07822168969631527
0 0.5857223761731327 0.3509008041396532 0.07750259867847671 0.0907943432273786
0 0.698074191065842 0.41894424895316024 0.0786493380686771 0.09062630642076393
0 0.9997053080957347 0.4741467741231258 0.0005893838085306413 0.06356610666777769
0 0.08844899987844344 0.5480744772985764 0.04458414977110718 0.06802395459715278
0 0.6136708444492351 0.2775548763279866 0.06547476879650098 0.0729889207825
0 0.49869088718888444 0.528024388961424 0.04700246650751581 0.06184896275396277
0 0.14941105303294383 0.47705476890170145 0.06731953288269583 0.07673167992478298
0 0.7922278244635468 0.3455814437666673 0.05462644943401784 0.06056595695986555
0 0.3327657235121967 0.44315581363895856 0.047150576932228905 0.05240812814624576
0 0.7360196125680025 0.5927454248649658 0.045990246689024517 0.0554967605550651
0 0.8834315259442398 0.4248163085080563 0.06488408196620732 0.06839907703249999
0 0.24762058517884816 0.2596880437873266 0.08154811758047939 0.08894122910312507
0 0.6726056800500902 0.23920219756638944 0.06974055285318989 0.08116939768930997
0 0.27060827275396077 0.32331478590354185 0.04787085104882429 0.05573525956959209
0 0.274208504513637 0.5570715368534724 0.09714677596746188 0.10196157694930115
0 0.9715193630317944 0.24856489266423692 0.05696127393641106 0.07614111482458767
0 0.437830840114492 0.5211554867009726 0.08101040520387048 0.09535471996084191
0 0.5362183676252028 0.2991194453821879 0.05136608976931818 0.060197980053055565
0 0.4575155323247982 0.5893788098392364 0.03719168552843719 0.04613978104805998
0 0.06966246887700318 0.432358558320625 0.03476080098712877 0.05221711664124999
0 0.9984319441666741 0.2487473838305217 0.0031361116666516866 0.08811824905006951
0 0.38552275493564386 0.2660133918112156 0.04824108976931818 0.060125244870694504
0 0.09857543962092763 0.4875552045971528 0.05591804714950501 0.06984557368431439
0 0.42947383981404175 0.2685941843642712 0.05769997221120064 0.0731000515765972
0 0.36050492252506794 0.3923934006449308 0.05139699775751581 0.06195124660415807
0 0.635575654706751 0.3388196846486116 0.05097546476931818 0.06018888815526049
0 0.7473414499142222 0.7230868882958339 0.07291973331009238 0.07939348304501728
0 0.3802849000715575 0.32820426728618085 0.06175330958780947 0.06676838779903652
0 0.12482433445639099 0.2981121513105209 0.04333146147353739 0.04618532218833336
0 0.30461091325468087 0.38174553495361135 0.06225890797300302 0.07145361482458767
0 0.08111232909874025 0.3337035059839236 0.05491839513591366 0.06359102773541672
0 0.9858609767692746 0.19296950930548692 0.028278046461450757 0.051047759569592
0 0.062144875450675485 0.37999662452503474 0.03338681806062675 0.05364559280006951
0 0.8981165766309184 0.22419936587875072 0.06606647867489883 0.07456051268029515
0 0.9276269474464002 0.598762954784584 0.03704478110694183 0.04272863122140613
0 0.4000239556938798 0.3847452080156253 0.050501797420426445 0.054238675828606905
0 0.6636582691416747 0.5388742360353824 0.03690551220493923 0.044672664323611146
0 0.8445894068741227 0.21983786777861178 0.04414157336552656 0.05399327623943577
0 0.5465005793991906 0.5969023287409378 0.029449002934552305 0.03515219395888884
0 0.06918956693852439 0.4892079703647222 0.020153793184017842 0.059763596979444424
0 0.6597564100644018 0.3027737350854519 0.04259843659692848 0.05259426709715278
0 0.348602920057246 0.2635962534184725 0.03790516421853063 0.05092721027250864
0 0.04867890934194456 0.3298329703647222 0.018460025711734974 0.04735898025499567