0 0.0341220359375 0.63626566875 0.027199779687499998 0.6491842250000001 0.022735678125 0.7038717250000001 0.025259473437500003 0.7076972015624999 0.052993845312499996 0.7081813078125 0.058762203125 0.7058045093749999 0.0702484078125 0.69687743125 0.081502065625 0.678818725 0.0851558015625 0.6580194828125 0.07492508437499999 0.6395857656249999 0.0668800390625 0.6303177671875 0.059492692187499994 0.6249730671875 0.051680192187499994 0.6248367 0.045608240625000004 0.627338590625 0.0341220359375 0.63626566875
0 0 0.61178543125 0.0020634734375000003 0.6132783421875 0.00573389375 0.6150375296874999 0.0183315484375 0.615257421875 0.023547848437499998 0.6136533531249999 0.033080928125 0.6046921828125 0.039195587500000004 0.5932807906249999 0.0406056765625 0.5760064859375 0.038435271874999996 0.563059609375 0.034083901562500005 0.5564639609375 0.0119218578125 0.540429859375 0.0080156078125 0.540361675 0 0.5452969265625 0 0.61178543125
0 0.119157246875 0.5985014140625 0.12196067656250001 0.5881188374999999 0.1230235578125 0.5750980046875 0.1217081609375 0.5672514140625 0.11886479218749998 0.554162396875 0.10581067656250001 0.5343754578125 0.0925639546875 0.5289284796875 0.0769389546875 0.52865574375 0.057572203125 0.54645659375 0.050970509374999994 0.5712324375 0.0531761484375 0.5921339546875 0.0627691359375 0.6183801718749999 0.0671205078125 0.6249758187500001 0.0777604015625 0.6288125671875 0.09611977656250001 0.6291330312500001 0.104442459375 0.6230193984375 0.11202241406249999 0.6140241375 0.119157246875 0.5985014140625
0 0.196581003125 0.685130434375 0.20332388906249999 0.67201315625 0.20623087031249998 0.636401175 0.204951353125 0.63051111875 0.19885943281250001 0.6212772140625 0.188147778125 0.613527396875 0.16392903125 0.61310465625 0.1396279546875 0.62806695625 0.125763471875 0.6421682750000001 0.12100691718750001 0.6525167578125 0.1188811546875 0.6785584250000001 0.12193709999999999 0.6890432750000001 0.1315101171875 0.703553696875 0.1459978125 0.7113694234375 0.1606788046875 0.7116256812499999 0.18055081875 0.701801828125 0.196581003125 0.685130434375
0 0.2137623828125 0.6435739078125 0.21639317500000002 0.6592670921875 0.22749416562500002 0.6790199390625 0.23683530312499998 0.684789925 0.2610540546875 0.6852126640625 0.268509790625 0.67973586875 0.2825868484375 0.6630303828125 0.28427090312500003 0.6579744171875 0.2851637234375 0.6470369171875 0.2851377640625 0.6317803828125 0.282506971875 0.6160871984375 0.27140598125 0.5963343515624999 0.262278084375 0.5883513921875 0.2548907375 0.583006690625 0.24903136250000002 0.5829044156250001 0.228012078125 0.6007926625 0.22043212343750002 0.609787925 0.21567556875 0.6201364078125 0.2137623828125 0.6435739078125
0 0.1680444421875 0.5830555093750001 0.181523709375 0.597634115625 0.195358365625 0.6042649 0.2180927421875 0.6046617296875 0.2346832375 0.5933462656249999 0.250384571875 0.5747132234375 0.2539983671875 0.5304423890625001 0.248427903125 0.5088301703125 0.2394926140625 0.486507246875 0.21864596718749998 0.47831973593750005 0.1945707390625 0.48572313281249996 0.1778828578125 0.49847123125000004 0.1700903265625 0.510070659375 0.1651211953125 0.523023309375 0.16214512812499998 0.5594816421875 0.16324794843749998 0.5699324015625 0.1680444421875 0.5830555093750001
0 0.028388595312499997 0.5507576140625 0.044438748437499995 0.545822015625 0.05851580625 0.5291165296875 0.0676037640625 0.5136278984375 0.068879221875 0.4980028984375 0.0599439328125 0.475679975 0.0488629109375 0.46766292343750004 0.0332379109375 0.46739018750000005 0.0208814328125 0.4749981359375 0.008970075 0.4891335484375 0.006379221875 0.49691195625000006 0.0040408828124999996 0.5255577890625001 0.0055688562499999995 0.530800215625 0.0116607765625 0.5400341203125001 0.028388595312499997 0.5507576140625
0 0 0.4732002875 0.0033418296875000002 0.47182331718750004 0.0174188875 0.45511783125000005 0.026719421875 0.43702503281249994 0.033019409374999996 0.4197491515625 0.0340468609375 0.407162346875 0.032073765625 0.395392459375 0.0274898484375 0.3796651828125 0.024879025 0.3757077953125 0.01010433125 0.3650183921875 0 0.3648420203125 0 0.4732002875
0 0.057434565625 0.41656775625 0.0687481328125 0.4337164390625 0.0752897890625 0.43943755781249993 0.0970020328125 0.43981654687500005 0.10173868125 0.4369001671875 0.1116969140625 0.42273066562499995 0.12037762656249999 0.4038446828125 0.1224475875 0.378486609375 0.11853929218749999 0.362868921875 0.11244737187500001 0.35363501875000003 0.0994132265625 0.345583875 0.0740226015625 0.3451406796875 0.06795065 0.34764256875 0.0647020984375 0.35149768125 0.0534484390625 0.3695563890625 0.051960404687499996 0.38778555625 0.052638071875000005 0.403444646875 0.057434565625 0.41656775625
0 0.007919175 0.31151876875 0.012270546875 0.31811441406249996 0.018549790625 0.322657409375 0.025581051562500002 0.322780140625 0.0394017203125 0.32119586875 0.043520546874999996 0.31865988437500004 0.051313078125 0.30706045625 0.0535724421875 0.302144928125 0.05615524374999999 0.27050430312499996 0.050150349999999996 0.2614023109375 0.042763003125 0.256057609375 0.035163078125000004 0.2533170765625 0.025184878124999997 0.25575078125 0.0210660515625 0.25828676562499997 0.00915469375 0.2724221765625 0.0067764171875 0.2775964171875 0.0041855625 0.2853748265625 0.0048632296875 0.3010339171875 0.007919175 0.31151876875
0 0.07072006875 0.495818334375 0.0753039859375 0.5115456093749999 0.0850895796875 0.523451865625 0.0966030765625 0.530563709375 0.10783354375000001 0.5307597375 0.1221989546875 0.5240996109375 0.1319446109375 0.5125342749999999 0.1338877515625 0.50670046875 0.1365449546875 0.4741483859375 0.13555840624999999 0.4682634421875 0.134030434375 0.46302101718750005 0.11728264531249999 0.4405617265625 0.10556389531249999 0.44035717500000005 0.089301165625 0.447896940625 0.08518234062499999 0.45043292343749997 0.075436684375 0.46199825937499994 0.07305840625 0.4671725015625 0.070467553125 0.47495090937500006 0.07072006875 0.495818334375
0 0.1408795453125 0.4294337546875 0.141982365625 0.4398845140625 0.14635370625 0.45821595468750004 0.1615735234375 0.47543282031249995 0.1749846734375 0.481860621875 0.19598076250000002 0.48222711093750004 0.1982577453125 0.48128890156250004 0.202376571875 0.47875291718749996 0.2207850328125 0.4569072828125 0.22674201562500002 0.44263533906249997 0.2305976171875 0.39540226562499997 0.23000568906250002 0.3918712984375 0.22217322031250003 0.3799991359375 0.198058053125 0.36393094062500003 0.180479928125 0.36362411250000004 0.1724548515625 0.3660919109375 0.168336025 0.3686278953125 0.152093265625 0.38790345625 0.1475492859375 0.3956477734375 0.1423675796875 0.4112045875 0.1408795453125 0.4294337546875
0 0.217854346875 0.35743080781250003 0.22547423906250003 0.3719071390625 0.22953728125 0.3748467265625 0.2539513390625 0.375272875 0.2606304890625 0.37252079375 0.26821044375 0.3635255328125 0.2713022046875 0.3567990171875 0.273406709375 0.33101776875 0.2731396359375 0.32710129062500004 0.271824240625 0.3192546984375 0.262251221875 0.3047442765625 0.25291074999999996 0.2993654828125 0.241192 0.29916093125 0.231001221875 0.30419880625 0.2212555671875 0.31576414218750004 0.216073859375 0.331320959375 0.21501097812499997 0.3443417921875 0.217854346875 0.35743080781250003
0 0.26924559375 0.40116223125 0.2631736421875 0.403664121875 0.257971965625 0.4074851421875 0.24174917499999998 0.43849649843750005 0.2374577109375 0.4671082390625 0.24225420468749997 0.48023135000000006 0.2466055765625 0.4868269953125 0.25573347343749997 0.49480995468750005 0.2571186015625 0.4958120859375 0.279579540625 0.49620414375 0.28936175 0.490181184375 0.3012731078125 0.4760457734375 0.30602966249999997 0.465697290625 0.3079428484375 0.442259790625 0.3068400296875 0.4318090328125 0.30378408437500004 0.42132418125 0.2976921640625 0.41209027656249997 0.2885642671875 0.40410731718750004 0.28291746875 0.4014008734375 0.26924559375 0.40116223125
0 0.38133206875000003 0.705306478125 0.387616596875 0.7002004203125 0.399527953125 0.686065009375 0.40407193281250003 0.6783206921875 0.4066627859375 0.670542284375 0.40772566718750003 0.6575214515625001 0.40161377812500004 0.6365517515625 0.3903002109375 0.6194030703125 0.3829128640625 0.6140583687500001 0.37032847343749997 0.608883740625 0.345816759375 0.6084558875 0.325634509375 0.6208822031250001 0.3180545546875 0.6298774640625 0.31329799999999997 0.6402259484374999 0.30769114062499997 0.660991096875 0.3083688078125 0.6766501890625001 0.312507603125 0.685850003125 0.33641019375000003 0.7045223640625 0.3432501234375 0.70698884375 0.3723516890625 0.7074968140625 0.38133206875000003 0.705306478125
0 0.3312186953125 0.5740378859375 0.34096435 0.5624725500000001 0.3480991828125 0.546949825 0.35034192656249996 0.5386437640625 0.350894625 0.53187293125 0.350862675 0.5130956578125 0.3478067296875 0.5026108093749999 0.3399742609375 0.49073864531250005 0.3325869125 0.48539394375 0.323989165625 0.4828967796875 0.300746984375 0.48249108593749995 0.2935244125 0.48471210468750003 0.27900223281250003 0.49489012812500005 0.2647125984375 0.51419978125 0.262639915625 0.5204225078125 0.26191715625 0.529276675 0.2610988015625 0.5584706140625 0.269143846875 0.5677386109375 0.29446644843750003 0.5887828484375001 0.30499704843750003 0.5889666609375 0.3312186953125 0.5740378859375
0 0.3543899265625 0.5465597875 0.35260286875 0.5684521484375 0.3648537046875 0.5956835953125 0.38794685156250003 0.6060618171875001 0.4259492359375 0.6067251515625001 0.449688384375 0.58673288125 0.45726833906250003 0.5777376203125 0.46419059531249995 0.5648190609375 0.4740876625 0.53702233125 0.4757617015625 0.51651451875 0.4751518 0.5024213375000001 0.46555881250000003 0.4761751203125 0.45577321875 0.4642688640625 0.440785946875 0.45618362812499996 0.429067196875 0.45597907656250003 0.41887642031250005 0.46101695 0.389832059375 0.48137299687499996 0.3757550015625 0.49807848281249995 0.3616979125 0.5265197640625 0.3543899265625 0.5465597875
0 0.32586856875 0.487428171875 0.33021994062500004 0.49402382031250003 0.332343803125 0.49556042031249997 0.356446115625 0.49598112812500006 0.37068009687500003 0.4811777859375 0.37464535312499997 0.432601396875 0.3656815265625 0.41901436406250003 0.361987853125 0.4163420140625 0.3563410546875 0.413635571875 0.3485285546875 0.4134992046875 0.342456603125 0.4160010953125 0.3361720765625 0.421107153125 0.3220950171875 0.4378126375 0.319716740625 0.44298687968749995 0.31780355312499997 0.46642437968749995 0.32586856875 0.487428171875
0 0.32625590781249997 0.399419078125 0.3357889875 0.3904579078125 0.33953854375 0.3834603546875 0.342656328125 0.3452659109375 0.3372171140625 0.3370213546875 0.3261360921875 0.329004303125 0.3202767171875 0.3289020265625 0.30422656406250004 0.3338376234375 0.28993692968749996 0.3531472765625 0.287598590625 0.381793109375 0.2906545359375 0.3922779609375 0.2964418609375 0.40105017031249995 0.3204408828125 0.40146907499999995 0.32625590781249997 0.399419078125
0 0.3410684484375 0.304816096875 0.3489009171875 0.3166882609375 0.3654161609375 0.3300159234375 0.36598084218750004 0.3302865671875 0.3999094109375 0.3308787921875 0.40989291406249995 0.3242725734375 0.4280688296875 0.29329530937500004 0.4283279140625 0.29251746875 0.430655625 0.26400184375 0.429091771875 0.256802884375 0.42147187812500003 0.242326553125 0.40516921093749997 0.2263947265625 0.38258201718749996 0.21556895625 0.37086326718749996 0.2153644046875 0.36024733593749997 0.2256106125 0.3459577015625 0.24492026406249998 0.343579425 0.2500945046875 0.339965628125 0.2943653390625 0.3410684484375 0.304816096875
0 0.3548296046875 0.383031828125 0.35724782187500004 0.40132917968750004 0.35877579375 0.4065716046875 0.36834881249999996 0.42108202656250004 0.3774767078125 0.4290649859375 0.38898288124999997 0.4318737046875 0.39874850624999997 0.432044165625 0.4067735828125 0.429576365625 0.4171769375 0.42193432499999994 0.42713516875 0.407764821875 0.43120877343749997 0.3914063 0.43267555 0.3734375515625 0.4324895140625 0.3661322484375 0.4261650484375 0.3477667125 0.41833257812499997 0.33589455 0.4146389046875 0.3332221984375 0.4009670296875 0.3329835546875 0.3751512515625 0.33774869375 0.3656181734375 0.34670986406250004 0.3586959171875 0.35962842031250003 0.3558924859375 0.37001099531250004 0.3548296046875 0.383031828125
0 0.422847828125 0.6747366125 0.42828204999999997 0.680047221875 0.43223480625 0.6819417296875 0.4412191859375 0.682098553125 0.454097828125 0.675282084375 0.46167778281249994 0.666286821875 0.4660877734375 0.6541937046874999 0.467992103125 0.6308647125 0.4672447046875 0.6220500796875 0.46571673125 0.61680765625 0.45962481093749996 0.60757375 0.4461655125 0.604730940625 0.43228106093749996 0.6070964625 0.4166760296875 0.6185595234375 0.40954119687499996 0.634082246875 0.4086908921875 0.6444989140625 0.40979371249999996 0.6549496734375 0.422847828125 0.6747366125
0 0.5097658828125 0.6786008609375 0.5365502375 0.6691584515625 0.55041471875 0.65505713125 0.554689628125 0.6422227578124999 0.5569216781249999 0.6148790078124999 0.55163026875 0.60422474375 0.5228196125 0.583380409375 0.5071946125 0.5831076734375 0.5023370515625001 0.5851091859374999 0.47936464375 0.6029633421875 0.47373781406250004 0.6119926953125 0.4707218078125 0.6249794375 0.46965892656249997 0.6380002703125001 0.47228971875000003 0.6536934546875 0.4818627375 0.6682038765625 0.48729695937499995 0.6735144859375 0.5009768234374999 0.6784474484375 0.5097658828125 0.6786008609375
0 0.5941322515625 0.582538875 0.60123221875 0.57043838125 0.603842921875 0.538455959375 0.5992340828125 0.520038875 0.5861799671875 0.5002519359375001 0.5791619859375 0.49517446875 0.5588494890625 0.4948199125 0.5510237171875 0.49963828125000004 0.5369466593750001 0.5163437656250001 0.52959925 0.5344706578125 0.5268357578125 0.568324825 0.5281511546875 0.5761714171875 0.5340304984375 0.5880094890625001 0.5521294984375 0.6011040046875 0.5686008546875 0.6013915140625 0.582433471875 0.59407011875 0.5941322515625 0.582538875
0 0.569260925 0.6194625859375 0.5755853921874999 0.63782811875 0.59038005625 0.6602533171875 0.6108528328125 0.672541709375 0.6373680046875 0.6730045328125 0.6541754828124999 0.6574550546875 0.6610977390625 0.644536496875 0.668657725 0.6238054390625 0.66798005625 0.608146346875 0.6401113078125 0.5541984140625 0.626652009375 0.5513556046875 0.61255498125 0.55632529375 0.592405971875 0.5755326703125 0.57032380625 0.6064417515625 0.569260925 0.6194625859375
0 0.6935845781250001 0.6035731125 0.6992406531250001 0.5989776609375 0.7154834125 0.5797021 0.72045254375 0.5667494515625 0.72257830625 0.540707784375 0.7195223625 0.5302229328125 0.7116898921875 0.51835076875 0.708734953125 0.5162128890625 0.681391203125 0.515735603125 0.6765336421875 0.5177371140625 0.6639645875 0.5279492296875 0.658550334375 0.5343744171875 0.6537937796875 0.5447229 0.6507777734375 0.5577096421875 0.653408565625 0.5734028265625 0.6566770859375 0.5812835093750001 0.6679906531250001 0.598432190625 0.674639265625 0.6032424203125 0.6935845781250001 0.6035731125
0 0.474478609375 0.5340300984375 0.5093907171875001 0.5346394906249999 0.5109352796875 0.533688496875 0.527390615625 0.51180876875 0.5297688921875 0.506634528125 0.531682078125 0.48319702812500004 0.5253576125 0.46483149218750003 0.5173125671875 0.455563496875 0.5023252953124999 0.4474782609375 0.4964659203125 0.447375984375 0.48236889375 0.452345675 0.47283581406249997 0.4613068453125 0.46136957812499996 0.48196971875 0.4594563921875 0.50540721875 0.46599343437499996 0.5211685859374999 0.474478609375 0.5340300984375
0 0.590113659375 0.462245590625 0.5968233390625 0.4519311984375 0.598098796875 0.4363061984375 0.5965708234375 0.43106377343749996 0.58916350625 0.413983278125 0.5819887359375 0.406034409375 0.5709077140625001 0.39801735781250003 0.5630952140625001 0.397880990625 0.5489981875 0.4028506796875 0.530802303125 0.42209214843750004 0.527786296875 0.43507888906250003 0.529566784375 0.46118874062500004 0.53109475625 0.466431165625 0.540667775 0.4809415875 0.5443614484375 0.4836139390625 0.5677989484375 0.4840230421875 0.5760366 0.478951075 0.590113659375 0.462245590625
0 0.5195459375 0.42580748437500004 0.5314572953125001 0.411672071875 0.5332708921875 0.40622718750000003 0.535487 0.37907875 0.52963686875 0.36209063124999996 0.5218044 0.3502184671875 0.508770253125 0.3421673234375 0.502910878125 0.34206504843749996 0.492932678125 0.3444987546875 0.484695025 0.34957072031249997 0.47494936875000004 0.3611360578125 0.46833670156249996 0.37745025781249997 0.4661152796875 0.40466379999999996 0.4685321421875 0.41578946562499997 0.47462406250000005 0.4250233703125 0.48939875781250003 0.435712771875 0.5030706328125001 0.43595141562500006 0.5195459375 0.42580748437500004
0 0.5422127515625 0.308066296875 0.5486935578125001 0.293966490625 0.5502931953125 0.27437013593750004 0.5477796734375 0.26382955625000004 0.5399472046875 0.25195739375000004 0.5332985921875 0.2471471625 0.51532984375 0.24683351718750002 0.5089097812500001 0.2488077546875 0.49916412499999996 0.2603730921875 0.496573271875 0.2681515 0.49444750937500004 0.2941931671875 0.49597548125 0.2994355921875 0.5055484984375 0.3139460140625 0.5139549265625 0.318786928125 0.5256736734375 0.3189914796875 0.5348453734375 0.31445739375000004 0.5422127515625 0.308066296875
0 0.5770242421875 0.31649756562500003 0.5813756140625 0.3230932125 0.5944097609375001 0.33114435625 0.6100347609375001 0.33141709218750004 0.6141535859375 0.3288811078125 0.6238992421875 0.31731577187500004 0.628917878125 0.30794981718750003 0.6318620593750001 0.271882109375 0.631631865625 0.27050895625 0.6301038921875 0.26526653125 0.6222714234375 0.25339436718749997 0.614884075 0.24804966718750002 0.6053310265625 0.245275040625 0.58949345 0.247606471875 0.582126071875 0.25399756562500003 0.573038115625 0.2694861984375 0.5706997765625 0.2981320328125 0.5770242421875 0.31649756562500003
0 0.64578455 0.4194049921875 0.6484601109375 0.4135839703125 0.6510139796875001 0.3822978015625 0.6450469734375 0.36853851249999997 0.6328664828125 0.35841596875000004 0.6192922640625 0.3581790296875 0.6144347031249999 0.3601805421875 0.6005702203125 0.3742818609375 0.5914822625 0.38977049375 0.5899942296875 0.40799966093749995 0.591309625 0.41584625312499995 0.60088264375 0.4303566734375 0.6148707640625 0.43790289375 0.617865553125 0.43795516875 0.6358263171874999 0.43357449531250003 0.64578455 0.4194049921875
0 0.7135493546875 0.42189177187500004 0.7221580171875 0.41167572343750003 0.7256309828124999 0.36913015 0.7221123140625 0.3529324921875 0.7105861703125 0.3383879765625 0.6953863234375001 0.332906909375 0.6895269484375001 0.3328046328125 0.6793361703125 0.33784250625 0.668720240625 0.3480887140625 0.6587620078125 0.3622582171875 0.655533425 0.377849125 0.6540453921875 0.396078290625 0.66189783125 0.41968625 0.666249203125 0.42628189843750003 0.6773302234374999 0.43429894999999996 0.6929552234374999 0.434571684375 0.7135493546875 0.42189177187500004
0 0.675190675 0.5096292546875001 0.6806049296875 0.5032040671875 0.682091353125 0.4999701671875 0.6860360921875001 0.45164512031250004 0.6807176578125 0.441920921875 0.6661555406249999 0.428627353125 0.6540421671875001 0.4260688234375 0.6520890484375 0.42603473125 0.6405523390625001 0.43078832499999997 0.6288535578125 0.44231956875 0.6173873234375 0.4629824421875 0.615048984375 0.49162827656249997 0.6181049296875 0.5021131265625 0.6241968499999999 0.5113470328124999 0.63506529375 0.52196825 0.641905225 0.5244347296874999 0.6547307484375 0.5246586 0.675190675 0.5096292546875001
0 0.7569511171875 0.6803076171875 0.773426421875 0.6701636859375 0.8033011171875 0.6276551765625 0.8125764 0.6074756359375 0.8130744359375001 0.601374446875 0.80169326875 0.57546956875 0.7956013468750001 0.5662356640625 0.7792986796875 0.5503038359375 0.7441424296875 0.54969018125 0.72180775 0.5597318359375001 0.7014461640625 0.5815433796875 0.6869639234375 0.6151929953125 0.6844408359374999 0.6245373125 0.6826126796875001 0.646933146875 0.685515828125 0.656893753125 0.693348296875 0.6687659171875 0.709863540625 0.6820935796875001 0.743066665625 0.6826731421875001 0.7569511171875 0.6803076171875
0 0.6963996031249999 0.485224625 0.7151005171875 0.50771800625 0.726394115625 0.5131308906250001 0.736159740625 0.51330135 0.7526350453124999 0.5031574203125 0.7645464015625001 0.4890220078125 0.766211196875 0.4854000390625 0.7697187046875 0.4424312890625 0.7687979281249999 0.43693867500000005 0.764001434375 0.4238155671875 0.7540032625 0.41451347656250004 0.738803415625 0.40903240937499996 0.723178415625 0.4087596734375 0.7129876375 0.413797546875 0.696744878125 0.43307310781249997 0.694154025 0.440851515625 0.6918156859375 0.46949735 0.6963996031249999 0.485224625
0 0.7815367859375 0.5456487234375 0.7952086609375 0.5458873671875 0.7993274875 0.543351384375 0.81123884375 0.5292159734374999 0.8130225531249999 0.52533529375 0.8149357390624999 0.5018977921875 0.8122617875 0.4927235484375 0.8061698671874999 0.48348964375000003 0.7911825953125 0.47540440781250004 0.7812043937500001 0.477838115625 0.7686353390625 0.4880502296875 0.7653867875 0.4919053421875 0.7636861765625 0.5127386765625 0.764788996875 0.5231894328125 0.7721963140625 0.54026993125 0.7815367859375 0.5456487234375
0 0.849320275 0.5718675109375 0.856322278125 0.567556340625 0.8660679328124999 0.555991003125 0.8710370640624999 0.5430383546875001 0.8714622171874999 0.537830021875 0.8701468203125 0.5299834296875 0.8640549 0.5207495234375 0.8603612265624999 0.518077175 0.8447362265624999 0.5178044390625 0.8406174 0.5203404203125 0.8243746406250001 0.53961598125 0.8226740296875 0.560449315625 0.8287659515625 0.5696832203125 0.831351521875 0.5715538640625 0.849320275 0.5718675109375
0 0.8273638468750001 0.65754420625 0.8498247890625 0.6579362640624999 0.86506444375 0.648553128125 0.870478696875 0.642127940625 0.87451668125 0.6345921156250001 0.8777761828124999 0.594661559375 0.8668977531250001 0.5781724453125 0.8595104062500001 0.57282774375 0.8319540796875 0.5749546234375 0.81851475 0.583847609375 0.8154987437500001 0.5968343515625001 0.80840385 0.6358286671875 0.809931821875 0.6410710921875 0.81602374375 0.6503049984375 0.8234110906250001 0.6556496984375 0.8273638468750001 0.65754420625
0 0.8870641562499999 0.693531834375 0.8966172046875001 0.6963064609375 0.9144079062499999 0.6940091203125001 0.926764384375 0.6864011718749999 0.9421950062500001 0.6680893890624999 0.9450496015625 0.6331191515625 0.9431598125 0.6293140578124999 0.9342444921874999 0.61872693125 0.9268571453125001 0.61338223125 0.9153509718749999 0.6105735125 0.8995133953125001 0.61290494375 0.8893226171874999 0.6179428171875 0.8776238375000001 0.6294740609375 0.8735848875000001 0.6789532281249999 0.8796768078125 0.6881871328125 0.8870641562499999 0.693531834375
0 0.8941425265625 0.5810602890625 0.897743859375 0.58366583125 0.9324281031250001 0.584271246875 0.9392769781249999 0.5792402359375 0.94204588125 0.5740728125000001 0.9437677484375 0.5529790640625001 0.9411701953125 0.5440669406249999 0.927903503125 0.52688416875 0.9148693578125 0.518833025 0.8992443578125 0.5185602890625 0.889711278125 0.5275214593750001 0.8856682062499999 0.5363176703125 0.8844352640625001 0.5514218359374999 0.8852072375000001 0.5587373671875 0.8897911546874999 0.5744646421875 0.8941425265625 0.5810602890625
0 0.43940529687499996 0.40361080312500003 0.4251156625 0.42292045468749995 0.42146192656250003 0.443719696875 0.4227773234375 0.4515662890625 0.4243052953125 0.4568087140625 0.4338783140625 0.4713191375 0.436527496875 0.47390805937499997 0.45201415 0.4741783796875 0.461434640625 0.46919225625000005 0.47096771875 0.46023108749999997 0.47593684999999997 0.44727843749999996 0.4772123078125 0.43165343749999996 0.4758969125 0.4238068453125 0.4728409671875 0.41332199531249997 0.46674904687499996 0.4040880890625 0.4571959984375 0.4013134640625 0.4454772484375 0.40110891249999997 0.43940529687499996 0.40361080312500003