0 0.0552691859375 0.37447721562499997 0.0474566859375 0.374659053125 0.0431434609375 0.3812831203125 0.0401485515625 0.3917907046875 0.0395624375 0.4074611640625 0.0426547375 0.4204365390625 0.048334971875 0.42943747343750005 0.050288096875 0.42939201406249994 0.062316431250000005 0.39910315 0.061405092187499996 0.38868648437500003 0.058540626562499996 0.3783152765625 0.0552691859375 0.37447721562499997
0 0.1323338671875 0.43883356874999996 0.1301529078125 0.4362748625 0.1292415671875 0.425858196875 0.1259701265625 0.42202013593750004 0.11620450156249999 0.4222474328125 0.1140235421875 0.419688725 0.1042579171875 0.41991602187500005 0.09994469218749999 0.4265400890625 0.10040036249999999 0.43174842187499995 0.09867507187499999 0.43439804843749996 0.1000420828125 0.45002304843749996 0.099006909375 0.45161282343750003 0.1023788671875 0.4901544890625 0.10368744375000001 0.4916897140625 0.10414311406250001 0.49689804843749996 0.11068599374999999 0.5045741703125 0.11573141875 0.5175040828124999 0.12095598437499999 0.521296684375 0.12290910937499999 0.521251225 0.1294519890625 0.528927346875 0.1314051140625 0.5288818875 0.131732259375 0.52926569375 0.152630696875 0.5287792765625 0.153752134375 0.5270570203125 0.1532964640625 0.5218486859375 0.15778221875 0.5149596578125 0.15691644531249999 0.505063825 0.15560786875 0.5035286015625 0.154240859375 0.4879036015625 0.1520598984375 0.48534489374999995 0.1518320640625 0.4827407265625 0.14747014375 0.4776233125 0.1472423078125 0.4750191453125 0.14506134843750002 0.4724604390625 0.1448335140625 0.469856271875 0.1330173734375 0.44664606874999996 0.1323338671875 0.43883356874999996
0 0.07388233749999999 0.45748178125 0.06997608749999999 0.45757269999999994 0.0656628625 0.46419676406250004 0.067713378125 0.48763426406250004 0.0698943375 0.490192971875 0.0703500078125 0.4954013046875 0.0738492828125 0.5018435328125 0.0855680328125 0.501570775 0.08605874999999999 0.502146484375 0.09786120625 0.5018717796875001 0.09987471875000001 0.49732357968749996 0.0994190484375 0.49211524687499997 0.0972380875 0.4895565390625 0.0960989125 0.47653570624999997 0.093917953125 0.4739769984375 0.088872528125 0.46104708437499997 0.08560108749999999 0.4572090234375 0.08169483749999999 0.45729994218750003 0.079513878125 0.45474123437499997 0.075607628125 0.454832153125 0.0747449828125 0.4561569671875 0.07388233749999999 0.45748178125
0 0.0943118140625 0.451635121875 0.092479640625 0.43069327968750004 0.08301946875 0.40644969062499997 0.0682571140625 0.405488553125 0.0641717234375 0.41471678437500004 0.062902103125 0.4225747453125 0.0644969484375 0.4408039125 0.0693145390625 0.451129659375 0.078901025 0.460039675 0.08866665 0.459812378125 0.09234506406250001 0.4571172921875 0.0943118140625 0.451635121875
0 0.071480434375 0.3467004640625 0.0662071734375 0.3311663828125 0.060851521875 0.3226797875 0.054322504687499995 0.3228317515625 0.052079628125 0.3262762671875 0.0411417734375 0.3578444828125 0.043647959375 0.386490315625 0.046284590625 0.39425735624999997 0.053481757812499996 0.40270109062500004 0.0639418265625 0.4024576296875 0.0694942546875 0.391107675 0.074644028125 0.3699978921875 0.073651521875 0.35865349062499996 0.071480434375 0.3467004640625
0 0.0521237640625 0.309444159375 0.049340921875 0.277636125 0.043331928125 0.26711443749999997 0.035975096875 0.272504609375 0.0336149984375 0.279083215625 0.032345378125000004 0.286941175 0.033484553125 0.2999620078125 0.0407109390625 0.31545062968750004 0.0419104671875 0.31685791874999997 0.0495276546875 0.3166806265625 0.052201853124999996 0.3125737046875 0.0521237640625 0.309444159375
0 0.070392565625 0.3303513640625 0.0762032453125 0.3184735046875 0.077345903125 0.31140134218750004 0.0760700265625 0.2968180078125 0.07106042968750001 0.2820606296875 0.06538019375000001 0.273059696875 0.06147394375 0.273150615625 0.052163989062500006 0.2785862453125 0.0497485828125 0.282295721875 0.050135903125000006 0.28672280625 0.055174540625000004 0.32418189218750004 0.058449071875 0.33212979531250003 0.0682774765625 0.3319010375 0.070392565625 0.3303513640625
0 0.10207672187500001 0.2943208296875 0.0942155265625 0.2827611875 0.0864030265625 0.28294302656250003 0.0803645109375 0.29221671875 0.0773696015625 0.302724303125 0.07609998125 0.3105822625 0.07837833281249999 0.3366239296875 0.0816984671875 0.3522034703125 0.0880232515625 0.3596237203125 0.0938268234375 0.359488640625 0.103541121875 0.3334287890625 0.104355071875 0.32036249687499996 0.10207672187500001 0.2943208296875
0 0.11947095468749999 0.363393103125 0.116199515625 0.3595550421875 0.102527640625 0.3598732578125 0.09993970468749999 0.363847696875 0.091866315625 0.40578712031249997 0.0925498203125 0.41359962031249997 0.0957667375 0.41737371406249996 0.10758314375 0.417098684375 0.11875439531250001 0.3999423546875 0.1210658 0.38162226875 0.11947095468749999 0.363393103125
0 0.1593942546875 0.452294865625 0.1607522046875 0.441531815625 0.158778584375 0.41897322187499997 0.1581576890625 0.4157910734375 0.1548862484375 0.4119530125 0.1468459140625 0.40953068437500006 0.13540369375 0.4241490875 0.13390623906250002 0.42940287968749996 0.13309228906249998 0.442469171875 0.136640259375 0.46065287968749996 0.145668390625 0.47727382812499997 0.15231878125 0.47711903906249997 0.1593942546875 0.452294865625
0 0.1341099484375 0.40656528124999997 0.138870896875 0.38828137812499997 0.137666625 0.374516496875 0.1304158921875 0.353157134375 0.11578398125 0.33131720468750003 0.1101524421875 0.33405775000000004 0.1077923421875 0.34063635625 0.106522721875 0.348494315625 0.1085732375 0.371931815625 0.11407433281249998 0.3900700625 0.12216336406249999 0.404233871875 0.1262974484375 0.4067471203125 0.1341099484375 0.40656528124999997
0 0.104630234375 0.2637306015625 0.107759140625 0.25413321093749996 0.1087797953125 0.24119258124999998 0.106626753125 0.21658320625 0.1029746046875 0.19944571093750002 0.09224894375 0.1775148609375 0.08053019375 0.17778761875 0.0744916796875 0.187061309375 0.07149676875 0.1975688953125 0.073547284375 0.221006396875 0.08018755625 0.252165478125 0.0900018765625 0.2636796609375 0.09208683437500001 0.264022553125 0.104630234375 0.2637306015625
0 0.13417068593749998 0.2171163765625 0.13771865625 0.235300084375 0.140583121875 0.2456712921875 0.14821648125 0.254626765625 0.156579084375 0.2562587515625 0.1744590640625 0.25584259062500003 0.1852771609375 0.24202155625000002 0.1876983515625 0.23054877343750002 0.1870718046875 0.2233873140625 0.1802647890625 0.1847298890625 0.177628159375 0.17696284843750001 0.165177209375 0.157681625 0.15254711875 0.1475377171875 0.14864086875 0.1476286359375 0.144962453125 0.15032372031250002 0.1389239390625 0.15959741249999998 0.1359290296875 0.1701049984375 0.13430112968750002 0.196237584375 0.13417068593749998 0.2171163765625
0 0.1609929234375 0.27650988125 0.151178603125 0.2649957 0.147457925 0.2627337765625 0.1372856671875 0.2629705390625 0.139262403125 0.339068853125 0.1395631453125 0.342506353125 0.14239839375000002 0.345832671875 0.16446870625 0.34531897968749997 0.1677792796875 0.3428934015625 0.17013937968749998 0.336314796875 0.16984667656250002 0.3128363828125 0.169413790625 0.307888465625 0.1658105140625 0.2868356296875 0.1609929234375 0.27650988125
0 0.1965479140625 0.34959555625 0.19954282343750002 0.3390879703125 0.20162639218749998 0.3181637171875 0.199575878125 0.2947262171875 0.1943026171875 0.2791921359375 0.18925719218749998 0.2662622234375 0.1859857515625 0.2624241625 0.17145123125 0.264067190625 0.1646144078125 0.3425104078125 0.1655257484375 0.352927075 0.1739481609375 0.36075515937499997 0.1883943109375 0.360418921875 0.1905093984375 0.3588692484375 0.1965479140625 0.34959555625
0 0.191345571875 0.323687184375 0.2030985671875 0.3397228140625 0.21425391562499999 0.3394631703125 0.2170127265625 0.33744185625 0.219626125 0.3270475296875 0.2174070109375 0.3016829453125 0.21309083593749997 0.28142954375 0.2080454109375 0.2684996296875 0.20041205 0.259544153125 0.19259955 0.259725990625 0.188058490625 0.263745890625 0.183338290625 0.276903103125 0.1820686703125 0.2847610625 0.1829800109375 0.295177728125 0.18630014687500002 0.31075726875 0.191345571875 0.323687184375
0 0.205167428125 0.23001170312500002 0.21023168124999997 0.2330904296875 0.2273117609375 0.2326928859375 0.22969540781250003 0.230745540625 0.24132967187499998 0.1993079 0.23841575625 0.16600169375 0.232398146875 0.149789078125 0.22694574687500002 0.143392309375 0.21477132656250003 0.138456734375 0.21086507656250003 0.138547653125 0.2052335359375 0.1412881984375 0.1940191515625 0.15851076875 0.1912520765625 0.1716225203125 0.19466960312499998 0.210685021875 0.19730623281249998 0.21845206250000002 0.205167428125 0.23001170312500002
0 0.19548089531249999 0.43247105 0.1999732609375 0.41670967187499997 0.20044206406249998 0.41200171562500004 0.19641469843749998 0.3659687296875 0.181468153125 0.350598909375 0.1721581984375 0.35603453906250004 0.1695702640625 0.360008978125 0.16162731875 0.38106961093749997 0.15954375 0.4019938625 0.16423089531249999 0.433198403125 0.166639690625 0.43836127812500003 0.17258280625 0.445333753125 0.1844893578125 0.445056625 0.19548089531249999 0.43247105
0 0.1542369921875 0.4699635875 0.156743178125 0.498609421875 0.1660845515625 0.5394259078125 0.19015986875 0.5388655484375 0.194861284375 0.531645315625 0.20130677343749998 0.5158384781249999 0.1990284234375 0.4897968125 0.1937551625 0.47426273124999996 0.1913463671875 0.46909985625 0.1793510875 0.45502696875000004 0.173263878125 0.45255917968750003 0.161545128125 0.4528319359375 0.157231903125 0.45945600156250005 0.1542369921875 0.4699635875
0 0.2332569609375 0.48284869218750004 0.2300176828125 0.44582357031250003 0.22833152499999998 0.4422095578125 0.220698165625 0.433254084375 0.216791915625 0.433345003125 0.2131135 0.43604008906249997 0.2001738265625 0.455912284375 0.197178915625 0.4664198703125 0.19636496718750002 0.4794861640625 0.1986433171875 0.5055278296875 0.201279946875 0.5132948703125 0.20477922187500003 0.5197370968749999 0.21327522812500002 0.5273677593749999 0.22108772812500002 0.527185921875 0.2332569609375 0.48284869218750004
0 0.26859834375 0.54678189375 0.264891278125 0.50440993125 0.26215244531250004 0.502744903125 0.24969151093750003 0.503034934375 0.24180081250000002 0.5094813203124999 0.23603882812500002 0.5331006578124999 0.23613621875000002 0.5565836171874999 0.23877285 0.5643506578124999 0.24858716875 0.575864840625 0.2523078453125 0.5781267625 0.2530239921875 0.5781100953125 0.261803375 0.570338290625 0.2678418890625 0.5610646 0.26859834375 0.54678189375
0 0.3155026984375 0.5885289734375 0.315815234375 0.585390334375 0.3110250015625 0.5306377296875 0.30326394218749997 0.5157486859375 0.2939052921875 0.5094428359375 0.2806890875 0.5149693859375 0.2783289875 0.5215479921874999 0.27933771875 0.5554476187499999 0.2850666484375 0.5761900328125 0.2898842390625 0.5865157812499999 0.2978447421875 0.5958550609375 0.3109306796875 0.5955504828125 0.3155026984375 0.5885289734375
0 0.24330500000000002 0.43899063125 0.2525483 0.417016528125 0.2513296015625 0.40308674062499994 0.23983480625000003 0.35335032499999997 0.236563365625 0.3495122640625 0.226797740625 0.34973956093749997 0.217308646875 0.3643125046875 0.2160390265625 0.3721704640625 0.21808954218749999 0.3956079640625 0.22118184218749998 0.4085833390625 0.2286360625 0.426676125 0.23921371875 0.43908585625 0.24330500000000002 0.43899063125
0 0.2639608578125 0.3461346375 0.2578736484375 0.3436668484375 0.2500611484375 0.3438486859375 0.24574792343750002 0.3504727515625 0.2382606484375 0.3767417171875 0.24076683437500002 0.40538755000000004 0.24363130000000002 0.4157587578125 0.246902740625 0.41959681875 0.258621490625 0.41932406093749997 0.2622999046875 0.41662897499999996 0.2715611640625 0.399451865625 0.27305861875000004 0.394198071875 0.274458684375 0.36546131875 0.27159421875 0.3550901109375 0.2639608578125 0.3461346375
0 0.2404845796875 0.3216301453125 0.24735957968750003 0.321470128125 0.2522473328125 0.3162678984375 0.257380403125 0.293289471875 0.2547312515625 0.263009525 0.24759324062500002 0.24070160624999998 0.242140840625 0.2343048375 0.230422090625 0.2345775953125 0.22479054999999998 0.237318140625 0.21702674531250002 0.2492414578125 0.215529290625 0.25449525 0.2191746515625 0.29616191718749996 0.22181128125 0.3039289578125 0.235987521875 0.3205605546875 0.2404845796875 0.3216301453125
0 0.2794564765625 0.2727088234375 0.286992446875 0.25818134062500003 0.2871194078125 0.25739554375 0.2842714703125 0.224843459375 0.279213 0.21400142500000002 0.260902675 0.19485658125 0.253090175 0.19503841875 0.24360107968750003 0.2096113625 0.24233146093750002 0.21746932187499998 0.24324279999999998 0.22788598906250002 0.25883474687499997 0.271884065625 0.2621061859375 0.2757221265625 0.268193396875 0.278189915625 0.2794564765625 0.2727088234375
0 0.30554589375 0.3673472265625 0.30704334843750003 0.3620934328125 0.3071475265625 0.36104722031250003 0.30414010468749997 0.326672221875 0.3009891921875 0.3152638921875 0.2913540125 0.29461239687499996 0.2795069921875 0.27844848125 0.2725358390625 0.2786107375 0.26959310625 0.2807668046875 0.2598761765625 0.29273558125 0.2538863578125 0.3137507546875 0.2557090375 0.3345840875 0.25834566875 0.342351128125 0.27038964375 0.368165496875 0.2838308359375 0.3816828390625 0.29288623281250004 0.381472071875 0.29950737968749996 0.3766209171875 0.30554589375 0.3673472265625
0 0.291563415625 0.487708271875 0.291569525 0.4872188546875 0.2871822765625 0.4370723703125 0.28218912500000004 0.425299190625 0.277172915625 0.419414165625 0.266235415625 0.41966873906249996 0.263292684375 0.42182480624999996 0.25552887968750004 0.43374812343749997 0.25253397031249997 0.44425571093749994 0.24986428593749999 0.48085042187499993 0.25077562656249996 0.4912670890625 0.257546340625 0.5015473781249999 0.264359425 0.5073905812499999 0.2723281734375 0.50720510625 0.28598057187500003 0.5021902984375 0.291563415625 0.487708271875
0 0.36596612031250003 0.6271488359374999 0.37445290781249996 0.626951303125 0.3810174703125 0.6192962843750001 0.38160358437499997 0.6036258250000001 0.375418984375 0.577675078125 0.37082922812499997 0.569953496875 0.363423703125 0.5636021875 0.351704953125 0.5638749453125 0.34934485312499997 0.5704535515625 0.351264925 0.61476984375 0.356082515625 0.6250955921875 0.36596612031250003 0.6271488359374999
0 0.3625766703125 0.55168358125 0.37021003124999996 0.56063905625 0.38461587812500003 0.5672188499999999 0.397083325 0.5669286671875 0.4042758015625 0.55854143125 0.40085827500000004 0.51947893125 0.3984494796875 0.5143160578125 0.3864542 0.50024316875 0.364872434375 0.4772602640625 0.359013059375 0.47739664218750005 0.35533464375 0.480091728125 0.35102141875 0.4867157921875 0.348026509375 0.497223378125 0.3476682296875 0.5154980046875 0.353169325 0.5336362515624999 0.3625766703125 0.55168358125
0 0.40830516250000004 0.46646384375 0.409450834375 0.456629921875 0.4068459203125 0.4268556171875 0.39897956562500003 0.41579624375 0.3952588875 0.41353432031250004 0.38646982812499997 0.4137388875 0.38140144062500003 0.416205378125 0.36478335156249997 0.4387726609375 0.3609744921875 0.4623465390625 0.362797171875 0.483179871875 0.365433803125 0.4909469125 0.37329499843749997 0.5025065546875 0.377015675 0.504768478125 0.38178688125 0.5046574265625 0.3971394734375 0.4954278953125 0.40830516250000004 0.46646384375
0 0.3005418453125 0.4376584296875 0.307996065625 0.45575121718749995 0.317175575 0.47119437968750005 0.324154646875 0.47938224218750003 0.346810896875 0.47885491093750004 0.3506065359375 0.473025734375 0.3585494796875 0.45196510468750006 0.35604329375 0.4233192703125 0.34622897343750003 0.4118050875 0.3127006234375 0.386490775 0.3068412484375 0.38662715312499996 0.29907744375 0.3985504703125 0.2978078234375 0.4064084296875 0.2967660390625 0.41687055468749995 0.3005418453125 0.4376584296875
0 0.34940302343749996 0.3921601875 0.3501647953125 0.38744541250000003 0.347658609375 0.3587995796875 0.34289319687500003 0.3401223140625 0.3391660875 0.33107591875 0.335445409375 0.3288139984375 0.32675400625 0.3290162921875 0.317909546875 0.334180140625 0.3118710328125 0.34345383281249997 0.3094751046875 0.3518599015625 0.3124369609375 0.38571406874999997 0.3140189390625 0.39037429375 0.3164277328125 0.395537165625 0.32384299843750003 0.40423677187499996 0.336343 0.40394583125 0.341411384375 0.401479340625 0.34940302343749996 0.3921601875
0 0.3281048859375 0.33159432031249997 0.3339642609375 0.3314579421875 0.3395958015625 0.328717396875 0.3490848953125 0.3141444515625 0.35537818125 0.2859722703125 0.3508487171875 0.23420025312499998 0.339792353125 0.21911509843750002 0.32589264375 0.2168291484375 0.3146295640625 0.22231023906249997 0.306865759375 0.23423355781250002 0.302145559375 0.24739076875000002 0.3000619890625 0.2683150203125 0.3049769703125 0.302123728125 0.310478065625 0.3202619765625 0.31374950625000003 0.3241000375 0.3281048859375 0.33159432031249997
0 0.40531788124999996 0.3780723546875 0.4050250015625 0.3702507640625 0.40174417656249994 0.3327507640625 0.40121684999999996 0.3311973546875 0.3893698296875 0.3150334390625 0.38396117812499997 0.3151593265625 0.3738244046875 0.32009230781250003 0.3643353109375 0.334665253125 0.3519000015625 0.3714872609375 0.35590364218750004 0.3948793015625 0.3683545921875 0.41416052499999995 0.38106938437500004 0.4185616296875 0.38321781875 0.418511625 0.3935173828125 0.410965384375 0.39955589687500004 0.40169169374999997 0.40531788124999996 0.3780723546875
0 0.48368806875 0.5714365921875 0.4831151765625 0.5693623515625 0.47525398125 0.5578027109375 0.45653668124999996 0.5451910125 0.45263043124999996 0.54528193125 0.42221002187499995 0.5890462234375 0.41058866250000003 0.6128019390625 0.4172289328125 0.6439610203125 0.44139863281249997 0.6629694859375 0.45311738281249997 0.6626967296874999 0.468058878125 0.654520553125 0.4775479734375 0.639947609375 0.4854909171875 0.618886978125 0.486741059375 0.6063324265625 0.48368806875 0.5714365921875
0 0.48830677656250004 0.6096882953125 0.49416615156250004 0.6095519171875 0.5186454359375 0.5985442765625 0.5316338046875 0.5904135609375001 0.540092375 0.571891090625 0.5393605078125 0.5635257984375001 0.5158957734375 0.5111910453124999 0.5088972234375 0.4983065890625 0.5034448234375 0.49190982187500004 0.444395403125 0.48806527343750006 0.4383568875 0.497338965625 0.435361978125 0.50784655 0.433278409375 0.528770803125 0.43396191406250006 0.536583303125 0.43923517500000003 0.552117384375 0.48830677656250004 0.6096882953125
0 0.51214384375 0.6819376859374999 0.5206398484375 0.6895683484374999 0.5247739328125001 0.6920815953125 0.5286801828125001 0.6919906765625 0.541668553125 0.683859959375 0.545981778125 0.6772358953125 0.5473294875 0.67250748125 0.5445043328125 0.6402158140624999 0.5423364171875 0.6355692265624999 0.5259792156249999 0.6163789234375 0.511168165625 0.6036763078125 0.499449415625 0.603949065625 0.4938178765625 0.6066896093749999 0.486003828125 0.6158016671875 0.4861810328125 0.61782713125 0.4929221765625 0.6523761734375 0.5023295234375 0.6704235046875 0.51214384375 0.6819376859374999
0 0.4884416765625 0.48260398593750004 0.49143658749999997 0.4720964 0.49270620625 0.46423844062499997 0.4881495046875 0.4121551078125 0.485285040625 0.4017839 0.4703766 0.365598325 0.4625154046875 0.3540386828125 0.45401939843749994 0.3464080203125 0.44379810312499995 0.341426984375 0.43771089375 0.338959196875 0.42403901875 0.3392774125 0.41840747812499995 0.3420179578125 0.4145499234375 0.35385035625 0.41051322968750004 0.37482006874999996 0.417250890625 0.429462109375 0.4225241515625 0.44499619062500007 0.4491513421875 0.48090900937500003 0.45678470156250006 0.48986448437499996 0.46505287187500005 0.4948909796875 0.48067787187500005 0.4945273046875 0.4884416765625 0.48260398593750004
0 0.41081964062500004 0.337497521875 0.41667901562500004 0.33736114375000004 0.425988971875 0.3319255125 0.43525023125000006 0.3147484015625 0.43563685625000004 0.3085419125 0.430891559375 0.254302909375 0.4241019546875 0.2432474671875 0.411927534375 0.238311890625 0.408021284375 0.238402809375 0.4006644546875 0.24379298125 0.38967790468749997 0.26361971875 0.3866829953125 0.274127303125 0.38918918125 0.3027731375 0.39228148125 0.3157485109375 0.4003705109375 0.3299123203125 0.41081964062500004 0.337497521875
0 0.5860765906250001 0.4241626765625 0.5743578406250001 0.42443543281249996 0.5242757359375 0.4895331109375 0.5212808265625 0.500040696875 0.5191972578125 0.5209649484375001 0.5283437140625 0.5807698640625001 0.531615153125 0.584607925 0.5471220156250001 0.5963157953125 0.5771024859375 0.5956179921875 0.583079909375 0.591238478125 0.59193419375 0.5805945140625 0.6100497375 0.5527734390625 0.6168535078125 0.5186919750000001 0.6172117874999999 0.50041735 0.616430890625 0.469121890625 0.611385465625 0.456191975 0.599569325 0.43298177187500003 0.594116925 0.42658500468750005 0.5860765906250001 0.4241626765625
0 0.64993203125 0.6697279578125 0.6595672109375 0.690379453125 0.678105371875 0.7121284640625001 0.6866013765625001 0.7197591265625001 0.6983249375 0.7258794578125001 0.71987441875 0.7253778875 0.7337042125 0.721272265625 0.7449672921875 0.7157911734375 0.752324121875 0.710401003125 0.7596941890625 0.7018066765625 0.7570006734375 0.6710196390625 0.7508440796875 0.6151898124999999 0.7277161640625 0.5857192203125 0.7050926140625 0.5731984406249999 0.69096506875 0.5683083234375 0.66362131875 0.56894475625 0.6472310640625001 0.5941162062500001 0.6425108640625 0.6072734171875 0.641013409375 0.6125272093749999 0.6446587703125 0.6541938765624999 0.64993203125 0.6697279578125
0 0.8301431953125 0.683834575 0.8284313937500001 0.664268603125 0.8253992703125 0.6553365062500001 0.8155849500000001 0.6438223234375 0.81071518125 0.64184809375 0.7850641406250001 0.642445128125 0.77111874375 0.6500762265625 0.7631271046875 0.6593953765625 0.756681615625 0.6752022156249999 0.7585042953125 0.6960355484375 0.7630940500000001 0.7037571296875 0.7685464515625 0.710153896875 0.7759878046875001 0.71467774375 0.8030385843750001 0.7140481296875001 0.81887203125 0.7037636171874999 0.8301431953125 0.683834575
0 0.8687600890624999 0.8142877578125001 0.8876859250000001 0.809150209375 0.89199915 0.80252614375 0.89017646875 0.7816928109375 0.885358878125 0.7713670625 0.869001678125 0.7521767578125 0.8607335078125 0.7471502640625001 0.846260903125 0.742790071875 0.8239952796875001 0.7433083109374999 0.8194900484375 0.7455007453125 0.812361053125 0.753495084375 0.8063225390625 0.7627687765625 0.8048250828124999 0.76802256875 0.8076895484375 0.7783937765625 0.8144602640624999 0.7886740640625 0.8284086687500001 0.8027014937500001 0.8408109250000001 0.8102412375 0.8517679046875 0.81468325625 0.8687600890624999 0.8142877578125001