0 0.452778106027929 0.44721335147843283 0.1833045870384417 0.2175599719086268
0 0.8161446342470307 0.5720947133817068 0.13513827492597627 0.1567195059298559
0 0.1309883842470306 0.5920307241357525 0.07923649147027048 0.10052600739797946
0 0.9359718821724382 0.5725229592250718 0.12037277985313324 0.1470329852202516
0 0.06763812449876835 0.7066220730403959 0.03527043605010749 0.09768767090588035
0 0.6151750527132256 0.6374482434025894 0.08949645607108572 0.10861981655770733
0 0.4598363572773289 0.6333554399582348 0.10543382614392857 0.11834043534727848
0 0.7516579269882793 0.6820212943396615 0.11338424196385706 0.13581881405042467
0 0.6632177759440164 0.40350750092443677 0.1382118212697975 0.17542015529314234
0 0.5340891508437702 0.5489827884671667 0.11124308908506961 0.1294228521871382
0 0.1912504554078735 0.550345677817534 0.06754116758507367 0.08634909567161238
0 0.7145695562377105 0.5335527020989358 0.09757984030360252 0.1149937978274929
0 0.6675439587318659 0.7189195522572204 0.08439018820278754 0.10681474346784761
0 0.9116077317528752 0.3853184759181192 0.11462114424590872 0.13156740315704746
0 0.991382185899738 0.6351162359472491 0.017235628200523934 0.09248902837152997
0 0.5540436854871417 0.3886757742814019 0.10282525026222675 0.11992102941068872
0 0.9107145408903708 0.7455118298373276 0.06529495850815117 0.07985263605166182
0 0.3300384230395871 0.4186828376883793 0.07648259982050512 0.08475788704135674
0 0.44468679918874054 0.7434124015575752 0.09584422764800812 0.11523561945754217
0 0.15832324669922965 0.756442565122837 0.07058779733099411 0.08926353061486587
0 0.9573705224019209 0.6978495681588449 0.08525895519615823 0.11329490550762475
0 0.5382699332120566 0.6764856628403462 0.08674739650173784 0.11477604683779799
0 0.29417362324936847 0.513683100620503 0.09907282692190078 0.1166937351707876
0 0.3132843564521363 0.827881992940371 0.06193316016782511 0.07663670783841639
0 0.2133370977295593 0.46983982389832574 0.08377150640791661 0.09607823898117544
0 0.2535863572773289 0.6393567020324288 0.09289234030360252 0.11485740550762476
0 0.8008487531234996 0.44256633775488624 0.09475643527213543 0.10088015070754235
0 0.1757932439999373 0.6666753714701855 0.07864449561945541 0.09271350739797946
0 0.45676259192998925 0.8511112412910183 0.06742131149066814 0.08605328541494828
0 0.5268373709742834 0.7942641962264411 0.08898148887702995 0.1056816045377154
0 0.836696700433496 0.7296571607952821 0.0959211409778451 0.11367880247087
0 0.6033047825920012 0.770115990895307 0.0765228593904336 0.10200610370472596
0 0.3846857597714842 0.8195406440357276 0.044393030525053764 0.04962240827885367
0 0.07303417428898691 0.6125083601874144 0.06096748809905779 0.10632809436850721
0 0.09438006848477246 0.8115452537609237 0.07628092531467215 0.1425344924781527
0 0.3452177502237146 0.6500010338483133 0.09348433615441767 0.12266990550762476
0 0.28784480333792545 0.7401463122198433 0.08944028566141168 0.1117362920377154
0 0.08065557490904245 0.5167639511744989 0.08367979318180926 0.0974397434678476
0 0.11627653404189357 0.68719847162847 0.06249701315034204 0.08279189309508048
0 0.11596426764564671 0.4350904023489979 0.12663017980126856 0.1473124978967423
0 0.9894565300567946 0.529579289787315 0.02108693988641086 0.10807245079499808
0 0.39205593881113404 0.5758217362764535 0.08234814849824268 0.09915493336788864
0 0.25947227221903885 0.7996948084589196 0.0679878476678251 0.07681288125157941
0 0.3613773917202078 0.7599299633151999 0.0824798906404336 0.10217943561122489
0 0.7377156713892019 0.7873452918323791 0.09221008815092269 0.10713972025096083
0 0.1729553543775439 0.8358800125364123 0.0658588114906681 0.08600782130832592
0 0.2559138388064896 0.3910866865930226 0.08043045098775359 0.09442196926126609
0 0.21561460582743636 0.7375501611244866 0.058654218181228755 0.07322830863183505
0 0.9401311989836035 0.8237361182379871 0.05413400313985299 0.07787138954863906
0 0.878915476153798 0.4911880426903089 0.05998731978903784 0.07024642898845776
0 0.8914541327971381 0.6669920247436203 0.06832230225815117 0.07994072275824333
0 0.9946364966640084 0.7875509141604944 0.01072700667198312 0.1017596440847754
0 0.8773944006432775 0.8224296825028944 0.07056705441083118 0.08770387212152997