0 0.0032862968749999997 0.6309244796875 0.0100002875 0.6517578125 0.02097905625 0.6634765625 0.032795120312499995 0.6703125 0.0663644578125 0.6703125 0.0861950890625 0.6582682296875 0.09203153750000001 0.6517578125 0.09746360468750001 0.6413411453125 0.104040034375 0.6231119796875 0.1067102140625 0.6048828125 0.105092690625 0.5892578125 0.09173348906249999 0.5671223953125 0.0776343046875 0.5567057296875 0.07020325937500001 0.5541015625 0.05262513437500001 0.5541015625 0.0323309765625 0.5593098953125 0.0121055984375 0.5840494796875 0.006673531250000001 0.5944661453125 0.0028589890625 0.6205078125 0.0032862968749999997 0.6309244796875
0 0 0.795810346875 0.0182175953125 0.7916666671875 0.031080707812500004 0.7838541671875 0.04001464375 0.76953125 0.0406341421875 0.76796875 0.0458982109375 0.73203125 0.0457364578125 0.73046875 0.037092268750000004 0.7161458328125 0.02065850625 0.7083333328125 0 0.71042079375 0 0.795810346875
0 0.050633423437500005 0.8010416656249999 0.0608492828125 0.8179687484375 0.0668841703125 0.8234375 0.095692759375 0.8234375 0.11201198750000001 0.8153645828125 0.127186753125 0.7984374984375 0.136479215625 0.7749999984375 0.1380050328125 0.7645833328125 0.13481583749999998 0.746354165625 0.1308866609375 0.7398437484375 0.12264685312500001 0.7294270828125 0.0999722609375 0.7242187484375 0.083584353125 0.7294270828125 0.06995833125 0.742447915625 0.0544021125 0.761979165625 0.051304623437499995 0.769791665625 0.04863444375 0.7880208328125 0.050633423437500005 0.8010416656249999
0 0.098987259375 0.716276040625 0.1036389109375 0.7171875 0.12014280937499999 0.7171875 0.124377884375 0.716276040625 0.13295329218750002 0.7110677078125 0.140742865625 0.704557290625 0.156480640625 0.681119790625 0.1582257953125 0.669205728125 0.1546127796875 0.649869790625 0.148730478125 0.643359375 0.132296715625 0.635546875 0.11629026093749999 0.638151040625 0.1034271484375 0.645963540625 0.08980112812499999 0.658984375 0.0862992578125 0.662890625 0.083629078125 0.681119790625 0.087199728125 0.696744790625 0.098987259375 0.716276040625
0 0.1210434875 0.5930338546875 0.12811600625 0.6047526046875 0.1301427640625 0.60625 0.159683778125 0.60625 0.17575391406250002 0.5995442703125 0.1858780671875 0.5904296875 0.1917175390625 0.5792317703125 0.1959326078125 0.5504557296875 0.19626903906249998 0.5461588546875 0.19541442343749998 0.5253255203125 0.186342925 0.5005859375 0.1562372890625 0.4927734375 0.143374175 0.5005859375 0.13091544375 0.5123046875 0.1235302515625 0.5227213546875 0.11733527656250001 0.5383463546875 0.11352073437500002 0.5643880203125 0.1210434875 0.5930338546875
0 0.2042398640625 0.6770833328125 0.216721521875 0.671875 0.2295617078125 0.6575520828125 0.2370308 0.6432291671875 0.2407611984375 0.6177619484375 0.22816515 0.59375 0.21563763749999998 0.5859375 0.20587201249999998 0.5859375 0.18910264999999998 0.59375 0.16690122031250001 0.6119791671875 0.16106477187499998 0.6184895828125 0.1583487390625 0.6236979171875 0.1572043765625 0.6315104171875 0.1572502296875 0.64453125 0.160439425 0.6627604171875 0.16946506875 0.6744791671875 0.182374034375 0.6796875 0.2042398640625 0.6770833328125
0 0.1447348078125 0.7826421375 0.1544409109375 0.790625 0.17832406875 0.790625 0.205434503125 0.785326403125 0.2123018015625 0.7790906421875 0.21941816875 0.771154246875 0.22591144062500002 0.76180880625 0.23010743749999998 0.7331629734375 0.22810845937500002 0.7201421375 0.22258468437499998 0.7045171375 0.2139404953125 0.6901942234375 0.1994598578125 0.6823817234375 0.1896942328125 0.6823817234375 0.1639680078125 0.6980067234375 0.1484117875 0.7175379734375 0.14073685 0.7566004734375 0.14078270312500002 0.76962130625 0.1447348078125 0.7826421375
0 0.2993635953125 0.7510416671875 0.30163052343749996 0.7355654765625 0.2986523890625 0.7265625 0.2821727734375 0.7057291671875 0.2686575109375 0.6984375 0.2591197515625 0.6984375 0.24468194375 0.7083333328125 0.23612946250000003 0.7200520828125 0.2338407375 0.7356770828125 0.236648478125 0.7565104171875 0.25000767968750004 0.7786458328125 0.25805419218750003 0.7859375 0.2691544515625 0.7859375 0.283592259375 0.7760416671875 0.294097865625 0.7643229171875 0.2993635953125 0.7510416671875
0 0.290998221875 0.6661458328125 0.29916925 0.65703125 0.30731735 0.64140625 0.307953628125 0.6390625 0.3132176953125 0.603125 0.31065873125 0.5919270828125 0.2992985078125 0.5828125 0.2797672578125 0.5828125 0.271573303125 0.585416665625 0.2672856 0.5880208328125 0.259114571875 0.597135415625 0.24901334687499999 0.612760415625 0.24515294999999998 0.62578125 0.24481735 0.64140625 0.24600756562499998 0.6466145828125 0.260556984375 0.6739583328125 0.2699411546875 0.6765625 0.290998221875 0.6661458328125
0 0.2571995171875 0.584375 0.2765110421875 0.584375 0.2793194140625 0.583203125 0.294875634375 0.563671875 0.3026943921875 0.54696180625 0.30689833593750004 0.51826171875 0.3020774109375 0.501171875 0.29305176718750003 0.489453125 0.2672796890625 0.49205729218750005 0.2567511546875 0.497265625 0.2462455484375 0.508984375 0.2384789015625 0.522005209375 0.23542726875 0.5428385421875 0.23785355468749997 0.5662760421875 0.24335440312499998 0.575390625 0.2571995171875 0.584375
0 0.35158753125 0.6171875 0.37414748750000004 0.58984375 0.3822955875 0.57421875 0.38577452968750003 0.5638020828125 0.38334824375 0.5403645828125 0.3680359171875 0.5182291671875 0.353936734375 0.5078125 0.340264859375 0.5078125 0.325448621875 0.515625 0.30793927656250003 0.53515625 0.29707514218750003 0.5559895828125 0.2932606 0.58203125 0.29683125 0.59765625 0.305093984375 0.6145833328125 0.311762121875 0.6223958328125 0.3172400421875 0.625 0.3406775421875 0.625 0.35158753125 0.6171875
0 0.3591803234375 0.47068142343749997 0.3617233515625 0.4533203125 0.34554702187499997 0.43541666718750005 0.338115975 0.4328125 0.322490975 0.4328125 0.3057445390625 0.44713541718750005 0.3026470515625 0.45494791718750005 0.30073978125 0.46796875 0.3043104296875 0.48359375 0.31295461874999997 0.49791666718750005 0.3206237078125 0.5015625 0.3318737078125 0.5015625 0.3473021078125 0.49010416718750005 0.3531385546875 0.48359375 0.3591803234375 0.47068142343749997
0 0.3390646453125 0.703125 0.34968294843750003 0.6975260421875 0.355519396875 0.691015625 0.36534690937500003 0.67392578125 0.3703773359375 0.6395833328125 0.369770765625 0.6337239578125 0.3615080296875 0.616796875 0.3173949171875 0.624609375 0.31155846875000004 0.6311197921875 0.3018845515625 0.6571614578125 0.3007401890625 0.6649739578125 0.30121335 0.6884114578125 0.305142528125 0.694921875 0.3131694625 0.703125 0.3390646453125 0.703125
0 0.3940414546875 0.515364584375 0.3978759953125 0.5171875 0.41115725156250005 0.5171875 0.4155258296875 0.515364584375 0.43265371874999997 0.4984375015625 0.433582965625 0.4960937515625 0.43936199687500005 0.4566406265625 0.4375667703125 0.4515625015625 0.42696945625 0.437239584375 0.414060490625 0.4320312515625 0.3918590609375 0.45026041718750004 0.38835719218750003 0.45416666718750004 0.3825436703125 0.4671875015625 0.377920365625 0.48541666718750004 0.379537890625 0.5010416671875 0.3869918625 0.5101562515625 0.3940414546875 0.515364584375
0 0.3935278671875 0.621875 0.42453372343750007 0.621875 0.42968240937499996 0.6197265625 0.4398065625 0.610611978125 0.44613509531249995 0.602408853125 0.453103928125 0.5548330265625 0.4406987296875 0.5311848953125 0.43364913749999995 0.5259765625 0.42388351249999995 0.5259765625 0.3981572875 0.5416015625 0.39232083906250004 0.548111978125 0.38455419218750003 0.5611328125 0.38035819531250004 0.5897786453125 0.383547390625 0.6080078125 0.390619909375 0.6197265625 0.3935278671875 0.621875
0 0.412733478125 0.7734375 0.4298842953125 0.7630208328125 0.440389903125 0.7513020828125 0.44582196874999996 0.7408854171875 0.4544528296875 0.7162977421875001 0.4614175484375 0.66875 0.461171846875 0.6627604171875 0.45641098125 0.6419270828125 0.45052867812499997 0.6354166671875 0.4376197125 0.6302083328125 0.4110388703125 0.625 0.4012732453125 0.625 0.3868384625 0.6302083328125 0.36346974374999996 0.6497395828125 0.349889575 0.67578125 0.3491266671875 0.6809895828125 0.3503168828125 0.6861979171875 0.366171153125 0.7513020828125 0.3712905453125 0.7630208328125 0.3779586828125 0.7708333328125 0.389295978125 0.7734375 0.412733478125 0.7734375
0 0.4641188109375 0.7453125 0.48706802812500005 0.7453125 0.491295075 0.74212239375 0.4994725015625 0.686295571875 0.49962641249999995 0.684244790625 0.493744109375 0.6777343734375 0.47773765625 0.680338540625 0.46682766875 0.688151040625 0.45827518593749994 0.699869790625 0.455559153125 0.7050781234375 0.45403333593750006 0.715494790625 0.45722253124999995 0.73372395625 0.46077025312500003 0.742838540625 0.4641188109375 0.7453125
0 0.5062021609375 0.6796875 0.5171236109375 0.675130209375 0.5252946390625 0.666015625 0.5334427390625 0.650390625 0.535182209375 0.6451822921875 0.5394735703125 0.6158854171875 0.5379743359375 0.6061197921875 0.529330146875 0.591796875 0.501986396875 0.591796875 0.49341098906249997 0.597005209375 0.47671040624999994 0.624348959375 0.4739943734375 0.6295572921875 0.46979837656249995 0.658203125 0.480395690625 0.6725260421875 0.49366960625 0.6796875 0.5062021609375 0.6796875
0 0.5230564875 0.590625 0.53604779375 0.5859375 0.5418842421875001 0.5794270828125 0.5511767046875 0.5559895828125 0.553846884375 0.5377604171875 0.5530381234374999 0.5299479171875 0.5423949546875 0.5026041671875 0.5288796921875 0.4953125 0.526275528125 0.4953125 0.5197203640625 0.4973958328125 0.5111449546875 0.5026041671875 0.5006393484375 0.5143229171875 0.49520728125 0.5247395828125 0.491011284375 0.5533854171875 0.49143859218749997 0.5638020828125 0.49262880937500003 0.5690104171875 0.5044163390625 0.5885416671875 0.5103611781249999 0.590625 0.5230564875 0.590625
0 0.43556104375000004 0.522591146875 0.43949022031249996 0.5291015625 0.4586858703125 0.5447265625 0.4616762125 0.5453125 0.4750469828125 0.5453125 0.495749390625 0.5317057296875001 0.5070478828125 0.51724076875 0.5103075828125 0.49498697968750005 0.5100236859375 0.4809244796875 0.5060486562500001 0.4613932296875 0.48604424375 0.4379557296875 0.47861319843750005 0.4353515625 0.4641784140625 0.44055989687499997 0.45560300624999994 0.4457682296875 0.44276282031249997 0.46009114687499997 0.4358049359375 0.4809244796875 0.432753303125 0.5017578125 0.43556104375000004 0.522591146875
0 0.6079548921875 0.5950520828125 0.6137684125 0.58203125 0.6162707921874999 0.5716145828125 0.6185595171875 0.5559895828125 0.61791855625 0.5403645828125 0.61515666875 0.5325520828125 0.6026062296875 0.5182291671875 0.58726805 0.5109375 0.5712524265625001 0.5109375 0.5662597625 0.5130208328125 0.55770728125 0.5247395828125 0.544600275 0.57421875 0.5458363453125 0.5924479171875 0.54978845 0.60546875 0.5537176265625 0.6119791671875 0.56525638125 0.621875 0.582216015625 0.621875 0.5923986718750001 0.6145833328125 0.6079548921875 0.5950520828125
0 0.5803510140625 0.7291666671875 0.5827759953125 0.7256119796875 0.5910573671875 0.6690755203125 0.5906732046875 0.6653645828125 0.5879113171875 0.6575520828125 0.5776954578125 0.640625 0.5651679453125 0.6328125 0.5554023203125 0.6328125 0.549161490625 0.6354166671875 0.5405860828125 0.640625 0.534749634375 0.6471354171875 0.52745615 0.68359375 0.5275020046875001 0.6966145828125 0.5345974499999999 0.71484375 0.5463849796875 0.734375 0.5608656171875 0.7421875 0.5628187421875 0.7421875 0.5803510140625 0.7291666671875
0 0.63785044375 0.6846354171875 0.6460214703125 0.675520834375 0.6671855812499999 0.6400390625 0.670246753125 0.619140625 0.66765803125 0.6078125 0.6637288546875 0.601302084375 0.6478428828125 0.59375 0.6371006984375 0.59375 0.628954059375 0.5986979171875 0.6137792937500001 0.615625 0.6001991265625 0.6416666671875 0.5979104000000001 0.6572916671875 0.5995279250000001 0.6729166671875 0.6022898125 0.6807291671875 0.60464731875 0.6846354171875 0.616757246875 0.6921875 0.6178640203125 0.6921875 0.63785044375 0.6846354171875
0 0.6708082125 0.7369791671875 0.679383621875 0.7317708328125 0.6875546484374999 0.72265625 0.6948758500000001 0.7070095484375 0.6993929046875 0.676171875 0.6987085296875 0.6731770828125 0.6932076828125 0.6640625 0.67520225 0.6536458328125 0.671296 0.6536458328125 0.6584328859374999 0.6614583328125 0.6421137578125 0.6861979171875 0.6394435796875 0.7044270828125 0.652444253125 0.7356770828125 0.6532300875 0.7369791671875 0.6708082125 0.7369791671875
0 0.6716313515625 0.5963541671875 0.6825413390625 0.5885416671875 0.6934284 0.57421875 0.7015765015625 0.55859375 0.7042696078125 0.546875 0.7064947578125 0.531684028125 0.7041549734375 0.5143229171875 0.6970824546875 0.5026041671875 0.685390109375 0.4953125 0.6740294328124999 0.4953125 0.6595916265625 0.5052083328125 0.646751440625 0.51953125 0.64093791875 0.5325520828125 0.6378068703124999 0.5419270828125 0.6341258375 0.5670572921875 0.6360248671875001 0.5794270828125 0.64190716875 0.5859375 0.660701190625 0.5984375 0.6635136875 0.5984375 0.6716313515625 0.5963541671875
0 0.5344832375 0.49661458437499995 0.539984084375 0.5057291671875 0.5449187984375 0.509375 0.5560516125 0.509375 0.577093459375 0.5057291671875 0.5856459421875 0.49401041718750005 0.5969823078125 0.46861979218750005 0.59835554375 0.45924479218750003 0.5971812765625 0.44192708437499995 0.593633553125 0.4328125 0.5799158249999999 0.41979166718750005 0.5744379046875 0.4171875 0.5623376999999999 0.41979166718750005 0.5580499953125 0.42239583437499995 0.543256684375 0.43671875 0.5335364921875 0.4644097234375 0.531031609375 0.48151041718750004 0.5344832375 0.49661458437499995
0 0.548954475 0.3991536484375 0.55602699375 0.410872396875 0.5594506906250001 0.4125 0.5867130656249999 0.4125 0.591564696875 0.4082682328125 0.6020703046875 0.3965494796875 0.6103872453125 0.3771050375 0.6110484328125 0.3725911484375 0.6116525140625 0.3444661484375 0.606914575 0.3301432296875 0.5920066296875001 0.3119140640625 0.5861472546875001 0.3119140640625 0.5717124703125 0.3171223984375 0.5542031265625 0.3366536484375 0.5486276484375 0.3507161484375 0.544736815625 0.37727864843750003 0.5461925875 0.3913411484375 0.548954475 0.3991536484375
0 0.683706028125 0.40625 0.7075249828125 0.4036458328125 0.7266289234375 0.3932291671875 0.7418036890625 0.3763020828125 0.7468543015625 0.3684895828125 0.753049278125 0.3528645828125 0.758228215625 0.338509115625 0.7606456828125 0.3220052078125 0.757580875 0.30859375 0.7520800265625 0.2994791671875 0.7379808437500001 0.2890625 0.6883898109375 0.2942708328125 0.6848879421875 0.2981770828125 0.6728794453125 0.3268229171875 0.6709721734375 0.33984375 0.675015984375 0.37890625 0.6770149640625001 0.3919270828125 0.683706028125 0.40625
0 0.7319626109375 0.48125 0.741508240625 0.47265625 0.748298325 0.4596354171875 0.7535433203124999 0.423828125 0.75147190625 0.41796875 0.7428277171875 0.4036458328125 0.7400078796875 0.4015625 0.7229505890625 0.4015625 0.7127679328125 0.4088541671875 0.706931484375 0.4153645828125 0.7006838765625 0.43268229218750004 0.7002452046875 0.43567708281249995 0.6992565468749999 0.4544270828125 0.7004467625 0.4596354171875 0.7059476109375 0.46875 0.7110440765625 0.4739583328125 0.722736421875 0.48125 0.7319626109375 0.48125
0 0.6250443765625 0.40638020781249995 0.6195893828125 0.41028645781249995 0.6111056828125 0.44153645781249995 0.60652823125 0.47278645781249995 0.609335971875 0.49361979062500005 0.6144782921874999 0.5118489578125 0.616920984375 0.5140625 0.6462829609375 0.5140625 0.648467253125 0.513151040625 0.66559514375 0.49622395781249995 0.67684073125 0.47278645781249995 0.6806552734375 0.44674479062500005 0.680990875 0.43111979062500005 0.6789918953125 0.41809895781249995 0.67115646875 0.41158854062500005 0.6492447859375 0.401171875 0.6414322859375 0.401171875 0.6250443765625 0.40638020781249995
0 0.738354190625 0.71953125 0.7465022921875 0.70390625 0.7495539250000001 0.683072915625 0.745937421875 0.6544270828125 0.7388649046875 0.6427083328125 0.7279090625 0.6375 0.7220496875 0.6375 0.7134742796875 0.6427083328125 0.7053032515625001 0.651822915625 0.70258721875 0.65703125 0.6961024953125 0.7013020828125 0.696529803125 0.71171875 0.7036023218749999 0.7234375 0.721989209375 0.73125 0.725895459375 0.73125 0.7301831640625001 0.7286458328125 0.738354190625 0.71953125
0 0.7740246734375 0.7213541671875 0.777677096875 0.6964192703125 0.775921528125 0.6887369796875 0.7672773390625001 0.6744140625 0.7496992140625001 0.6744140625 0.7415281874999999 0.6835286453125 0.7400023703125 0.6939453125 0.7428101109374999 0.7147786453125 0.74754805 0.7291015625 0.7485608546875 0.7296875 0.7665540187500001 0.7296875 0.7740246734375 0.7213541671875
0 0.792511875 0.7271484375 0.8011396015625 0.73125 0.820914990625 0.73125 0.8233804203125 0.7297526046875 0.8315514484375001 0.7206380203125 0.836097 0.7136067703125 0.8405600140624999 0.6831380203124999 0.839607840625 0.6789713546875 0.8344884468749999 0.6672526046875 0.814865490625 0.6412109375 0.809006115625 0.6412109375 0.80043070625 0.6464192703125 0.7875905203125 0.6607421875 0.78511253125 0.6669921875 0.780916534375 0.695638021875 0.78543935625 0.7154296875 0.792511875 0.7271484375
0 0.8967616015625 0.6888020828125 0.8998590890625 0.6809895828125 0.90172050625 0.6549479171875 0.899677334375 0.6515625 0.888935146875 0.6515625 0.8763528078125 0.6614583328125 0.8635126218750001 0.67578125 0.8576991015625 0.6888020828125 0.8538387046875 0.7018229171875 0.8546474671875 0.7096354171875 0.8617199859375001 0.7213541671875 0.864539821875 0.7234375 0.8754773218749999 0.7234375 0.8831814343750001 0.71484375 0.8967616015625 0.6888020828125
0 0.853913503125 0.6426432296875 0.875205353125 0.6625 0.8868935859375 0.6625 0.8895199874999999 0.6595703125 0.8976680874999999 0.6439453125 0.9028589890625 0.6205078125 0.903469315625 0.6163411453125 0.90377135625 0.6022786453125 0.8848883796875 0.5645182296875 0.881363584375 0.5619140625 0.877457334375 0.5619140625 0.8649756765625 0.5671223953125 0.857186103125 0.5736328125 0.8516632578125 0.5860026031250001 0.8465326984375 0.6210286453125 0.8499843265625 0.6361328125 0.853913503125 0.6426432296875
0 0.7731312 0.6451171859375 0.7770603765625 0.651627603125 0.7977558296875 0.665625 0.8028420890625 0.665625 0.808737684375 0.66204426875 0.819243290625 0.65032551875 0.8212436828125 0.6443359359375 0.8246672343749999 0.620963540625 0.823393434375 0.608658853125 0.8147492453125 0.5943359359375 0.809652778125 0.589127603125 0.8022217328125001 0.5865234359375 0.7905029828125001 0.5865234359375 0.784262153125 0.589127603125 0.7760911265625 0.5982421859375 0.76989615 0.6138671859375 0.7683703328125 0.624283853125 0.7731312 0.6451171859375
0 0.7458106921875001 0.640625 0.751647140625 0.6341145828125 0.7553641265625 0.6247395828125 0.7600941578125 0.5924479171875 0.7600849875 0.58984375 0.758086009375 0.5768229171875 0.7466799328125 0.5546875 0.7431551375 0.5520833328125 0.7387728 0.55 0.7243196765625 0.55 0.7177645125 0.5520833328125 0.7119280640625 0.55859375 0.7010639296875001 0.5794270828125 0.6968679328125 0.6080729171875 0.699248365625 0.6184895828125 0.707129646875 0.6380208328125 0.7141792375 0.6432291671875 0.7248115765625001 0.6453125 0.7293037609375 0.6453125 0.7458106921875001 0.640625
0 0.74744320625 0.5468098953125 0.75176108125 0.55 0.768020846875 0.55 0.7813863140625 0.5350911453125 0.7841023468749999 0.5298828125 0.7875904593749999 0.5220703125 0.7918627468749999 0.49290364531249997 0.7917772859375 0.4908203125 0.7858949843749999 0.48430989531249996 0.7729860171875 0.4791015625 0.7651735171875 0.4791015625 0.7589326875 0.48170572968750003 0.7554308187500001 0.48561197968750003 0.74418523125 0.5090494796875 0.7407521421875 0.5324869796875 0.7435140296875 0.5402994796875 0.74744320625 0.5468098953125
0 0.8462465453125001 0.484309896875 0.8501087703125 0.45794270781249996 0.8446635296875 0.43411458437499995 0.8391626828125001 0.425 0.8266351703125 0.4171875 0.8207757953125 0.4171875 0.8098658078125001 0.425 0.8063639390624999 0.42890625 0.7982158375 0.44453125 0.7920667156250001 0.47317708437499995 0.79763634375 0.5018229171875 0.79999385 0.5057291671875 0.8062957515625 0.509375 0.82644845 0.509375 0.8413680031249999 0.49661458437499995 0.8462465453125001 0.484309896875
0 0.8238435890625 0.5479166671875 0.824606496875 0.542708334375 0.8186554140625001 0.5166666671875 0.8147262375000001 0.51015625 0.8097961078125 0.5078125 0.80289506875 0.5078125 0.7885727046875 0.515364584375 0.7784485515624999 0.5244791671875 0.7672029640625 0.5479166671875 0.7633884203125 0.573958334375 0.7653874 0.5869791671875 0.772841371875 0.59609375 0.7883183734375 0.5984375 0.7914433796875 0.5984375 0.7970647078125 0.597395834375 0.8238435890625 0.5479166671875
0 0.8552251015625 0.5963541671875 0.8680652875 0.58203125 0.8721393375 0.57421875 0.8773652609375 0.538541665625 0.8745270828124999 0.53125 0.8600464453125 0.5234375 0.8561401953125 0.5234375 0.8475647875 0.5286458328125 0.834343146875 0.5455729171875 0.8312120999999999 0.554947915625 0.8275628546875 0.5798611109375 0.8313832203124999 0.5924479171875 0.8353123984374999 0.5989583328125 0.8388371937500001 0.6015625 0.8446965687500001 0.6015625 0.8509373984374999 0.5989583328125 0.8552251015625 0.5963541671875
0 0.7825894250000001 0.4635416671875 0.7868771296875 0.4609375 0.7984332968750001 0.448046875 0.80498159375 0.40334201406250003 0.8034401499999999 0.39453125 0.7995109734375 0.3880208328125 0.7889365859375 0.3802083328125 0.77293013125 0.3828125 0.758182675 0.41015625 0.7539408234375 0.42578125 0.7622264859375 0.44921875 0.7692990046875 0.4609375 0.7728238000000001 0.4635416671875 0.7825894250000001 0.4635416671875
0 0.700697465625 0.47259114531249996 0.7061629953125 0.4796875 0.7263018828125001 0.4796875 0.732351846875 0.47649739531249996 0.7494797359375001 0.4595703125 0.75002294375 0.4585286453125 0.7549055578125 0.4251953125 0.7548200953124999 0.42311197968750003 0.7536298796875001 0.41790364531249996 0.743032565625 0.40358072968750003 0.7336483953124999 0.4009765625 0.7211667359375 0.40618489531249996 0.70832655 0.4205078125 0.7032759375000001 0.4283203125 0.6990340875000001 0.4439453125 0.6986984859375001 0.4595703125 0.700697465625 0.47259114531249996
0 0.8314386203125 0.4140625 0.8335466171875 0.413671875 0.8487213828125 0.3967447921875 0.851437415625 0.39153645937500003 0.8524810984375 0.388411459375 0.8562574953125001 0.362630209375 0.8560148671875 0.36028645937500003 0.85246714375 0.3511718765625 0.8438458828125001 0.3433593765625 0.8360333828125001 0.3433593765625 0.821240071875 0.3576822921875 0.8138548796875 0.36809895937500003 0.8088959734375001 0.401953125 0.8124436968750001 0.411067709375 0.8164972109375 0.4140625 0.8314386203125 0.4140625
0 0.76063336875 0.3684244796875 0.76648784375 0.378125 0.7832149640625 0.378125 0.799542815625 0.36580255781250004 0.8062252000000001 0.3201822921875 0.8057074296875 0.3007161453125 0.799825128125 0.2942057296875 0.7923940828125 0.2916015625 0.7884878328125 0.2916015625 0.7779592984375 0.2968098953125 0.7674536921875 0.3085286453125 0.7589241375 0.3267578125 0.755872503125 0.3475911453125 0.7578714828125 0.3606119796875 0.76063336875 0.3684244796875
0 0.8917110640624999 0.45260416562500005 0.8975475125000001 0.44609375 0.9068399749999999 0.42265625 0.9091287015624999 0.40703125 0.9063209593750001 0.386197915625 0.898058225 0.3692708328125 0.8871023828125001 0.3640625 0.8831961328125001 0.3640625 0.8730490546875 0.366666665625 0.8648780265625 0.37578125 0.85596701875 0.3966145828125 0.8544412015624999 0.40703125 0.8556772718750001 0.42526041562500005 0.8564860328125 0.43307291562500005 0.863985859375 0.45520833281249995 0.86946378125 0.4578125 0.88118253125 0.4578125 0.8917110640624999 0.45260416562500005
0 0.8675686546874999 0.46041666562500005 0.864043859375 0.4578125 0.856231359375 0.4578125 0.8453213703125 0.465625 0.8363874359375 0.47994791562500005 0.8447189500000001 0.51640625 0.8470764562499999 0.5203125 0.8607483312499999 0.5203125 0.8712539390625 0.50859375 0.8732543296875 0.502604165625 0.8760770921875001 0.48333333281249996 0.8758313890625 0.47734375 0.8675686546874999 0.46041666562500005
0 0.9191390109375 0.4986979171875 0.9260051875 0.4518229171875 0.924814971875 0.4466145828125 0.9193141234375 0.4375 0.9036891234375 0.4375 0.8927791359375 0.4453125 0.8842266546875001 0.45703125 0.8784131328125 0.4700520828125 0.8745527375 0.4830729171875 0.8738356828124999 0.5013020828125 0.880526746875 0.515625 0.8891480078124999 0.5234375 0.8969605078124999 0.5234375 0.9164229781250001 0.50390625 0.9191390109375 0.4986979171875
0 0.9342200421875001 0.4357421875 0.9373175312500001 0.4279296875 0.9388433468749999 0.4175130203125 0.9380345859375 0.4097005203125 0.9368443687499999 0.4044921875 0.9297718500000001 0.3927734375 0.9266514359375 0.39407552031250004 0.91845970625 0.45 0.9241074921875001 0.45 0.926453396875 0.4487630203125 0.9342200421875001 0.4357421875
0 0.9088030640625 0.5015914328125 0.906132884375 0.5198206 0.9109854578125001 0.5666956 0.91325253125 0.56875 0.9135653921875001 0.56875 0.9278667484374999 0.47111545 0.9200486531250001 0.47815393281249996 0.9088030640625 0.5015914328125