0 0 0.7808087703125 0.017371025000000002 0.7658556671875 0.030634639062500003 0.7463982765625 0.036669164062499995 0.72698565 0.037073290625 0.7130967609375001 0.035753265625 0.7047543359375 0.0266696015625 0.6812600203125 0.014391043749999999 0.666863246875 0.0018427921875 0.659497340625 0 0.6594866203125 0 0.7808087703125
0 0 0.645607671875 0.005275371875 0.6511825671875 0.00608693125 0.6501454453125 0.0086783859375 0.5610829453124999 0.0079274453125 0.5600367328125 0 0.5657398734375 0 0.645607671875
0 0 0.5752088843750001 0.007616740625 0.5858205437499999 0.0171550453125 0.5936898578124999 0.0269206703125 0.593746671875 0.0408956390625 0.5834095484375 0.0440911546875 0.5793258812500001 0.045286481249999996 0.5382451515625 0.043349784375 0.5326339796874999 0.0367790546875 0.523479625 0.032948578125 0.5208527328125 0.023182953125 0.52079591875 0.0192009296875 0.5233773578124999 0.011161109375 0.5311444062499999 0.0000021671875 0.545404825 0 0.5454101765625 0 0.5752088843750001
0 0 0.512884990625 0.0020378609375 0.5157241421875 0.0096988140625 0.5209779265625001 0.015482415625 0.5236161828125 0.025248040625000003 0.523672996875 0.0331363140625 0.52111428125 0.03648395 0.5185161265625 0.038988201562500005 0.4324505890625 0.0279758859375 0.42992299687499996 0.008217315625 0.43762186718749996 0.0042352921875 0.440203309375 0 0.44561574375 0 0.512884990625
0 0.095487546875 0.4107812125 0.09601796093750001 0.3925520453125 0.09421638437499999 0.38733235 0.080136246875 0.36771587656250004 0.068417496875 0.3676477 0.0565472 0.3727878546875 0.051550728125 0.376665696875 0.0452367109375 0.3922566078125 0.044706296875 0.410485775 0.050186804687499996 0.42354069687499996 0.058710659374999995 0.4327064140625 0.0683247375 0.4379715625 0.0781661359375 0.435424209375 0.08722040625000001 0.42636076093749997 0.095487546875 0.4107812125
0 0.057940184375 0.509537853125 0.0572582234375 0.532975353125 0.05883248125 0.54600755 0.0642372140625 0.5616666390625 0.08034625 0.5786903062500001 0.0900361 0.5813512890625 0.111520475 0.58147628125 0.11940875 0.5789175656250001 0.13533684375 0.5685918015625 0.1424379875 0.5595169890625 0.1484342140625 0.5380638624999999 0.1486994203125 0.5289492796874999 0.1478597078125 0.5074563828125 0.1405776234375 0.48918176406249997 0.1340068921875 0.48002741093749995 0.1244685875 0.47215809531249997 0.11094826093750002 0.46687022031250003 0.0972763859375 0.4667906796875 0.0874349875 0.46933803281250003 0.0794709390625 0.4745009140625 0.060196403125 0.49913255 0.057940184375 0.509537853125
0 0.042078946875 0.648480971875 0.0502239640625 0.657239321875 0.0593331375 0.661394575 0.0791085265625 0.661509625 0.081398190625 0.660025296875 0.09451025625000001 0.6457762390624999 0.1004740609375 0.628794165625 0.10085797968750002 0.615599721875 0.09775153125 0.60151676875 0.0893792234375 0.58714271875 0.0836713953125 0.581900296875 0.07788779375 0.579262040625 0.07202841875 0.5792279515625001 0.062111246875000005 0.5843794703125 0.0489991796875 0.598628528125 0.0447898359375 0.60902246875 0.0430454796875 0.615263378125 0.042078946875 0.648480971875
0 0.057558828124999996 0.6971976046874999 0.05672532031250001 0.7258434390625 0.061978506249999996 0.7467108609374999 0.0760586421875 0.7663273328125 0.0865902109375 0.7725094312499999 0.1148454171875 0.7726738156249999 0.11692272031249999 0.7717742875 0.137497021875 0.7528245375 0.13899760781249998 0.7012527375000001 0.13591114843750002 0.689839621875 0.128553290625 0.6741691703125 0.1143973796875 0.657156865625 0.1067364265625 0.65190308125 0.1028301765625 0.6518803546874999 0.0750317859375 0.6673462734375 0.0710497625 0.6699277140625 0.0639486171875 0.6790025281250001 0.0597392734375 0.6893964671874999 0.057558828124999996 0.6971976046874999
0 0.120679846875 0.6325798765624999 0.121887909375 0.6380565796875 0.13213756875 0.655046159375 0.14550635 0.6655423671875 0.1470385390625 0.6665931234375 0.17457760312499998 0.6667533406249999 0.1908070921875 0.6527828812500001 0.1979082375 0.64370806875 0.20211758125 0.6333141265625 0.203696934375 0.6260304156250001 0.20396971874999997 0.616655415625 0.2030268640625 0.6020641265625 0.1958205515625 0.5811853421875 0.18737247031249998 0.569415459375 0.173927915625 0.56152341875 0.15447243906250002 0.558805621875 0.1406490171875 0.563934415625 0.128702946875 0.5716787375 0.12363070000000001 0.5781607453125 0.12183918125 0.5927361265625 0.120679846875 0.6325798765624999
0 0.19809400625 0.7715953765625 0.208777275 0.7669692375 0.2259471390625 0.7475345718749999 0.2301564828125 0.73714063125 0.2309899921875 0.7084947984375 0.2255852578125 0.6928357093749999 0.21721295000000002 0.6784616578125 0.2026571390625 0.6684794671875001 0.198750890625 0.668456740625 0.1861902703125 0.6704673515625 0.1683090515625 0.6807817515625 0.1591790078125 0.69244936875 0.15278921875 0.7106444468750001 0.1518799359375 0.7418944468750001 0.1536815140625 0.7471141421875 0.16783742343750002 0.7641264484375 0.1754983765625 0.769380234375 0.18168775937499998 0.771499928125 0.19809400625 0.7715953765625
0 0.2648050515625 0.75479308125 0.2849222359375 0.75491011875 0.28571106562500004 0.754654246875 0.29679423437499997 0.74299799375 0.299050453125 0.7325926890625001 0.29965664062499997 0.71175935625 0.293161684375 0.7000008359375001 0.28159448125000003 0.6947243234375 0.26987573125000003 0.694656146875 0.259958559375 0.6998076656250001 0.2548863125 0.7062896750000001 0.25278164062499997 0.7114866453124999 0.2520996796875 0.7349241453124999 0.2539012578125 0.7401438421875 0.26422669062500004 0.7545292546875 0.2648050515625 0.75479308125
0 0.247541584375 0.595712259375 0.2332144890625 0.6012933125 0.22605727656250002 0.62290474375 0.2239526046875 0.6281017140625 0.22342219062500002 0.64633088125 0.224403015625 0.6607183125 0.24696485781250002 0.676420834375 0.25326326093749996 0.678150471875 0.26351716718749996 0.678210128125 0.2762617328125 0.6765912796875 0.284301553125 0.66882423125 0.297640940625 0.6467626734375 0.30200183125 0.6311603984375 0.298550221875 0.6155126734375 0.29385684375 0.6089738484375 0.2843185390625 0.6011045328125 0.2727513359375 0.5958280234375 0.2571263359375 0.59573711875 0.247541584375 0.595712259375
0 0.1908222546875 0.45756763749999996 0.180829309375 0.46532332343749994 0.16959459375 0.482187909375 0.1632048046875 0.5003829875 0.1607212640625 0.5186007906250001 0.165898678125 0.5420723796875 0.172393634375 0.5538309 0.188588975 0.5636924 0.1955469875 0.5637328796875 0.2131819390625 0.561882021875 0.23504518124999998 0.54898618125 0.2380885296875 0.545096975 0.2468860859375 0.511288259375 0.24711340625 0.503475759375 0.2438891171875 0.480015534375 0.2391957390625 0.47347671093750004 0.2144113015625 0.4524956578125 0.2026925515625 0.45242748125 0.1908222546875 0.45756763749999996
0 0.2494399765625 0.4671550203125 0.258875596875 0.4651262296875 0.2708216671875 0.4573819078125 0.2873571890625 0.43625055625 0.2886162921875 0.3929779875 0.287478103125 0.38845671249999997 0.27715266875 0.3740713 0.2657370125 0.36358645625 0.2513658453125 0.3562099453125 0.23964709687500002 0.35614176875000003 0.22667451249999998 0.36335919687499996 0.2134866734375 0.3802124203125 0.2051437578125 0.3983961359375 0.2028875390625 0.4088014390625 0.202508671875 0.4218222734375 0.2078376328125 0.440085528125 0.22004041718749998 0.457086471875 0.235438096875 0.464989875 0.24475247968749997 0.46712775000000006 0.2494399765625 0.4671550203125
0 0.124119509375 0.43380321874999994 0.132567590625 0.4455731015625 0.1439043296875 0.45247615156250004 0.17618253749999999 0.45266394062500004 0.1904499859375 0.4367937265625 0.196688228125 0.42380698125 0.198944446875 0.41340167812499995 0.1995506359375 0.39256834375 0.19790060468749998 0.382140315625 0.1960990265625 0.37692061718750003 0.18577359375 0.36253520625 0.1724048125 0.3520389984375 0.1548266875 0.35193673125 0.144909515625 0.35708825 0.127663878125 0.37912708125 0.1214256359375 0.3921138265625 0.12066790000000001 0.41815549374999994 0.124119509375 0.43380321874999994
0 0.244702471875 0.524233478125 0.244020509375 0.547670978125 0.24574631406249997 0.555494840625 0.254118621875 0.5698688890625 0.26553427812499997 0.580353734375 0.2699004015625 0.581355865625 0.2821074234375 0.5814268828125 0.2929538015625 0.5779086484375 0.3180877125 0.553311103125 0.3184265703125 0.5500573156249999 0.3193547953125 0.5181562734375 0.3191485421875 0.5168527703125 0.3088988828125 0.4998631890625 0.2935769765625 0.48935562031249996 0.28584025 0.48670600156250005 0.27802775 0.48666054843750006 0.2681863515625 0.4892079015625 0.26022230468749996 0.4943707828125 0.25109226093750003 0.5060383984375 0.2468829171875 0.516432340625 0.244702471875 0.524233478125
0 0.31923995 0.7738629484375 0.3409196375 0.7739890765624999 0.3418155921875 0.7734082531250001 0.3509456359375 0.7617406359375 0.35473404531249997 0.7523860906250001 0.3551129140625 0.7393652562499999 0.3537322703125 0.733106165625 0.3452841875 0.7213362828125 0.3297349609375 0.7186412125 0.31786466406249997 0.72378136875 0.308734621875 0.7354489859375 0.304878015625 0.74714728125 0.3047946640625 0.7500118640625 0.3061753078125 0.7562709546875 0.3183780921875 0.7732718968750001 0.31923995 0.7738629484375
0 0.3502218078125 0.68255635625 0.35053750781250004 0.6817768109375 0.3514013265625 0.6520893109375 0.3511310890625 0.65130635625 0.3389283046875 0.6343054140625 0.32518065625000003 0.636830040625 0.3140974875 0.64848629375 0.30981237031250003 0.6614844015625 0.309433503125 0.674505234375 0.31108353437499997 0.6849332640625 0.32240833750000003 0.69574315625 0.33982370156249997 0.695844475 0.3502218078125 0.68255635625
0 0.37703423125 0.6371968296875 0.3870271765625 0.6294411453125 0.39615721875 0.6177735281250001 0.4045759078125 0.596985646875 0.40638088281250007 0.5886614031249999 0.40716892656250003 0.5615780703125 0.4040624796875 0.5474951171875 0.3956901703125 0.533121065625 0.3841987421875 0.5252403890624999 0.374508890625 0.5225794078125 0.362790140625 0.52251123125 0.35084406874999996 0.5302555531250001 0.32931331406250003 0.5652924921875 0.325456709375 0.5769907890625 0.3250702640625 0.5902720390625 0.3281767125 0.6043549921875 0.33365721875 0.6174099140625 0.3421053015625 0.629179796875 0.35938033125 0.63969873125 0.36914595625 0.6397555453125 0.37703423125 0.6371968296875
0 0.34021418125 0.5067522421875 0.35500968125 0.49954541875 0.3661686234375 0.485285 0.370748396875 0.47055220000000003 0.371534546875 0.443533971875 0.3677598671875 0.4305975 0.3540552015625 0.4115041328125 0.336477078125 0.411401865625 0.3301664578125 0.4134488375 0.324231309375 0.41601891562500004 0.30698567187500003 0.4380577484375 0.304805225 0.44585888437500004 0.30427481093750003 0.46408805 0.306000615625 0.4719119140625 0.30967954531249997 0.4797471390625 0.32375968125 0.49936361093750004 0.3344850171875 0.5067189109375 0.34021418125 0.5067522421875
0 0.4383305796875 0.5396202 0.4554246703125 0.5227897031250001 0.458603571875 0.51256340625 0.4598716734375 0.46898159218749996 0.4553658828125 0.4576741734375 0.448795153125 0.4485198203125 0.4392568484375 0.4406505046875 0.42573652031250003 0.43536262968750006 0.41011152031250003 0.4352717265625 0.40011857500000003 0.44302741093750003 0.38888385937500003 0.45989199999999997 0.3845987421875 0.47289010625000005 0.382115203125 0.49110791093749995 0.38353791249999997 0.5093484390625 0.3870652953125 0.522392 0.3992680796875 0.5393929421875 0.40599793437500004 0.5430785453125 0.432755746875 0.5432342171875 0.4383305796875 0.5396202
0 0.46416134062500003 0.6119181078125 0.47329138437499996 0.600250490625 0.4768449296875 0.5838621359375 0.47758466874999994 0.5584389609375 0.47480685468750006 0.54816715625 0.4683118984375 0.5364086359375 0.46260407031249995 0.531166215625 0.4534706953125 0.5261643234375 0.43899804218750005 0.5260801234375 0.42331424999999995 0.53875145625 0.41613733125 0.5504304359375001 0.4139568859375 0.558231571875 0.4136537921875 0.5686482390625 0.41522804999999996 0.5816804359375001 0.4170296265625 0.58690013125 0.42547770937499996 0.5986700140625001 0.4499827734375 0.616784371875 0.45659549843749997 0.61682284375 0.46416134062500003 0.6119181078125
0 0.3972136359375 0.673778734375 0.40487458906249996 0.6790325203124999 0.41464021406249996 0.6790893359375 0.43064408125 0.6661594046875 0.4403670421875 0.6559336921875001 0.441117371875 0.6301465234375 0.436928703125 0.6180107296874999 0.428480621875 0.606240846875 0.4246501453125 0.603613953125 0.41105404375 0.600930246875 0.399183746875 0.6060704015625 0.3880248046875 0.6203308234375 0.3838154609375 0.6307247625 0.38336082031249996 0.6463497625 0.38696397656250003 0.65678915625 0.3972136359375 0.673778734375
0 0.391202546875 0.754486596875 0.40119549374999997 0.7467309109375 0.4083724109375 0.73505193125 0.4101773859375 0.7267276875 0.4106774921875 0.7095401890625 0.40935746718750005 0.7011977640625 0.40098515937499996 0.686823715625 0.39332420625000003 0.6815699296875 0.38754060468749996 0.6789316750000001 0.37582185468749996 0.678863496875 0.36988670625000003 0.6814335734375 0.361922659375 0.68659645625 0.3548215140625 0.69567126875 0.3531377765625 0.69982884375 0.352380040625 0.7258705109375 0.35376068437499997 0.7321296015625001 0.36408611875 0.746515015625 0.3774548984375 0.7570112234375 0.3872205234375 0.7570680375000001 0.391202546875 0.754486596875
0 0.4355229859375 0.7729766984374999 0.457322521875 0.773103525 0.4670530046875 0.7710113328125 0.486024446875 0.7567963640625 0.48766020625 0.7492525203125 0.4885429671875 0.718913978125 0.4836336671875 0.7046903062500001 0.47338400781249995 0.687700725 0.45978790625 0.68501701875 0.44799338281249995 0.68755300625 0.43604731250000006 0.695297328125 0.4269930421875 0.7043607796875 0.4260837609375 0.7356107796875 0.42765801718749996 0.748642975 0.42930804843750003 0.75907100625 0.4355229859375 0.7729766984374999
0 0.471691421875 0.5998504890625 0.46372737500000005 0.6050133718749999 0.45655045781250003 0.6166923515625 0.4543700125 0.6244934875 0.45338495625 0.658347653125 0.458789690625 0.6740067421875 0.4691151234375 0.68839215625 0.4765845546875 0.6935145984375 0.500347571875 0.693652846875 0.5162932171875 0.6782482 0.5214412375 0.6691620234375 0.525953675 0.6483514171875 0.5261809953125 0.6405389171875 0.5227293875 0.624891190625 0.5172488796875 0.6118362671875001 0.506923446875 0.5974508562499999 0.5030929703125 0.5948239625 0.48746797031250005 0.594733059375 0.471691421875 0.5998504890625
0 0.4891700296875 0.58491056875 0.493863409375 0.5914493937499999 0.49472526562499997 0.5920404453125 0.515272140625 0.5921599828125 0.5331532296875 0.5838641531250001 0.5391641515625001 0.578689909375 0.5444443125 0.5700975171875 0.5457325984375 0.5258220328125 0.5456003203125 0.5253328984375 0.5372280125 0.5109588484375001 0.5256608093749999 0.5056823374999999 0.5080826843749999 0.505580071875 0.4941834890625 0.5133130312499999 0.48708234375000004 0.52238784375 0.482873 0.532781784375 0.4806925546875 0.540582921875 0.48016214062499996 0.5588120890625 0.4891700296875 0.58491056875
0 0.4921548203125 0.5075059796875 0.5006050203125 0.5108108984374999 0.5130562015625 0.5108833374999999 0.515516546875 0.5102464999999999 0.5326106359375 0.49341600156250004 0.5388488796875001 0.48042925781249995 0.5411050984375 0.4700239546875 0.541483965625 0.457003121875 0.53998548125 0.44136675781249995 0.5200459703125 0.421716196875 0.5103561187500001 0.419055215625 0.49660847031250005 0.4215798421875 0.48075615000000005 0.4293014390625 0.47350345781250003 0.44358458437500004 0.47094414531249995 0.4644065546875 0.47251840312500004 0.47743875156250004 0.4798762609375 0.49310920312500006 0.4921548203125 0.5075059796875
0 0.45265773749999993 0.3980129046875 0.47121241875 0.398120853125 0.4719974640625 0.39799518906250003 0.47597948749999996 0.3954137484375 0.481990409375 0.390239503125 0.48904820156250006 0.3792978046875 0.489908484375 0.34973183125 0.48538323125 0.3407717 0.4758449265625 0.3329023859375 0.4602199265625 0.3328114828125 0.4522558796875 0.33797436406250003 0.44320160937499997 0.3470378125 0.43899226562500004 0.3574317546875 0.4383860765625 0.3782650875 0.4401876546875 0.383484784375 0.44863573749999996 0.3952546671875 0.45265773749999993 0.3980129046875
0 0.5260893765625 0.766210696875 0.5414112828125 0.7767182671875 0.549148009375 0.7793678859375001 0.560866759375 0.7794360640625 0.57078393125 0.77428454375 0.588816696875 0.7587618109375 0.59388894375 0.752279803125 0.5973231453125 0.7399930125 0.597851665625 0.72182895 0.5952528671875 0.705404803125 0.5850032078125 0.6884152218749999 0.571558653125 0.68052318125 0.552027403125 0.6804095515624999 0.5441391296875 0.6829682671875 0.51705209375 0.7075544500000001 0.51051075625 0.7309578609375 0.5121607874999999 0.7413858921875 0.51576394375 0.751825284375 0.5260893765625 0.766210696875
0 0.6009921859375 0.5551523390625 0.6045760078125 0.5528290421875 0.6197927453125 0.533383015625 0.6260309890625 0.5203962703125 0.6273283140625 0.5144132203125 0.6282243359375 0.48361895 0.6273191375 0.4761254375 0.6189468296875 0.4617513875 0.5901803703125 0.4433517765625 0.5779438734375 0.4409364390625 0.5759907546874999 0.4409250765625 0.558778821875 0.448378303125 0.5495730062499999 0.46265008593749996 0.5411543171875 0.48343796875 0.540320809375 0.5120838015625 0.543923965625 0.52252319375 0.5485415703125 0.531666184375 0.55612675 0.5395241359375 0.5752791328125 0.5526585984375 0.583999996875 0.55505348125 0.6009921859375 0.5551523390625
0 0.553161165625 0.5927711046875 0.552191265625 0.6261044375 0.5536762921875 0.6354896640625001 0.5572794484375 0.6459290578125 0.5676048812500001 0.6603144703125 0.5788778437500001 0.6706682546875 0.612373934375 0.6708631296875 0.6242455062500001 0.6606439953125001 0.6313466515624999 0.65156918125 0.6395548718749999 0.6313009953125001 0.6402027359375 0.609035371875 0.6369956921875 0.591696075 0.63166673125 0.57343281875 0.6231428765625 0.564267103125 0.6154819234375 0.55901331875 0.5923475171875 0.5484602953125 0.5825818921875 0.54840348125 0.57469361875 0.550962196875 0.5615057796875 0.5678154203125 0.5551917625 0.58340633125 0.553161165625 0.5927711046875
0 0.5966453015625001 0.709580275 0.5979653265625 0.7179226984375 0.6070489890624999 0.7414170125 0.6136197203125 0.7505713671875001 0.6231580234375 0.75844068125 0.6329236484375 0.758497496875 0.662978259375 0.7326262734375 0.6680505046875 0.7261442640625 0.66973424375 0.7219866890625 0.67049955625 0.6956846046875 0.667461303125 0.6792579015625 0.665659725 0.6740382046875 0.6553342921875001 0.6596527921875001 0.6438428625 0.6517721140625 0.6321998859375 0.6490997703125 0.618300690625 0.6568327296875001 0.6051886234375 0.6710817859375 0.59895038125 0.6840685328125 0.5970847874999999 0.6944761078125 0.5966453015625001 0.709580275
0 0.69387908125 0.7397733750000001 0.6993595874999999 0.752828296875 0.7097607953125 0.76460954375 0.72211408125 0.773081271875 0.751909003125 0.7732546140625 0.77038344375 0.762357628125 0.779589259375 0.7480858453125 0.7837986046875 0.7376919046875 0.7853573484374999 0.722724478125 0.78574379375 0.7094432281249999 0.7793031515625 0.690782815625 0.7689019453125 0.6790015687500001 0.753504265625 0.671098165625 0.732019890625 0.6709731734375 0.71819646875 0.676101965625 0.710232421875 0.6812648484375 0.6990734796875 0.6955252671875 0.690730565625 0.7137089828125001 0.690427471875 0.7241256500000001 0.69387908125 0.7397733750000001
0 0.6459734687500001 0.625543090625 0.6513782031249999 0.6412021796875 0.65607158125 0.6477410031249999 0.6656098859374999 0.65561031875 0.6689354578125 0.6571273140625 0.704750884375 0.6573356828125 0.712560659375 0.6532788625 0.71763290625 0.6467968515625 0.7238711484375 0.6338101078125 0.7256761234375 0.6254858640625 0.7263429296874999 0.6025691984375 0.725083525 0.592143440625 0.7223432703125 0.5856159812499999 0.7128807390625 0.5751424984375 0.6937283578125 0.5620080359374999 0.6762260062500001 0.559301603125 0.6581932390625 0.5748243359375 0.649063196875 0.586491953125 0.6450701984375 0.60287775 0.64465344375 0.617200665625 0.6459734687500001 0.625543090625
0 0.6257790421875 0.5290551234375 0.6273532984375 0.542087321875 0.6357256078125 0.5564613703125 0.651636178125 0.5710746234374999 0.6686283640624999 0.5711734796875 0.6764381375 0.567116659375 0.6875970796875001 0.5528562390625 0.69211980625 0.5434408484375 0.6928216578125 0.51931975625 0.6908383546875 0.50859676875 0.6787113437500001 0.488991659375 0.6710503906249999 0.483737875 0.6633136640624999 0.48108825624999996 0.6535480390624999 0.481031440625 0.6476128906249999 0.48360152031250003 0.6436308671875001 0.48618295937499995 0.632471925 0.5004433796875001 0.62826258125 0.510837321875 0.6257790421875 0.5290551234375
0 0.6702037875 0.4373058203125 0.6709293187500001 0.412370925 0.6657596781249999 0.395345784375 0.6610663 0.388806959375 0.647545971875 0.3835190859375 0.637780346875 0.383462271875 0.627863175 0.3886137890625 0.6227909281249999 0.3950958 0.618581584375 0.4054897390625 0.6180511703125 0.42371890624999997 0.621578553125 0.43676246562500004 0.6301024078124999 0.4459281828125 0.6455000875 0.45383158593750006 0.6572946109375 0.451295596875 0.661276634375 0.44871415625 0.6702037875 0.4373058203125
0 0.6875724234375 0.4714621109375 0.6923415765625001 0.47539676875000003 0.6945217921875 0.4759954890625 0.7199449687499999 0.47614339687499996 0.725620475 0.472985771875 0.7327216203125 0.463910959375 0.7348262921875001 0.4587139890625 0.7370067375 0.4509128515625 0.7373098312499999 0.440496184375 0.7356598 0.43006815468750004 0.7290890703125 0.4209138015625 0.7214281171875 0.41566001718749995 0.713691390625 0.41301039843750004 0.700019515625 0.41293085781250005 0.69400859375 0.4181051015625 0.686831675 0.42978408124999995 0.6823950109375 0.447990521875 0.6820919171875001 0.4584071890625 0.6875724234375 0.4714621109375
0 0.8062686703124999 0.31958778125 0.7889936390625001 0.30906884843750004 0.7812569125 0.3064192296875 0.7617256625 0.3063056 0.753761615625 0.31146848125000004 0.7364402046875 0.33611148125 0.7280215171875 0.3568993625 0.727718421875 0.3673160296875 0.731321578125 0.3777554203125 0.7416470109375 0.392140834375 0.7529868937499999 0.40522984375000004 0.7644783234375 0.413110521875 0.7779986515624999 0.4183983953125 0.7858111515624999 0.41844384687499997 0.7918220734375 0.413269603125 0.8092192578124999 0.3860224390625 0.8114754765625 0.3756171359375 0.8139590171875 0.35739933125 0.8147167515625 0.3313576640625 0.8129151734375 0.32613796875 0.8062686703124999 0.31958778125
0 0.7914868046875 0.5070335234375001 0.7985121765625001 0.500562878125 0.8067793171875 0.4849833296875 0.8083380625000001 0.470015903125 0.8087567109375 0.45562788281250005 0.80603856875 0.4433053 0.7919584328125 0.42368882656249995 0.7828250578125 0.41868693593749995 0.7643680296875 0.41857955625 0.7568021828125 0.42348429374999996 0.743690115625 0.4377333515625 0.737224553125 0.45853259687500003 0.7367699109375 0.47415759687500003 0.7402215203125 0.48980532187500003 0.748593828125 0.5041793718750001 0.7543774296875 0.5068176265625 0.784192040625 0.5093352296875 0.787902984375 0.5093568203125 0.7914868046875 0.5070335234375001
0 0.7048096312500001 0.5504168843749999 0.7187959015625001 0.5699025828125001 0.7410615234375 0.5700321203125001 0.7473995140625 0.563687703125 0.757695553125 0.5455153515625 0.7582259671875 0.5272861843750001 0.7565759375 0.5168581546875 0.7500809796875 0.5050996343749999 0.7347590734375 0.4945920640625 0.7288996984375 0.49455797500000004 0.72296455 0.49712805312499997 0.715000503125 0.502290934375 0.7058704609374999 0.5139585515625 0.7036900140625 0.5217596890625 0.703008053125 0.5451971890625 0.7048096312500001 0.5504168843749999
0 0.8256653437500001 0.6465788703124999 0.8403222749999999 0.6128042437500001 0.8421403156249999 0.5973174046875 0.8431215812499999 0.5635934484375 0.8335412109375 0.5437426953125 0.8054406375 0.536025846875 0.7729406421875 0.5358367671875001 0.7451201703125 0.561460528125 0.7318565578125 0.58091791875 0.7296761109375 0.5887190546875 0.726586384375 0.6277701921875 0.7272977390625 0.6368904578125 0.760966615625 0.6811042031250001 0.77933748125 0.6812110828125 0.7906142609375 0.6763279359375 0.8165353015625 0.6582464859375 0.8256653437500001 0.6465788703124999
0 0.79727219375 0.74962125625 0.8011026703124999 0.7522481484375 0.8040039421875 0.7532417546875 0.8191406625000001 0.7533298171875 0.8246159437499999 0.7497803375000001 0.8377280109375 0.7355312796875 0.8398326828125 0.730334309375 0.8405904171874999 0.7042926421875 0.8369114890624999 0.6964574171875 0.8303407578125 0.6873030640625 0.8207266796875 0.6820379140624999 0.8090079296875 0.6819697359375 0.7990907578125 0.68712125625 0.7879318171875 0.701381675 0.7857513703125 0.7091828125 0.7851451828125 0.7300161468749999 0.7869467609374999 0.7352358421875 0.79727219375 0.74962125625
0 0.8387873375 0.7125517796875 0.8438317546875 0.7271669296875001 0.8580634390625 0.74157506875 0.8733853453125 0.7520826390625001 0.8851040953125 0.7521508171875 0.9089962359375001 0.736662171875 0.9197493984375 0.7229203125 0.9202343484375 0.706253646875 0.9175370765625 0.6781081921875 0.912919471875 0.6689652015625 0.8994749171875001 0.6610731609375 0.885878815625 0.6583894546875 0.8622139953125 0.6660655984375 0.85222105 0.673821284375 0.8451199046875001 0.682896096875 0.8409105609375 0.6932900375 0.8389237296875001 0.7078642796875 0.8387873375 0.7125517796875
0 0.91151501875 0.6752732031249999 0.9167819250000001 0.67888518125 0.9358248890624999 0.6789959703124999 0.9387829953125 0.6780364515625 0.9507290656249999 0.670292128125 0.9578302093750001 0.661217315625 0.9591456296875001 0.657969209375 0.960910521875 0.5973138265625 0.959800321875 0.5935089812500001 0.9513522390625001 0.5817390984374999 0.9397850359375 0.5764625875 0.9260373875000001 0.5789872140625001 0.9140913171875 0.5867315375000001 0.9049612734375 0.598399153125 0.9027050546875 0.60880445625 0.89938800625 0.65566809375 0.9011895843750001 0.660887790625 0.91151501875 0.6752732031249999
0 0.8371211093750001 0.601976496875 0.8484210171875001 0.60972583125 0.8741534359375001 0.6098755390624999 0.8800140859375001 0.6048306484375 0.889219903125 0.5905588640625 0.8993223296874999 0.56561340625 0.899398103125 0.563009240625 0.898017459375 0.5567501499999999 0.8783052687499999 0.5292870890625 0.8744747921875 0.526660196875 0.8549435421875 0.5265465671875 0.841044346875 0.5342795265625 0.831914303125 0.5459471437500001 0.8259505 0.562929215625 0.8257231796875001 0.570741715625 0.830626153125 0.5902179765625 0.8371211093750001 0.601976496875
0 0.842099621875 0.5349368203125 0.8440990609375 0.529999696875 0.8447961765625 0.5060413640625 0.8430846781250001 0.501082653125 0.8346365953125 0.48931276874999996 0.8277417375 0.4845843625 0.8071254187499999 0.48446442031250003 0.8002674750000001 0.495624334375 0.7960581296875 0.506018275 0.7938019109375001 0.5164235796875001 0.7934230437500001 0.5294444125 0.7951488484375 0.537268275 0.801719578125 0.5464226296875 0.8162753890625 0.5564048203125 0.8235019515625 0.5564468640625 0.834922703125 0.5466158 0.842099621875 0.5349368203125
0 0.8679491 0.5176363375 0.886894415625 0.5177465578125 0.892236046875 0.5154334875 0.8972325203124999 0.5115556453125001 0.9044145984374999 0.4980209125 0.9054498546874999 0.4624414859375 0.9009284359375 0.451671175 0.8962350578124999 0.44513235 0.886696753125 0.4372630359375 0.8727024421875 0.434837471875 0.8703587015625001 0.43482383750000003 0.863259253125 0.4371266796875 0.8592772296875 0.439708121875 0.8501471859375 0.4513757390625 0.843757396875 0.46957081718750004 0.8433785281249999 0.48259165 0.8468301374999999 0.498239375 0.848631715625 0.5034590718749999 0.8552024453125 0.5126134265625 0.860986046875 0.5152516796875 0.8679491 0.5176363375
0 0.9078015109375001 0.40847467656249997 0.9109871296875 0.40640952500000005 0.9201171718750001 0.39474190781249996 0.92425074375 0.38695213281249996 0.9264311890625001 0.379150996875 0.926658509375 0.371338496875 0.9249327046875001 0.36351463281249996 0.9127299203125 0.34651369062500004 0.9096655390624999 0.3444121765625 0.8924780390624999 0.3443121828125 0.885310396875 0.348958775 0.8782092515625 0.3580335875 0.8739999078125 0.36842752968750003 0.8736968140625001 0.378844196875 0.8753468453125001 0.38927222499999997 0.8771484218750001 0.394491921875 0.8837191531249999 0.403646275 0.8875496296875 0.40627316875 0.8921765109375001 0.4083837734375 0.9078015109375001 0.40847467656249997
0 0.9577182843750001 0.54589766875 0.9588335765625 0.507567590625 0.9543277859374999 0.4962601703125 0.9477570562500001 0.4871058171875 0.9404791484375 0.4821147203125 0.9238775890625 0.4820181359375 0.9185359546875 0.48433120625 0.9034707624999999 0.4985689015625 0.8972325203124999 0.5115556453125001 0.89865523125 0.529796175 0.9041357375000001 0.542851096875 0.9218356375000001 0.564832775 0.9363117421875 0.56491699375 0.947588521875 0.560033846875 0.956718565625 0.54836623125 0.9577182843750001 0.54589766875
0 0.9792656687499999 0.4146205796875 0.983577078125 0.409110871875 0.984973315625 0.361125271875 0.9714701546875 0.34685543124999996 0.9499857796875 0.3467304375 0.9407041890625001 0.3636063890625 0.9400980015625 0.38443972187500003 0.9414449375 0.40528441718749997 0.9432465156250001 0.41050411562500005 0.9498172468750001 0.41965846874999996 0.9556008468750001 0.422296725 0.9692727218750001 0.42237626562499997 0.9792656687499999 0.4146205796875
0 0.9722844828125 0.52195490625 0.973720915625 0.5229399921875 0.9849513812499999 0.5230053296875 0.98698779375 0.4530183484375 0.9860491187499999 0.45171058437499995 0.9782366187499999 0.4516651328125 0.9723014703124999 0.45423521093749997 0.9652760984375 0.46070585625 0.9547527375 0.4866907078125 0.95444964375 0.497107375 0.9562512218749999 0.502327071875 0.9722844828125 0.52195490625
0 0.9206064218750001 0.720320690625 0.944376409375 0.7425981453125 0.9539904874999999 0.7478632921874999 0.955080709375 0.743962725 0.9574528421874999 0.662437840625 0.9227574734375 0.679961790625 0.9197141249999999 0.6838509953125 0.9206064218750001 0.720320690625