0 0 0.8401620546874999 0.015125979687499999 0.823343071875 0.0206363953125 0.787191696875 0.015990659375 0.7702600390625001 0.007042096874999999 0.758492865625 0.000026764062499999997 0.753263009375 0 0.753263009375 0 0.8401620546874999
0 0 0.6203125 0.0007142328125 0.6203125 0.0041167718749999995 0.61975723125 0.0256409375 0.60668259375 0.0436574390625 0.590993028125 0.0563384796875 0.573467984375 0.06114910312500001 0.541907625 0.021335440625 0.4811660640625 0.012765565625 0.47332128124999995 0 0.47332128124999995 0 0.6203125
0 0.057865200000000006 0.5685772859375 0.0612932828125 0.5973414906250001 0.07018215625 0.628720621875 0.0740685109375 0.6352579421875 0.08106639843749999 0.6390625 0.11077399375000001 0.6390625 0.11273242812499999 0.6378728687499999 0.125268240625 0.6261056953125 0.1358708234375 0.6078012015625001 0.1394182828125 0.5973414906250001 0.1410524078125 0.5738071406249999 0.1321436375 0.548965328125 0.1095033046875 0.5437354734375 0.1016908046875 0.5437354734375 0.061392762499999996 0.56465489375 0.057865200000000006 0.5685772859375
0 0.1654780109375 0.5596364921875 0.1721345515625 0.5544066359375 0.18546753124999998 0.53740960625 0.19179320312499998 0.5253809390625 0.19581889375 0.49897017187500003 0.18058438593749998 0.4733438796875 0.17442215156250002 0.46875 0.15310958125000002 0.46875 0.1387715953125 0.4785737359375 0.12779032343750002 0.4929558375 0.1226883234375 0.5008006203125 0.11830390625000001 0.529564825 0.11906128125 0.53740960625 0.127611259375 0.5517917109375 0.13968880156250002 0.562251421875 0.1502345078125 0.5640625 0.15653875625 0.5640625 0.1654780109375 0.5596364921875
0 0.1926479109375 0.5799974156250001 0.19870918125 0.5875 0.22619519375000002 0.5875 0.23639393125 0.5813048796875 0.2473752015625 0.566922778125 0.25260075625 0.5569860546875 0.25555027343750003 0.5376355875 0.2521979953125 0.5224690062499999 0.239741765625 0.5080869046875 0.23232784843749998 0.5054719765625 0.22060909843749998 0.5054719765625 0.20534289062500002 0.5159316875 0.19436161875 0.530313790625 0.19081018125 0.5420809640625001 0.19021230625000002 0.54600335625 0.18838286875000002 0.5695377046875 0.1926479109375 0.5799974156250001
0 0.153836115625 0.5860408031250001 0.132292053125 0.6056527593750001 0.1189391765625 0.6291871078125 0.1157903015625 0.6370318937499999 0.11300021874999999 0.6553363875 0.1152723421875 0.6788707359374999 0.1249782796875 0.6984826921875 0.13025971249999999 0.7015625 0.1639474890625 0.7015625 0.17615811406249998 0.695867765625 0.1937959265625 0.67625580625 0.20284396875000002 0.6553363875 0.20722838437500002 0.626572184375 0.2064710109375 0.6187274 0.19365598906249998 0.5938855875 0.18859378124999998 0.58865573125 0.17767219843749998 0.583425875 0.15814094843749998 0.583425875 0.153836115625 0.5860408031250001
0 0.0114050953125 0.7080860984374999 0.016845990625 0.7172383453125 0.023861323437500002 0.7224682 0.0258855265625 0.7234375 0.0457031109375 0.7234375 0.05160365625 0.719853275 0.0621863453125 0.7080860984374999 0.0651996953125 0.6998490765625001 0.07001591093750001 0.668252034375 0.06704892968750001 0.6505576890625 0.059654907812500005 0.6414054421875 0.0471787828125 0.633560659375 0.0288034921875 0.6387905140625 0.0182208046875 0.6505576890625 0.012720220312499999 0.6610174 0.009172762499999999 0.6714771109375001 0.0067812609375 0.687166678125 0.0075386375000000005 0.6950114593750001 0.0114050953125 0.7080860984374999
0 0.0409882015625 0.8375 0.07549522187499999 0.8375 0.0807925578125 0.8342821859375 0.09137524531249999 0.8225150109375001 0.098333190625 0.8105026859375 0.1075628859375 0.74995076875 0.10684041250000001 0.746682109375 0.09789185 0.7349149328125 0.079954934375 0.724455221875 0.074095559375 0.724455221875 0.0549231 0.7349149328125 0.0400355796875 0.7492970359375 0.0274400796875 0.780676165625 0.0246499953125 0.798980659375 0.0358706828125 0.8342821859375 0.0409882015625 0.8375
0 0 0.921875 0.0079829328125 0.921875 0.0170783828125 0.911761525 0.021753878125 0.9028707703125001 0.027015178125 0.8683537250000001 0.026206007812499998 0.8646928265625 0.0192105703125 0.8529256515625001 0.010242112500000001 0.847695796875 0 0.847695796875 0 0.921875
0 0.0606892921875 0.9520758 0.06288035 0.953125 0.08123007812500001 0.953125 0.0951080625 0.937693696875 0.1108524390625 0.8984697828125 0.11219967187499999 0.8937956 0.1188948765625 0.8498713515625 0.10792241875 0.834404053125 0.08253179375 0.834404053125 0.0704144609375 0.83701898125 0.05514825156249999 0.8474786921874999 0.034760146874999995 0.8723205046875 0.0331658140625 0.882780215625 0.036593896875 0.9115444203124999 0.0377498546875 0.9167742765625 0.05562708281249999 0.94684594375 0.0606892921875 0.9520758
0 0 0.9712916500000001 0.0029167953125 0.984487990625 0.011209603125 0.9984375 0.013916651562499998 0.9984375 0.058404848437500004 0.9596952078125 0.060901475000000004 0.9433159546875001 0.05363188437500001 0.915625 0.0178807015625 0.915625 0.0081779625 0.9243446546874999 0.0030759625 0.9321894374999999 0 0.9452554796875001 0 0.9712916500000001
0 0.050831653125 0.959375 0.047496062500000005 0.959375 0.045954020312499996 0.963216684375 0.0467113953125 0.9710614671875 0.0536869359375 0.9893659609375 0.0610157546875 0.9984375 0.0749459796875 0.9984375 0.081010790625 0.9959032796875 0.0911948953125 0.9867510328125 0.0964204484375 0.9768143078125 0.0988996375 0.9605494578125 0.050831653125 0.959375
0 0.1117583 0.946023534375 0.11911252812499999 0.9682504203125 0.13119007031250002 0.9787101296875 0.1361511671875 0.9796875 0.14756690156250002 0.9796875 0.1593309859375 0.973480275 0.174617090625 0.9564832453125 0.1820169484375 0.9380480046875 0.1846077390625 0.921050975 0.18490067500000001 0.9146444015625 0.180675425 0.891110053125 0.1732814046875 0.88195780625 0.1627584046875 0.8741130234375 0.1471334046875 0.8741130234375 0.1365706125 0.879342878125 0.12128450937499999 0.8963399078125001 0.1153853421875 0.909414546875 0.1113995078125 0.9355638234375 0.1117583 0.946023534375
0 0.1198450890625 0.8196119578125 0.1206024640625 0.827456740625 0.12291438125000001 0.8379164515624999 0.13457344375 0.857528409375 0.14900269375 0.8653731921875 0.16658081875 0.8653731921875 0.17949531875 0.857528409375 0.1979302984375 0.8326865953125001 0.205477140625 0.8148887453125001 0.21110214843750003 0.7779855765625 0.20673892343750003 0.7620835484375 0.1981889453125 0.7477014468750001 0.1876659453125 0.7398566625 0.1747912375 0.7346268078125 0.1669787375 0.7346268078125 0.1544628203125 0.7398566625 0.13919661249999998 0.7503163734375 0.1309656328125 0.7594686203125 0.1278167578125 0.767313403125 0.1198450890625 0.8196119578125
0 0.23921679999999998 0.7765625 0.25555656718750003 0.7666370734375 0.2706118 0.74634959375 0.2775836875 0.7006101484375 0.27454929687499996 0.686881778125 0.2671552765625 0.67772953125 0.25623369375 0.6724996765625 0.24451494375 0.6724996765625 0.20300125468750002 0.7078012015625 0.1986566296875 0.723490765625 0.1989756296875 0.747025115625 0.20983752500000002 0.771866928125 0.21613616875 0.7765625 0.23921679999999998 0.7765625
0 0.2507706125 0.612879325 0.2530825296875 0.623339034375 0.26318705 0.640336065625 0.27020238281250003 0.6455659218750001 0.361840090625 0.6978644734375 0.3638927515625 0.6984375 0.3921467453125 0.6984375 0.397394925 0.6952495453124999 0.4032741953125 0.6887122265625 0.41152507031249996 0.6730226625 0.42658475781250005 0.61490589375 0.434476709375 0.5631303234375 0.435320696875 0.5553509140624999 0.43420453124999997 0.5370464203124999 0.4295806984375 0.516127 0.41441396875000003 0.4939001140625 0.36171938593749997 0.48082547499999995 0.33828188593749997 0.48082547499999995 0.26890648906250003 0.55796584375 0.26145278125 0.568425553125 0.2543578625 0.5893449765625001 0.2507706125 0.612879325
0 0.314537959375 0.8416160906249999 0.325120646875 0.829848915625 0.335324646875 0.8141593484375 0.34397410625 0.7958548546875 0.3448041671875 0.79265156875 0.34875014375 0.7667637843749999 0.34875710625 0.7644757234374999 0.34528923125 0.74878615625 0.336739253125 0.7344040546875 0.3262205828125 0.7265625 0.29886558124999996 0.7265625 0.282051753125 0.7344040546875 0.26010910625 0.756630940625 0.2491079390625 0.7775503609375 0.24472352343749998 0.806314565625 0.24623827187499997 0.8220041328125 0.2543896671875 0.8390011625 0.271525890625 0.8546875 0.2910683921875 0.8546875 0.303576584375 0.8494608734375 0.314537959375 0.8416160906249999
0 0.3465119390625 0.736600109375 0.36634229218750003 0.7666717765625 0.38683839531249997 0.778125 0.405339071875 0.778125 0.4139746671875 0.7745165609375 0.43826902187499994 0.7496747484374999 0.444977359375 0.7402610078125 0.453294465625 0.685696184375 0.4517810640625 0.6738418453125 0.43816887812500005 0.6542298875 0.42023196093750004 0.6437701765625 0.39719304375000003 0.64115525 0.37841916875 0.6490000328125001 0.3615785234375 0.663382134375 0.34782706406249997 0.6895314124999999 0.34268527187500003 0.7104508328125 0.3430440640625 0.72091054375 0.3465119390625 0.736600109375
0 0.43490227187499997 0.596216428125 0.43775326562499994 0.596875 0.4655166125 0.596875 0.47201164687499997 0.596216428125 0.48923097968749996 0.5857567171875 0.4978605421875 0.573989540625 0.5013243046875 0.5653602796875 0.5081799390625 0.520383525 0.50818391875 0.5190760609375 0.5062705859375 0.5060014234375 0.4942129390625 0.48900439218749997 0.47627602343750003 0.4785446828125 0.46065102343750003 0.4785446828125 0.452439940625 0.48115960781249995 0.43522060625 0.4916193203125 0.4171842109375 0.5138462046875001 0.41008929375000003 0.534765628125 0.43490227187499997 0.596216428125
0 0.2001667328125 0.927250128125 0.2009241078125 0.9350949125 0.20750106562499998 0.9560143328124999 0.21605104375 0.9703964359375 0.22617546093750002 0.980856146875 0.22699794999999998 0.98125 0.2542356046875 0.98125 0.2554723359375 0.980856146875 0.2664337109375 0.9730113625 0.2844701078125 0.950784478125 0.2899806390625 0.9370561078125 0.29466399375 0.90633070625 0.2943949 0.8984859234375 0.288216525 0.8749515750000001 0.27615887968749997 0.8579545453125 0.259377921875 0.8527246890625 0.241799796875 0.8527246890625 0.2312370046875 0.8579545453125 0.2222287546875 0.865799328125 0.20849719218749999 0.8854112859375001 0.2053483171875 0.8932560687500001 0.2001667328125 0.927250128125
0 0.3695929078125 0.9580513953124999 0.373387475 0.9434077999999999 0.3742643578125 0.9376549593749999 0.37397732499999997 0.929287190625 0.29863361718750003 0.928125 0.2891470328125 0.928125 0.28546757968750003 0.9359116734375 0.28153489062500003 0.96171229375 0.2824596578125 0.965896178125 0.2937201359375 0.9881230625 0.3007354703125 0.99335291875 0.3094548046875 0.9984375 0.331405759375 0.9984375 0.3507593453125 0.9855081359375 0.3613420328125 0.9737409609375 0.3695929078125 0.9580513953124999
0 0.3232504296875 0.877676265625 0.3267183046875 0.89336583125 0.3422836171875 0.9129777890625 0.3477444078125 0.9155927171875 0.3672756578125 0.9155927171875 0.3754867421875 0.9129777890625 0.3974293875 0.8907509046875 0.406078846875 0.8724464109375001 0.41126043125 0.8384523500000001 0.40432468125 0.80707321875 0.3938215765625 0.792691115625 0.3903139109375 0.7900761890625 0.3668764109375 0.7900761890625 0.35826674375 0.7953060437499999 0.3516102015625 0.8005358984375001 0.34062893125000004 0.8149180015624999 0.33237805625 0.8306075671875 0.32608030625 0.8462971328125001 0.3232504296875 0.877676265625
0 0.562830925 0.653125 0.5816535328125 0.6482825421875 0.597318325 0.635207903125 0.6149561390625 0.6155959453125 0.63105930625 0.586831740625 0.633403021875 0.5804251671875 0.6407170265625 0.5324412453125 0.638313390625 0.5136137656249999 0.632892390625 0.49792420000000004 0.6227878703124999 0.4809271703125 0.6142179953125 0.47308238593749996 0.5986446265625001 0.465625 0.5775426078125 0.465625 0.5423111609375 0.48354209687500005 0.5250719328125 0.5005391265625 0.5113204734375 0.5266884046875 0.50454455625 0.5711421750000001 0.504903346875 0.5816018859375001 0.507932846875 0.6129810171875001 0.5219436171875 0.6299780484374999 0.5425910328125 0.6482825421875 0.5508951609375 0.653125 0.562830925 0.653125
0 0.5458262296874999 0.6965715390625 0.5426375640625001 0.7174909609375 0.5441523125 0.7331805265625 0.548018771875 0.7462551656249999 0.5565687500000001 0.7606372671875 0.570998 0.76848205 0.59052925 0.76848205 0.5991389171875 0.7632521953125 0.6359889796875 0.7201058890625001 0.6377995828125 0.7155951390624999 0.6421740359375 0.6868963078125 0.6419677312500001 0.6808819734375 0.6369453140625 0.6625774796874999 0.6330589609375 0.656040159375 0.6225359609375001 0.6481953765624999 0.61707516875 0.64558045 0.60145016875 0.64558045 0.5869811265625 0.6508103046875 0.5740666265625001 0.6586550875 0.5587805218749999 0.6756521171875 0.5458262296874999 0.6965715390625
0 0.41213965156250004 0.8326841765624999 0.4154919296875 0.8478507562500001 0.42404190937499997 0.8622328578125 0.434564909375 0.870077640625 0.44100330468750004 0.871875 0.4640773046875 0.871875 0.469721159375 0.870077640625 0.4889135140625 0.8530806109375 0.4967658046875 0.840005971875 0.49959979218750006 0.8329456687500001 0.5046618015625 0.7997360859375 0.5043388890625 0.7903223453125 0.50047243125 0.7772477062500001 0.4903679109375 0.760250678125 0.47984491093750004 0.7524058953125 0.46226678593750004 0.7524058953125 0.454055703125 0.755020821875 0.44114120312500005 0.7628656046875 0.42310480625 0.7850924921875 0.41750059687499996 0.7975133984375 0.41213965156250004 0.8326841765624999
0 0.4487867609375 0.92701365625 0.4530120109375 0.9505480046875 0.467564690625 0.971875 0.5006861406249999 0.971875 0.510390115625 0.9649301078124999 0.526074803125 0.94531815 0.52631096875 0.9447297906250001 0.534900440625 0.8883781000000001 0.5340862625 0.8799449578124999 0.525536284375 0.8655628546875 0.5169664093749999 0.857718071875 0.5040917 0.8524882171874999 0.4861149921875 0.8551031453125001 0.477505325 0.860333 0.4669226375 0.8721001749999999 0.4563200546875 0.8904046687499999 0.453171178125 0.8982494515624999 0.4487867609375 0.92701365625
0 0.549450303125 0.8938299000000001 0.55176221875 0.9042896109375 0.56613178125 0.9317463515625001 0.5832715312500001 0.9474359187499999 0.5853631484374999 0.9484375 0.607615815625 0.9484375 0.62548290625 0.9395911343750001 0.6387959890625 0.9291314249999999 0.6497772609375 0.9147493234375 0.6520601953125 0.9090618546875 0.6617025921875 0.8458023953125 0.6535634703125 0.82584178125 0.6415058250000001 0.8088447499999999 0.6200612421875 0.7957701109374999 0.6044362421875 0.7957701109374999 0.5876154921875 0.8036148953125 0.5680245546875 0.823226853125 0.5601722625 0.8363014921874999 0.5538745125 0.8519910578125 0.5487327203125 0.8729104796874999 0.549450303125 0.8938299000000001
0 0.6329118593749999 0.7412545203125 0.6277302765624999 0.7752485796874999 0.63119815 0.7909381453125001 0.63390865 0.798782928125 0.6537390046875 0.8288545968750001 0.6716759203125 0.8393143078125 0.683223821875 0.840625 0.69929731875 0.840625 0.7130901296875 0.8366993796875001 0.7303094625 0.8262396687500001 0.7436225453125 0.8157799593749999 0.7546038171875 0.80139785625 0.7615406499999999 0.7853596328125 0.7645167390625 0.7658348390625 0.76612294375 0.7386395921875 0.75918719375 0.707260459375 0.733497465625 0.677188790625 0.7245290062499999 0.6719589359375 0.715161965625 0.6693440078124999 0.693677590625 0.6693440078124999 0.67255200625 0.6798037203125 0.66001619375 0.69157089375 0.636060734375 0.7334097359375 0.6329118593749999 0.7412545203125
0 0.6651453093749999 0.6079480875 0.6650338921875 0.644557075 0.668920246875 0.65109439375 0.6849040375000001 0.6615541046875 0.6994865640625 0.665625 0.7067002515625 0.665625 0.724365121875 0.6589391765625 0.7501561234375 0.6345293953125 0.7540483765625 0.6089940578124999 0.7534424765625001 0.60271823125 0.7499746015625 0.587028665625 0.74182320625 0.5700316359375 0.73325333125 0.5621868531249999 0.7125661234375 0.556956996875 0.6918391234375 0.5648017796875 0.6828308734374999 0.5726465625 0.67145101875 0.58964359375 0.6657830421875001 0.603764203125 0.6651453093749999 0.6079480875
0 0.6359628484375001 0.9403505937500001 0.6370790140625 0.9586550875000001 0.6405468890625 0.9743446546874999 0.6455892015625 0.9861118281250001 0.6565991421875 0.9984375 0.6897511484375001 0.9984375 0.7057374921874999 0.98872675625 0.7186718890625 0.9743446546874999 0.7252725890625 0.9617930015624999 0.7315303484375 0.9207386359375 0.730191015625 0.9115863890625 0.7193291203125 0.8867445765624999 0.7127123703125 0.8788997937499999 0.7037439109375 0.8736699390625 0.6842126609375 0.8736699390625 0.674048453125 0.876284865625 0.6654387859375 0.8815147218750001 0.65720780625 0.8906669687500001 0.6379557640625 0.9272759562499999 0.6359628484375001 0.9403505937500001
0 0.6106595125000001 0.9449033625000001 0.52727350625 0.94375 0.519077890625 0.94375 0.5163343031250001 0.955404184375 0.5209581359375 0.97632360625 0.5295081140625 0.9907057078125 0.5418045421875 0.9984375 0.5428032078125 0.9984375 0.57989078125 0.9933206359375 0.59948171875 0.973708678125 0.6073340109375 0.960634040625 0.6088297265625 0.95690776875 0.6106595125000001 0.9449033625000001
0 0.3687228734375 0.979776278125 0.372382965625 0.9984375 0.43560886249999997 0.9984375 0.4417458734375 0.9876210609375 0.4444064671875 0.979776278125 0.44799371718750003 0.9562419296875 0.4477246234375 0.9483971453125 0.44541270781250003 0.9379374359374999 0.4353081875 0.9209404046874999 0.428292853125 0.91571055 0.41306643750000005 0.913095621875 0.3962456875 0.9209404046874999 0.38331129062499997 0.9353225078125 0.37545899843749997 0.9483971453125 0.37231012343750003 0.9562419296875 0.3687228734375 0.979776278125
0 0.8605695890625 0.6270758 0.880160528125 0.6074638421875 0.8876142359375001 0.5970041312500001 0.8935134031249999 0.58392949375 0.894045521875 0.5823605374999999 0.9006819343749999 0.538821990625 0.9006879031249999 0.5368607953125 0.8983759875 0.526401084375 0.8824518828125001 0.496329415625 0.8635790390625001 0.49375 0.8629159484375 0.49375 0.8336237578125001 0.496329415625 0.8250140921875 0.5015592718749999 0.8093493 0.514633909375 0.7913129031249999 0.5368607953125 0.7865696953125 0.5551652890625001 0.780989528125 0.5917742765625 0.784457403125 0.6074638421875 0.8003627015625 0.6375 0.837569234375 0.6375 0.8605695890625 0.6270758
0 0.7674813375 0.7108277390625 0.7811532125 0.7108277390625 0.796419421875 0.700368028125 0.8069197296875 0.682414171875 0.8103113125 0.6601635124999999 0.8071214843750001 0.6493769375 0.7977743390625001 0.640224690625 0.7903604234375 0.6376097609375 0.7782430890625001 0.640224690625 0.769633421875 0.645454546875 0.7614024421875001 0.65460679375 0.7555032765624999 0.66768143125 0.7527131921875 0.685985925 0.755025109375 0.6964456359375 0.7674813375 0.7108277390625
0 0.7817650656249999 0.7193068828125 0.7735340875000001 0.7284591296875 0.76197516875 0.8042920328125 0.77634473125 0.8317487734375 0.7888576375 0.84375 0.8319083703124999 0.84375 0.8501648968750001 0.8343637015625 0.86820129375 0.812136815625 0.8772493359375 0.7912173953125 0.8879712953125001 0.733688984375 0.879421315625 0.7193068828125 0.8661878171874999 0.7036173171875 0.839681025 0.6853128234375 0.8299154 0.6853128234375 0.815047775 0.6931576078125 0.7817650656249999 0.7193068828125
0 0.7576763140625 0.915625 0.7718963640625 0.9121868546874999 0.7801273421875 0.9030346078125 0.7899347328124999 0.8861029500000001 0.7932927984375 0.8640721843750001 0.7920052609375 0.8507360531250001 0.781143365625 0.825894240625 0.7549555734375 0.8311240953125001 0.7357831140625 0.8415838062500001 0.7295052609375 0.8507360531250001 0.7270220390625 0.8580578515624999 0.72333514375 0.88224593125 0.724283884375 0.89780475 0.7364437015624999 0.915625 0.7576763140625 0.915625
0 0.8619544234375001 0.9030927171875 0.8615956312499999 0.89263300625 0.8519095906249999 0.8664837296875 0.8433596109374999 0.8521016265625001 0.8343966890625 0.846875 0.8109479937499999 0.846875 0.7949101734374999 0.85602401875 0.7789668390625 0.9606211265625 0.7812986515625 0.9645435171875001 0.797277509375 0.975 0.807058203125 0.975 0.823470234375 0.9697733734374999 0.8450142968750001 0.950161415625 0.8560154640625001 0.92924199375 0.8591643390625 0.9213972109374999 0.8619544234375001 0.9030927171875
0 0.786888178125 0.9868155984375001 0.7978893453125 0.965896178125 0.8010780125 0.94497675625 0.79686915 0.928125 0.7914938953124999 0.928125 0.7487820125 0.929287190625 0.7436800125 0.9371319734375 0.740132553125 0.947591684375 0.7392955953125 0.965896178125 0.743162053125 0.9789708156250001 0.7517120328125 0.99335291875 0.7585324953125 0.9984375 0.7726383984375 0.9984375 0.7810089078125 0.99335291875 0.786888178125 0.9868155984375001