0 0.2972777260502704 0.3634935766536456 0.061750046760618814 0.07963871933159297
0 0.1197981633911337 0.423108232048229 0.0490670970918178 0.06362512235214837
0 0.04579594736631666 0.24196864124253467 0.039583009090545115 0.0540319168050651
0 0.10310900803627106 0.26485997416444435 0.04769877325847123 0.06349564445986547
0 0.28968394939526987 0.4496310984051387 0.07287049642941987 0.0956159487198569
0 0.46849020206076997 0.4368732592149649 0.06805459076125508 0.08447168969631509
0 0.061357860041361734 0.3033418991263194 0.063384135761454 0.08582743067277346
0 0.03054530673136066 0.4759806185411112 0.050981792011454016 0.08553876291777769
0 0.13308686203054404 0.2219633061364235 0.0462350658418178 0.06355920609313373
0 0.051647600055679255 0.4090652222645833 0.04771134134309048 0.07296602773541672
0 0.14316184337204368 0.2819013505893402 0.04286248200787464 0.05898973746187508
0 0.5387572487269063 0.4313304676118398 0.06809770301061882 0.07978646267076392
0 0.1134641580203627 0.14739971723059017 0.07433761284611307 0.0958453558365886
0 0.18628513470717994 0.29418249183187484 0.05066482342556209 0.06668883369332904
0 0.24457998738858838 0.4014488247537845 0.05387043467536321 0.06529899810013884
0 0.11482830537872517 0.3317929010261805 0.04763861600890866 0.06671602773541671
0 0.43166126937458904 0.29394153001652745 0.060168229093726745 0.0779421954904124
0 0.5950345207272244 0.43236498432933973 0.04910907300783478 0.05884223907659738
0 0.08597769406426978 0.4715645690542013 0.055535273094363125 0.08252059271687066
0 0.13213507873167882 0.47596047511437495 0.041104669507874635 0.05894882392179675
0 0.4100504460534521 0.3843126100886455 0.08713746801399935 0.10512521751493065
0 0.45589184675363237 0.6301875013311802 0.06025799942810739 0.0856570392404123
0 0.5308078413828614 0.35258787177215234 0.06678278684456203 0.08424682852848094
0 0.3522646707113161 0.3207962771667358 0.06661822376272672 0.0952751658551346
0 0.1949703387173613 0.3690006538759721 0.0603204293443631 0.08263196846486114
0 0.22027087806331527 0.46140570621267346 0.05866702267663593 0.07478310087368065
0 0.30066526070177113 0.25166572388010394 0.08435323118236289 0.11755702828146708
0 0.3523021280633153 0.45833264475791646 0.05076361600890866 0.06678876291777769
0 0.17445893873326965 0.48669730015249985 0.03847697300684061 0.05127253908612843
0 0.34313566605663376 0.40931391650940946 0.031795440006363404 0.047602351823611146
0 0.05338972402131721 0.15583111949104161 0.05358662500994273 0.07446959370234381
0 0.22875389803468024 0.2502136330744095 0.05872945259289164 0.0717580300981294
0 0.17385895472626997 0.43513480015249983 0.03821582159054513 0.054000095162782105
0 0.07585561736154416 0.20610322321451383 0.03831802317393147 0.054392993137230936
0 0.247613533378407 0.3263579057758331 0.06047149326165293 0.08722408518930998
0 0.018070936704316448 0.27699825788378474 0.030198986841579168 0.06142862578353299
0 0.25459823535963516 0.18787663402434007 0.03668741159094289 0.056893415071601616
0 0.4660549980505886 0.36190962680614547 0.04278073442472685 0.06035465198742625
0 0.025130006047088742 0.34638403751906244 0.04306020401018135 0.07598192496187509
0 0.14502488271799763 0.37485191679374985 0.044513616008908664 0.06664329255305557
0 0.07303860534690847 0.09832709080569439 0.041306731590147416 0.05114314284514325
0 0.22011414735836246 0.17930172103031233 0.030364686256761076 0.050497944706879315
0 0.17463801535645349 0.16629388117454846 0.054177244678942624 0.09166618560013892
0 0.020314142027362377 0.2011442727014236 0.03684429401057906 0.07876614209715278
0 0.40162996606458795 0.46656206563572883 0.03637853417409058 0.05551940864825529
0 0.16775276336727116 0.24616321913045125 0.033320441005925884 0.04441606316479172
0 0.014992484723088312 0.4153886106573264 0.020846713508510972 0.06316354523644971
0 0.01089314135104464 0.13025054445291667 0.019530661009107532 0.06752625484416667
0 0.08962885805217942 0.38239296628065966 0.043146428508908666 0.06661147091077257