0 0.0146484375 0.4296875 0.0224609375 0.4296875 0.025390625 0.42578125 0.02734375 0.4153645828125 0.02734375 0.4049479171875 0.0126953125 0.375 0.0107421875 0.375 0.005859375 0.3841145828125 0.00390625 0.3971354171875 0.005859375 0.4127604171875 0.009765625 0.4231770828125 0.0146484375 0.4296875
0 0.11328125 0.5091145828125 0.111328125 0.5065104171875 0.111328125 0.4908854171875 0.109375 0.48828125 0.109375 0.4856770828125 0.10546875 0.48046875 0.10546875 0.4778645828125 0.103515625 0.4752604171875 0.103515625 0.47265625 0.09375 0.44921875 0.09375 0.44140625 0.091796875 0.4388020828125 0.091796875 0.4283854171875 0.0888671875 0.4244791671875 0.0791015625 0.4244791671875 0.0771484375 0.421875 0.0673828125 0.421875 0.0625 0.4283854171875 0.0625 0.43359375 0.060546875 0.4361979171875 0.060546875 0.4518229171875 0.05859375 0.4544270828125 0.05859375 0.4908854171875 0.060546875 0.4934895828125 0.060546875 0.4986979171875 0.06640625 0.5065104171875 0.0703125 0.51953125 0.0751953125 0.5234375 0.0771484375 0.5234375 0.0830078125 0.53125 0.0849609375 0.53125 0.0869140625 0.5338541671875 0.1044921875 0.5338541671875 0.10546875 0.5325520828125 0.107421875 0.5299479171875 0.107421875 0.5247395828125 0.11328125 0.5169270828125 0.11328125 0.5091145828125
0 0.056640625 0.4752604171875 0.0546875 0.47265625 0.0546875 0.4674479171875 0.0517578125 0.4609375 0.0400390625 0.4609375 0.0380859375 0.4583333328125 0.0341796875 0.4583333328125 0.0322265625 0.4557291671875 0.0302734375 0.4557291671875 0.025390625 0.46484375 0.025390625 0.4700520828125 0.02734375 0.47265625 0.02734375 0.4856770828125 0.029296875 0.48828125 0.033203125 0.5013020828125 0.0361328125 0.5052083328125 0.0400390625 0.5052083328125 0.0419921875 0.5078125 0.0458984375 0.5078125 0.046875 0.5065104171875 0.0478515625 0.5052083328125 0.0517578125 0.5052083328125 0.056640625 0.4986979171875 0.056640625 0.4752604171875
0 0.0380859375 0.4609375 0.0478515625 0.4609375 0.0517578125 0.4583333328125 0.0546875 0.4518229171875 0.0546875 0.43359375 0.046875 0.4075520828125 0.0322265625 0.40625 0.02734375 0.4153645828125 0.025390625 0.4231770828125 0.025390625 0.44140625 0.029296875 0.4518229171875 0.0380859375 0.4609375
0 0.0263671875 0.4036458328125 0.0322265625 0.4036458328125 0.037109375 0.39453125 0.041015625 0.37890625 0.04296875 0.3580729171875 0.03515625 0.3346354171875 0.0283203125 0.3229166671875 0.0185546875 0.3229166671875 0.01171875 0.33203125 0.009765625 0.33984375 0.009765625 0.3684895828125 0.0234375 0.3997395828125 0.0263671875 0.4036458328125
0 0.0166015625 0.3203125 0.0205078125 0.3203125 0.025390625 0.3138020828125 0.02734375 0.2825520828125 0.0205078125 0.2682291671875 0.0126953125 0.2734375 0.009765625 0.2799479171875 0.0078125 0.2877604171875 0.0078125 0.30078125 0.013671875 0.31640625 0.0166015625 0.3203125
0 0.0341796875 0.3307291671875 0.0380859375 0.3333333328125 0.0458984375 0.3333333328125 0.048828125 0.32421875 0.05078125 0.2825520828125 0.0478515625 0.2786458328125 0.0380859375 0.2734375 0.0341796875 0.2734375 0.029296875 0.2825520828125 0.025390625 0.2981770828125 0.025390625 0.3111979171875 0.02734375 0.3190104171875 0.0341796875 0.3307291671875
0 0.0546875 0.3528645828125 0.0615234375 0.3619791671875 0.0693359375 0.3619791671875 0.076171875 0.3502604171875 0.076171875 0.32421875 0.07421875 0.3111979171875 0.0615234375 0.2838541671875 0.0576171875 0.2838541671875 0.05078125 0.29296875 0.048828125 0.30859375 0.048828125 0.3346354171875 0.05078125 0.3424479171875 0.0546875 0.3528645828125
0 0.0732421875 0.4192708328125 0.0791015625 0.421875 0.0849609375 0.4192708328125 0.087890625 0.4153645828125 0.087890625 0.4075520828125 0.076171875 0.3658854171875 0.0732421875 0.3619791671875 0.0595703125 0.3619791671875 0.056640625 0.3658854171875 0.056640625 0.3841145828125 0.060546875 0.40234375 0.0732421875 0.4192708328125
0 0.1123046875 0.4817708328125 0.12109375 0.4622395828125 0.123046875 0.4440104171875 0.12109375 0.4309895828125 0.119140625 0.42578125 0.1064453125 0.4114583328125 0.0986328125 0.4140625 0.095703125 0.41796875 0.09375 0.4361979171875 0.09765625 0.4544270828125 0.107421875 0.48046875 0.1123046875 0.4817708328125
0 0.0869140625 0.40625 0.0908203125 0.4088541671875 0.0986328125 0.4088541671875 0.10546875 0.3893229171875 0.10546875 0.37890625 0.099609375 0.35546875 0.0869140625 0.3333333328125 0.0810546875 0.3359375 0.078125 0.3424479171875 0.076171875 0.3502604171875 0.076171875 0.3736979171875 0.080078125 0.3919270828125 0.0869140625 0.40625
0 0.0673828125 0.265625 0.0810546875 0.2682291671875 0.0859375 0.2565104171875 0.08984375 0.23307291718749998 0.0859375 0.20182291718749998 0.0771484375 0.1796875 0.0654296875 0.1796875 0.05859375 0.1888020828125 0.0546875 0.19921875 0.0546875 0.22265625 0.05859375 0.25390625 0.0673828125 0.265625
0 0.1259765625 0.2578125 0.1376953125 0.2604166671875 0.1513671875 0.2604166671875 0.1640625 0.24609375 0.16796875 0.23307291718749998 0.1640625 0.1888020828125 0.162109375 0.1809895828125 0.1513671875 0.1614583328125 0.1396484375 0.1510416671875 0.1357421875 0.1510416671875 0.1318359375 0.1536458328125 0.125 0.1627604171875 0.12109375 0.1731770828125 0.1171875 0.19921875 0.115234375 0.22005208281250002 0.1171875 0.23828125 0.119140625 0.24869791718749998 0.1259765625 0.2578125
0 0.1240234375 0.3463541671875 0.1279296875 0.3489583328125 0.1376953125 0.3489583328125 0.142578125 0.26953125 0.1396484375 0.265625 0.1181640625 0.265625 0.1142578125 0.2682291671875 0.111328125 0.2747395828125 0.109375 0.30078125 0.111328125 0.32421875 0.115234375 0.3346354171875 0.1240234375 0.3463541671875
0 0.142578125 0.3528645828125 0.1494140625 0.3619791671875 0.1533203125 0.3645833328125 0.1650390625 0.3645833328125 0.173828125 0.35546875 0.173828125 0.3450520828125 0.16015625 0.2669270828125 0.1455078125 0.265625 0.142578125 0.26953125 0.138671875 0.2825520828125 0.134765625 0.2981770828125 0.134765625 0.3216145828125 0.138671875 0.3424479171875 0.142578125 0.3528645828125
0 0.162109375 0.3268229171875 0.1728515625 0.34375 0.1826171875 0.34375 0.1865234375 0.3411458328125 0.19140625 0.3268229171875 0.19140625 0.31640625 0.1875 0.28515625 0.18359375 0.2721354171875 0.1767578125 0.2630208328125 0.1689453125 0.2630208328125 0.1640625 0.2669270828125 0.158203125 0.2799479171875 0.15625 0.2877604171875 0.15625 0.2981770828125 0.158203125 0.3138020828125 0.162109375 0.3268229171875
0 0.1923828125 0.23958333281250002 0.1982421875 0.2421875 0.2021484375 0.2421875 0.2138671875 0.23697916718749998 0.21875 0.23046875 0.224609375 0.20963541718749998 0.224609375 0.18359375 0.208984375 0.1497395828125 0.2001953125 0.1432291671875 0.1962890625 0.1432291671875 0.1845703125 0.1510416671875 0.177734375 0.1627604171875 0.17578125 0.1705729171875 0.17578125 0.20963541718749998 0.1796875 0.22265625 0.1923828125 0.23958333281250002
0 0.1416015625 0.4479166671875 0.1513671875 0.453125 0.166015625 0.4361979171875 0.16796875 0.42578125 0.16796875 0.4075520828125 0.1640625 0.38671875 0.158203125 0.37109375 0.1416015625 0.3541666671875 0.1357421875 0.3567708328125 0.12890625 0.3658854171875 0.126953125 0.37109375 0.125 0.40234375 0.12890625 0.4231770828125 0.138671875 0.4440104171875 0.1416015625 0.4479166671875
0 0.119140625 0.5299479171875 0.1298828125 0.5442708328125 0.1357421875 0.546875 0.1474609375 0.546875 0.15234375 0.5403645828125 0.15625 0.5299479171875 0.15625 0.5013020828125 0.150390625 0.4596354171875 0.1396484375 0.4557291671875 0.1298828125 0.4557291671875 0.12109375 0.4674479171875 0.11328125 0.4830729171875 0.11328125 0.5091145828125 0.1171875 0.5247395828125 0.119140625 0.5299479171875
0 0.16015625 0.5091145828125 0.1748046875 0.5286458328125 0.1787109375 0.53125 0.1826171875 0.53125 0.189453125 0.5221354171875 0.193359375 0.51171875 0.19140625 0.4830729171875 0.1748046875 0.4375 0.1669921875 0.4375 0.1591796875 0.4453125 0.15625 0.4518229171875 0.154296875 0.4596354171875 0.154296875 0.4856770828125 0.15625 0.4986979171875 0.16015625 0.5091145828125
0 0.2060546875 0.5833333328125 0.2177734375 0.5833333328125 0.2216796875 0.5807291671875 0.224609375 0.57421875 0.224609375 0.56640625 0.21875 0.5247395828125 0.2119140625 0.515625 0.2021484375 0.5078125 0.1982421875 0.5104166671875 0.189453125 0.5221354171875 0.1875 0.5299479171875 0.189453125 0.5533854171875 0.197265625 0.5768229171875 0.2060546875 0.5833333328125
0 0.2470703125 0.6041666671875 0.2568359375 0.6041666671875 0.263671875 0.5950520828125 0.265625 0.5846354171875 0.265625 0.5403645828125 0.2578125 0.5221354171875 0.2490234375 0.515625 0.2353515625 0.5208333328125 0.232421875 0.52734375 0.23046875 0.5611979171875 0.234375 0.58203125 0.23828125 0.5924479171875 0.2470703125 0.6041666671875
0 0.19140625 0.4309895828125 0.2021484375 0.4453125 0.2041015625 0.4453125 0.216796875 0.4205729171875 0.216796875 0.4127604171875 0.208984375 0.3580729171875 0.2060546875 0.3541666671875 0.1962890625 0.3541666671875 0.185546875 0.3684895828125 0.18359375 0.3763020828125 0.18359375 0.3997395828125 0.185546875 0.4127604171875 0.19140625 0.4309895828125
0 0.2216796875 0.421875 0.2255859375 0.4244791671875 0.2373046875 0.4244791671875 0.240234375 0.4205729171875 0.2421875 0.41015625 0.2421875 0.3815104171875 0.232421875 0.35546875 0.2275390625 0.3489583328125 0.2197265625 0.3489583328125 0.2138671875 0.3515625 0.20703125 0.3606770828125 0.205078125 0.37109375 0.208984375 0.3997395828125 0.2109375 0.4049479171875 0.2216796875 0.421875
0 0.2080078125 0.3255208328125 0.2177734375 0.328125 0.224609375 0.3216145828125 0.234375 0.2903645828125 0.234375 0.2799479171875 0.2265625 0.24609375 0.2216796875 0.23958333281250002 0.2099609375 0.23958333281250002 0.2041015625 0.2421875 0.1953125 0.25390625 0.193359375 0.2591145828125 0.193359375 0.30078125 0.1953125 0.30859375 0.2080078125 0.3255208328125
0 0.2373046875 0.28125 0.2431640625 0.2838541671875 0.2548828125 0.2786458328125 0.263671875 0.2643229171875 0.265625 0.2565104171875 0.265625 0.23567708281250002 0.259765625 0.22005208281250002 0.2431640625 0.20052083281250002 0.2353515625 0.20052083281250002 0.224609375 0.21484375 0.22265625 0.22265625 0.22265625 0.23307291718749998 0.234375 0.27734375 0.2373046875 0.28125
0 0.23828125 0.3736979171875 0.2509765625 0.3880208328125 0.2587890625 0.3880208328125 0.2666015625 0.3828125 0.2734375 0.3736979171875 0.275390625 0.3684895828125 0.27734375 0.3580729171875 0.27734375 0.3424479171875 0.2734375 0.3216145828125 0.265625 0.30078125 0.2548828125 0.2838541671875 0.2490234375 0.2838541671875 0.2451171875 0.2864583328125 0.234375 0.2981770828125 0.2265625 0.3190104171875 0.2265625 0.33984375 0.228515625 0.34765625 0.23828125 0.3736979171875
0 0.216796875 0.4986979171875 0.2255859375 0.5104166671875 0.2294921875 0.5130208328125 0.2392578125 0.5130208328125 0.244140625 0.5065104171875 0.251953125 0.4830729171875 0.248046875 0.4440104171875 0.2412109375 0.4296875 0.2255859375 0.4244791671875 0.2197265625 0.4244791671875 0.212890625 0.4309895828125 0.20703125 0.44140625 0.20703125 0.4518229171875 0.212890625 0.48828125 0.216796875 0.4986979171875
0 0.3115234375 0.6354166671875 0.3232421875 0.6354166671875 0.326171875 0.62890625 0.328125 0.5846354171875 0.32421875 0.57421875 0.3076171875 0.5703125 0.298828125 0.5794270828125 0.296875 0.5950520828125 0.30078125 0.62109375 0.3046875 0.62890625 0.3115234375 0.6354166671875
0 0.3212890625 0.5677083328125 0.3369140625 0.5755208328125 0.3466796875 0.5755208328125 0.35546875 0.56640625 0.357421875 0.5559895828125 0.357421875 0.5325520828125 0.353515625 0.5221354171875 0.3427734375 0.5078125 0.3232421875 0.484375 0.3173828125 0.484375 0.3134765625 0.4869791671875 0.30859375 0.4934895828125 0.3046875 0.50390625 0.302734375 0.5221354171875 0.306640625 0.5403645828125 0.314453125 0.55859375 0.3212890625 0.5677083328125
0 0.3447265625 0.5104166671875 0.3505859375 0.5130208328125 0.3583984375 0.5130208328125 0.3623046875 0.5104166671875 0.37109375 0.49609375 0.373046875 0.48828125 0.3671875 0.4596354171875 0.353515625 0.4309895828125 0.3369140625 0.421875 0.3330078125 0.421875 0.3291015625 0.4244791671875 0.322265625 0.4361979171875 0.3203125 0.4440104171875 0.3203125 0.46484375 0.326171875 0.48828125 0.3447265625 0.5104166671875
0 0.275390625 0.4778645828125 0.2822265625 0.4869791671875 0.3037109375 0.4869791671875 0.30859375 0.48046875 0.318359375 0.4596354171875 0.318359375 0.4309895828125 0.3095703125 0.4192708328125 0.2783203125 0.3932291671875 0.2724609375 0.3932291671875 0.263671875 0.4049479171875 0.26171875 0.4127604171875 0.259765625 0.4231770828125 0.26171875 0.4440104171875 0.267578125 0.4622395828125 0.275390625 0.4778645828125
0 0.2880859375 0.40625 0.2978515625 0.4114583328125 0.3056640625 0.4114583328125 0.3095703125 0.4088541671875 0.3125 0.3997395828125 0.31640625 0.3763020828125 0.31640625 0.35546875 0.314453125 0.34765625 0.3056640625 0.3385416671875 0.2998046875 0.3359375 0.2880859375 0.3359375 0.28125 0.3450520828125 0.279296875 0.3502604171875 0.27734375 0.3580729171875 0.27734375 0.38671875 0.28125 0.3971354171875 0.2880859375 0.40625
0 0.2939453125 0.3333333328125 0.3056640625 0.3385416671875 0.3193359375 0.3359375 0.330078125 0.3190104171875 0.33203125 0.29296875 0.33203125 0.2825520828125 0.330078125 0.2721354171875 0.3203125 0.24088541718749998 0.3095703125 0.2265625 0.3037109375 0.22395833281250002 0.2978515625 0.22395833281250002 0.2841796875 0.23177083281250002 0.28125 0.23567708281250002 0.27734375 0.25390625 0.275390625 0.2877604171875 0.279296875 0.30859375 0.28515625 0.3216145828125 0.2939453125 0.3333333328125
0 0.3349609375 0.4192708328125 0.3466796875 0.4270833328125 0.3603515625 0.421875 0.37109375 0.40234375 0.373046875 0.37890625 0.357421875 0.3424479171875 0.3466796875 0.328125 0.3349609375 0.3229166671875 0.3310546875 0.3229166671875 0.3203125 0.33984375 0.318359375 0.34765625 0.3203125 0.38671875 0.328125 0.41015625 0.3349609375 0.4192708328125
0 0.369140625 0.6497395828125 0.3798828125 0.6640625 0.3955078125 0.671875 0.4072265625 0.671875 0.4296875 0.65234375 0.43359375 0.62109375 0.419921875 0.59765625 0.3857421875 0.5546875 0.3818359375 0.5546875 0.3642578125 0.5677083328125 0.357421875 0.5794270828125 0.35546875 0.58984375 0.35546875 0.6080729171875 0.359375 0.62890625 0.369140625 0.6497395828125
0 0.4345703125 0.6197916671875 0.4404296875 0.6197916671875 0.4658203125 0.609375 0.4794921875 0.6015625 0.490234375 0.58203125 0.490234375 0.5768229171875 0.470703125 0.5221354171875 0.46484375 0.5091145828125 0.4599609375 0.5026041671875 0.4013671875 0.4973958328125 0.39453125 0.5065104171875 0.390625 0.5169270828125 0.38671875 0.5377604171875 0.38671875 0.5455729171875 0.390625 0.5611979171875 0.4345703125 0.6197916671875
0 0.4482421875 0.6901041671875 0.4619140625 0.703125 0.4736328125 0.703125 0.4794921875 0.7005208328125 0.48828125 0.69140625 0.484375 0.6549479171875 0.4765625 0.63671875 0.4677734375 0.625 0.4599609375 0.6171875 0.4560546875 0.6145833328125 0.4521484375 0.6145833328125 0.4384765625 0.6223958328125 0.43359375 0.62890625 0.431640625 0.6341145828125 0.431640625 0.6653645828125 0.43359375 0.6705729171875 0.4482421875 0.6901041671875
0 0.390625 0.4778645828125 0.3974609375 0.4895833328125 0.4052734375 0.4973958328125 0.4150390625 0.5026041671875 0.4208984375 0.5052083328125 0.4345703125 0.5052083328125 0.4404296875 0.5026041671875 0.4453125 0.4908854171875 0.451171875 0.4700520828125 0.44921875 0.4153645828125 0.4453125 0.3997395828125 0.421875 0.36328125 0.4150390625 0.3541666671875 0.4072265625 0.3489583328125 0.3916015625 0.3489583328125 0.3828125 0.3606770828125 0.37890625 0.37109375 0.376953125 0.37890625 0.376953125 0.4309895828125 0.37890625 0.44140625 0.390625 0.4778645828125
0 0.3779296875 0.3411458328125 0.3857421875 0.3463541671875 0.3896484375 0.3463541671875 0.4013671875 0.3411458328125 0.41015625 0.32421875 0.41015625 0.2955729171875 0.40625 0.26953125 0.3955078125 0.2526041671875 0.3857421875 0.24739583281250002 0.3798828125 0.24739583281250002 0.3701171875 0.2552083328125 0.36328125 0.26953125 0.361328125 0.2825520828125 0.361328125 0.3111979171875 0.365234375 0.3216145828125 0.3779296875 0.3411458328125
0 0.486328125 0.56640625 0.5068359375 0.59375 0.5166015625 0.6041666671875 0.5283203125 0.6119791671875 0.5458984375 0.6119791671875 0.5517578125 0.609375 0.5673828125 0.5963541671875 0.5703125 0.5924479171875 0.57421875 0.5325520828125 0.5703125 0.51171875 0.56640625 0.5013020828125 0.5107421875 0.4375 0.4990234375 0.4375 0.4912109375 0.4401041671875 0.486328125 0.4466145828125 0.4765625 0.4700520828125 0.47265625 0.4830729171875 0.474609375 0.5143229171875 0.4765625 0.5325520828125 0.486328125 0.56640625
0 0.59765625 0.7044270828125 0.6142578125 0.7265625 0.6220703125 0.734375 0.6357421875 0.7421875 0.6494140625 0.7421875 0.6689453125 0.7369791671875 0.6806640625 0.7317708328125 0.6884765625 0.7265625 0.697265625 0.7174479171875 0.6953125 0.6315104171875 0.6748046875 0.6015625 0.6533203125 0.5885416671875 0.6396484375 0.5833333328125 0.6123046875 0.5833333328125 0.59375 0.6080729171875 0.587890625 0.62109375 0.5859375 0.6263020828125 0.5859375 0.66796875 0.58984375 0.68359375 0.59765625 0.7044270828125
0 0.7119140625 0.7239583328125 0.7275390625 0.7317708328125 0.7509765625 0.7317708328125 0.7568359375 0.7291666671875 0.765625 0.7174479171875 0.76953125 0.7018229171875 0.76953125 0.69140625 0.7548828125 0.6692708328125 0.7373046875 0.6588541671875 0.7119140625 0.6588541671875 0.7041015625 0.6640625 0.69921875 0.6705729171875 0.6953125 0.6783854171875 0.6953125 0.69921875 0.703125 0.71484375 0.7119140625 0.7239583328125
0 0.7548828125 0.8229166671874999 0.7626953125 0.828125 0.7783203125 0.8333333328125001 0.7978515625 0.8333333328125001 0.8037109375 0.8307291671874999 0.8115234375 0.8229166671874999 0.818359375 0.8138020828125001 0.8203125 0.80859375 0.818359375 0.7981770828125 0.8125 0.7877604171875 0.7998046875 0.7734375 0.7880859375 0.765625 0.7763671875 0.7604166671875 0.7626953125 0.7604166671875 0.7412109375 0.765625 0.736328125 0.7721354171875 0.736328125 0.79296875 0.740234375 0.8033854171874999 0.7548828125 0.8229166671874999