0 0.50859375 0.8 0.10390625 0.12734375
0 0.69375 0.32734375 0.05390625 0.0671875
0 0.175 0.546875 0.0734375 0.08125
0 0.9796875 0.503125 0.03984375 0.07578125
0 0.03125 0.64296875 0.0625 0.08515625
0 0.0578125 0.12421875 0.053125 0.065625
0 0.540625 0.11953125 0.05546875 0.0671875
0 0.234375 0.1890625 0.06875 0.07421875
0 0.29140625 0.2765625 0.06484375 0.075
0 0.0203125 0.3171875 0.040625 0.10234375
0 0.06484375 0.459375 0.0625 0.078125
0 0.07421875 0.753125 0.0640625 0.07109375
0 0.49140625 0.6125 0.05703125 0.06875
0 0.4375 0.6984375 0.10546875 0.12578125
0 0.1046875 0.35234375 0.059375 0.07109375
0 0.75 0.77734375 0.08515625 0.10859375
0 0.83203125 0.80859375 0.08203125 0.10234375
0 0.528125 0.68046875 0.0703125 0.09609375
0 0.80078125 0.88984375 0.05625 0.0703125
0 0.04609375 0.2453125 0.04921875 0.0578125
0 0.43125 0.1625 0.06640625 0.08046875
0 0.6078125 0.8328125 0.059375 0.07890625
0 0.8203125 0.328125 0.05078125 0.06171875
0 0.7296875 0.27734375 0.05 0.0609375
0 0.16484375 0.3984375 0.07109375 0.0828125
0 0.6625 0.76328125 0.0859375 0.1328125
0 0.6046875 0.5046875 0.05546875 0.06953125
0 0.08671875 0.565625 0.10390625 0.128125
0 0.23984375 0.81796875 0.0890625 0.11015625
0 0.34921875 0.290625 0.05390625 0.05859375
0 0.571875 0.58203125 0.0859375 0.11796875
0 0.36953125 0.79375 0.08359375 0.109375
0 0.56640625 0.284375 0.06328125 0.07109375
0 0.3 0.734375 0.07421875 0.1
0 0.01796875 0.16640625 0.03515625 0.05
0 0.72109375 0.66484375 0.0890625 0.1171875
0 0.246875 0.32265625 0.0484375 0.05703125
0 0.35859375 0.5953125 0.04765625 0.06171875
0 0.34375 0.409375 0.04296875 0.05234375
0 0.396875 0.62421875 0.04375 0.0546875
0 0.821875 0.42421875 0.065625 0.08125
0 0.115625 0.228125 0.0671875 0.07265625
0 0.77890625 0.28203125 0.03671875 0.046875
0 0.428125 0.875 0.07578125 0.1015625
0 0.1921875 0.4765625 0.05390625 0.065625
0 0.175 0.2609375 0.046875 0.059375
0 0.62109375 0.32265625 0.046875 0.05625
0 0.72265625 0.86953125 0.075 0.09296875
0 0.91484375 0.41875 0.059375 0.08125
0 0.65625 0.8765625 0.06640625 0.08828125
0 0.4515625 0.24140625 0.059375 0.078125
0 0.171875 0.646875 0.07421875 0.09609375
0 0.74140625 0.1703125 0.07109375 0.08203125
0 0.134375 0.47578125 0.06171875 0.07421875
0 0.94453125 0.55078125 0.075 0.08671875
0 0.18359375 0.3265625 0.06796875 0.075
0 0.1890625 0.74375 0.0828125 0.09921875
0 0.80390625 0.5015625 0.059375 0.07578125
0 0.94609375 0.24375 0.04140625 0.04921875
0 0.8140625 0.709375 0.065625 0.08203125
0 0.365625 0.365625 0.04375 0.05625
0 0.4375 0.56875 0.06640625 0.08671875
0 0.3046875 0.8703125 0.06640625 0.08359375
0 0.37890625 0.20625 0.053125 0.0578125
0 0.609375 0.38671875 0.0515625 0.0625
0 0.25546875 0.66171875 0.08671875 0.1046875
0 0.6234375 0.66171875 0.07109375 0.09375
0 0.49609375 0.3484375 0.06640625 0.0796875
0 0.3125 0.38125 0.0375 0.0484375
0 0.5640625 0.4421875 0.07421875 0.08828125
0 0.128125 0.16015625 0.04453125 0.0546875
0 0.0703125 0.3078125 0.046875 0.05390625
0 0.8609375 0.2078125 0.0421875 0.053125
0 0.38984375 0.5390625 0.0421875 0.0625
0 0.0953125 0.6734375 0.06796875 0.08828125
0 0.31796875 0.53984375 0.05546875 0.06328125
0 0.584375 0.7484375 0.0734375 0.09140625
0 0.2796875 0.57578125 0.046875 0.05625
0 0.55859375 0.2203125 0.028125 0.03515625
0 0.759375 0.23828125 0.034375 0.03828125
0 0.6515625 0.56328125 0.075 0.09765625
0 0.13125 0.72421875 0.04375 0.05
0 0.0234375 0.5390625 0.046875 0.06875
0 0.98046875 0.85859375 0.03828125 0.06796875
0 0.36328125 0.6609375 0.04609375 0.059375
0 0.1015625 0.07109375 0.06484375 0.07265625
0 0.271875 0.390625 0.03984375 0.05546875
0 0.3984375 0.26875 0.0390625 0.0515625
0 0.46796875 0.2921875 0.0328125 0.04296875
0 0.9203125 0.33671875 0.05078125 0.06328125
0 0.8875 0.7453125 0.06796875 0.0890625
0 0.3578125 0.890625 0.0484375 0.075
0 0.55546875 0.88125 0.03984375 0.0546875
0 0.77109375 0.3375 0.040625 0.05234375
0 0.7234375 0.36953125 0.0390625 0.0484375
0 0.88125 0.4734375 0.05625 0.06875
0 0.92734375 0.275 0.03359375 0.040625
0 0.446875 0.496875 0.04609375 0.0578125
0 0.89140625 0.88515625 0.07578125 0.08359375
0 0.675 0.48671875 0.046875 0.0609375
0 0.90234375 0.2390625 0.03515625 0.04765625
0 0.2859375 0.34296875 0.034375 0.04296875
0 0.8078125 0.25234375 0.0359375 0.04296875
0 0.3359375 0.23671875 0.04609375 0.05234375
0 0.86015625 0.6484375 0.075 0.0921875
0 0.93203125 0.81953125 0.06796875 0.08515625
0 0.971875 0.42578125 0.0453125 0.05546875
0 0.01875 0.08515625 0.0375 0.0734375
0 0.3546875 0.47890625 0.06796875 0.0828125
0 0.325 0.63125 0.03984375 0.04921875
0 0.23125 0.3828125 0.05 0.0546875
0 0.25234375 0.51953125 0.0765625 0.0890625
0 0.93125 0.19921875 0.0359375 0.04609375
0 0.5234375 0.50390625 0.05234375 0.0640625
0 0.334375 0.16328125 0.0578125 0.0703125
0 0.3234375 0.334375 0.02734375 0.0390625
0 0.25 0.43515625 0.04609375 0.0546875
0 0.953125 0.89609375 0.053125 0.0578125
0 0.925 0.48828125 0.0359375 0.05234375
0 0.56328125 0.171875 0.02734375 0.040625
0 0.88125 0.57421875 0.04921875 0.06484375
0 0.225 0.58125 0.0453125 0.05625
0 0.97734375 0.62265625 0.04453125 0.11015625
0 0.76640625 0.55703125 0.0640625 0.08359375
0 0.60078125 0.16796875 0.03515625 0.04765625
0 0.0234375 0.41953125 0.046875 0.0921875
0 0.434375 0.33984375 0.03046875 0.04296875
0 0.46328125 0.42890625 0.0609375 0.08359375
0 0.08828125 0.165625 0.0328125 0.040625
0 0.63828125 0.14921875 0.04921875 0.059375
0 0.56328125 0.3671875 0.04296875 0.05625
0 0.7859375 0.215625 0.034375 0.0390625
0 0.92265625 0.6328125 0.05703125 0.07109375
0 0.146875 0.109375 0.046875 0.053125
0 0.7421875 0.41328125 0.0359375 0.04921875
0 0.0109375 0.228125 0.021875 0.071875
0 0.41171875 0.43515625 0.04453125 0.05078125
0 0.16953125 0.8671875 0.07421875 0.090625
0 0.48828125 0.89296875 0.0484375 0.065625
0 0.64453125 0.26640625 0.0390625 0.05703125
0 0.63203125 0.44765625 0.05078125 0.065625
0 0.659375 0.3625 0.0421875 0.05390625
0 0.953125 0.3 0.02890625 0.03359375
0 0.01875 0.7140625 0.03671875 0.05859375
0 0.8359375 0.28046875 0.0296875 0.0390625
0 0.29375 0.215625 0.0375 0.0453125
0 0.6890625 0.2515625 0.034375 0.04765625
0 0.11953125 0.29765625 0.03046875 0.0375
0 0.496875 0.27109375 0.040625 0.046875
0 0.8875 0.3609375 0.03828125 0.05078125
0 0.703125 0.42578125 0.0421875 0.053125
0 0.4046875 0.484375 0.0359375 0.04609375
0 0.48671875 0.546875 0.0375 0.0484375
0 0.6625 0.4078125 0.03125 0.03828125
0 0.61640625 0.23046875 0.03046875 0.04375
0 0.265625 0.134375 0.03515625 0.04609375
0 0.82265625 0.57109375 0.05 0.0640625
0 0.9734375 0.76484375 0.0484375 0.06875
0 0.98515625 0.3078125 0.0296875 0.03125
0 0.728125 0.48515625 0.05234375 0.0765625
0 0.65234375 0.20703125 0.03828125 0.05234375
0 0.925 0.703125 0.04453125 0.06171875
0 0.18828125 0.1203125 0.040625 0.046875
0 0.39453125 0.3390625 0.03046875 0.04296875
0 0.0671875 0.39453125 0.04140625 0.04921875
0 0.778125 0.3921875 0.0328125 0.0421875
0 0.0625 0.19609375 0.0421875 0.0515625
0 0.125 0.7984375 0.06484375 0.078125
0 0.70390625 0.559375 0.04921875 0.0671875
0 0.659375 0.3078125 0.0296875 0.0375
0 0.97421875 0.16484375 0.04140625 0.04609375
0 0.28515625 0.17109375 0.03125 0.0359375
0 0.41640625 0.38828125 0.03203125 0.04375
0 0.11171875 0.4203125 0.04609375 0.05390625
0 0.6921875 0.19453125 0.04296875 0.06015625
0 0.88671875 0.28125 0.0234375 0.02890625
0 0.48203125 0.14140625 0.05859375 0.05859375
0 0.97109375 0.21015625 0.03359375 0.03671875
0 0.99140625 0.803125 0.0171875 0.0453125
0 0.4859375 0.48828125 0.034375 0.04453125
0 0.79375 0.63359375 0.0515625 0.06484375
0 0.86875 0.25 0.02890625 0.034375
0 0.21171875 0.42578125 0.03671875 0.0453125
0 0.378125 0.42421875 0.0265625 0.0375
0 0.51484375 0.41171875 0.0375 0.0484375
0 0.91875 0.13203125 0.03359375 0.04921875
0 0.99375 0.19375 0.01171875 0.0296875
0 0.509375 0.45546875 0.0359375 0.04296875
0 0.30234375 0.4515625 0.0578125 0.0734375
0 0.6046875 0.89453125 0.02578125 0.03828125
0 0.30390625 0.10234375 0.04921875 0.04765625
0 0.8921875 0.184375 0.03359375 0.0390625
0 0.68359375 0.38203125 0.025 0.0296875
0 0.99375 0.91171875 0.01171875 0.04140625
0 0.98046875 0.2671875 0.03359375 0.05
0 0.025 0.875 0.05 0.075
0 0.1015625 0.125 0.0328125 0.0359375
0 0.9421875 0.2625 0.03984375 0.03671875
0 0.05546875 0.35546875 0.03046875 0.0359375
0 0.971875 0.3484375 0.0453125 0.05546875
0 0.4921875 0.48046875 0.03515625 0.03828125
0 0.81953125 0.16875 0.04296875 0.05703125
0 0.49765625 0.21875 0.03828125 0.0484375
0 0.97109375 0.10859375 0.0328125 0.0484375