0 0.12939553125 0.6951846703125 0.1347075515625 0.6873714546875 0.1333502171875 0.6661905406249999 0.13218369218749998 0.6624696671875 0.1221378390625 0.6429088453125 0.11611089062499999 0.6403280031249999 0.08859956875 0.63787215625 0.07504035 0.65495440625 0.07264224999999999 0.6785114812499999 0.07509809218749999 0.6863449046875 0.0893610953125 0.70599341875 0.1127011703125 0.7058576296875 0.12939553125 0.6951846703125
0 0.09940110156250001 0.5327848640624999 0.1072685171875 0.5183516265625 0.108551353125 0.5078805531249999 0.10168654531250002 0.4922250765625 0.0985054984375 0.488319728125 0.0850250546875 0.480934759375 0.0659165796875 0.4810459296875 0.0610609796875 0.4833057703125 0.055536748437500005 0.4885697140625 0.0512404390625 0.4977503671875 0.052245871875 0.513439934375 0.0545341421875 0.5186584265625 0.059835884375 0.5251673375 0.081775015625 0.5403508046875001 0.08373577812500001 0.540339396875 0.0919237453125 0.5380601703125001 0.09940110156250001 0.5327848640624999
0 0.0736445640625 0.391905265625 0.051673918750000006 0.39203308593749997 0.0407117453125 0.39976695 0.0328443296875 0.414200184375 0.0284931046875 0.4377686234375 0.030948946875 0.44560204218750005 0.044175846875 0.46906821406250004 0.053369521875000006 0.4779927609375 0.079195896875 0.47784250781250004 0.08207317812500001 0.47581257343749994 0.0768520484375 0.3943379640625 0.0736445640625 0.391905265625
0 0.08407 0.48181874375 0.093445565625 0.4909198578125 0.10745258437500001 0.496070171875 0.130890084375 0.49593381562500005 0.141893934375 0.4824230515625 0.1399799046875 0.45255504843749994 0.1362439171875 0.442276665625 0.12050626093750001 0.42536485781250005 0.1104054921875 0.4201918171875 0.0986867421875 0.42025999374999995 0.0892562609375 0.42554666562500004 0.07926814843749999 0.4373763359375 0.0760321875 0.447858771875 0.0770376203125 0.4635483390625 0.0794934625 0.471381759375 0.08407 0.48181874375
0 0.09608189375000001 0.4230363796875 0.1040710140625 0.413574265625 0.1073043703125 0.4061001328125 0.106407859375 0.39211026875 0.10434841718750001 0.387413625 0.099046675 0.38090471406250004 0.0793478515625 0.3784034140625 0.07365605 0.38105243125 0.06740661406250001 0.3902444484375 0.06610124687499999 0.3973149796875 0.067003090625 0.41138804687499997 0.07829032968750001 0.4228799125 0.078889303125 0.423136403125 0.09608189375000001 0.4230363796875
0 0.058570871875 0.37737135624999996 0.05749003125 0.360505075 0.05440635781249999 0.3520213296875 0.051057740625 0.34550105468750003 0.04503079375 0.342920215625 0.02745266875 0.34302248281250003 0.0229887859375 0.349588209375 0.025167224999999998 0.3835822703125 0.0304689671875 0.39009118125 0.0352272796875 0.3921287703125 0.0485905125 0.392051025 0.058570871875 0.37737135624999996
0 0.053031634375000004 0.3153243390625 0.05206809531249999 0.30028850625 0.05058072031250001 0.2968964859375 0.0390844578125 0.2851918046875 0.0254125828125 0.2852713453125 0.019720779687500002 0.2879203640625 0.021341585937499997 0.3284574234375 0.027473429687500002 0.3327767453125 0.043437690625000004 0.3326838671875 0.044053881249999996 0.3322491421875 0.0520888703125 0.3204308359375 0.053031634375000004 0.3153243390625
0 0.073963975 0.2517039453125 0.06938743750000001 0.2412669609375 0.060405414062499996 0.2325478703125 0.043837609374999996 0.2326442578125 0.04064819375 0.23489440468749997 0.03066008125 0.2467240765625 0.0274241203125 0.2572065125 0.03055025 0.27549964375 0.036019565625 0.2846234828125 0.0476425328125 0.2920192578125 0.060509045312499996 0.291944403125 0.063698459375 0.28969425625 0.07513698125 0.2700084390625 0.073963975 0.2517039453125
0 0.0114275953125 0.17832515625 0.012516814062500001 0.1953221828125 0.014576256249999999 0.2000188296875 0.0249043609375 0.21087125312500002 0.0307049890625 0.21083750625 0.0301232453125 0.20175950937499998 0.026459753125000002 0.1567872984375 0.018814825 0.1594476796875 0.0127329625 0.1712546234375 0.0114275953125 0.17832515625
0 0.0156771015625 0.244637784375 0.01710984375 0.2669954140625 0.019470915624999998 0.276398928125 0.024231246875 0.2843400484375 0.027522623437499998 0.2843209 0.02759640625 0.2842865609375 0.0269372890625 0.27400117812499997 0.0235419125 0.2332128515625 0.0189104578125 0.23716365156250002 0.0156771015625 0.244637784375
0 0.11259560312500001 0.30344522500000004 0.12186106875 0.291772353125 0.11951785156250001 0.255206946875 0.11705665937500001 0.251101221875 0.108909015625 0.2459168171875 0.08937776562500001 0.246030446875 0.0810076328125 0.2526188984375 0.07598611875 0.26572762656250004 0.07749426875 0.2892619765625 0.082963584375 0.298385815625 0.092771334375 0.30582444999999997 0.1076697265625 0.3057377734375 0.11259560312500001 0.30344522500000004
0 0.10213213125000001 0.3680736828125 0.11020552187499999 0.35380571562499996 0.109122396875 0.3369037765625 0.10586798281250001 0.319657753125 0.0920834515625 0.3027345796875 0.081815109375 0.2949466125 0.070096359375 0.29501479062499997 0.06261900468750001 0.300290096875 0.053133607812500004 0.319964553125 0.051850771875 0.3304356234375 0.053191348437499994 0.3513550453125 0.0581030328125 0.3670218890625 0.063404775 0.3735308 0.0702045375 0.3778575359375 0.0877537296875 0.37775543749999996 0.09286922187499999 0.3759752828125 0.10213213125000001 0.3680736828125
0 0.1444212203125 0.41650281875 0.1492696265625 0.4115334625 0.1537889890625 0.3997356078125 0.15259922812499999 0.3811696234375 0.14870916875 0.37229818593749997 0.1393336046875 0.363197071875 0.1333066578125 0.3606162328125 0.1198023546875 0.3633107015625 0.1085720890625 0.3770994640625 0.10982114531250001 0.3965907328125 0.11165753593750001 0.40390457656249995 0.1212006734375 0.4156206171875 0.1235444828125 0.4166242765625 0.1444212203125 0.41650281875
0 0.19943545468749999 0.4626134125 0.1995452859375 0.4338378453125 0.1877138796875 0.4169033125 0.177613109375 0.4117302703125 0.160034984375 0.41183253750000004 0.1525576296875 0.4171078453125 0.1393335546875 0.4394199515625 0.14279482968749999 0.4629429390625 0.15657936249999999 0.47986610937499996 0.16472700625 0.4850505125 0.18035200625 0.48495960781249997 0.19530671718749998 0.4744089953125 0.19943545468749999 0.4626134125
0 0.12505578906249998 0.5398067328125 0.14064180937499998 0.5525129875 0.1604772078125 0.5523975890624999 0.1694200328125 0.5460883875 0.1751338015625 0.53768425625 0.17281521093750002 0.5015031671875 0.16378031875000001 0.48857134062499996 0.155632675 0.4833869359375 0.143746353125 0.4808401875 0.13805455 0.483489203125 0.13057719375000001 0.48876451093749995 0.1261133125 0.4953302375 0.12287735 0.5058126734374999 0.12159451406249999 0.516283746875 0.1227675203125 0.534588240625 0.12505578906249998 0.5398067328125
0 0.1486111640625 0.3189367640625 0.1458833 0.31143191406250004 0.1427022546875 0.3075265671875 0.1347306421875 0.302454171875 0.1226743109375 0.3025243140625 0.1153585046875 0.3076856484375 0.1108946234375 0.3142513734375 0.10782623437500001 0.327348740625 0.10866409531250001 0.3404233765625 0.12032792968749999 0.35474298437499996 0.12609445 0.3572123046875 0.1381661265625 0.35714207343750004 0.14984729218749998 0.3427996828125 0.15008998906249998 0.3420135 0.1486111640625 0.3189367640625
0 0.14777684375 0.2083511046875 0.146346675 0.20508954531249998 0.128823465625 0.19080402968750002 0.122964090625 0.19083811875 0.103545496875 0.207954459375 0.1122536 0.252374140625 0.11766877812500001 0.2572240421875 0.133597353125 0.257131371875 0.1387045734375 0.2535282046875 0.149777934375 0.23957770156249997 0.14777684375 0.2083511046875
0 0.1570171171875 0.239732584375 0.1631851328125 0.2428914921875 0.1958840875 0.24270125468749998 0.20087864375 0.2381694546875 0.20364019375 0.2263818265625 0.2024923234375 0.2084695703125 0.19395609375 0.19112348125 0.18441295625 0.179407440625 0.180339134375 0.17681523906250002 0.164714134375 0.1769061421875 0.1534981015625 0.184819103125 0.1454631140625 0.1966374109375 0.1451071328125 0.215473978125 0.1454757921875 0.2212268203125 0.1495946765625 0.2306201078125 0.1570171171875 0.239732584375
0 0.1864815234375 0.30010639375000003 0.1841863109375 0.2642900953125 0.16315686093749998 0.24483582187500003 0.1457463078125 0.247553015625 0.132522234375 0.2698651234375 0.13302495 0.27770990625 0.1379366328125 0.29337674687500004 0.153674290625 0.3102885546875 0.1597012375 0.3128693921875 0.1753262375 0.3127784890625 0.181018040625 0.3101294734375 0.1864815234375 0.30010639375000003
0 0.14794978281249999 0.37493061562499996 0.15252632187499998 0.38536760000000003 0.170384675 0.40488297187500005 0.1774380671875 0.4084953203125 0.20227259375 0.4083508375 0.20749404999999999 0.40466707656249995 0.218932571875 0.384981259375 0.22216853281249999 0.3744988234375 0.2223930296875 0.3726663875 0.22128705312500002 0.35540786406249997 0.2182045421875 0.3431310546875 0.21362800312500002 0.33269406875 0.20620556250000002 0.3235815921875 0.1899102734375 0.313212784375 0.1723321484375 0.3133150515625 0.16290166875 0.318601721875 0.154699109375 0.327805103125 0.149510021875 0.33829890156250003 0.1464416328125 0.351396265625 0.14794978281249999 0.37493061562499996
0 0.2027980640625 0.3199536859375 0.21122088906249997 0.3270184859375 0.227361 0.326924584375 0.23672639375 0.315832446875 0.238344375 0.3105912234375 0.236836225 0.287056875 0.23454795625 0.2818383859375 0.227125515625 0.2727259078125 0.22109856875 0.27014506875 0.20742669375 0.270224609375 0.19386747499999998 0.2873068609375 0.195208053125 0.30822628281250003 0.2027980640625 0.3199536859375
0 0.2277055109375 0.382391825 0.23228205000000002 0.3928288125 0.23758379375 0.399337721875 0.2600863296875 0.41739298125 0.2974893578125 0.41717537812499994 0.31766191875 0.398871840625 0.32483000781250004 0.3857215609375 0.3236085921875 0.36666164375 0.32072748125 0.339996196875 0.3159833703125 0.32694428750000004 0.2982925890625 0.310043840625 0.28233244375 0.3049048875 0.254821121875 0.302449040625 0.2398664109375 0.3129996578125 0.226809909375 0.33792669218750004 0.2227483890625 0.35382013125 0.223239934375 0.361490584375 0.2277055109375 0.382391825
0 0.21292533906250002 0.47493866718750005 0.2169991609375 0.4775308734375 0.2226759015625 0.47857084843750003 0.2388036421875 0.47847702031250006 0.2443429109375 0.4773717921875 0.2518202671875 0.4720964828125 0.26342635937500003 0.45502559218750005 0.26574961875 0.4394474546875 0.265322309375 0.4327793890625 0.26336861875 0.4236350953125 0.25577860625 0.4119076953125 0.24338956875 0.40151616093750003 0.23931574531250002 0.3989239578125 0.22759699531250002 0.398992134375 0.201036190625 0.42661364218750003 0.1982856234375 0.43552371250000005 0.198788340625 0.44336849375 0.20109393281250001 0.45800413593749995 0.21292533906250002 0.47493866718750005
0 0.22383634687499998 0.5529719937500001 0.24113424375 0.5332520859375001 0.24190278437499999 0.5307625093749999 0.239125275 0.4874200828125 0.2328162015625 0.479674478125 0.21757783281249998 0.472348178125 0.2022904078125 0.47243711718750003 0.1898474515625 0.4799244625 0.1835980171875 0.48911647968749994 0.178576503125 0.5022252078125 0.1800846515625 0.5257595562499999 0.18254049375 0.533592975 0.188009809375 0.5427168140624999 0.20039884687499998 0.5531083484375 0.216838846875 0.5551958515625001 0.22071616875000002 0.55517329375 0.22383634687499998 0.5529719937500001
0 0.313233965625 0.5279560640625001 0.31222853281249996 0.5122664984374999 0.30765199375 0.5018295125 0.285861175 0.47507708125 0.27466928749999997 0.47514219375 0.2587112125 0.48511087656249996 0.24710511875000002 0.5021817640624999 0.2454871375 0.5074229828125 0.24783314843749998 0.5440319703125 0.2575438578125 0.5583629390625 0.2660609265625 0.5627248984375 0.2903013765625 0.562583871875 0.2966063578125 0.55813568125 0.3099980046875 0.5384385 0.313233965625 0.5279560640625001
0 0.3270712078125 0.48472285781249996 0.34063042656250003 0.4676406046875 0.3421646203125 0.46109192343750005 0.3403874734375 0.43335992812499996 0.3222116140625 0.4088899546875 0.3103252921875 0.40634320468749996 0.291631903125 0.41953147343749997 0.2837644875 0.4339647078125 0.2805285265625 0.44444714531249996 0.281869103125 0.4653665671875 0.28415737343749997 0.470585059375 0.2998950296875 0.487496865625 0.3233325296875 0.48736050937500003 0.3270712078125 0.48472285781249996
0 0.3829563984375 0.433872053125 0.391843484375 0.4313982171875 0.40914138125 0.41167831093749996 0.4104467484375 0.4046077796875 0.40915644218749997 0.3844728359375 0.40417195625 0.364620975 0.39747472031250003 0.3515804265625 0.39005228125 0.34246794999999997 0.384471775 0.340078284375 0.3618299921875 0.34021001093750003 0.35294290625 0.34268384687500003 0.339773746875 0.3506081703125 0.32995320625 0.3650527671875 0.3220251015625 0.3907347359375 0.3229299921875 0.40485534687499997 0.324989434375 0.4095519890625 0.33453257187499996 0.42126803125 0.350827859375 0.43163683906249994 0.3618337125 0.433994940625 0.3829563984375 0.433872053125
0 0.33001481875 0.542853046875 0.345920046875 0.5623797828125 0.354067690625 0.5675641875 0.361584725 0.5699845703124999 0.38776865312500003 0.5698322359375 0.39882199375 0.5646879109375 0.40685698124999997 0.552869603125 0.4118784953125 0.5397608765624999 0.4125199140625 0.5345253390625 0.41076040625 0.5070685984375001 0.40707664374999997 0.49531846875 0.379452665625 0.4758599109375 0.35925112656249997 0.4655138296875 0.34557925156249997 0.46559337031250003 0.34184057343749996 0.46823102343749995 0.325435453125 0.48663778437499994 0.32113914375 0.4958184375 0.3198337765625 0.5028889703125 0.32141733281249996 0.5276000359374999 0.33001481875 0.542853046875
0 0.387608340625 0.4872675359375 0.39691274375 0.49318799375 0.41227251562499995 0.4930986328125 0.4170727875 0.48971201875 0.4318599265625 0.47654647812500006 0.437768021875 0.465076871875 0.436556715625 0.44617468125000004 0.42510495 0.43211543125 0.4044006953125 0.4139245671875 0.3886081234375 0.41140054531250003 0.3848694453125 0.414038196875 0.37683445781249997 0.42585650625 0.3735984953125 0.43633894218749997 0.37244394375 0.44576290781249994 0.3737342484375 0.46589785 0.37594450625000003 0.4729479296875 0.387608340625 0.4872675359375
0 0.3268724203125 0.341369321875 0.3318725546875 0.3435104625 0.3459205875 0.34342873281249997 0.3522630453125 0.341221603125 0.3616935265625 0.335934934375 0.3679429609375 0.3267429171875 0.36576452187499997 0.29274885624999997 0.363141109375 0.282300509375 0.35750422187500003 0.2705617421875 0.3392558078125 0.260204296875 0.3218452546875 0.26292149375 0.3100715890625 0.277377453125 0.306835628125 0.28785988906250004 0.3055527921875 0.2983309640625 0.30655822499999996 0.3140205296875 0.30884649375 0.319239021875 0.3268724203125 0.341369321875
0 0.252934553125 0.3033295640625 0.273478525 0.30321004375 0.2761838953125 0.30195093906250003 0.2871650453125 0.285799253125 0.28564851562500004 0.2621341546875 0.28416114062500003 0.2587421359375 0.27249730625 0.24442253125 0.262228965625 0.23663456093750002 0.250510215625 0.2367027390625 0.2448184125 0.23935175625 0.23304474687500001 0.25380771874999997 0.23159433906250002 0.26166386406250003 0.2324322 0.274738503125 0.2456590984375 0.2982046734375 0.252934553125 0.3033295640625
0 0.2282336640625 0.2659592890625 0.23329187343750002 0.25613960156250004 0.23620423906250002 0.24670541093749998 0.23600315156249999 0.24356749687499998 0.23390442031249997 0.23520881718750003 0.22028746093749998 0.2209005765625 0.21230738906250002 0.21833109999999997 0.20270933593749998 0.22100284218750002 0.1948419203125 0.2354360765625 0.1938156515625 0.2438129359375 0.1940837671875 0.24799682031249998 0.1961824984375 0.2563554984375 0.20736818437500001 0.26608068125 0.2282336640625 0.2659592890625
0 0.2908558078125 0.25465338593750003 0.3074163734375 0.254557040625 0.31070733437500003 0.252235253125 0.31976157656250004 0.2334550921875 0.31794494218749997 0.20510689843750002 0.316228740625 0.201193028125 0.30456490468749997 0.1868734234375 0.2944641359375 0.18170038125000001 0.2770535828125 0.1844175765625 0.2690185953125 0.196235884375 0.26611777812500004 0.21194817656249998 0.2671232109375 0.2276377421875 0.26941148125000003 0.2328562359375 0.28319601250000004 0.24977940625 0.2908558078125 0.25465338593750003
0 0.4591453484375 0.40840039531250005 0.4584160296875 0.3970195171875 0.4548120046875 0.388800390625 0.4411950453125 0.3744921484375 0.4314294203125 0.37454896249999997 0.423952065625 0.37982426875 0.4177026296875 0.38901628593750004 0.4188756359375 0.40732077968749997 0.42629807499999994 0.41643325625000005 0.437577959375 0.4226126953125 0.451148128125 0.422533746875 0.4591453484375 0.40840039531250005
0 0.41103418437499994 0.368059234375 0.42784793906249996 0.3679614140625 0.43465602499999995 0.36315828125 0.4442467859375 0.34665248125 0.4424099359375 0.31798885 0.4380567328125 0.3095124921875 0.42868116718750005 0.300411378125 0.4167948453125 0.2978646296875 0.40914991718750005 0.3005250078125 0.399887009375 0.30842660781250003 0.393805146875 0.3202335515625 0.392187165625 0.3254747703125 0.393360171875 0.34377926406250003 0.40429880156250003 0.3620269421875 0.41103418437499994 0.368059234375
0 0.38842845625 0.3041043671875 0.3907938796875 0.3040906046875 0.39741005625 0.301788221875 0.4056126171875 0.2925848421875 0.4104557640625 0.282790634375 0.409338615625 0.26535778125 0.407508 0.26118298906250004 0.393891040625 0.24687474062499998 0.38395784375 0.24431662968749998 0.378266040625 0.24696564531249998 0.3684455 0.26141024687500003 0.3680895203125 0.2802468125 0.36849169375 0.286522640625 0.37045636718749997 0.292789375 0.37983193125 0.3018904890625 0.38842845625 0.3041043671875
0 0.3273007609375 0.22914460781249998 0.3347232015625 0.23825708437499998 0.3549917265625 0.25115408906250003 0.3713099625 0.251059153125 0.3838864703125 0.24320286875 0.3954925640625 0.2261319765625 0.39840492968749996 0.21669778593750003 0.3971062453125 0.19643209687500002 0.3885700140625 0.17908600624999998 0.383268271875 0.17257709375000002 0.36289916093749996 0.159616084375 0.34922728593749996 0.159695625 0.3435354828125 0.1623446421875 0.32657273125 0.1872944046875 0.32512232343749997 0.19515054999999998 0.324096053125 0.2035274078125 0.324531740625 0.21032622031249998 0.3273007609375 0.22914460781249998
0 0.43095163281250004 0.560202509375 0.45872480937500004 0.5600409296875 0.469403340625 0.5501804734375 0.46972693750000005 0.5491322281250001 0.467338271875 0.5118576234375001 0.45751419374999996 0.50185544375 0.44936654843749996 0.496671040625 0.42983529843749996 0.49678467031249995 0.424143496875 0.4994336875 0.41789406093750003 0.5086257046875 0.41465810000000003 0.5191081421875 0.41566353281249996 0.5347977078125 0.42040764375000006 0.54784961875 0.42995078124999997 0.5595656609375 0.43095163281250004 0.560202509375
0 0.4798624 0.4969166859375 0.495207171875 0.47720814218749996 0.4968251515625 0.4719669265625 0.497270128125 0.448421215625 0.4926935890625 0.4379842296875 0.4810297546875 0.4236646234375 0.46926093281250003 0.4161760390625 0.4604718734375 0.41622717343750004 0.45156530781250004 0.4212201390625 0.4417447671875 0.43566473749999995 0.43850880468750003 0.44614717343750004 0.4401845265625 0.4722964515625 0.442472796875 0.47751494218749996 0.454304203125 0.49444947812500006 0.458378025 0.497041678125 0.46917621093750006 0.49901990625000003 0.47389747031249996 0.4989924390625 0.4798624 0.4969166859375
0 0.492756353125 0.5692214359375 0.510650959375 0.569117328125 0.5157639484375001 0.56551009375 0.524518815625 0.550442871875 0.5225909625 0.5203591359375 0.5147556890625 0.50404225 0.5034269984375 0.4949525 0.49366137343750005 0.49500931406250004 0.478539090625 0.5029450015625 0.47407520937500003 0.5095107265625 0.47083924687499995 0.5199931624999999 0.47056184375 0.546153803125 0.4749708109375 0.5539758609375001 0.4905408953125 0.5682727421875 0.492756353125 0.5692214359375
0 0.5269051203124999 0.5190041234375 0.5607354984375 0.518807303125 0.5770117921875 0.49758597031249996 0.5784622015625 0.48972982343749993 0.5767864796875 0.4635805484375 0.574498209375 0.458362053125 0.5647875 0.444031084375 0.5424652640625001 0.43108143906249996 0.5325320671875 0.428523328125 0.5191953359375 0.433832721875 0.5111603484375 0.44565103125 0.5068091234375001 0.46921946875 0.5084848453124999 0.49536874375 0.5204838234375 0.5149182046874999 0.5269051203124999 0.5190041234375
0 0.5011520328125 0.43787365781250004 0.5216357203124999 0.4377544875 0.524918609375 0.43543839687499997 0.5363571296874999 0.41575258125000003 0.5372400578125001 0.407473184375 0.5360019171875 0.3881522625 0.53401111875 0.3791435921875 0.5265886796875 0.370031115625 0.518441034375 0.3648467109375 0.498909784375 0.364960340625 0.4914324296875 0.3702356484375 0.48518299374999996 0.379427665625 0.48016147968749995 0.39253639218749997 0.4815020578125 0.4134558140625 0.49757485937499996 0.43559747812499994 0.5011520328125 0.43787365781250004
0 0.462717425 0.3764846890625 0.474436175 0.37641651249999997 0.4867125578125 0.36980533437499996 0.48744450937500006 0.3621713609375 0.48510082499999996 0.3255986890625 0.4805152125 0.3188312875 0.47236756875 0.313646884375 0.46064881875 0.3137150625 0.4512183375 0.31900173125000003 0.44318335 0.3308200390625 0.44156536874999996 0.33606125468750003 0.442570803125 0.3517508234375 0.44502664375 0.3595842421875 0.45456978125 0.3713002828125 0.462717425 0.3764846890625
0 0.43212882031250005 0.31000153125 0.435309865625 0.31390687968750003 0.438922884375 0.3147521765625 0.4596077125 0.3146318359375 0.466782353125 0.30195221562499996 0.46806518906249994 0.2914811421875 0.4656093484375 0.283647721875 0.4603076046875 0.27713881093750004 0.4441798890625 0.26938493124999996 0.43653496093750005 0.27204530937500004 0.432071078125 0.2786110390625 0.4288351171875 0.289093475 0.429672978125 0.30216811250000003 0.43212882031250005 0.31000153125
0 0.40923852343749995 0.25769796875 0.4148754109375 0.2694367359375 0.42709687812499997 0.2772133421875 0.44629298281249996 0.27186985625000004 0.4543279703125 0.2600515484375 0.459014340625 0.24171296562500003 0.4601296046875 0.22862697031249998 0.45538549375 0.21557505156249998 0.44796305312499995 0.20646257499999998 0.4357415875 0.19868597500000001 0.42971464062500003 0.1961051328125 0.4240228375 0.198754153125 0.41063119062500003 0.218451328125 0.4073952296875 0.22893376875000002 0.40644753749999996 0.24463469531249998 0.40923852343749995 0.25769796875
0 0.48519792656250005 0.2295476671875 0.48430141562499995 0.215557803125 0.479794509375 0.2031584875 0.477506240625 0.19793999375 0.470251371875 0.19144244531250001 0.460485746875 0.191499259375 0.4510082875 0.2082486140625 0.4522152765625 0.2270834078125 0.464105925 0.239577703125 0.47767888750000004 0.2394987390625 0.47912704687499996 0.2384770546875 0.48519792656250005 0.2295476671875
0 0.517507525 0.2946837875 0.5155469296875 0.2640891328125 0.5148032421875001 0.2623931234375 0.5095015 0.2558842125 0.500090965625 0.24874684375 0.48218169531250005 0.2488510375 0.4779163546875 0.2508361640625 0.4697137953125 0.26003954375 0.46664540624999995 0.273136909375 0.46748326718750005 0.286211546875 0.47205980625 0.29664853281250003 0.48160294375 0.30836457500000003 0.48872961718749997 0.3128993265625 0.5022431515625 0.3128207078125 0.5153637 0.301628403125 0.517507525 0.2946837875
0 0.5263730015625 0.35985296093749997 0.52427835 0.3271663640625 0.5227434484375 0.3222704765625 0.51548858125 0.3157729265625 0.499696009375 0.313248903125 0.49182859375000004 0.3276821390625 0.48926292031249996 0.3486242859375 0.49155119062499997 0.353842778125 0.503047453125 0.36554745624999996 0.514766203125 0.3654792796875 0.5261498078125 0.36018124687499997 0.5263730015625 0.35985296093749997
0 0.55059293125 0.34448572187500004 0.5403794984375 0.3422974046875 0.5384842453124999 0.34230843125 0.52369698125 0.3668773703125 0.5241996984374999 0.374722153125 0.5287762375 0.3851591390625 0.537774796875 0.3938942828125 0.5395026390625 0.3938842296875 0.5573479078125 0.38891676875000003 0.5634297703125 0.3771098234375 0.5624243375 0.3614202578125 0.5578477984375 0.350983271875 0.55059293125 0.34448572187500004
0 0.558173328125 0.5657146859375 0.565575790625 0.5569473953124999 0.563799609375 0.52923048125 0.5577034421875 0.5202338171875 0.5536296203125 0.5176416140625 0.5401253171875 0.5203360828125 0.5337083109375 0.526913171875 0.5320903296874999 0.5321543937500001 0.5309750656250001 0.5452403921875 0.5332633359375001 0.5504588874999999 0.5449271703125 0.5647784921875 0.5465051453124999 0.56578256875 0.558173328125 0.5657146859375
0 0.5684256078125001 0.546537153125 0.57088145 0.554370571875 0.5783038890625 0.5634830484375 0.582386284375 0.56557381875 0.6041636265625 0.565447121875 0.6095538890625 0.5633012421875 0.6175888765625 0.55148293125 0.6178662796875 0.5253222937500001 0.6155780109375 0.5201038015624999 0.6040817484375001 0.5083991234374999 0.5943161234375001 0.5084559375000001 0.573334465625 0.5164257140624999 0.5706561359375 0.52036515 0.567587746875 0.5334625125 0.5684256078125001 0.546537153125
0 0.616035140625 0.4967477515625 0.6174855484374999 0.48889160625 0.616480115625 0.47320204062500004 0.6046487093749999 0.45626750625 0.6005748875 0.4536753046875 0.5908092625 0.45373211874999997 0.577640103125 0.4616564421875 0.5787581937499999 0.4943487203125 0.5843950812500001 0.5060874875 0.5881882671875001 0.5092690921874999 0.6052069796875 0.50917008125 0.6097857062500001 0.50593976875 0.616035140625 0.4967477515625
0 0.5512930953125 0.4011458140625 0.552298528125 0.41683537812499993 0.5630695859375 0.43246812968750004 0.5709613296875 0.44215676718749997 0.5889798093749999 0.44205193906250007 0.5900232765625 0.4414669765625 0.6016293687500001 0.4243960890625 0.60324735 0.4191548703125 0.6020743453125 0.4008503765625 0.597330234375 0.38779846406249996 0.58990779375 0.37868598750000004 0.583880846875 0.37610514687499996 0.570208971875 0.3761846875 0.55648218125 0.39065201250000003 0.5512930953125 0.4011458140625
0 0.624928853125 0.4668521140625 0.6286198953125 0.466830640625 0.6383486640625 0.462302784375 0.6428125453125 0.4557370578125 0.6460765296875 0.4472163828125 0.644476215625 0.4222438234375 0.639796246875 0.408668359375 0.634494503125 0.402159446875 0.622440609375 0.3969977703125 0.611057003125 0.4022958015625 0.6055327734375 0.40755974687499996 0.6031895875 0.41672903906250003 0.6020743234375 0.42981503906249996 0.6034149015625 0.4507344609375 0.6129580390625 0.462450503125 0.624928853125 0.4668521140625
0 0.6460073234375 0.5322691453124999 0.6593440546875 0.5269597484374999 0.6638079359375 0.5203940234375 0.667043896875 0.5099115859375 0.6671204656249999 0.5072952374999999 0.665507584375 0.482126559375 0.665200603125 0.48114738125 0.6533691968750001 0.4642128484375 0.649295375 0.46162064531249997 0.6374090531250001 0.459073896875 0.629764125 0.46173427499999997 0.61620490625 0.47881652656250007 0.614586925 0.48405774687500003 0.6185509171875 0.5154255156249999 0.6298796062500001 0.5245152671875 0.6460073234375 0.5322691453124999
0 0.6548905609375 0.560365865625 0.6537622421875 0.5427586875 0.6519316265625 0.53858389375 0.6446767578125 0.53208634375 0.6368642578125 0.5321317953125 0.631340028125 0.537395740625 0.62723325625 0.543436209375 0.6282982703125 0.560055528125 0.63527620625 0.566829196875 0.6517406671875 0.566733409375 0.652714571875 0.566046315625 0.6548905609375 0.560365865625
0 0.663368234375 0.51886821875 0.6551656734375 0.5280716 0.653715265625 0.5359277437500001 0.6553909875 0.562077021875 0.65767925625 0.5672955140625 0.6713640453124999 0.58225006875 0.703092203125 0.58206548125 0.704499340625 0.5814105859375001 0.7109163484375001 0.5748334984375 0.71431988125 0.5669659874999999 0.7207918046875 0.546001115625 0.720121515625 0.535541403125 0.7155449765624999 0.5251044203124999 0.7060018390625 0.5133883781249999 0.6999748921875 0.510807540625 0.6882561421875 0.51087571875 0.663368234375 0.51886821875
0 0.6762774171875 0.46953744375 0.68805108125 0.45508148125 0.689952209375 0.44892304843749997 0.6882220265625001 0.42192392187500005 0.6784502031249999 0.4119749453125 0.6647783281249999 0.41205448593750005 0.66103965 0.414692140625 0.65657576875 0.421257865625 0.6533398078125 0.43174030312499995 0.654345240625 0.44742986875 0.65680108125 0.4552632890625 0.664223521875 0.464375765625 0.6723711671875 0.46956016875 0.6762774171875 0.46953744375
0 0.6351115265625 0.3767250859375 0.6331006609375 0.3453459546875 0.6194333390625 0.32620665781249997 0.60670796875 0.3262806921875 0.5979993265625 0.331162703125 0.5917498921875 0.3403547203125 0.5888490749999999 0.35606701093750004 0.589351790625 0.3639117953125 0.5919752046875 0.37436014375000004 0.5974445203125 0.38348398281249996 0.6112377875 0.3934668875 0.623845221875 0.39339353906249996 0.633493546875 0.38196630468750004 0.6351115265625 0.3767250859375
0 0.5592893671875 0.3453135546875 0.5885867828125 0.3451431078125 0.594702409375 0.32849816249999997 0.5918034109375 0.28325991250000004 0.5838729046875 0.270030346875 0.5766180359375 0.2635327984375 0.5688055359375 0.26357825 0.5574219296875 0.26887628124999996 0.542412303125 0.29381468125 0.5411294671875 0.3042857546875 0.5419673281249999 0.3173603921875 0.5444231703125 0.3251938125 0.5583752734375 0.3447319109375 0.5592893671875 0.3453135546875
0 0.61596303125 0.276098403125 0.6236079578125 0.273438021875 0.6316429453125 0.261619715625 0.6348789078125 0.2511372796875 0.6332031859375 0.224988003125 0.628626646875 0.21455101718749997 0.6212042062500001 0.20543854062500003 0.611271009375 0.20288042812499998 0.5861606140625 0.2226457859375 0.58147424375 0.2409843671875 0.5823121046875 0.25405900625 0.5962642078125 0.2735971046875 0.60033803125 0.27618930625 0.61596303125 0.276098403125
0 0.5151023125 0.245717425 0.523304871875 0.23651404375 0.524538653125 0.233662071875 0.5226555609375 0.204276825 0.511415725 0.18818901562499998 0.5073419015625 0.185596815625 0.49952940156250003 0.18564226718750002 0.49205204687500004 0.190917571875 0.484017059375 0.20273588125000003 0.48602792499999997 0.2341150125 0.4955710625 0.2458310546875 0.49771862499999997 0.2471975640625 0.5121018109375 0.24711388437499998 0.5151023125 0.245717425
0 0.561882434375 0.247775359375 0.5699174234375 0.23595705156250002 0.5724488437499999 0.2251517265625 0.571455978125 0.20965828125 0.56985968125 0.20456655625 0.55574000625 0.1824135296875 0.5477599328125 0.1798440546875 0.53816188125 0.1825157953125 0.526388215625 0.196971759375 0.5254982640625 0.2440631828125 0.5308000078124999 0.2505720953125 0.5358301859375 0.25479124999999997 0.5537802484375 0.25468681875 0.561882434375 0.247775359375
0 0.650665809375 0.36822818125 0.66749124375 0.36813029375 0.6773368078125 0.3557265984375 0.6802491734375 0.34629240625 0.6794448265625 0.3337407515625 0.6753259421875 0.3243474671875 0.6638296796875001 0.3126427875 0.6578027328125 0.310061946875 0.6460839828125 0.31013012500000003 0.6398345484375 0.3193221421875 0.6376762578124999 0.3405235109375 0.6379611296875 0.3449688890625 0.6400598609375 0.353327565625 0.6497705703125 0.36765853437499996 0.650665809375 0.36822818125
0 0.6236409515625 0.3257849484375 0.6373128265625 0.3257054078125 0.6474685109375 0.316490665625 0.6498666109375 0.2929335890625 0.6472431984375 0.28248524375 0.6396531859375 0.2707578390625 0.631505540625 0.265573434375 0.6219074890625 0.2682451765625 0.6144301328124999 0.273520484375 0.6081806984375 0.2827125015625 0.607400578125 0.301028359375 0.6121446890625 0.31408027031249997 0.6195671296875 0.323192746875 0.6236409515625 0.3257849484375
0 0.7007161421875 0.421081803125 0.7021700703125 0.42005605 0.7063404906249999 0.41195985625000003 0.70456183125 0.38420426875 0.7002141203125001 0.3742891328125 0.6888854296875 0.36519938281250003 0.6830260546875 0.365233471875 0.673763146875 0.37313506875 0.6675137109375 0.3823270859375 0.6686867171875 0.40063157812499994 0.6709749859375 0.40585007031250003 0.6806856953125 0.42018104218749996 0.6822699578125 0.42118911875 0.7007161421875 0.421081803125
0 0.731121771875 0.499107478125 0.7314739859375 0.48707227499999994 0.7306905859375 0.4748474890625 0.7292784765625 0.47034327343750004 0.719735340625 0.45862723125000004 0.7104077171875 0.45385015156249997 0.703202853125 0.45389206875 0.6925591625 0.461401240625 0.6863097265625 0.4705932578125 0.683073765625 0.4810756953125 0.6839116265625 0.4941503328125 0.688488165625 0.5045873171874999 0.7057622984374999 0.521089728125 0.7076482765625001 0.5210787546875 0.715777 0.51881601875 0.72325435625 0.5135407125 0.731121771875 0.499107478125
0 0.8276603421875001 0.6708950578125 0.8257235953125001 0.640672528125 0.8132740249999999 0.6232385359375 0.8033408281250001 0.6206804203125 0.7849825828125 0.6390985437500001 0.7769475953125 0.650916853125 0.7784557453125001 0.6744512015625 0.7879988828125 0.6861672421875 0.795505278125 0.6909436140625 0.8103727359375 0.69085711875 0.8256658890624999 0.6794083468750001 0.8276603421875001 0.6708950578125
0 0.7412939140625 0.5053942828125 0.7295751640625 0.5054624609375 0.7233257296875 0.514654478125 0.72466630625 0.5355738999999999 0.7271221484375 0.5434073203125 0.7430273765625001 0.56293405625 0.7524578578125001 0.5576473843749999 0.755889765625 0.5509848953125001 0.7538110421875001 0.518546859375 0.7412939140625 0.5053942828125
0 0.7920945703125 0.5633316359375 0.7968709234375 0.5563063109375 0.795904390625 0.5412237796875 0.7826612640625 0.5228400265625 0.779647790625 0.521549609375 0.7759091125 0.5241872609375 0.7714452296875 0.5307529890625 0.7685444125 0.5464652796875 0.7710002546875 0.5542987 0.7784226953125 0.5634111765625 0.7815408203125 0.564415171875 0.789870559375 0.5643667109375 0.7920945703125 0.5633316359375
0 0.7597080218750001 0.503581971875 0.7628167578125 0.4990094703125 0.7645810828124999 0.4914784859375 0.7636552453125 0.4770310109375 0.763261734375 0.475463759375 0.7579599906250001 0.468954846875 0.749812346875 0.46377044375 0.741999846875 0.4638158953125 0.73826116875 0.46645354843750003 0.732011734375 0.475645565625 0.730728896875 0.486116640625 0.7327946796875 0.5031079875 0.7342474703125 0.503730096875 0.7597080218750001 0.503581971875
0 0.7246154171875 0.46617849843750003 0.7421935421875 0.4660762328125 0.753577146875 0.46077819687500005 0.761612134375 0.448959890625 0.7617934359375 0.44797787187500004 0.7594264796875 0.41104201875 0.7590985531250001 0.409735975 0.7472671453124999 0.3928014421875 0.7391195015625 0.3876170375 0.7291863046875 0.385058925 0.7215413765625 0.387719303125 0.7115532640625 0.399548975 0.708484875 0.41264633906250003 0.710160596875 0.43879561562499997 0.7173605484375 0.4596809484375 0.7246154171875 0.46617849843750003
0 0.6793911375 0.3420497859375 0.6916126046875 0.3498263921875 0.6974665796874999 0.35076199375 0.7097580046874999 0.350690484375 0.7186212109375 0.34443745468750003 0.7248706453125 0.33524543906250004 0.7329586906250001 0.31510825 0.73282128125 0.312964009375 0.7190633609375 0.275113465625 0.707399525 0.26079385781250003 0.687868275 0.26090748750000003 0.6802233484375 0.2635678671875 0.6727459921875 0.26884317343749997 0.6682821109375 0.2754089015625 0.6652189296875 0.28248965937500004 0.6666265359375 0.3044550515625 0.6718011265625 0.33032238125 0.6793911375 0.3420497859375
0 0.6666181171875001 0.2341979296875 0.65662334375 0.229079175 0.640827546875 0.22917107187500002 0.6362608937500001 0.23306659375 0.6315741484374999 0.2453014046875 0.63284261875 0.2650956140625 0.6442437921875 0.281414346875 0.64805105625 0.28383693593750003 0.660153196875 0.28376652812500003 0.6748564531250001 0.262140159375 0.6746218515625 0.2584792609375 0.6722550046875 0.245936696875 0.6666181171875001 0.2341979296875
0 0.65934185625 0.2243175953125 0.6638057390625 0.2177518671875 0.66542371875 0.21251064999999997 0.663412853125 0.18113151875 0.658111109375 0.17462260624999998 0.6540372875 0.172030403125 0.6442716625 0.17208721875 0.630544871875 0.18655454375 0.6273089109375001 0.1970369796875 0.62831434375 0.21272654531250001 0.6337836593749999 0.2218503859375 0.6403797328125 0.22604751250000002 0.65581785625 0.22595769687499997 0.65934185625 0.2243175953125
0 0.693976590625 0.194632290625 0.6846177906250001 0.18983924531250002 0.6758009984375 0.1898905390625 0.6680283328125001 0.20132300937499997 0.6646248 0.20919051875 0.6654626609375 0.22226515781249997 0.67037434375 0.237931996875 0.6776292109375001 0.2444295453125 0.6906073203124999 0.24920153437499998 0.6920028953124999 0.24919341562500003 0.7029837109375 0.23762020625 0.7008819828124999 0.2048232015625 0.693976590625 0.194632290625
0 0.8318141359375 0.5192389687500001 0.8245592687500001 0.5127414234375001 0.8147936437500001 0.5127982390625 0.8110549656250001 0.515435890625 0.80318755 0.5298691265625 0.8041929828125 0.54555869375 0.808769521875 0.5559956781250001 0.8160243890625001 0.5624932265625 0.8218837640625001 0.5624591375 0.8318718781250001 0.5506294671874999 0.8334898578125 0.5453882484375 0.8318141359375 0.5192389687500001
0 0.82059471875 0.5141693218750001 0.8376881781250001 0.514069875 0.8425934625 0.510609175 0.852414003125 0.49616457656249996 0.8527699828124999 0.47732800937500003 0.8523454671874999 0.47070352499999996 0.845156309375 0.44388875 0.8302565124999999 0.4400515796875 0.8204908874999999 0.4401083953125 0.8110604078125 0.445395065625 0.8048109734375 0.45458708281250004 0.8018986078125 0.4640212765625 0.8035743296875 0.4901705515625 0.805539003125 0.49643728749999994 0.8152497125 0.51076825625 0.82059471875 0.5141693218750001
0 0.7941646171875 0.4783721890625 0.799266065625 0.47477309375 0.803729946875 0.4682073671875 0.8048902734375 0.46192245 0.8036837546875001 0.4430949703125 0.7992632390625001 0.428994815625 0.789887675 0.4198937015625 0.774262675 0.4199846046875 0.7681808109375 0.43179154999999997 0.7620324843749999 0.4517081796875 0.7622670859375 0.45536907812500005 0.764499875 0.46581969843750004 0.7678484921875001 0.47233997343749995 0.782099246875 0.4784423828125 0.7941646171875 0.4783721890625
0 0.825079059375 0.3866990421875 0.8239965437500001 0.369806609375 0.81933044375 0.354923109375 0.7983217812500001 0.33610749218749997 0.779409528125 0.3362175203125 0.769999603125 0.3473624015625 0.7667662453124999 0.354836534375 0.7681696625 0.3767365546875 0.777257296875 0.39963822968749996 0.78696800625 0.4139691984375 0.7913952078125 0.415865 0.8081776140624999 0.4157673625 0.8123586312500001 0.41382147968750005 0.8168225124999999 0.407255753125 0.825079059375 0.3866990421875
0 0.742751984375 0.38176018125 0.75920345 0.3816644703125 0.7676859281249999 0.3691879703125 0.76603953125 0.34349630625 0.762092265625 0.3344944078125 0.7525491296875 0.322778365625 0.7447366296875 0.32282381718750003 0.7390448265625 0.325472834375 0.7310098390624999 0.337291140625 0.7277738765625 0.347773578125 0.7286117375 0.3608482171875 0.7331882765625 0.3712852015625 0.7406107171875 0.38039767812499997 0.742751984375 0.38176018125
0 0.867711721875 0.5504209578125 0.8682780140625 0.54858653125 0.867051146875 0.529441525 0.86073425625 0.51776276875 0.8525866125 0.512578365625 0.8447741125 0.5126238171875 0.8346184265625001 0.5218385609375 0.8357914328125 0.5401430546875 0.840703115625 0.55580989375 0.8479579828125001 0.5623074421875 0.8557704828125001 0.5622619906249999 0.8614622859375001 0.5596129750000001 0.867711721875 0.5504209578125
0 0.9085057687500001 0.548249146875 0.91012375 0.5430079265625001 0.9086156000000001 0.5194735781250001 0.896951765625 0.505153971875 0.8886365484375001 0.49735464062499996 0.8847302984375001 0.4973773671875 0.879038496875 0.5000263828125 0.86921795625 0.51447098125 0.8726792296875001 0.53799396875 0.8802692421874999 0.5497213703125 0.8852181828125 0.5528704171875 0.904104178125 0.552760540625 0.9085057687500001 0.548249146875
0 0.9018798953125 0.4631474921875 0.9003996750000001 0.44004896406249994 0.8853964421875 0.423926375 0.8795370671875 0.4239604640625 0.8720597109374999 0.4292357703125 0.8658102765625 0.43842778750000005 0.862574315625 0.448910221875 0.8639148921875 0.4698296453125 0.8725717 0.482605278125 0.8895291453124999 0.482506621875 0.8910361546875001 0.481443421875 0.9018798953125 0.4631474921875
0 0.8444188796875001 0.442290396875 0.8641177015625001 0.44479169531249996 0.8678563796875001 0.4421540421875 0.8741058140625 0.432962025 0.877467059375 0.423672365625 0.8749943218749999 0.3850858390625 0.8705867984375001 0.37804854374999997 0.8590905359375001 0.36634386406249997 0.8489897671875 0.361170821875 0.8372710171875 0.361239 0.8335323390625 0.36387665468749997 0.8274504765625 0.3756835984375 0.8268379296875 0.3966143859375 0.8278433625 0.4123039515625 0.8329226171874999 0.43058571875 0.8444188796875001 0.442290396875
0 0.86699158125 0.33337950625 0.8619678078125 0.3098656109375 0.8525922421875001 0.300764496875 0.8468629234374999 0.2983111078125 0.83280524375 0.2983928921875 0.8248584328125 0.3100815078125 0.82369810625 0.3163664234375 0.8253570703124999 0.34225420781250004 0.8293251406250001 0.349294059375 0.844558625 0.360847815625 0.852692628125 0.36080049375 0.8618030609374999 0.3530289625 0.8644813906250001 0.3490895265625 0.867242940625 0.33730189843749997 0.86699158125 0.33337950625
0 0.765023021875 0.30324234687499996 0.7634776343749999 0.27912690156250003 0.7559248609375 0.26798059375 0.7422529859375 0.268060134375 0.7328225046875 0.2733468046875 0.7265730703125 0.282538821875 0.729866771875 0.3034468796875 0.73477845625 0.31911372031249996 0.7390907359375001 0.32238434531250004 0.7510449890625 0.3223147984375 0.7553700546875 0.3203018734375 0.765023021875 0.30324234687499996
0 0.7865160046875 0.2727622171875 0.784667340625 0.2439142 0.7843882890625 0.24337084375 0.77428751875 0.238197803125 0.76647501875 0.23824325468750002 0.7627363421875 0.240880909375 0.7564869062499999 0.2500729265625 0.75799505625 0.273607275 0.760283325 0.27882576875 0.765118109375 0.283155859375 0.7805288328125 0.283066203125 0.7865160046875 0.2727622171875
0 0.786371159375 0.31928506875 0.7795063515625 0.30362959218749996 0.77437218125 0.299735609375 0.76265343125 0.29980378750000003 0.75461844375 0.31162209375 0.7547860156249999 0.314237021875 0.7676777703125001 0.3324733375 0.769501309375 0.3347120828125 0.775908040625 0.334674809375 0.786371159375 0.31928506875
0 0.8230717593750001 0.3096413859375 0.8342877937500001 0.30172842499999997 0.842155209375 0.287295190625 0.8405632734375 0.2624533765625 0.8381912171874999 0.25592742031250004 0.8284805078125 0.24159645156249998 0.8144734890625 0.2364461359375 0.79739808125 0.2443931859375 0.7911486453125 0.253585203125 0.78958840625 0.29021691562499996 0.8035405093750001 0.309755015625 0.8055849640625 0.311055915625 0.8202153187500001 0.3109708 0.8230717593750001 0.3096413859375
0 0.936703815625 0.546176453125 0.946469440625 0.5461196390625 0.9528864484374999 0.53954255 0.95741679375 0.5248671390624999 0.9562437890625001 0.5065626453125 0.9542791156250001 0.5002959078125 0.946856675 0.49118343124999997 0.942782853125 0.4885912296875 0.933017228125 0.48864804375000004 0.927325425 0.4912970609375 0.9228615437500001 0.4978627875 0.9215671578125001 0.5020557625000001 0.9227234062499999 0.5200987640625 0.92699310625 0.5318454859374999 0.936703815625 0.546176453125
0 0.9100486125 0.5027073171875001 0.9234700203124999 0.4829663671875 0.9233359625 0.480874425 0.9213712890625001 0.4746076859375 0.9077543296874999 0.46029944375 0.8999418296874999 0.46034489531249995 0.8962031515625 0.4629825484375 0.89173926875 0.469548275 0.8888269046874999 0.47898246875000006 0.889463678125 0.48891919218749996 0.8935825625 0.4983124796875 0.89818105625 0.502776359375 0.9100486125 0.5027073171875001
0 0.9293970078125 0.4854008421875 0.9445633890625 0.4853126078125 0.9484579875 0.479584215625 0.9533119296875 0.46386056093750005 0.9543156671874999 0.452083159375 0.954198365625 0.45025270937500006 0.9521389234375001 0.4455560671875 0.9362336953125 0.4260293328125 0.9284211953125 0.426074784375 0.9209438390625 0.4313500890625 0.9146944046875 0.44054210625 0.9133890375 0.44761263749999997 0.913556609375 0.450227565625 0.9163701265625 0.4666913828125 0.9230673625 0.4797319328125 0.9293970078125 0.4854008421875
0 0.9886928703125 0.52356776875 0.9814380015624999 0.5170702203124999 0.96631571875 0.5250059078125 0.9636373890625001 0.52894534375 0.964642821875 0.544634909375 0.9710023328125 0.5508082562500001 0.9857944140624999 0.5507221984374999 0.9913726125 0.542517471875 0.990409071875 0.5274816375 0.9886928703125 0.52356776875
0 1 0.47092234375 0.9996530781249999 0.4709243625 0.9902349312500001 0.4820789796875 0.9855485625 0.5004175625 0.9868891390625001 0.521336984375 0.9914656781250001 0.5317739671874999 0.9987205453125 0.5382715171875 1 0.5387419671875 1 0.47092234375
0 0.96501929375 0.47268893749999996 0.9569035328125001 0.48179492812499997 0.958244109375 0.5027143484375001 0.9628206484374999 0.5131513359375 0.9699680374999999 0.5195526234375001 0.9760170968749999 0.5195174312499999 0.9831081718749999 0.5111189406250001 0.9812211359375 0.48167213750000004 0.9769924140624999 0.4751382984375 0.9655463234375 0.472685871875 0.96501929375 0.47268893749999996
0 1 0.44068622187499995 0.99409124375 0.42639595 0.9857760265625 0.4185966171875 0.9779635265625 0.4186420703125 0.97154651875 0.4252191609375 0.9684781296875 0.43831652343750005 0.967027721875 0.44617267031249996 0.9683683000000001 0.467092090625 0.9736700421875 0.4736010046875 0.98604801875 0.480382009375 0.9892662546875 0.4803632859375 0.9953219890625 0.4760909390625 0.9997858718750001 0.46952521249999996 1 0.468831575 1 0.44068622187499995
0 1 0.35914518906250004 0.99114023125 0.360527896875 0.9884619015625 0.3644673328125 0.9918133453125 0.4167658890625 0.9999072859375 0.42246732500000006 1 0.4224667859375 1 0.35914518906250004
0 0.963055359375 0.4086139796875 0.96417926875 0.4078210578125 0.9704287031250001 0.39862904062500004 0.97355295 0.3864033171875 0.9725754453125001 0.3711495734375 0.9700358171874999 0.362008690625 0.9565864296875001 0.3503153734375 0.9468208046875001 0.3503721890625 0.9405713703125 0.35956420625 0.93750298125 0.3726615671875 0.9360525734375 0.3805177171875 0.9388435578125 0.3935809890625 0.9455407953125 0.4066215421875 0.9482811328125 0.40869993437499996 0.963055359375 0.4086139796875
0 0.9278684437500001 0.42964498906250004 0.9257067625 0.3959124234375 0.9256495546875 0.3957819609375 0.9120325953125 0.3814737171875 0.8986958656249999 0.38678311249999997 0.892614003125 0.3985900578125 0.8942897234375 0.424739334375 0.9017121640625 0.4338518109375 0.9059705687499999 0.437081575 0.9217371640625001 0.4369898484375 0.92782799375 0.42977602031249995 0.9278684437500001 0.42964498906250004
0 0.89984498125 0.3886616546875 0.9106196687500001 0.375432259375 0.91167135625 0.37202546718749996 0.9104732140625 0.3533287328125 0.903642203125 0.3427740703125 0.8954945593750001 0.3375896671875 0.8915883093750001 0.3376123921875 0.884110953125 0.3428877 0.87981464375 0.3520683546875 0.8781966640625001 0.357309571875 0.8797048125 0.3808439203125 0.8830534312499999 0.387364196875 0.8852261359375 0.3887467046875 0.89984498125 0.3886616546875
0 0.9470199156250001 0.338234534375 0.9463496265625 0.32777482343750003 0.939149675 0.30688949062500004 0.9315596625 0.2951620875 0.9214588921875 0.289989046875 0.9060014656250001 0.29269487656250004 0.89813405 0.3071281125 0.899809771875 0.333277390625 0.904386309375 0.343714375 0.9146730203125 0.354187571875 0.93782861875 0.35405285625 0.9470199156250001 0.338234534375
0 0.7096611109375 0.25644911875 0.7149628546875 0.26295803125 0.7231104984375001 0.2681424359375 0.73029515 0.2692907109375 0.742005453125 0.2692225828125 0.7445948734375001 0.2680174421875 0.74905875625 0.26145171718750004 0.7569810875 0.232630696875 0.7566459421875 0.22740084062500002 0.7471028046875 0.2156848 0.73063994375 0.20270106562499998 0.71892119375 0.20276924375 0.7055295484374999 0.222466425 0.7072052703125 0.2486157 0.7096611109375 0.25644911875
0 0.8132549156250001 0.2265773859375 0.8107245750000001 0.187091978125 0.8073493781250001 0.179394703125 0.79568554375 0.1650750953125 0.7863655078125 0.162674890625 0.785401 0.1626805015625 0.774368740625 0.167815015625 0.764715771875 0.1848745421875 0.76605635 0.2057939640625 0.7686797624999999 0.2162423125 0.7734238734375001 0.2292942234375 0.7808463140625 0.2384067 0.7865012265625 0.240828228125 0.8007089390625 0.24074557031250002 0.8124863734375 0.2290669640625 0.8132549156250001 0.2265773859375
0 0.8993128046875001 0.3292676140625 0.899355496875 0.32923749375 0.9047738328125 0.3131742265625 0.9037731859375 0.2975593703125 0.9018085140625001 0.291292634375 0.8881915546875 0.27698439375 0.8823321796875 0.2770184828125 0.8729016984375001 0.28230515 0.869103259375 0.29315708906250004 0.8702528046875001 0.3110954921875 0.8745225046874999 0.3228422125 0.87770355 0.3267475578125 0.8828116046875 0.329363615625 0.8993128046875001 0.3292676140625
0 0.8713823765625 0.1991420109375 0.865452159375 0.19660259375 0.85162355 0.196683046875 0.8479448765625 0.1992783671875 0.8399098875 0.21109667499999998 0.8384594796875 0.21895282031250002 0.8394649125000001 0.23464238593750003 0.8419207546875 0.24247580625 0.8548499890624999 0.2560614125 0.8698261390625 0.2559742828125 0.8785620937499999 0.24562763593749998 0.8762506859375 0.2095586140625 0.8713823765625 0.1991420109375
0 0.9154217796875 0.275053778125 0.9216712140625001 0.26586176093749997 0.9270299109375 0.2458189265625 0.9252285109375 0.21770845625000002 0.9241791453125 0.2135291171875 0.9146360078125 0.201813075 0.8946020421875 0.1940819234375 0.8794797578125 0.202017609375 0.8768014281250001 0.2059570453125 0.87446106875 0.260904615625 0.8841717796875 0.2752355859375 0.8990252046875 0.2823768109375 0.9014943453125 0.2823624453125 0.9154217796875 0.275053778125
0 0.9422081390624999 0.286814828125 0.9554942203125 0.28673753125 0.9650255359375001 0.280013146875 0.9680163374999999 0.275614109375 0.9667239359375 0.255446478125 0.95866061875 0.22642417343750001 0.9514057515625 0.2199266234375 0.9377338765625 0.2200061640625 0.9283033953125001 0.22529283281249998 0.925625065625 0.229232271875 0.9223891046875 0.23971470625000002 0.9238972546875001 0.26324905625 0.9284737921874999 0.273686040625 0.9358962328124999 0.28279851875 0.9422081390624999 0.286814828125
0 0.9809105796875001 0.342860634375 0.9918164031250001 0.3390654859375 0.9978982656250001 0.32725854062500004 0.9990585921875 0.3209736234375 0.998846334375 0.3176613828125 0.9918135765624999 0.29328720625 0.9843911375 0.2841747296875 0.9742903671875001 0.279001690625 0.960786065625 0.2816961578125 0.95536773125 0.297759428125 0.9567370343749999 0.319127121875 0.9588357656250001 0.3274858 0.96430508125 0.3366096390625 0.9741903875 0.34289973125 0.9809105796875001 0.342860634375
0 1 0.227364859375 0.996236284375 0.22738675625 0.9832346984375 0.23792600468749997 0.9773204078125 0.2523478796875 0.976037571875 0.26281895 0.9789961296874999 0.2784971578125 0.9904923921875 0.2902018359375 0.9936080640625 0.2912050390625 1 0.29116785156249997 1 0.227364859375
0 0.997004053125 0.21573829375 0.9945970656249999 0.17817776093749998 0.989148278125 0.1701364953125 0.9751412593750001 0.1649861828125 0.9634225093750001 0.165054359375 0.953769540625 0.18211388281250002 0.9590163687500001 0.203010578125 0.9666063796875 0.2147379828125 0.9797925515625 0.22876211406250002 0.9864948218749999 0.22872312187500002 0.9969636046874999 0.21586932499999997 0.997004053125 0.21573829375
0 0.9454890609375 0.16952095 0.9337703109375 0.169589128125 0.9276884484375 0.181396075 0.9260704671875001 0.186637290625 0.9269083281249999 0.199711928125 0.9351182937500001 0.21182811406250002 0.9498555062499999 0.21174237499999998 0.954140834375 0.2054392734375 0.9525023499999999 0.1798710953125 0.9454890609375 0.16952095