0 0.4376821582889626 0.7719512755350431 0.057430759837328794 0.06355854339859804
0 0.0073959777084708755 0.776633044668866 0.014791955416941751 0.06892470559508049
0 0.7027434521095021 0.6863928941022347 0.06966498406489627 0.07364525865162061
0 0.3421451143123755 0.5419719220115462 0.054549035056431536 0.06386392319868044
0 0.5356518775477074 0.6904763035108615 0.07209254382053949 0.07994356426490726
0 0.4806499082666701 0.7263288869760987 0.0644139221154397 0.06891902258175264
0 0.00420002644837136 0.6145565934943671 0.00840005289674272 0.17401181301126592
0 0.21746558372716804 0.7775804645688411 0.0693581688205394 0.07986400207831768
0 0.29359884240210576 0.5823074169969813 0.06683295281489628 0.07356285495836694
0 0.3373636889187551 0.6316338155850555 0.07428202079246375 0.0835103363848578
0 0.8087056757948858 0.6856450848518924 0.07853439469695048 0.08168792069139812
0 0.6313045397728734 0.5771519379131709 0.05692715128675054 0.059456980898598036
0 0.7005203204695436 0.5650179992750841 0.05962023680925306 0.06712531551854858
0 0.6501534652779564 0.7089414955141604 0.04151316609568845 0.046455830702321774
0 0.03553410543680497 0.7307378714701855 0.07106821087360994 0.08306856426490725
0 0.8370789126710166 0.7525454283462594 0.0776967779244476 0.07407357469806186
0 0.8363885879977593 0.5299262822654677 0.061268402379477394 0.06707596488183505
0 0.06123827660441907 0.5727207829903834 0.06537688812665587 0.06408167418837536
0 0.5767960441772199 0.6153255393250966 0.061749760382299 0.07020380638849914
0 0.2274388292336514 0.5632140876883792 0.0857556397587798 0.08977993336788863
0 0.13786900905391078 0.5572572558724948 0.08281049995541494 0.09115384890464337
0 0.35842474581857886 0.3967048861181689 0.1096579204331574 0.14496753854073816
0 0.34262974161486515 0.7599263001456492 0.07636864907900413 0.08940949247815269
0 0.4753244695039626 0.3956388281214678 0.0666256496351206 0.07345951569503928
0 0.9079194256834231 0.46089748594724905 0.07632896541051508 0.10176637212152997
0 0.2722767021540871 0.7876625067304246 0.05651093911819114 0.05448219516192569
0 0.6540992547164419 0.6387653878340285 0.092349657843112 0.10544366943775678
0 0.23817363192976138 0.6913474478757937 0.08631920170823655 0.09436977711788863
0 0.4335513643123755 0.5393122717741193 0.08554833657900414 0.08967659410456079
0 0.5742772898620435 0.7562998803121811 0.048420922671555996 0.052787189372148546
0 0.16717480734567425 0.648262689100305 0.08241480752281767 0.08793119265464319
0 0.3980015661543672 0.7147214487337236 0.057865885932842254 0.06551735141192587
0 0.12251593882958504 0.46039662773839163 0.08311199776160141 0.0928168466613073
0 0.6062936933453942 0.7047684725529069 0.057375998873834176 0.06073503666858961
0 0.8296332678626037 0.6103041040522224 0.08505844951999605 0.08489427936122489
0 0.7206419696154253 0.61036159151581 0.06153899557893414 0.07165728411184347
0 0.3234761932339315 0.4911368477175091 0.05962023680925306 0.06712531551854842
0 0.4979837195708402 0.5280959754559008 0.05933419130643145 0.06400315702521234
0 0.8952444213682469 0.602167343627381 0.04927399174742355 0.058942374628812286
0 0.3920511889187551 0.6300425718532616 0.04599311291033974 0.05758191516556703
0 0.1513055705587137 0.7584871352602391 0.12455173897241441 0.12837211695025985
0 0.5272074389187551 0.6261099266303998 0.05426298955360984 0.060741764705344356
0 0.359473079300529 0.6924887475592245 0.04528393199178034 0.05259860490890311
0 0.0050620765105912745 0.7052808818950268 0.010124153021182549 0.07842936987819371
0 0.02104308527469916 0.6635192792294597 0.04208617054939832 0.05904287238547638
0 0.5946837152556639 0.666183345672445 0.048624764227742465 0.05444734562214855
0 0.0741922108513174 0.644740535497666 0.0833860525846473 0.0958413489046432
0 0.5286453204695436 0.5700190510035791 0.056197200626655786 0.0638145725619669
0 0.384934859908029 0.5041393013992905 0.05091869569405869 0.06044984097877126
0 0.8789192502898029 0.5512640731734099 0.051263088786750545 0.059292173512090686
0 0.27872639939109956 0.5259126644896988 0.052712480233385685 0.06079395684872182
0 0.5870877590539108 0.544186325218474 0.07161118581771789 0.07681572275824333
0 0.6616466712790767 0.43147572506018933 0.15692886287132773 0.13846108658271347
0 0.7482299564023859 0.4997961645562058 0.06514881520534495 0.07331923684508049
0 0.19177425903161824 0.5113166185671917 0.055813498873834314 0.0606895725619669
0 0.6681320616831432 0.5371574237274059 0.0486127735479668 0.05434968937214855
0 0.25305692136824687 0.6208530914493029 0.04190885852828572 0.0496784869523216
0 0.8361265046272719 0.4559803169052037 0.08300581245541494 0.09115953191797103
0 0.8845620045826866 0.36582667834625937 0.08963605258464753 0.09602320533113406
0 0.7904738424021058 0.5678498310909686 0.04538158824178033 0.052601446415567035
0 0.07588132934511407 0.7894847341648823 0.06440539305925312 0.06726454934508048
0 0.6771006670530706 0.7494157313283955 0.058527104132299 0.07011003666858961
0 0.4811008424466909 0.6655959754559008 0.06063116553957215 0.06267859212517113
0 0.46121942999859955 0.33299407561418537 0.05534413155078841 0.05765938730530316
0 0.5472153160429045 0.4885189984171544 0.08048034644419869 0.09595141620472578
0 0.29886489509821573 0.7105999015575751 0.07276229107618262 0.08619072275824333
0 0.43692560121079876 0.6513121666012699 0.05454903505643145 0.06386392319868044
0 0.08318050903161825 0.514476373977468 0.04991320940469657 0.051468307485435
0 0.4281201537062759 0.38066469748008225 0.05037911510415327 0.05605530972877117
0 0.3764795748515975 0.5666620334526018 0.05456102573620729 0.06396157944868044
0 0.09798771966001035 0.7172232892585896 0.056858418826112554 0.068407257818631
0 0.6250585398620435 0.754822296846944 0.06020642431482628 0.05604933315182681
0 0.7337066758171784 0.7321994875966016 0.04355356247492086 0.051185953302280394
0 0.8920531889633402 0.7042383089876448 0.04782026365769312 0.09782301820232178
0 0.5976247107398548 0.40764943164496464 0.054274980233385686 0.06083942095534436
0 0.39071123285075726 0.7740964487337235 0.04081572585133166 0.0526632081023628
0 0.635675570447251 0.5225326340731048 0.0482290717951452 0.051224689372148545
0 0.4558357590093257 0.4592610589211379 0.047942776286750546 0.05919556228551741
0 0.41810236864984435 0.4432328936400163 0.04198253341873439 0.04948601595898552
0 0.6860414256165456 0.3342370122072079 0.06079050600024516 0.06239130638849897
0 0.7615854389856327 0.7524066875174593 0.07298183494130708 0.07529868686486588
0 0.7618989082443776 0.6737732221571955 0.03157460414623188 0.041593202312585474
0 0.893107368761307 0.6512724333608243 0.0370911918625481 0.04768946738911754
0 0.9451286493019296 0.3290337205078428 0.028385939118191317 0.0536638412427175
0 0.7471045440880498 0.43288144919594185 0.05767403505643145 0.06395485141192588
0 0.758908373098776 0.558648327330045 0.035540682542323766 0.047741659532495005
0 0.6278313773693671 0.3328169162055585 0.07362760083739879 0.08135053285820212
0 0.7010810265821265 0.509731105701575 0.041790682542323765 0.047923515958985516
0 0.9172005002898029 0.5501502025611542 0.03415345609029039 0.1006364974927175
0 0.48485478100876556 0.5969823677757689 0.06625393856207466 0.0704321719450391
0 0.22612056602061203 0.4534897467012947 0.04716338210133166 0.05284790603551759
0 0.4992020572565041 0.4611130639357029 0.05568468801153124 0.0746980839353526
0 0.9353689475268153 0.28805937952075833 0.05611153505643145 0.06390938730530316
0 0.5249626144238382 0.7585132496707956 0.05714298352271267 0.06121479339859803
0 0.8052443598411514 0.35879307983732744 0.11733654213825737 0.15599208022389285