0 0.6764361220520971 0.4547606014561067 0.07025201023814542 0.07921594155801373
0 0.47661535816160183 0.48101163554836396 0.10272782598430438 0.12355452150911965
0 0.8754657711662805 0.6178857130617785 0.13178065927330848 0.14911582792127548
0 0.3881438906877558 0.5365973879839959 0.1172239686206269 0.14388989732072233
0 0.16060117502562737 0.881666605923629 0.07290948168428342 0.09027837134696384
0 0.5575234502470815 0.8486821509696394 0.10625087263103268 0.12663811693320498
0 0.27099491772092765 0.7865507491859258 0.05969180418873545 0.0710376694395741
0 0.2438606487113597 0.8549461931795713 0.06405197254618011 0.07764541284458097
0 0.142392699154268 0.7733495454530477 0.06303149671433084 0.07129093820984345
0 0.4352476351947738 0.7322877633893853 0.09552820473013171 0.11387511485331832
0 0.12616345208771365 0.5977631643656153 0.09850785453816643 0.11246481818121908
0 0.7611514473425502 0.49223905640680093 0.07839397067326637 0.08267262175276535
0 0.5956380281259854 0.33048157588856153 0.11349090575394616 0.12198762378177204
0 0.7327114345448684 0.5895680239393968 0.10766802243906745 0.12520054672215508
0 0.4868524780280721 0.7879707475610728 0.06681692982861946 0.07603639448011279
0 0.8481731121878611 0.3802805730458924 0.06454767544290832 0.08067616578694983
0 0.628355977683077 0.4108781879012703 0.07562674502475772 0.08720621382868021
0 0.09244713993993715 0.8429120231319132 0.09060738830096413 0.11242440214028307
0 0.6431024780280721 0.7906981014561068 0.09815977019947297 0.10797433527740345
0 0.719300456832877 0.7247242739393969 0.11487657758401468 0.1359524675317722
0 0.7470999287068917 0.405124840092021 0.08425471834380929 0.09359599071580078
0 0.27174257307591165 0.4398706180984934 0.07957615223458374 0.09458668425276535
0 0.4543451260494419 0.8789678944768177 0.09959313597150672 0.12340231818121908
0 0.5910193000400845 0.6215293157422918 0.07465760417148566 0.09021139782828307
0 0.21702212898288759 0.6995223076279122 0.10591020993906737 0.12516986399083602
0 0.2017918950590098 0.8056904870110613 0.07733459521672277 0.08869833111763051
0 0.9363103033474396 0.2965152735323598 0.07742256145392509 0.08860237946381497
0 0.3767264729089993 0.8251786469124497 0.08938555099292937 0.11386538154370136
0 0.5698430975495472 0.7166372642001642 0.07968198625333507 0.09663576090658096
0 0.778820632261328 0.9135879508869138 0.0868145335399472 0.10465671590856687
0 0.6753073811974291 0.30839411606660333 0.08358459521672276 0.08880742527343193
0 0.3869194828021498 0.367533742286067 0.08223451937624873 0.09190344713829716
0 0.27214943710440487 0.5619638064100962 0.06838911984141731 0.07616132426906326
0 0.6432250401758485 0.5449628616023764 0.09675155428221274 0.1104844196422686
0 0.7019299049232459 0.8918981371699217 0.07450256396672277 0.08864889782828307
0 0.9371943859425924 0.4295732353829128 0.05119192982861946 0.07576365909060953
0 0.6420875511328982 0.6905071866834543 0.08670959521672295 0.0888619723513326
0 0.5060653654663015 0.5785684740221224 0.08515664565601674 0.10170316406198517
0 0.3773867433852901 0.6686695482924214 0.08658272935482607 0.10133810800475107
0 0.6867704915735724 0.3821588985340074 0.05926695586968389 0.06479107863194278
0 0.6079428782639834 0.4825213628201924 0.03933628655241304 0.050600017856907445
0 0.761638064649484 0.818593050724758 0.07632518206821395 0.09326260592486477
0 0.5618491282639834 0.4817167934211574 0.06650684941909368 0.07291139448011297
0 0.31358481539730265 0.49929621103647887 0.06976750959826132 0.07433312905801355
0 0.29706093563768204 0.6500501874975285 0.0918024239366754 0.10776588027541756
0 0.8860194864544997 0.42476695859755154 0.05988938505480519 0.06811650492049601
0 0.531791058092603 0.4060622284863492 0.07355143046850365 0.0810283011359143
0 0.8980312865234985 0.5008891278344308 0.07897537144112761 0.08853199675276535
0 0.8874556085065969 0.8677453912271116 0.0697384978143731 0.1369193474022122
0 0.2977668987113597 0.8558871302733582 0.07258002124916221 0.08695805884696384
0 0.20319712167818782 0.6022382045436572 0.07331962628338254 0.07770969323209868
0 0.8164689729379138 0.29755384780265876 0.08273991228577451 0.09503185633066594
0 0.3071226351947738 0.7300513331954575 0.061313956509567905 0.06970116467089316
0 0.8086174798687041 0.5501976067311125 0.06888482273814525 0.07919207721143202
0 0.6567993402448474 0.6211123043782061 0.04927406341670171 0.05545286368679392
0 0.7746372459448263 0.6560385036468575 0.055746177589025336 0.05878290949641087
0 0.4469652686067442 0.6299712869283356 0.07223935855719699 0.08548980590459507
0 0.4965303928733828 0.6746622240221225 0.07692685855719698 0.08557162652144612
0 0.5712010489472711 0.553096915580136 0.06298380277236557 0.06982779905602783
0 0.8246152832161437 0.830648765821722 0.0725323273071968 0.08549491969314822
0 0.030869506501168507 0.8073642609570486 0.061739013002337015 0.08392098178734705
0 0.947689844645016 0.3632351692302887 0.041063516769973774 0.05228744764585782
0 0.3693961238638149 0.7413121615229462 0.045431246347650146 0.04914661201270896
0 0.3248951187447422 0.7796655495102374 0.046246719666701706 0.055400021205077546
0 0.7042873354996841 0.5053333457740639 0.05274714775539504 0.05999789366851012
0 0.8927440058090624 0.7355777735323598 0.07413131899231828 0.08883739194354554
0 0.0652270686757432 0.6992205243497291 0.08898750434620122 0.11083633319751698
0 0.8192883588805062 0.7108175068932683 0.0615092690095679 0.06970457386326193
0 0.4592656523926239 0.37192696184725776 0.09486261833518447 0.10323740198805602
0 0.13240851969955775 0.6925671497551187 0.06234412235421494 0.07615329555563069
0 0.36213501276876736 0.44379623335761326 0.05442668403099056 0.06022218430364497
0 0.8703037518117178 0.3071021716659207 0.05032148049437808 0.05225407178337545
0 0.7457809703783773 0.3158850620888438 0.0660296308524341 0.08382162094116259
0 0.9462301772401688 0.4962522207724162 0.018990796330400173 0.06759759161923391
0 0.4139300730759117 0.44235251014297444 0.05788114446611168 0.06359704388154555
0 0.8955847039283459 0.36780389244492745 0.04962214775539522 0.059943346590609535
0 0.9426461056020656 0.5087113104639907 0.025559671057197163 0.08467500892845373