0 0.3609375 0.74921875 0.11875 0.16015625
0 0.3234375 0.44921875 0.09296875 0.1140625
0 0.496875 0.75390625 0.065625 0.090625
0 0.1 0.67578125 0.1140625 0.1578125
0 0.58828125 0.59296875 0.08125 0.1140625
0 0.45703125 0.65 0.10703125 0.13984375
0 0.60859375 0.9421875 0.04453125 0.0671875
0 0.5078125 0.5046875 0.09921875 0.13359375
0 0.3234375 0.6 0.128125 0.16328125
0 0.2046875 0.75859375 0.08125 0.1046875
0 0.05546875 0.8734375 0.06640625 0.08671875
0 0.11796875 0.48515625 0.103125 0.13828125
0 0.06875 0.5890625 0.05234375 0.06953125
0 0.384375 0.940625 0.08359375 0.1140625
0 0.6765625 0.9359375 0.08671875 0.1203125
0 0.32265625 0.87578125 0.07734375 0.1078125
0 0.63125 0.7125 0.0875 0.11640625
0 0.1234375 0.81953125 0.09609375 0.12265625
0 0.56875 0.77890625 0.07890625 0.109375
0 0.14921875 0.921875 0.08359375 0.1171875
0 0.19765625 0.64296875 0.0921875 0.11484375
0 0.021875 0.67109375 0.04375 0.15703125
0 0.478125 0.84453125 0.0734375 0.0953125
0 0.26875 0.8046875 0.07578125 0.10234375
0 0.5125 0.94453125 0.08671875 0.1078125
0 0.7625 0.95078125 0.06875 0.09375
0 0.64375 0.825 0.08125 0.10703125
0 0.24140625 0.89375 0.05625 0.0765625
0 0.01484375 0.840625 0.0296875 0.11875
0 0.5609375 0.878125 0.0421875 0.0640625
0 0.01484375 0.95859375 0.0296875 0.0828125
0 0.015625 0.53203125 0.03046875 0.0984375
0 0.7515625 0.84609375 0.084375 0.109375
0 0.0578125 0.9609375 0.053125 0.078125
0 0.2296875 0.515625 0.0640625 0.08125
0 0.053125 0.78203125 0.065625 0.084375
0 0.95390625 0.9375 0.06875 0.09453125
0 0.428125 0.53515625 0.06484375 0.0875