0 0.3199155125 0.768511665625 0.3222136953125 0.78420123125 0.34168798749999996 0.8034267828124999 0.35067143125 0.8055402796875001 0.3735357875 0.8050081062500001 0.3854797578125 0.7879763843750001 0.3866668203125 0.78270106875 0.3874708546875 0.7748108265625 0.3855557015625 0.7617361890625001 0.3824534859375 0.7539368640624999 0.368800596875 0.7476950312499999 0.350839440625 0.7454892390625 0.337550596875 0.7484223828125 0.32541084374999996 0.7592003109375 0.3199155125 0.768511665625
0 0.36563689843749997 0.6860370984374999 0.38234164531250003 0.6759076796875 0.3858648640625 0.6732018328125 0.3992106671875 0.6505885421875 0.399311171875 0.6496022609375001 0.394068440625 0.6138104375 0.39036299375 0.603565303125 0.370122640625 0.5791098953125 0.36110569843749996 0.574826840625 0.3384844109375 0.5753533578125001 0.329107015625 0.5800645453125 0.3122569796875 0.598823634375 0.30519155468750003 0.6107953765625 0.3043875203125 0.61868561875 0.307451765625 0.639605040625 0.3113200421875 0.65263421875 0.3190945703125 0.6655724796875 0.331943425 0.679704553125 0.36123593593750003 0.68613953125 0.36563689843749997 0.6860370984374999
0 0.28763286718750003 0.5937830374999999 0.296601228125 0.5892773499999999 0.31033006093750004 0.5692789859375 0.31113409375 0.5613887421875 0.3076868203125 0.53785439375 0.29483796406249996 0.5237223203125 0.2800169984375 0.5161957515625 0.264775028125 0.5191743578125 0.2624198875 0.5231649375 0.251391253125 0.5549077437500001 0.24940015624999998 0.568073303125 0.2552215578125 0.581057021875 0.26573425781250004 0.592619628125 0.2684693359375 0.5942290734375 0.28763286718750003 0.5937830374999999
0 0.27311226718750004 0.4837748140625 0.286060909375 0.5066157234374999 0.3055352 0.525841275 0.3604918140625 0.5665436296874999 0.3781722296875 0.5728617859375 0.4050397546875 0.5722364375 0.408132875 0.5706824593750001 0.41676839374999997 0.556050328125 0.42308674531249996 0.5322886828125 0.42343097656250006 0.5145697328125001 0.418738853125 0.4825368671875 0.4119408875 0.469575878125 0.39131750468750004 0.44250554218750004 0.3249872 0.41781096875 0.30897916875 0.41555971718749996 0.29607335468749996 0.4211077890625 0.28588672656249997 0.43184025625 0.2772512078125 0.44647238749999996 0.271736890625 0.46234379062500003 0.2710132609375 0.46944500937500006 0.27311226718750004 0.4837748140625
0 0.37818411093750004 0.391644671875 0.382397446875 0.42040887812500005 0.3854996625 0.4282082 0.40610405937499994 0.46183858750000006 0.416616759375 0.4734011890625 0.42753147656249996 0.481018678125 0.45315376250000006 0.4880217359375 0.46645913749999995 0.48771205 0.47869575624999994 0.48245165781250005 0.4990690125 0.46098672343749997 0.5108447218750001 0.44103382187499995 0.5121504921875 0.4352309734375 0.5056006703125 0.390515709375 0.50475420625 0.3860748796875 0.49544755625 0.362676909375 0.4869069671875 0.34450879375 0.47446012968750007 0.3264315953125 0.4619943046875 0.3149144484375 0.44560324375000004 0.3100482703125 0.3916818046875 0.3165509890625 0.37948509218750004 0.347009065625 0.377456021875 0.37329471875000003 0.37818411093750004 0.391644671875
0 0.417577353125 0.59635931875 0.40656770625 0.6215420765624999 0.402968540625 0.6504881171875 0.40683681875 0.6635172984375 0.41227519062500007 0.6738860875 0.4200687046875 0.6802643015625 0.45679029687500006 0.6917546140625 0.4751815078125 0.6913265546875 0.4896341296875 0.666837853125 0.4920082578125 0.656287225 0.49242926093749995 0.6457820562500001 0.4874498640625 0.6117879921875 0.47967533749999997 0.5988497359375 0.46720951250000003 0.5873325890625 0.45277157656250006 0.5824209484375 0.43714657656250006 0.5827846250000001 0.42619388750000003 0.5882872375 0.417577353125 0.59635931875
0 0.5612667109375 0.603302965625 0.5679301203125 0.5952763437499999 0.5710892953125 0.583395521875 0.5715102984375 0.57289035 0.5661098984375 0.5494014609375 0.5528969984375001 0.5260944078125 0.5377119875 0.5093928671875 0.5221249609374999 0.4966364453125 0.49400663125 0.487070875 0.47920749531249995 0.4874153296875 0.46548433593749994 0.4979547703125 0.4584189109375 0.5099265109375 0.45244561875 0.5494231843749999 0.454705828125 0.578232846875 0.46091026093750004 0.59383149375 0.46713368125 0.6028700921875 0.48708930937500006 0.620497178125 0.513819471875 0.6198750265624999 0.552267146875 0.60876011875 0.5612667109375 0.603302965625
0 0.5266771859375 0.5986246984375 0.5231159937500001 0.6144506437499999 0.5273293296875 0.6432148468750001 0.535065884375 0.66927320625 0.5428404125 0.682211465625 0.5495539765624999 0.689595515625 0.566324403125 0.6892051796875001 0.6038652484375 0.650616903125 0.6109306734375 0.6386451609375 0.6133048015625 0.62809453125 0.6125767125 0.609744578125 0.5806176109375001 0.585561928125 0.5704689546874999 0.583174296875 0.5450783296874999 0.5837652703125 0.5376488609375001 0.5865620359375 0.5306024218750001 0.5919737281249999 0.5266771859375 0.5986246984375
0 0.6753247499999999 0.671528146875 0.6706504015625 0.63961663125 0.6634471140625 0.63024370625 0.6505792718750001 0.622671678125 0.6388605218750001 0.6229444359375 0.6251316874999999 0.642942796875 0.6285789625 0.66647714375 0.6312981484375 0.6716615421875 0.6371385375 0.6780852140625 0.6435615640625 0.68113615625 0.6664168562499999 0.68060419375 0.6753247499999999 0.671528146875
0 0.5954765265625 0.559899240625 0.5954385546875 0.5730193390625 0.5993068328125 0.58604851875 0.607081359375 0.5989867765625 0.619547184375 0.6105039234375 0.62296981875 0.6110632171875 0.6406998453125 0.6106505453125 0.642984684375 0.609958409375 0.6516202046874999 0.5953262828125 0.655181396875 0.5795003359375 0.6544153359375 0.57427048125 0.6431555609374999 0.55091796875 0.637315171875 0.5444943 0.6224942046875 0.5369677328125 0.6088223296875 0.5372859484375 0.600205796875 0.5453580312499999 0.5954765265625 0.559899240625
0 0.639116046875 0.5306990734375 0.648517628125 0.5212967984375 0.65080031875 0.5041012312500001 0.6460137140625 0.4714233515625 0.6358396484375 0.44812428437499996 0.613263140625 0.421099409375 0.6046845796875 0.41605139218750004 0.588303640625 0.411188215625 0.58828434375 0.411188665625 0.5660051109375 0.419575509375 0.5514722437499999 0.447464115625 0.5459579265625 0.46333551875 0.5439668296875 0.4765010765625 0.5451159203125 0.48434586093750004 0.572345753125 0.52306971875 0.582858453125 0.5346323281250001 0.5933836343750001 0.539631796875 0.6129321734375 0.5391768 0.639116046875 0.5306990734375
0 0.5621098421874999 0.40395874843749996 0.5712491859375 0.40119021093749996 0.58377196875 0.39302721093750004 0.5959117218750001 0.38224928281250004 0.60573430625 0.3623418375 0.6081084328124999 0.3517912078125 0.6038950984375 0.3230270046875 0.5813755484375001 0.27632198125 0.5697137578125 0.256914590625 0.5464355609375 0.24440521093749998 0.53053459375 0.24477530937499997 0.5068307265625001 0.25575436875 0.48915767031249996 0.28896374687500004 0.48521344843750003 0.302174765625 0.48440941562499995 0.3100650078125 0.487090628125 0.3283695015625 0.4987334328125 0.3543369390625 0.5158525828125 0.377553071875 0.5380460609375 0.401963021875 0.5422241390625 0.40442159375 0.5621098421874999 0.40395874843749996
0 0.6369814640625 0.4953884265625 0.6404287390625 0.518922775 0.6513054828125 0.539660359375 0.6707607875 0.5654459593750001 0.6882819546875 0.584716971875 0.721026103125 0.6075694265625 0.727268509375 0.6100479765625 0.758518509375 0.609320625 0.7729944171875001 0.6011121671875 0.778872778125 0.5944157390625 0.7930416015625 0.5573521578125 0.7982108609375 0.5257457265625 0.793997525 0.496981521875 0.7804395671875 0.4579394453125 0.770328884375 0.44243171718749996 0.7605822453125 0.436098965625 0.7543398406249999 0.433620415625 0.699269309375 0.4322783546875 0.6711215265625 0.44080502812500005 0.6589817734375 0.4515829578125 0.6440848625 0.47029658750000003 0.6377854968750001 0.48749818281249996 0.6369814640625 0.4953884265625
0 0.727426746875 0.6760485187499999 0.7395081218749999 0.6588208609375 0.74128871875 0.6509078890625 0.738032959375 0.6286810015625 0.73648185 0.624781340625 0.7337626640625 0.6195969453125 0.721296840625 0.608079796875 0.6865236203125 0.6115129953125 0.679841225 0.626099665625 0.67980705 0.637907753125 0.6801007078125 0.63991253125 0.6887268718749999 0.6600028078125 0.7018745671875 0.6766432515624999 0.727426746875 0.6760485187499999
0 0.6330747921875 0.223875990625 0.6178328234375 0.22685459375 0.6014037890624999 0.2351085125 0.5943383640625 0.2470802546875 0.5903941421875001 0.2602912703125 0.59035616875 0.27341136875 0.5934204140625 0.294330790625 0.6039141265625 0.312453446875 0.6233884187500001 0.33167899843750004 0.6448727937500001 0.3311789453125 0.6503491375 0.3284276390625 0.6609377828125 0.3137500484375 0.6660690687499999 0.29526371875 0.6692472296875 0.2768228453125 0.6615106749999999 0.2507644875 0.6482787890624999 0.23401748437499997 0.6330747921875 0.223875990625
0 0.62498280625 0.40143286875 0.647176284375 0.4258428171875 0.658221428125 0.436213921875 0.680164203125 0.43570319843750005 0.6905470515625 0.4208975875 0.6960613671875 0.40502618281249997 0.6966241906249999 0.3995030125 0.690955340625 0.360802084375 0.6887837890624999 0.3553425578125 0.6778880578125001 0.34116502187500003 0.65253540625 0.3286358984375 0.64081665625 0.3289086546875 0.6318170921874999 0.33436580781249997 0.617284225 0.3622544125 0.616480190625 0.3701446546875 0.6183953437499999 0.38321929374999997 0.6222636203125 0.396248471875 0.62498280625 0.40143286875
0 0.7135933171875 0.4237018453125 0.7174615953125 0.436731025 0.73264660625 0.45343256875 0.751373821875 0.460868215625 0.78364333125 0.4662190625 0.7953758046875 0.4659459859375 0.8134907921875 0.4567985859375 0.8189861234375 0.44748723124999995 0.820351246875 0.44142061562499996 0.8158219109375 0.410499096875 0.8124746046875 0.403033459375 0.7879639578125001 0.36949399375 0.772778946875 0.3527924515625 0.7642003859375001 0.3477444328125 0.7505285109375001 0.34806265000000003 0.7450521671875 0.3508139578125 0.7297722249999999 0.36691265781250004 0.7176134859375 0.384250634375 0.7124821984375 0.40273696562500005 0.7135933171875 0.4237018453125
0 0.7369202296874999 0.3246342921875 0.7395310921875 0.31780465625 0.7358769796875 0.29285824531250004 0.7327402578125 0.2834854171875 0.7222275578125 0.2719228125 0.711695871875 0.266920253125 0.69564986875 0.2777891 0.6917246328125 0.2844400671875 0.6913036296875 0.2949452375 0.6943678734375001 0.31586465937499997 0.6978721078125 0.3197188609375 0.7073932546874999 0.32532154062499996 0.7369202296874999 0.3246342921875
0 0.6878004671875 0.2238671875 0.7096109140625 0.24566221093750001 0.7390256765625 0.2618722046875 0.7661814812500001 0.26124014687499997 0.7732600046875 0.2520522875 0.7748490859375 0.2428318515625 0.7755687953125 0.2320245484375 0.770876671875 0.1999916859375 0.765656353125 0.1800735875 0.7372584437499999 0.1400649921875 0.7247736328125 0.1351078953125 0.7071955078125 0.13551702968749998 0.6868602234375001 0.1438618671875 0.6798137843750001 0.149273559375 0.6711782656249999 0.163905690625 0.6695701984375 0.179686175 0.6726344421875 0.20060559687500001 0.6878004671875 0.2238671875
0 0.8041017953124999 0.54856966875 0.799372525 0.5631108796875 0.7953903296875 0.5894419937500001 0.8015947625000001 0.605040640625 0.8147645390625 0.617573934375 0.83260023125 0.6171588046875 0.8425914015625 0.610646040625 0.849637840625 0.605234346875 0.8563202359375 0.5906476781250001 0.8598814265625 0.5748217312499999 0.85834930625 0.564362021875 0.8529109328125 0.5539932296875001 0.8470705453124999 0.5475695593750001 0.8318665484375 0.537428065625 0.8162415484375 0.537791740625 0.8041017953124999 0.54856966875
0 0.8058650437500001 0.4709657296875 0.8096953484375 0.49711500624999994 0.81394665625 0.5127591109375 0.8267955109375 0.5268911875 0.8567671328124999 0.54917975 0.8713185812500001 0.5488410609375001 0.8861173499999999 0.54387735625 0.90964978125 0.510531596875 0.9147810671875 0.492045265625 0.916389134375 0.47626477968750003 0.9137079203124999 0.4579602859375 0.9075034875 0.4423616390625 0.8915714015624999 0.41387019062499997 0.881058703125 0.402307584375 0.874816296875 0.39982903593749997 0.8627145171875 0.3974868640625 0.847472546875 0.40046546875000005 0.8243801046874999 0.4167460078125 0.814174490625 0.43403852499999995 0.8074731093749999 0.4551852421875 0.8058650437500001 0.4709657296875
0 0.785924171875 0.634527603125 0.782665465625 0.612280603125 0.769061421875 0.6036963578125001 0.7596788265625001 0.606538584375 0.7506602765625 0.6185557875 0.7512427484375 0.6332357484375 0.751932203125 0.6379426171875 0.7568267375 0.6472745328125 0.76187013125 0.651729434375 0.78143445 0.65127406875 0.7826003921875 0.6492984828125 0.785924171875 0.634527603125
0 0.832265403125 0.663909871875 0.8333931140624999 0.6588983234375 0.8283562640625 0.6245120234375 0.8249688374999999 0.6207862937499999 0.8035224359375001 0.6081662515625 0.7976630609375001 0.6083026296875 0.785504321875 0.6256406046875 0.7815221265625001 0.6519717203125001 0.7830542484375 0.66243143125 0.796263515625 0.67914980625 0.8197844828124999 0.67860235 0.8251999781249999 0.6758816140625 0.832265403125 0.663909871875
0 0.8634375656250001 0.6673338921874999 0.892872771875 0.67986830625 0.90933245 0.6840312609375 0.9332910906249999 0.68932261875 0.947767 0.6811141625 0.9548324234375001 0.669142415625 0.9647499390625001 0.616434728125 0.9655077453124999 0.5975254234375 0.9649970375000001 0.594038853125 0.9566683265625 0.57464134375 0.9492768296874999 0.5643180140624999 0.9344748484375 0.5502313984375 0.9239431625 0.545228840625 0.8758431265625 0.5647152796875 0.8656564984375 0.5754477484375 0.852693725 0.6006759640625 0.84927451875 0.628174703125 0.852660084375 0.6512877625 0.8634375656250001 0.6673338921874999
0 1 0.557077178125 0.99195968125 0.55434194375 0.98414718125 0.55452378125 0.970054303125 0.56534716875 0.9590826281249999 0.5774098296875 0.9578575921875 0.5958052421875 0.9675472718749999 0.6218181406250001 0.980377140625 0.6425102640625 1 0.6624674484375 1 0.557077178125
0 0.9506155171874999 0.56737715625 0.9623485140625 0.5671040671875 0.974218721875 0.5579877 0.98951765 0.5353289515624999 0.9900804734375 0.5298057828125 0.9867098046875 0.5067944171875001 0.984538253125 0.5013348890625 0.9740255531249999 0.48977228437500003 0.9634938671875 0.48476972500000004 0.9537282421875 0.4849970234375 0.941205459375 0.49316002187499997 0.9341400343749999 0.5051317640625 0.9297478968749999 0.5246504296875 0.9325631703124999 0.543870146875 0.9375113640625001 0.5549063109375 0.9506155171874999 0.56737715625
0 0.9571198140625 0.4546337546875 0.9492237640625 0.44019690312500004 0.9359349187499999 0.4431300453125 0.9320096828125 0.4497810140625 0.9343078671875 0.46547058124999996 0.942465425 0.4810237671875 0.9446995671874999 0.4828521890625 0.9565420109374999 0.48257655312500003 0.9573053765624999 0.48199028593750004 0.9603670609374999 0.47680253125 0.9571198140625 0.4546337546875
0 1 0.38343232656250004 0.9984388703124999 0.3814953125 0.985571028125 0.3739232859375 0.9695629984374999 0.371672034375 0.9605634343749999 0.377129184375 0.9487877250000001 0.397082090625 0.946796628125 0.4102476484375 0.9521970281250001 0.4337365375 0.967344065625 0.4635581796875 0.9806080187499999 0.46947379375000003 1 0.469022440625 1 0.38343232656250004
0 0.9368003171874999 0.4015414328125 0.935651225 0.3936966484375 0.9271106375 0.375528534375 0.9189340921875001 0.36653539375 0.9064492812499999 0.361578296875 0.8994028421875001 0.3669899890625 0.8880101640625 0.389557821875 0.8942145968749999 0.4051564671875 0.91211879375 0.42704240625 0.92579066875 0.426724190625 0.9348092203125 0.4147069890625 0.9368003171874999 0.4015414328125
0 0.8333136281250001 0.373375865625 0.8414901734375 0.3823690046875 0.8430867359375 0.3833084953125 0.8733818796874999 0.3826033671875 0.8817397359375001 0.376184496875 0.8899922265625 0.3589374421875 0.8905550484375 0.3534142703125 0.8846180765625 0.31288289375 0.882714646875 0.3092538171875 0.8632403546875 0.2900282625 0.8507555437500001 0.285071165625 0.8312242937500001 0.285525759375 0.815178290625 0.2963946046875 0.810065990625 0.3083208890625 0.8088789265624999 0.31359620312500003 0.8111771093750001 0.3292857703125 0.8142793265625 0.33708509375 0.8333136281250001 0.373375865625
0 0.763300828125 0.331234225 0.7758776000000001 0.3394058203125 0.804448928125 0.3387408140625 0.8054655453124999 0.33812435937499996 0.8168582234375 0.3155565265625 0.81622775 0.29553160156249997 0.8130677484375 0.273958446875 0.8091976140625 0.2632579734375 0.7967317890625 0.25174082656249996 0.7904893828125 0.24926227812500001 0.7690050078125 0.2497623328125 0.75843535 0.2578798703125 0.748612765625 0.2777873171875 0.7478087328125 0.285677559375 0.7520220671875 0.3144417625 0.757460440625 0.32481055468750003 0.763300828125 0.331234225
0 0.8323964546875 0.25656332187499997 0.8415388187499999 0.24389051562500003 0.8415637078125 0.24372594531249997 0.8359922093750001 0.20568964374999998 0.8330741749999999 0.1994822046875 0.8198422890625 0.1827352015625 0.811263728125 0.1776871828125 0.7917324781249999 0.178141778125 0.77606950625 0.19162555312500001 0.7709572046875001 0.20355183437500002 0.77559154375 0.22181086875 0.7926917062500001 0.25158705000000003 0.805631384375 0.2571862859375 0.8323964546875 0.25656332187499997
0 0.749236128125 0.1716634703125 0.75022504375 0.17224539375 0.7886383140625 0.17135131406249998 0.80629775625 0.159839975 0.8117930875000001 0.15052861875 0.814406403125 0.13324882656249998 0.80911579375 0.0971301359375 0.8088237734374999 0.096808953125 0.7640158171875 0.058494229687499996 0.7464376921875 0.058903365625 0.740961346875 0.06165467031250001 0.7295876546875 0.0776624515625 0.7244753546875 0.0895887359375 0.7216802234374999 0.1106445328125 0.7224083125 0.1289944890625 0.7317149625 0.1523924578125 0.749236128125 0.1716634703125
0 0.8437026265625001 0.08807620625 0.8534682515625001 0.08784890937499999 0.8605146906250001 0.082437215625 0.8671970859375 0.0678505484375 0.8673377921875 0.06646975625 0.8635228078124999 0.040425075 0.8524900359375 0.0209636875 0.8466496484375 0.0145400171875 0.8341648375 0.009582918749999999 0.8189228671875 0.0125615234375 0.8130065343749999 0.0323780484375 0.8122025 0.040268289062500004 0.8141176531250001 0.053342928125 0.8199390546875 0.0663266484375 0.8284986296874999 0.0779347140625 0.8437026265625001 0.08807620625
0 0.8436034781249999 0.150616678125 0.8519321890624999 0.17001418125 0.8737426359375 0.191809203125 0.8763089640624999 0.1928281640625 0.8964636265625 0.192359059375 0.9198705609375001 0.1789282703125 0.919288090625 0.1642483078125 0.9131979046875 0.12267095624999999 0.9079586421875 0.11098561093749999 0.9005671453125 0.10066227812499999 0.8904374765625 0.09171459843749999 0.884195071875 0.0892360515625 0.8630937265625 0.09235103125 0.85447719375 0.1004231140625 0.8462247046875 0.1176701703125 0.8426635125 0.1334961140625 0.8429395578125 0.146084134375 0.8436034781249999 0.150616678125
0 0.9460104312500001 0.130603984375 0.9523097953124999 0.1134023859375 0.951913309375 0.108688696875 0.947608471875 0.0792998171875 0.938770825 0.0678002609375 0.92509895 0.068118478125 0.9145292906250001 0.076236015625 0.9078468953125001 0.09082268593750001 0.9109111406249999 0.1117421078125 0.9140133562500001 0.1195414328125 0.9202367765625 0.12858003125 0.926200728125 0.132089490625 0.9446348546875001 0.1316604328125 0.9460104312500001 0.130603984375
0 1 0.07460201250000001 0.9901867281250001 0.0659338125 0.9839443234375 0.0634552640625 0.9726086031250001 0.06634294843750001 0.9675152890625001 0.07170918125 0.9643561140625 0.0835900046875 0.9670373281250001 0.10189449843750001 0.97013954375 0.10969382187500001 0.9857075859375 0.1290102921875 0.9954732109375 0.12878299531249998 0.9989964312499999 0.1260771515625 1 0.1243766921875 1 0.07460201250000001
0 0.931560590625 0.22227676093749998 0.943279340625 0.22200400468749998 0.9507088109374999 0.2192072390625 0.96248451875 0.199254334375 0.9627265953125 0.1932138625 0.959288896875 0.16974488593749998 0.9575051218749999 0.165260275 0.9466093921875001 0.1510827390625 0.9399839562500001 0.14598926406249998 0.93374155 0.1435107140625 0.916163425 0.14391985000000002 0.9091169875 0.14933154375 0.90557478125 0.15859743906249998 0.9051158062500001 0.18222270625 0.9257202015624999 0.21585309062500002 0.931560590625 0.22227676093749998
0 0.8940191234375 0.1965104453125 0.8898887046875 0.19407991875 0.8779240078124999 0.1943584 0.8721327328124999 0.20095562031249997 0.8685715406250001 0.216781565625 0.8697206328125 0.22462635 0.8806163625 0.238803884375 0.88474678125 0.24123441093750003 0.892892046875 0.24104482656249998 0.9042241171875001 0.234448659375 0.9064297187499999 0.2263134734375 0.9039586765625 0.2094437984375 0.8940191234375 0.1965104453125
0 0.8747802765625 0.23501731874999998 0.8668486156249999 0.2173270015625 0.863378990625 0.2135108640625 0.8515734374999999 0.213785640625 0.8445791937499999 0.2191572484375 0.8363267046875 0.23640430625 0.8390079171875 0.2547088 0.8421101343749999 0.2625081234375 0.850286678125 0.2715012625 0.8585051515625001 0.2763373859375 0.8690906078125 0.27609100781249996 0.8741072093750001 0.2735706765625 0.8791707640625 0.26499092812499997 0.8747802765625 0.23501731874999998
0 1 0.3085322171875 0.9886829609375001 0.23127142968749997 0.9777470328125 0.22116775 0.9328251578125 0.22221331718749998 0.92187246875 0.22771593124999998 0.9045824421875001 0.2635402375 0.8994511562499999 0.2820265703125 0.9032814609375001 0.3081758453125 0.9125881109374999 0.3315738171875 0.9328284625000001 0.356029225 0.9405389874999999 0.35909068906249997 0.9792578875 0.358189496875 0.9871329328125 0.35214143125 1 0.3303393140625 1 0.3085322171875
0 1 0.18813805625 0.9943275843749999 0.18417922343749998 0.9802536921874999 0.188442559375 0.9755054359375 0.20954381875 0.977037559375 0.22000352968749998 0.9894099375 0.23566269375 1 0.2354162078125 1 0.18813805625