0 0.9944390196543921 0.6749372665000527 0.011121960691215804 0.05963862041330899
0 0.9794900879845378 0.6344758929634857 0.04101982403092421 0.048781164092592276
0 0.49963755137205934 0.6044541332009283 0.050506337068368976 0.054854032310751324
0 0.637194319258671 0.8303394014494968 0.05229026190717558 0.05828052327238851
0 0.5503840484598863 0.9387155037124331 0.06630887068419397 0.07671148485014072
0 0.10533621110579779 0.6427051295866911 0.10185665432599374 0.12083974082661779
0 0.9521233248742117 0.9215264410698918 0.05608989049493829 0.0655252664905479
0 0.5820334654735527 0.6078831393492484 0.06902362357001408 0.07233513431829977
0 0.12856744301139017 0.238444355582586 0.059269590110162175 0.06612938470870695
0 0.14851507133865047 0.7284380965073997 0.06309656850553677 0.07366709667686636
0 0.20226434442521074 0.6929500484009936 0.08403455311449655 0.09721368098582168
0 0.8776215318210603 0.8351940313307754 0.05062098905463834 0.05817320851586629
0 0.2257834654735527 0.6099557412194013 0.06961620273494074 0.07868279056829977
0 0.173667202162492 0.5289648164531704 0.06412381533374481 0.06898811888850354
0 0.9918341571204612 0.9258866881430254 0.01633168575907753 0.06607711514399953
0 0.7817156695082281 0.8545121787732516 0.04230444953717427 0.05168301236791066
0 0.38991889829385135 0.6097825035160415 0.06673596209434347 0.07710438243991043
0 0.3311077689266013 0.172387042645457 0.07053172683539 0.08639877061318471
0 0.7349358248742116 0.9227900009819587 0.08050981151195931 0.09709557142789257
0 0.15055860940065893 0.31492049717132964 0.07547186532852468 0.08808676608786606
0 0.4915925110222755 0.9453109373574586 0.058735574407175584 0.05831802100359198
0 0.11904273523234779 0.5550778645595764 0.05501675777344359 0.055075479593105214
0 0.9076637961721108 0.8639412000468824 0.03952974428030913 0.053326124194636296
0 0.446157787021009 0.575843319871016 0.07721932375718196 0.09112263204950324
0 0.35682840890154466 0.2636932986955812 0.07008501331106079 0.0816136143631847
0 0.8685718044920285 0.44519120004688223 0.06717355901613545 0.08179188243991042
0 0.7808392641422447 0.7865116125164731 0.07879094035971938 0.09122937865858276
0 0.6287613883105558 0.5474223623200812 0.09248784167002064 0.10516872088377731
0 0.8562372620622654 0.890817317435129 0.06160051110120861 0.07541525067034413
0 0.5344909588180224 0.5675126694034777 0.05270962562389272 0.06277271077238851
0 0.3286587562389286 0.6234273678792261 0.07270473632479142 0.07831034628645898
0 0.41215613935054557 0.49631035597536943 0.07959289850240463 0.08518264522277744
0 0.9032692389757049 0.9257190373808998 0.054417991264489984 0.06434430113146802
0 0.7719588365218947 0.5239207089256768 0.06843397366359802 0.08170161210666257
0 0.6478425110222755 0.944401901449497 0.0557942953670274 0.06444991144566288
0 0.9715285087345 0.8698230405041578 0.05095181312389272 0.06276248411842396
0 0.4359807335689701 0.07328594643264494 0.06446499347434216 0.07055175518338833
0 0.5932752271212357 0.20916383821778028 0.07652908834225532 0.08477440765206072
0 0.37564123440015407 0.783397265518094 0.06325155074867146 0.07532725292686634
0 0.7743062210890933 0.6997837721573934 0.06979328202986608 0.0784886143631848
0 0.6418115170544179 0.4527638472929666 0.06824901523494073 0.07867483650410509
0 0.08034631842748706 0.1238187742004968 0.10240304471703394 0.09741814895500714
0 0.12771810628068975 0.4721699157892404 0.0746748570610607 0.08164031729298102
0 0.8440166705482179 0.8017775433328282 0.06286216321747666 0.07220168477942365
0 0.3189859673457362 0.32722907874981055 0.06798726013926881 0.07691645585666258
0 0.2743161208395362 0.6776790515242517 0.07325946017046334 0.08007043137622886
0 0.47452380802758976 0.6452473048439014 0.04568208803030895 0.05336191748351258
0 0.28784849916780625 0.22813759377692516 0.08170239465464464 0.09105111058185714
0 0.22024784026525182 0.9023341387600734 0.08015812785971929 0.0912373327227776
0 0.7428560106066835 0.5889689920049681 0.05527990177822097 0.06103080640077785
0 0.6018526046163023 0.929035976683266 0.0543294516170274 0.06444138923402569
0 0.2727352404322964 0.2923228136245 0.038955398320456955 0.04717378044463656
0 0.7560954461313594 0.07767696800086313 0.04552710578717427 0.051701761233512535
0 0.818157641638321 0.5666440192305272 0.06309656850553687 0.07366709667686636
0 0.23589648190458262 0.5340744972695255 0.07295737481792611 0.0799710706839015
0 0.06825421609795046 0.20361990368899202 0.05909637466195283 0.06427391595870705
0 0.8304735960895983 0.22967073917629782 0.061652584338522234 0.07492753756778665
0 0.37733727724550936 0.6927131781840764 0.07432872904524199 0.09256986322878653
0 0.4562459502903085 0.8095052475641131 0.044566301554638345 0.05813798337443288
0 0.9679326979316081 0.4508594170657867 0.06413460413678393 0.07856752174758305
0 0.7348715802819563 0.8383695491865606 0.05622277568628213 0.06903975519566288
0 0.2991652015380942 0.9354870063447118 0.10029415432599383 0.12083065046753809
0 0.6053683334019254 0.6820064405789125 0.05417446937389272 0.06278123298402569
0 0.6464014386436353 0.26748033226585194 0.05440887466195292 0.06424664488146821
0 0.5645566572371571 0.7221092658126815 0.05270962562389272 0.06277271077238851
0 0.30535964517388214 0.767390991317597 0.07871275478359933 0.08830082745346779
0 0.5718945919296393 0.4406638230924697 0.08180005090464455 0.09105167872929947
0 0.3611744712968893 0.8796273709042882 0.08490063035554316 0.10649102473582168
0 0.36033544945912455 0.10030296438662582 0.07726460388926881 0.07697042986369781
0 0.6792161541171879 0.8785587328315859 0.06330887674180605 0.07698684102942366
0 0.44350735232852684 0.8572614915139889 0.03847747114179967 0.04414530039975162
0 0.8260986308228319 0.7354394710259252 0.05417446937389272 0.06278123298402569
0 0.25516569987471655 0.45579496116517204 0.0763350133110607 0.08164997579950324
0 0.3886285376454067 0.16892569935951116 0.057980588186282135 0.06904998184962738
0 0.5188053487929656 0.6590598199692119 0.051098916233295454 0.061201688560751324
0 0.6850645216299688 0.5979036304704539 0.055816392418818236 0.06259557899054773
0 0.6853402955487228 0.33291443472518 0.07135578202986607 0.07849770472226432
0 0.19233821173019555 0.23494665086032168 0.0776790177307646 0.09395579959438809
0 0.1848630996251594 0.4311903917851353 0.08963757721494585 0.10495693210794546
0 0.9046414282437378 0.7896997241491832 0.05417570684269819 0.05965793742635306
0 0.8179238897661376 0.8488298053348806 0.04091516498538361 0.05352939075883114
0 0.5251826264550769 0.7692387958669109 0.052912817257624846 0.06599479887494616
0 0.733058367096179 0.2998064980550924 0.0628139538268794 0.07063975292686617
0 0.5840582079858286 0.7970365429400447 0.07730786340464454 0.09102554394694558
0 0.8375765673874973 0.17178551630366087 0.040313469217919715 0.04708407825883123
0 0.7280134721290831 0.6476809166730032 0.06342739257479142 0.07825637227942366
0 0.5022348527451286 0.2722274404807166 0.06287127982001409 0.07229934102942384
0 0.4254842574867143 0.747931943309387 0.0541744693738929 0.06278123298402569
0 0.9499230174700098 0.8058514440949539 0.05085539434269819 0.05963862041330899
0 0.14585757508301742 0.16408470501685193 0.06455353312180483 0.07045466708083081
0 0.9775479866235613 0.5719577122453264 0.04490402675287726 0.05826234255422946
0 0.8780320601075692 0.5381554048673424 0.046787520434637034 0.051611490900264734
0 0.22146426414224468 0.789765961066976 0.09458559484181253 0.10986587939029953
0 0.099476939891421 0.3957301356368153 0.06273576825075951 0.0677112017217512
0 0.21887101247886695 0.30983302137182644 0.06813312577986608 0.07847895585666258
0 0.847285113144016 0.6860707301011115 0.053187552802550185 0.06580119081727354
0 0.09351624812781653 0.2816403645595765 0.0453409098897116 0.051798281188627546
0 0.4373799914722861 0.23899275966436145 0.05071864530463834 0.05817377666330899
0 0.7683382601910915 0.2339406035394825 0.07919207087136186 0.09552625365858276
0 0.6865987414722861 0.2375428473911625 0.06311480171061135 0.07386240917686618
0 0.8737253891427497 0.3161849560970064 0.10488523554479912 0.11773405783966204
0 0.4352746318628215 0.6853410397185907 0.06480493414613413 0.07523868703594587
0 0.6915209972956228 0.5079735220591975 0.05964074443628213 0.06905964035614946
0 0.6141091605649224 0.7421445098607532 0.050156042325234296 0.05319273976586647
0 0.5108308182186813 0.8834467416121848 0.06659009645374603 0.07554188243991042
0 0.26869060149734286 0.1485182714700223 0.04890474428030896 0.053380666349114224
0 0.3094564134770955 0.4093603226996863 0.08920785942688587 0.10349038391561809
0 0.9440033438018227 0.15631453152716726 0.057153603733295456 0.06123691370218491
0 0.49774614413389245 0.8186438982280431 0.04767306834956351 0.057960851592592275
0 0.5310669584024303 0.212652452580965 0.05260409024016077 0.05955119081727354
0 0.9135442859810192 0.6254963235834492 0.06286216321747666 0.07220168477942365
0 0.7931069313637071 0.6332320764121195 0.06852251331106078 0.08160452400410509
0 0.8029045748742115 0.9223945703619952 0.07193012798971807 0.08465004847226432
0 0.08512513165502547 0.5099380813820892 0.04548801299911429 0.05023748563095509
0 0.1708090802819563 0.8416511688143025 0.07312147366359807 0.08172888318390151
0 0.798587000207796 0.17279402528065133 0.043973722389711686 0.05179032712443292
0 0.8250753558650977 0.11323267291951918 0.0689662975768794 0.07067554621574224
0 0.41869402849329507 0.8175404613615637 0.04593472652344364 0.05502264188095509
0 0.3572090303654786 0.5357137444408551 0.06801723632479142 0.07828307520922025
0 0.9905349222515987 0.7211355556294683 0.01893015549680257 0.05020055604719396
0 0.5108718363140987 0.347999600121637 0.0590169516170274 0.06446866031126461
0 0.27308010503290403 0.34625633470173883 0.04581883706836898 0.05482676123351258
0 0.8735435590675795 0.5905536970218201 0.04557531517777136 0.05326369308607006
0 0.9320211426783107 0.5136094019404762 0.08931463227942302 0.1035886083130606
0 0.8351770534520389 0.49775766384433295 0.06652241638926881 0.07690793364502539
0 0.6832250361888151 0.8042763503180286 0.04957550902135566 0.06265687380422946
0 0.4855366638926875 0.7632160548439013 0.03515715864179967 0.04412598338670737
0 0.9598580459643149 0.6861974742473791 0.056903894498671545 0.07529032334310522
0 0.4975459336514826 0.7076473108940255 0.06276450696747667 0.07220111663198132
0 0.565377713810175 0.12803201288581534 0.0735616969633007 0.08749003378645899
0 0.5654171052407 0.5219956363241863 0.06099881533374472 0.06896993817034414
0 0.4175394261637585 0.8972779583365016 0.03757785674911425 0.05019146568811443
0 0.6739823675117711 0.6550303292407899 0.0593490131550876 0.06593464035614946
0 0.6444431561971674 0.7740166785768599 0.04929289434269819 0.05962953005422946
0 0.9496510856897009 0.752699173017715 0.042167700499114245 0.05021816861791084
0 0.9952268929190481 0.6006457936274157 0.009546214161903776 0.07832732559962743
0 0.9987686227117196 0.8156031731159109 0.002462754576560755 0.054923849336070064
0 0.0951193510807411 0.7342204638956465 0.045495892132846286 0.05345843743862755
0 0.5171353706317402 0.49882630191703503 0.05973840068628213 0.06906020850359199
0 0.46107062770286256 0.8946796782822724 0.040605200499114244 0.05020907825883114
0 0.9631327537433572 0.36960032670670706 0.07020090276613544 0.08180949501062713
0 0.9965658922627189 0.356010004498 0.0068682154745623334 0.06740566861791084
0 0.39814313810275986 0.37132399151398887 0.13450348918451063 0.16944086729005098
0 0.45045113123943353 0.15293253981678664 0.08993425837136186 0.09558874987725514
0 0.7190243548251081 0.16622183841417204 0.06304835911493942 0.07210516482430869
0 0.04852639018273929 0.26861364461380577 0.05562693843583929 0.09402271077238851
0 0.9848856736362552 0.2662435225501768 0.030228652727489445 0.053468095945149674
0 0.9188314134770955 0.4058150826586354 0.0655928258110606 0.0815874795808309
0 0.4872230145588464 0.20352743745565446 0.04369373408896493 0.04983663397699045
0 0.7825304608980017 0.4613252601553408 0.051930850561503664 0.05652157447750365
0 0.9893923765078462 0.13333557377984082 0.02121524698430761 0.06541504588670737
0 0.6285029908478885 0.645133154474559 0.04011815671791972 0.04708294196394629
0 0.7525710291176929 0.4083457059006147 0.06588950696747684 0.07221929735014054
0 0.0706424111893201 0.33805399102300954 0.05261320684269821 0.05964884706727354
0 0.2716163949660862 0.5901472352674729 0.054135376585832874 0.06131695738146821
0 0.22393065328600406 0.17144723224241085 0.059300803764490165 0.06437270850359197
0 0.16555428265325406 0.6095244700439666 0.053727755849563553 0.057996076734025695
0 0.5577219831523683 0.6572700609922213 0.03728612546791972 0.047066465688114435
0 0.5683515869374867 0.8799853983262388 0.042459431780308955 0.05334316861791066
0 0.5024980962973942 0.4090189133533535 0.05274871841195292 0.06423698637494617
0 0.6242161193839545 0.37313543462698406 0.05877342972643014 0.0629055921638221
0 0.3769366487094434 0.9647381691088901 0.06361591196956481 0.06459301949106085
0 0.6337787994998759 0.8858581484244347 0.0411001234140409 0.05655616636138845
0 0.625558609400659 0.3121570280111258 0.050466006811503664 0.05651305226586647
0 0.28767919945912457 0.10072566608382805 0.05957430184061021 0.06730239600359193
0 0.2960278787428523 0.8432676900879332 0.062424566295684866 0.06751418477942366
0 0.6479105977529759 0.7106808864223823 0.05242701094523561 0.05974536702238851
0 0.7212939604824099 0.10680138661877395 0.051445044249114245 0.05027214262494604
0 0.5654542811976724 0.3046899616561513 0.08317140513196061 0.1036504712741845
0 0.05666637832726029 0.4897801174864426 0.028128989340610165 0.06711945252711474
0 0.13783091514047324 0.8903068374322135 0.041885085820456955 0.047190824867910666
0 0.3002086911392067 0.5196302021881816 0.06734940084225531 0.08472100179246791
0 0.4654888265385992 0.46473310304850324 0.05545435469523561 0.05976297959310521
0 0.992014245632182 0.19740716413892045 0.015971508735636065 0.04354231847647729
0 0.9892827415112795 0.5240832936274156 0.021434516977441122 0.07848009215154761
0 0.95014808111415 0.6073048597859985 0.040235283641799666 0.04415552705371617
0 0.7133279105649224 0.7415672720591975 0.09821339689047104 0.1194521000186887
0 0.9126814149326773 0.708358820558387 0.07609442067897376 0.09580104169042354
0 0.4735003254986093 0.5170586723303441 0.038391557872247614 0.04531603910486659
0 0.024512904325993755 0.12023523194782326 0.03453566337345 0.08765339980946854
0 0.6858001150161995 0.40482579616149844 0.050904841202100926 0.05807725670819384
0 0.7290618078197937 0.46632637754358763 0.06637655074867155 0.0753454336450254
0 0.7066366790759318 0.56103943472518 0.03637060136747046 0.039350485643229405
0 0.7591907468800307 0.15269969389856214 0.04972137466195292 0.06421937380422929
0 0.9841291568605584 0.7704588447588838 0.031741686278883206 0.054878965688114435
0 0.16709940619716743 0.7767937832756832 0.03176252441239571 0.03912847021343317
0 0.4937495848575072 0.9851637777165383 0.04920885024955712 0.025272710772388508
0 0.1591446751237688 0.9511534338414173 0.10551228644956998 0.09099442605782145
0 0.9004523427618331 0.2089400826586354 0.07809158834225513 0.08478349801114034
0 0.46647534068185353 0.3162092446372468 0.05821236709643145 0.06944174314451228
0 0.8677446903070131 0.7461406216898551 0.04421600681150366 0.05647669082954785
0 0.8761297491678063 0.2247150735834491 0.038848625467919715 0.047075556047194045
0 0.9347457217134911 0.2915980465542819 0.07095727789613412 0.0752744803248218
0 0.03906976913439734 0.35152613856368153 0.017751163061503573 0.056322722872636885
0 0.10194533693748664 0.8826988705115049 0.04456892793254887 0.05921163397699018
0 0.6472643096919772 0.18461783529091405 0.058999955880758216 0.061150052253591936
0 0.05934509317742502 0.5687136385636815 0.019200702864939447 0.07185006662263689
0 0.8697635827785376 0.1481480284039093 0.05060012947165262 0.05690424541330889
0 0.8741801549493818 0.647612218099059 0.03519748889866534 0.0424669634315924
0 0.6245858371462925 0.11752578406125005 0.07233481946747666 0.07225679508134393
0 0.44171736563958747 0.9385660336684666 0.049001163061503664 0.056504530054229465
0 0.5495597724621625 0.36887972668326596 0.029683004445678306 0.03462662420691105
0 0.1514499681779299 0.09839152732375478 0.05275907248329555 0.06121134706727349
0 0.4397073689673527 0.9589012595661657 0.04480689418672501 0.0439869174835124
0 0.8370078506651492 0.3750241457921561 0.05317843620001313 0.06570353456727354
0 0.07125415390939199 0.7046556837432213 0.01471177345045569 0.04049332001355736
0 0.8829941225039237 0.21451337178805102 0.0503139538268794 0.07056703005422929
0 0.10553763311060718 0.8123272831774873 0.06814517164091397 0.09429074614502539
0 0.7876012129779812 0.35655140174408445 0.08218943843583908 0.09417724687674198
0 0.2382598238342219 0.9780517562465161 0.04143837229612766 0.04240566861791066
0 0.807714714017971 0.3040622059988106 0.05411714338075839 0.06112164488146821
0 0.07660310295292458 0.45214376210024837 0.055192599599563574 0.05800459894566288