0 0.38034451946341996 0.7493515689952932 0.12266011212205949 0.12513989732072234
0 0.3578460389629769 0.6518180499205698 0.07597226748534106 0.07631352759696383
0 0.7699335247393455 0.7260996607187579 0.080886014446342 0.07659406990618382
0 0.8913087820829061 0.6268382260606031 0.10847872714505336 0.12352895256635392
0 0.3017488529512498 0.713119788556484 0.0687990865223119 0.06976082553734705
0 0.6602115960711789 0.6911946010589555 0.09065314698590363 0.09030124715856651
0 0.2445793270351116 0.6835647021113205 0.06420924277231191 0.0696807095166804
0 0.5481363348421618 0.4683122544675221 0.10158063153245359 0.10149663544989984
0 0.5941038692425162 0.54585087338009 0.07102758606333932 0.07583767278774403
0 0.21900920754278203 0.6111539139618735 0.061331718460319 0.07118866243877964
0 0.8759360490513384 0.7226825600701348 0.11330605165846777 0.10481766401110555
0 0.27934255639489897 0.6359533165596613 0.0862440571349115 0.09197723904171565
0 0.5131181965274412 0.7517344549539896 0.08483591972046085 0.10276253571381488
0 0.14943417909551915 0.7753175998378442 0.06525130871234727 0.07748980032431163
0 0.5090373254309662 0.6468287666423868 0.09207127932494696 0.09986985506238213
0 0.17849819859507615 0.6768840539777596 0.06881455375281229 0.06985848178734706
0 0.4516639380432251 0.7050191420477763 0.0775038330243401 0.0761454886359143
0 0.6644915373588317 0.614345728899977 0.0646065378983259 0.07280400492049602
0 0.31245110181059416 0.5680021574690517 0.0599299619812844 0.06356806574641087
0 0.628425344003544 0.7724406469190402 0.06800024231333932 0.07578483030602783
0 0.5764698233633313 0.7263429427791248 0.08415567129789636 0.08862965300276535
0 0.5948899105229415 0.6398463352306429 0.07997858990441102 0.0917704886359143
0 0.7618566974544205 0.5217706708650276 0.08236116284038993 0.08713753571381488
0 0.9049635591397 0.8020836879111564 0.0753332581678258 0.07289385425077981
0 0.4565891669395227 0.7707395994341024 0.05758439472226762 0.05982644551509182
0 0.12834538460680328 0.6174369159904683 0.07402277700337478 0.08368085551906326
0 0.3722434073146509 0.5794930365278892 0.07887556367188227 0.08542112778972992
0 0.7486286442316751 0.799328655036715 0.056542019062776915 0.06185336241851012
0 0.19996068437144474 0.7579840495135326 0.07857592479586813 0.08229953698209869
0 0.2735680141874943 0.767666966721817 0.06444215985932686 0.07299590822812707
0 0.6879629047835263 0.7674843656694521 0.07397606559241812 0.09322389448011296
0 0.815056865570736 0.5905655353133684 0.07535326854586799 0.08224328530801354
0 0.7953144850630656 0.6637672560923752 0.07249121146437573 0.08384889448011279
0 0.8221437901036325 0.7886445251670986 0.08686669059241794 0.09344890117645335
0 0.703655968094633 0.569791159500942 0.08357853090238265 0.08560060465658097
0 0.7248321552470159 0.6540297918061903 0.08234569560988944 0.08703987946381489
0 0.5303349369025694 0.5587151120160041 0.08639387657291878 0.09353803444553126
0 0.7633318047907537 0.5953854488682049 0.05625784741726321 0.05882942786087906
0 0.9928219521132766 0.7675978194056257 0.014356095773446853 0.11244898254807012
0 0.14006165685116123 0.6963568027599435 0.06146607066782561 0.07265180159259525
0 0.6183178279620909 0.45141903490633134 0.07240811381536769 0.08209449117248173
0 0.4354688185508954 0.6324447126646272 0.0734565606908193 0.07149768861564479
0 0.46039365043457997 0.5622861712687695 0.07804124185436692 0.08199804525117678
0 0.8521565758944559 0.5280285791448582 0.07411589010583271 0.07443078530801354
0 0.6494416123624454 0.5292167524389273 0.06782919414832592 0.07286025659458098
0 0.11076965524701592 0.6647482926136739 0.01875906576622679 0.050189210176468005
0 0.25471624768255163 0.559609004871264 0.05803234549672727 0.05097211409259526
0 0.9514322533618704 0.6961688786583909 0.09713549327625906 0.1048863421259707
0 0.4220299632821972 0.47834754789197487 0.0801893696349115 0.09187155407828307