0 0.80078125 0.6671875 0.1296875 0.15703125
0 0.925 0.6734375 0.11640625 0.15078125
0 0.89296875 0.8625 0.0640625 0.084375
0 0.721875 0.7703125 0.11015625 0.14140625
0 0.18125 0.60234375 0.05859375 0.08125
0 0.33125 0.48203125 0.0671875 0.0765625
0 0.484375 0.878125 0.084375 0.1140625
0 0.45 0.5265625 0.16328125 0.20078125
0 0.69609375 0.62890625 0.09296875 0.1125
0 0.5046875 0.75859375 0.08046875 0.11484375
0 0.51328125 0.628125 0.103125 0.12265625
0 0.90703125 0.49453125 0.10859375 0.13046875
0 0.81328125 0.83984375 0.09296875 0.11875
0 0.0484375 0.65546875 0.075 0.1015625
0 0.315625 0.71171875 0.08359375 0.1203125
0 0.28359375 0.57109375 0.0859375 0.109375
0 0.65859375 0.49609375 0.12734375 0.17109375
0 0.4375 0.7078125 0.0953125 0.11484375
0 0.54765625 0.478125 0.09375 0.1109375
0 0.5609375 0.8625 0.07265625 0.10390625
0 0.40390625 0.821875 0.08671875 0.12109375
0 0.63515625 0.8203125 0.08046875 0.1109375
0 0.40859375 0.93203125 0.06328125 0.08984375
0 0.12109375 0.63828125 0.06796875 0.096875
0 0.12265625 0.80078125 0.06015625 0.08671875
0 0.78984375 0.5421875 0.08515625 0.09609375
0 0.26640625 0.45390625 0.0703125 0.08671875
0 0.703125 0.8953125 0.0921875 0.1140625
0 0.2265625 0.69296875 0.08125 0.10625
0 0.584375 0.72734375 0.08359375 0.109375
0 0.03046875 0.74296875 0.0609375 0.11015625
0 0.321875 0.828125 0.07109375 0.10078125
0 0.08671875 0.5625 0.06640625 0.08984375
0 0.94765625 0.81171875 0.09140625 0.1171875
0 0.33671875 0.8953125 0.04609375 0.05859375
0 0.15234375 0.7109375 0.06796875 0.0859375
0 0.36875 0.64609375 0.07421875 0.09921875
0 0.04453125 0.85546875 0.0890625 0.13203125
0 0.2625 0.88828125 0.05546875 0.07578125
0 0.25 0.79375 0.08125 0.1125
0 0.128125 0.48515625 0.10859375 0.13828125
0 0.025 0.4421875 0.04921875 0.125
0 0.846875 0.93984375 0.0703125 0.08984375
0 0.09296875 0.7328125 0.05390625 0.08125
0 0.91875 0.9453125 0.05625 0.08046875
0 0.22109375 0.52734375 0.075 0.0875
0 0.86875 0.59140625 0.059375 0.06484375
0 0.8765625 0.7765625 0.06796875 0.084375
0 0.9875 0.7546875 0.02421875 0.09375
0 0.98671875 0.64140625 0.025 0.09921875
0 0.01171875 0.578125 0.02265625 0.08828125
0 0.1265625 0.88671875 0.0609375 0.0875
0 0.21484375 0.8625 0.05703125 0.08203125
0 0.18203125 0.784375 0.0515625 0.06953125
0 0.990625 0.91171875 0.01875 0.09296875
0 0.028125 0.51953125 0.05546875 0.06875