0 0.2921875 0.296875 0.1046875 0.13671875
0 0.20703125 0.58359375 0.14375 0.18671875
0 0.73515625 0.6296875 0.17421875 0.19453125
0 0.13359375 0.48125 0.05546875 0.0734375
0 0.290625 0.675 0.065625 0.08515625
0 0.69453125 0.50625 0.0546875 0.07265625
0 0.6140625 0.47578125 0.08046875 0.10390625
0 0.39296875 0.478125 0.0953125 0.10859375
0 0.225 0.1890625 0.07265625 0.0953125
0 0.95078125 0.61328125 0.0984375 0.1296875
0 0.37421875 0.36640625 0.09453125 0.10859375
0 0.83515625 0.51484375 0.09296875 0.11875
0 0.475 0.54375 0.078125 0.1015625
0 0.35859375 0.21953125 0.08515625 0.11484375
0 0.5890625 0.390625 0.06640625 0.07421875
0 0.0765625 0.42265625 0.0609375 0.08125
0 0.08125 0.31953125 0.07578125 0.10078125
0 0.60625 0.665625 0.0984375 0.11796875
0 0.465625 0.4234375 0.0796875 0.0984375
0 0.26484375 0.47265625 0.078125 0.10546875
0 0.446875 0.28359375 0.09453125 0.11484375
0 0.49453125 0.671875 0.0859375 0.11875
0 0.55078125 0.5765625 0.08515625 0.1203125
0 0.325 0.5796875 0.10078125 0.1359375
0 0.85703125 0.61875 0.07421875 0.09765625
0 0.53359375 0.46796875 0.084375 0.10625
0 0.1234375 0.39453125 0.06015625 0.08125
0 0.53046875 0.33671875 0.0828125 0.1015625
0 0.15703125 0.33359375 0.046875 0.06328125
0 0.1484375 0.1328125 0.07265625 0.1109375
0 0.184375 0.2703125 0.05625 0.0828125
0 0.32578125 0.43515625 0.065625 0.07890625
0 0.75078125 0.40859375 0.08046875 0.10390625
0 0.215625 0.3703125 0.0671875 0.09375
0 0.128125 0.26640625 0.05859375 0.0859375
0 0.671875 0.38359375 0.07578125 0.09921875
0 0.0515625 0.11796875 0.090625 0.10390625
0 0.27890625 0.38984375 0.0484375 0.06640625
0 0.175 0.44375 0.0703125 0.08984375
0 0.625 0.56875 0.06328125 0.07734375
0 0.35703125 0.6859375 0.0703125 0.09921875
0 0.01484375 0.603125 0.0296875 0.0921875
0 0.20546875 0.71328125 0.0625 0.0765625
0 0.28984375 0.16171875 0.06484375 0.08203125
0 0.03203125 0.46875 0.06328125 0.09375
0 0.0515625 0.2234375 0.05703125 0.09609375
0 0.08046875 0.56328125 0.06328125 0.0875
0 0.06875 0.65625 0.06328125 0.09296875
0 0.4140625 0.6203125 0.0828125 0.09375
0 0.7671875 0.5 0.05546875 0.0703125
0 0.015625 0.38671875 0.03125 0.08515625
0 0.1234375 0.73125 0.06171875 0.075
0 0.05859375 0.7265625 0.065625 0.09375
0 0.00625 0.27890625 0.0125 0.0796875
0 0.015625 0.2796875 0.03125 0.08203125
0 0.2109375 0.06796875 0.0515625 0.08359375