0 0.046875 0.78671875 0.065625 0.08671875
0 0.7140625 0.7375 0.1015625 0.1265625
0 0.76796875 0.89296875 0.096875 0.1046875
0 0.65625 0.4890625 0.0453125 0.05703125
0 0.7234375 0.47734375 0.05078125 0.0609375
0 0.30546875 0.76796875 0.11328125 0.14296875
0 0.67109375 0.56171875 0.04296875 0.05546875
0 0.53359375 0.44375 0.07109375 0.09375
0 0.80234375 0.79375 0.04609375 0.05625
0 0.53125 0.2671875 0.05859375 0.0765625
0 0.21796875 0.3015625 0.0890625 0.09375
0 0.5921875 0.56875 0.046875 0.059375
0 0.10078125 0.303125 0.08828125 0.11484375
0 0.59296875 0.6671875 0.1078125 0.1359375
0 0.6203125 0.52578125 0.0484375 0.0609375
0 0.846875 0.46953125 0.090625 0.1203125
0 0.9578125 0.65546875 0.046875 0.05703125
0 0.79765625 0.63203125 0.0421875 0.05390625
0 0.85546875 0.5734375 0.08515625 0.1015625
0 0.81796875 0.26484375 0.05703125 0.06953125
0 0.06484375 0.871875 0.06796875 0.0875
0 0.45390625 0.63125 0.05234375 0.065625
0 0.93046875 0.58125 0.05546875 0.06796875
0 0.39140625 0.8765625 0.05625 0.0765625
0 0.48671875 0.8484375 0.06640625 0.090625
0 0.40078125 0.77578125 0.08125 0.1109375
0 0.6046875 0.44609375 0.0765625 0.1
0 0.91875 0.6921875 0.05546875 0.06953125
0 0.27265625 0.625 0.07265625 0.0921875
0 0.740625 0.5359375 0.04609375 0.05859375
0 0.67109375 0.89453125 0.0859375 0.1015625
0 0.6203125 0.79609375 0.09453125 0.121875
0 0.8109375 0.375 0.0453125 0.053125
0 0.53828125 0.52421875 0.053125 0.065625
0 0.365625 0.58984375 0.0515625 0.05859375
0 0.38359375 0.51484375 0.084375 0.1015625
0 0.7765625 0.4921875 0.05625 0.06875
0 0.44765625 0.39609375 0.03984375 0.04765625
0 0.45703125 0.47421875 0.04453125 0.0578125
0 0.7859375 0.55546875 0.0515625 0.05859375
0 0.2625 0.44140625 0.04296875 0.05234375
0 0.6546875 0.34453125 0.04453125 0.05703125
0 0.49140625 0.5234375 0.04453125 0.0609375
0 0.74609375 0.64609375 0.04375 0.053125
0 0.81953125 0.84140625 0.0390625 0.05546875
0 0.3796875 0.42109375 0.06875 0.0875
0 0.03046875 0.52265625 0.0609375 0.1453125
0 0.33203125 0.62890625 0.03984375 0.05234375
0 0.2484375 0.528125 0.07578125 0.096875
0 0.459375 0.79609375 0.040625 0.05234375
0 0.6984375 0.52265625 0.0421875 0.0546875
0 0.4453125 0.559375 0.053125 0.071875
0 0.878125 0.89296875 0.1109375 0.1203125
0 0.1984375 0.82109375 0.05703125 0.075
0 0.8859375 0.81484375 0.0375 0.04453125
0 0.1328125 0.4671875 0.10625 0.1390625
0 0.44375 0.34375 0.04296875 0.05234375
0 0.92578125 0.4375 0.08046875 0.10234375
0 0.3171875 0.86640625 0.03984375 0.0578125
0 0.1484375 0.58828125 0.0921875 0.1140625
0 0.940625 0.775 0.08359375 0.1078125
0 0.01484375 0.86171875 0.0296875 0.0984375
0 0.8546875 0.3203125 0.06328125 0.0796875
0 0.3046875 0.403125 0.07578125 0.09609375
0 0.97578125 0.8515625 0.0484375 0.071875
0 0.7171875 0.58125 0.04296875 0.05625
0 0.7625 0.3375 0.06796875 0.08515625
0 0.8578125 0.746875 0.09140625 0.11171875
0 0.70234375 0.43125 0.040625 0.05078125
0 0.9546875 0.9046875 0.04375 0.05625
0 0.7625 0.8109375 0.046875 0.06875
0 0.65703125 0.40546875 0.04140625 0.053125
0 0.13359375 0.68046875 0.0703125 0.075
0 0.78828125 0.69140625 0.046875 0.05703125
0 0.5796875 0.32421875 0.07421875 0.09765625
0 0.2984375 0.31171875 0.05703125 0.0796875
0 0.378125 0.32578125 0.07421875 0.10078125
0 0.49140625 0.6921875 0.059375 0.07734375
0 0.78359375 0.42734375 0.04765625 0.06015625
0 0.978125 0.6 0.04375 0.0671875
0 0.11171875 0.840625 0.04140625 0.0578125
0 0.43359375 0.6859375 0.03984375 0.053125
0 0.47578125 0.42578125 0.0359375 0.0453125
0 0.546875 0.58203125 0.03984375 0.05
0 0.78046875 0.74765625 0.040625 0.05546875
0 0.7484375 0.4046875 0.04140625 0.053125
0 0.234375 0.85703125 0.0421875 0.05234375
0 0.43046875 0.43984375 0.03984375 0.0515625
0 0.4546875 0.73828125 0.04296875 0.06328125
0 0.54296875 0.79609375 0.06953125 0.10625
0 0.890625 0.3828125 0.04140625 0.0546875
0 0.540625 0.715625 0.04921875 0.05703125
0 0.87890625 0.65703125 0.05078125 0.06484375
0 0.95625 0.375 0.03515625 0.04765625
0 0.92578125 0.8546875 0.040625 0.05625
0 0.98125 0.70625 0.0375 0.06328125
0 0.2984375 0.4828125 0.04453125 0.059375
0 0.0703125 0.37734375 0.0515625 0.06484375
0 0.3109375 0.5671875 0.065625 0.08046875
0 0.18359375 0.74375 0.06875 0.09375
0 0.4578125 0.2734375 0.0578125 0.078125
0 0.63359375 0.58125 0.03984375 0.0515625
0 0.3453125 0.68046875 0.04140625 0.05234375
0 0.7 0.37109375 0.05078125 0.0703125
0 0.21484375 0.58203125 0.0421875 0.053125
0 0.70859375 0.83203125 0.0375 0.05
0 0.38828125 0.68984375 0.0453125 0.05703125
0 0.21015625 0.88984375 0.03984375 0.05234375
0 0.6796875 0.63671875 0.07265625 0.0859375
0 0.50703125 0.34609375 0.0859375 0.103125
0 0.91328125 0.62734375 0.0375 0.04296875
0 0.40625 0.6453125 0.03828125 0.05234375
0 0.371875 0.64375 0.0359375 0.0484375
0 0.1109375 0.75078125 0.078125 0.10546875
0 0.1515625 0.878125 0.07109375 0.0703125
0 0.85 0.38203125 0.03046875 0.0453125
0 0.7625 0.24375 0.0625 0.07734375
0 0.02890625 0.71484375 0.0578125 0.07109375
0 0.30546875 0.671875 0.03203125 0.03984375
0 0.16015625 0.3671875 0.0625 0.08125
0 0.50546875 0.6171875 0.03046875 0.040625
0 0.2109375 0.4546875 0.04921875 0.07265625
0 0.9859375 0.53515625 0.028125 0.059375
0 0.83046875 0.6703125 0.0390625 0.04921875
0 0.2046875 0.6609375 0.06953125 0.0890625
0 0.6546875 0.6875 0.03203125 0.04453125
0 0.35234375 0.83671875 0.04140625 0.05625
0 0.07109375 0.65703125 0.06015625 0.0859375
0 0.4984375 0.7609375 0.0328125 0.04765625
0 0.15078125 0.82109375 0.02890625 0.04140625
0 0.5796875 0.88515625 0.08359375 0.096875
0 0.98671875 0.35703125 0.0265625 0.0828125
0 0.98828125 0.91953125 0.0234375 0.06796875
0 0.97578125 0.2875 0.04765625 0.06875
0 0.69609375 0.29140625 0.07109375 0.090625
0 0.021875 0.39921875 0.04375 0.0671875
0 0.334375 0.9078125 0.03046875 0.0453125
0 0.98359375 0.425 0.0328125 0.05703125
0 0.43671875 0.840625 0.03671875 0.0484375
0 0.953125 0.5140625 0.053125 0.06953125
0 0.0171875 0.62890625 0.03359375 0.0625
0 0.0625 0.43828125 0.04765625 0.06171875
0 0.9296875 0.32890625 0.0515625 0.078125
0 0.28515625 0.86875 0.02734375 0.0453125
0 0.48359375 0.59140625 0.03125 0.04296875
0 0.99296875 0.7828125 0.0140625 0.078125
0 0.99375 0.47578125 0.01171875 0.0421875
0 0.33828125 0.47734375 0.0296875 0.04765625
0 0.77265625 0.60546875 0.0375 0.05078125
0 0.00703125 0.76015625 0.0140625 0.053125
0 0.4953125 0.60234375 0.03125 0.0375
0 0.2265625 0.7328125 0.04375 0.05703125
0 0.29609375 0.90859375 0.03671875 0.03828125
0 0.00625 0.66796875 0.01171875 0.03671875
0 0.25078125 0.9015625 0.05 0.04140625
0 0.78515625 0.6109375 0.0625 0.059375
0 0.9078125 0.26640625 0.04296875 0.06015625