0 0.7424099073037975 0.6858258904800354 0.14336614749072324 0.15936616631798622
0 0.8660818531567605 0.6949671139788897 0.128854499593686 0.15279113097180996
0 0.8175097777088904 0.8832840783596883 0.07144435598499968 0.08586607123840295
0 0.6544813888776867 0.7871143271254173 0.12178429337313049 0.14327066060708765
0 0.1285517503293067 0.6065623905769446 0.06638579766148131 0.0826296954904123
0 0.28907773015976945 0.48974117933027805 0.07525303830120356 0.07815812806304692
0 0.407549017341298 0.8893989532659727 0.09423456227626126 0.11465916242375015
0 0.4039317506121306 0.5370363662600004 0.18021013283477974 0.20398208793167552
0 0.6410715827043993 0.6451080118709381 0.10212763089666659 0.11464796085410178
0 0.43831914665338106 0.77034048195132 0.09114006324822324 0.11604899801694017
0 0.45832743322277897 0.6400717537028129 0.11379622468201944 0.1243729172679167
0 0.8637653718656952 0.5156426366803133 0.11926488611581547 0.1322967930159072
0 0.7398044427418997 0.8587730812094797 0.10267443504370348 0.12089796085410143
0 0.016517099387083914 0.6565961453265973 0.03303419877416783 0.10330814437666672
0 0.25335767775615875 0.7190650034184725 0.09470566733046279 0.12227180397485249
0 0.2336295210644918 0.5776944677992711 0.09550657257314796 0.11137521751493047
0 0.6151911708289362 0.5114226896826046 0.14156911307155634 0.1733582041100739
0 0.3755744303480569 0.717995425530556 0.10405264540538753 0.11771394516973092
0 0.5058257327516676 0.4908718407087852 0.10357538701707156 0.11448674297083343
0 0.4854785277088906 0.87555596523382 0.08110966855570574 0.10499776764320323
0 0.33200150466463124 0.8312760223201738 0.0966892933024246 0.12377983423937948
0 0.5633882057013905 0.8350959258148963 0.08937131645274281 0.11142733262465718
0 0.3270515815731036 0.9415413750937155 0.07176534666007513 0.0906489545139543
0 0.06525137648384381 0.6410997383164931 0.07576062052907388 0.09844107939521277
0 0.05259696866088117 0.8036361059076735 0.06827783215135401 0.08754660260714431
0 0.7424084902445381 0.5605713173417716 0.09430676421427649 0.09877528829048181
0 0.22669459882143608 0.46010692429628497 0.0778396008365565 0.08767169785312508
0 0.6247953059369461 0.9116779160312506 0.10365347659059018 0.11760719702193576
0 0.16593559019726983 0.6982420507211808 0.09054567049962943 0.10814111474138884
0 0.5207406673885663 0.7409452291015283 0.09384641632314797 0.11133657694930132
0 0.00039025000556489585 0.7436779180280209 0.0007805000111297917 0.11216052355604163
0 0.24942345051759415 0.8356167237831947 0.08044564148218729 0.10186367574540789
0 0.03750637676666775 0.564518401310521 0.07500996006723941 0.09208887719631527
0 0.8766400614035664 0.8337756940510077 0.10234242150694399 0.11933091490520412
0 0.25838905593694617 0.90314971589941 0.050596251832054316 0.06033427686868507
0 0.0901447782745384 0.7144833401401043 0.07468409986459475 0.08613639189521258
0 0.31222412130004756 0.6546765015186115 0.08352305288063064 0.10027852765221787
0 0.010012102264588431 0.8565052263486459 0.020024204529176862 0.1347877964472918
0 0.1847854606023628 0.8943910053183336 0.06284215073640613 0.07777180405805133
0 0.1805558733262978 0.7995688145888892 0.09109247464666645 0.11439111474138883
0 0.08567932808625092 0.4881383924768056 0.12143519220677634 0.14150830215819016
0 0.008341995908750365 0.44276938145888894 0.01668399181750073 0.1261592169688802
0 0.7646493263893074 0.9570862731572204 0.07674581541007512 0.08582745368555926
0 0.02982814223282474 0.7349763716752431 0.05965628446564948 0.082518319742422
0 0.8360458727606499 0.9627573416114587 0.06334136628188639 0.07448531677708274
0 0.174957150093751 0.5324897641520489 0.0826552580585184 0.08924564437666671
0 0.8170086575866214 0.6116266306963897 0.06498828632192684 0.06554212471486114
0 0.8086220847306496 0.7969647186522925 0.07603419973500003 0.08597290103749575
0 0.9214733992452793 0.7776718176261119 0.03300674970555519 0.09432733550999135
0 0.9306029744103252 0.6643723838305217 0.033620709130630644 0.09911703770888884
0 0.048984661639122073 0.8896645248856251 0.06742088305851834 0.0888910603626563
0 0.13938477770889054 0.8675005437873267 0.06483184147627878 0.08269098414923164
0 0.11340732954685336 0.7886118243725349 0.05758588943220473 0.07004778675895836
0 0.910859945050974 0.9347758028084729 0.026832448798391084 0.09281922359416654
0 0.006853335918125465 0.52018586664125 0.01370667183625093 0.0700546873336025