0 0.11015625 0.71171875 0.07109375 0.0859375
0 0.39140625 0.809375 0.10234375 0.125
0 0.60546875 0.5203125 0.09453125 0.0984375
0 0.15703125 0.83671875 0.06015625 0.08125
0 0.16953125 0.671875 0.06484375 0.08203125
0 0.81953125 0.57734375 0.06953125 0.0875
0 0.53828125 0.7046875 0.071875 0.1
0 0.3921875 0.7078125 0.06328125 0.08046875
0 0.68515625 0.75234375 0.07734375 0.090625
0 0.6234375 0.7 0.06875 0.08984375
0 0.31484375 0.69453125 0.07109375 0.09453125
0 0.27421875 0.74375 0.0546875 0.071875
0 0.209375 0.7359375 0.0625 0.07109375
0 0.64453125 0.60390625 0.059375 0.07578125
0 0.1640625 0.76328125 0.053125 0.0671875
0 0.59296875 0.78359375 0.06953125 0.08671875
0 0.64140625 0.8375 0.059375 0.0734375
0 0.47421875 0.7640625 0.06328125 0.07734375
0 0.92578125 0.68203125 0.08515625 0.11953125
0 0.88828125 0.78515625 0.09609375 0.1046875
0 0.46875 0.6875 0.0625 0.08046875
0 0.09296875 0.81484375 0.05859375 0.06875
0 0.528125 0.81484375 0.071875 0.10234375
0 0.70703125 0.675 0.05703125 0.07265625
0 0.28359375 0.83125 0.0546875 0.07421875
0 0.259375 0.66796875 0.0546875 0.07265625
0 0.90625 0.5859375 0.06171875 0.07109375
0 0.7875 0.7875 0.0703125 0.07734375
0 0.36171875 0.625 0.05078125 0.06484375
0 0.76171875 0.86328125 0.046875 0.0609375
0 0.8359375 0.85625 0.078125 0.09140625
0 0.421875 0.6390625 0.06953125 0.0875
0 0.0234375 0.69609375 0.046875 0.0734375
0 0.503125 0.61796875 0.06796875 0.07578125
0 0.2140625 0.81953125 0.0609375 0.0859375
0 0.57578125 0.61953125 0.07421875 0.1
0 0.76171875 0.71796875 0.0703125 0.0828125
0 0.96953125 0.75234375 0.0609375 0.1109375
0 0.48515625 0.5375 0.06640625 0.08828125
0 0.70234375 0.8375 0.06015625 0.09140625
0 0.80546875 0.65546875 0.05 0.05859375
0 0.32578125 0.77265625 0.0578125 0.071875
0 0.83515625 0.72890625 0.0625 0.08203125
0 0.75859375 0.62578125 0.071875 0.0875
0 0.70625 0.58671875 0.05703125 0.0765625
0 0.86171875 0.65234375 0.059375 0.08046875
0 0.909375 0.8671875 0.065625 0.075
0 0.4640625 0.8328125 0.05 0.059375
0 0.7515625 0.553125 0.05390625 0.0609375
0 0.02578125 0.7953125 0.0515625 0.06875
0 0.6875 0.5125 0.06015625 0.07578125
0 0.0046875 0.74296875 0.009375 0.046875
0 0.00703125 0.34921875 0.0140625 0.1
0 0.30078125 0.61328125 0.0515625 0.06015625