0 0.8432174865220288 0.4613084305943744 0.0770163403609331 0.07934257594314839
0 0.738640737013105 0.2252191517804183 0.13533938825200736 0.1409285385544245
0 0.5141828351825939 0.4563486006453278 0.10574904036720464 0.11256247443121907
0 0.23674894503299102 0.299508670858437 0.12603422268107495 0.1317101396096728
0 0.7973531199744566 0.61642262458802 0.12540691090590528 0.1284857787634884
0 0.5079077468133297 0.3324474504831721 0.12916692859830653 0.14247619145625431
0 0.4943765030194288 0.5625576903369023 0.0837598298149727 0.08423171256039659
0 0.8428397200246289 0.3539635348964455 0.12799662162138575 0.1347630523024387
0 0.12031187136406396 0.34056827313191324 0.0888777610670632 0.09522716883066602
0 0.4408645967798813 0.5067792487788887 0.08079804198011402 0.0839852621748646
0 0.6691579615303909 0.4143947000761349 0.09092739984929477 0.08873874715856651
0 0.8515150990680203 0.2201379598153676 0.1117861096766962 0.1202631871442545
0 0.03574341824429027 0.6750290478886797 0.07148683648858054 0.1059966298696164
0 0.18795070074801398 0.763267207790068 0.11986739678672453 0.12381240980045298
0 0.5965433771627078 0.37473613635914277 0.10902120236491655 0.1123274619514886
0 0.596740234724966 0.5165514894433979 0.15629168859313758 0.17420738184774348
0 0.0784912958980741 0.44247564650870785 0.09732527875946448 0.10929940214028307
0 0.3986537106318595 0.4394456984545771 0.09818292663799558 0.10444556777541755
0 0.3738078289764947 0.22355191720498907 0.09394910983994462 0.0982369723513326
0 0.4086781548499399 0.3260144439903503 0.10746911877299574 0.12184322737358784
0 0.8092453413886929 0.6918453644417502 0.06252904286819287 0.05873809572812725
0 0.12447429540699799 0.6775421676120261 0.09085756542022709 0.0977935048696164
0 0.7219696181773936 0.6746521359521057 0.07154801591624374 0.06503021636524764
0 0.6559349544257604 0.21359013067709992 0.07508062077378615 0.07882190736564479
0 0.17572981598959966 0.43242058238467856 0.12422533641028406 0.13966340503177205
0 0.4726088490680203 0.21352412661991016 0.10440560895186586 0.12334777110331832
0 0.7527402409310651 0.7496209082732401 0.10206499499802373 0.10792149279568726
0 0.5047621364718564 0.7186537317327601 0.06497002356288206 0.07299761282431164
0 0.033311407119786765 0.2864790166390915 0.06662281423957353 0.08856537261524763
0 0.7067064360476769 0.60543848578995 0.10005601357850402 0.0968829273533185
0 0.06683016015750756 0.5801665612813602 0.09742856876881467 0.09985572402541756
0 0.7515960994754756 0.4228850844099782 0.0945020173149727 0.08441921814068003
0 0.23095430749536164 0.49684732102059287 0.08071643589754326 0.08408121382868021
0 0.36358589856021994 0.5336360292176978 0.08938095001672419 0.0888091298696164
0 0.8668176159728755 0.5322345852207571 0.08941305035158287 0.0890044423696164
0 0.6661282083437206 0.7379237033225458 0.10518165074782608 0.11858988839226861
0 0.6703860628865501 0.3258816249950571 0.08380370180333437 0.0933858311176305
0 0.905609066888131 0.4153880044576363 0.07890242000220482 0.1293294334411625
0 0.7552963521710698 0.33363166963732577 0.08728316073220448 0.09500458279171564
0 0.033655356264727536 0.7621159906645092 0.06731071252945507 0.07620443344116268
0 0.11706357668835579 0.5128796497551187 0.07693473427836248 0.07943852759696383
0 0.14952572941739833 0.2486262349824663 0.07177750090898401 0.08538582553734697
0 0.5970969459315224 0.2760259009696394 0.07577619895494436 0.0806841945003824
0 0.030622659523804562 0.38582049756436804 0.061245319047609124 0.08860408405999927
0 0.7708197414221412 0.5156726022668856 0.09524917340172437 0.1061471286013326
0 0.5765629449493702 0.7441952483718517 0.10935554539008603 0.11554670900911965
0 0.26486650751208585 0.4096882402574721 0.08563748662655488 0.10276594490618365
0 0.3235110628865501 0.3198268993480816 0.08779676608994462 0.09812958279171564
0 0.8744617512223659 0.6287374383050122 0.06717367914943609 0.10536494074641087
0 0.2991690182108419 0.49177008319545745 0.08283641324364517 0.09638760592486459
0 0.025657367761482343 0.1834397913958578 0.051314735522964686 0.11668427029171564
0 0.33904869854349584 0.6209587512145207 0.08950236235138531 0.09961999548448155
0 0.33136800432541547 0.7344309159871731 0.07733463321867325 0.08246416675077946
0 0.009326571153542119 0.584176176947517 0.018653142307084238 0.08228468988392841
0 0.9350363597667763 0.3030789192302887 0.05071834895703482 0.09115293054967336
0 0.028685965216593327 0.5166983506486231 0.057371930433186655 0.07466920698011278
0 0.8313046547663191 0.7721465190681329 0.09602521519768459 0.10138924589028306
0 0.3628131596664315 0.8195968486167329 0.10848184734412562 0.12030288712398515
0 0.636534881571744 0.6653259545403618 0.0678221707165827 0.07139200365221221
0 0.2639545253154725 0.691729172887032 0.09784451787655488 0.10297901942923335
0 0.20462119094778924 0.6523024342511177 0.08366060554189367 0.09192269196381489
0 0.6949100900827061 0.5151310856277942 0.09558758216316506 0.10761367694751697
0 0.4820008712804432 0.7856366801906326 0.07476097267062229 0.07628454946182935
0 0.3857969994253031 0.6797530986167329 0.08451825342042474 0.08706885759894974
0 0.09176573701310495 0.21392790665497752 0.07725145911302363 0.09025280240419802
0 0.3988830940842871 0.5953644618472578 0.0821037393012439 0.08245003571381489
0 0.2604517588180725 0.5843297301112024 0.08613660983994453 0.09810060465658096
0 0.4449585645999921 0.7011565401747466 0.07275042322802357 0.07293866801906326
0 0.9560091459482466 0.19453971630818936 0.04483885805333436 0.09270569724005648
0 0.523937303901236 0.6210520288106609 0.07352083126463356 0.07762616801906326
0 0.09733654271140377 0.7663864793004234 0.07684884968186538 0.08839562905801354
0 0.337511915548696 0.40625532304918777 0.08320849036302355 0.09035678277144613
0 0.19558632489129296 0.5737956047058128 0.070511105705142 0.06997829778774403
0 0.45168794184632066 0.6268423327884204 0.06392676267997252 0.06664995657431164
0 0.9160386968300539 0.2518203822986577 0.07215364376463355 0.07760230367248173
0 0.5482616977285852 0.21562814325900162 0.07199043159949241 0.07779420698011297
0 0.13704678470824186 0.596278530842551 0.06857652858576353 0.07598184740221221
0 0.584661369075925 0.6424827439076248 0.08337170252816488 0.09016487946381488
0 0.30285332227931955 0.22623085795222378 0.0720358716109331 0.07925564153774411
0 0.2537691538677877 0.7918382670428332 0.07241044644350367 0.07916480367248191
0 0.2053562972876816 0.180653530842551 0.07014944499384282 0.08555215990221225
0 0.8812812686182973 0.7064221075418914 0.019539034496723673 0.053118897676468005