0 0.7546875 0.2796875 0.08984375 0.10703125
0 0.74609375 0.55390625 0.071875 0.084375
0 0.90703125 0.6640625 0.15546875 0.18046875
0 0.49296875 0.32265625 0.103125 0.13359375
0 0.3515625 0.1859375 0.10859375 0.14453125
0 0.828125 0.4171875 0.071875 0.09140625
0 0.825 0.325 0.0640625 0.0875
0 0.57265625 0.38125 0.10625 0.12734375
0 0.6828125 0.44140625 0.06015625 0.07109375
0 0.89375 0.79140625 0.06875 0.0734375
0 0.24453125 0.34921875 0.0890625 0.10859375
0 0.13828125 0.31015625 0.10078125 0.14296875
0 0.490625 0.5796875 0.1 0.12578125
0 0.9546875 0.46171875 0.07421875 0.08671875
0 0.7984375 0.509375 0.06328125 0.0765625
0 0.59609375 0.26875 0.08359375 0.09609375
0 0.68828125 0.59765625 0.065625 0.08125
0 0.8796875 0.3625 0.06171875 0.078125
0 0.94296875 0.37109375 0.06171875 0.07421875
0 0.671875 0.2234375 0.0796875 0.09921875
0 0.403125 0.5671875 0.0796875 0.10078125
0 0.83828125 0.565625 0.05859375 0.06875
0 0.3640625 0.4796875 0.08125 0.103125
0 0.38984375 0.70625 0.08203125 0.11328125
0 0.76328125 0.3796875 0.08828125 0.0984375
0 0.55234375 0.4921875 0.06875 0.09375
0 0.66796875 0.33828125 0.09453125 0.11484375
0 0.4984375 0.428125 0.065625 0.08046875
0 0.746875 0.47578125 0.065625 0.078125
0 0.77890625 0.73125 0.0734375 0.0890625
0 0.5828125 0.58671875 0.0796875 0.10390625
0 0.08359375 0.19296875 0.0796875 0.12109375
0 0.6296875 0.665625 0.07890625 0.08125
0 0.69296875 0.51796875 0.0609375 0.071875
0 0.85625 0.4859375 0.065625 0.0765625
0 0.40078125 0.38828125 0.07578125 0.0859375
0 0.67890625 0.7390625 0.06640625 0.08984375
0 0.9015625 0.4296875 0.053125 0.0578125
0 0.63203125 0.53515625 0.0609375 0.07734375
0 0.9765625 0.29296875 0.046875 0.0859375
0 0.18125 0.43515625 0.084375 0.1125
0 0.91015625 0.5328125 0.07578125 0.08515625
0 0.93203125 0.2453125 0.0796875 0.1
0 0.584375 0.15234375 0.07421875 0.096875
0 0.11796875 0.48984375 0.0625 0.0859375
0 0.04140625 0.309375 0.08203125 0.1234375
0 0.271875 0.48828125 0.115625 0.17578125
0 0.3921875 0.3 0.0734375 0.09140625
0 0.2984375 0.2921875 0.06875 0.09921875
0 0.86015625 0.234375 0.07890625 0.09453125
0 0.44296875 0.640625 0.05625 0.06484375
0 0.975 0.5609375 0.05 0.103125
0 0.05234375 0.41875 0.07578125 0.103125
0 0.0140625 0.203125 0.028125 0.0984375
0 0.81640625 0.809375 0.05859375 0.075
0 0.72890625 0.675 0.06796875 0.0875
0 0.56484375 0.73671875 0.075 0.0984375
0 0.47578125 0.71171875 0.0828125 0.10390625
0 0.35390625 0.63046875 0.05703125 0.07421875
0 0.45703125 0.18359375 0.084375 0.12890625
0 0.5234375 0.65703125 0.053125 0.05703125
0 0.22109375 0.2453125 0.06328125 0.0796875
0 0.74453125 0.8 0.07578125 0.09375
0 0.44609375 0.48046875 0.078125 0.10625
0 0.5359375 0.21796875 0.0640625 0.0828125
0 0.18359375 0.53984375 0.06796875 0.0828125
0 0.22890625 0.59765625 0.05546875 0.0765625
0 0.04765625 0.5109375 0.0703125 0.08671875
0 0.79921875 0.64609375 0.0671875 0.08046875
0 0.1203125 0.79453125 0.071875 0.1140625
0 0.234375 0.76328125 0.0546875 0.06875
0 0.96875 0.7609375 0.06171875 0.078125
0 0.07109375 0.71640625 0.05625 0.07890625
0 0.1015625 0.66015625 0.0640625 0.08828125
0 0.01484375 0.67734375 0.0296875 0.103125
0 0.3234375 0.384375 0.07421875 0.08671875
0 0.0125 0.77734375 0.025 0.07421875
0 0.26796875 0.18359375 0.06171875 0.07890625
0 0.23515625 0.6953125 0.05234375 0.06796875
0 0.1 0.575 0.06328125 0.07890625
0 0.30859375 0.709375 0.0796875 0.11328125
0 0.05234375 0.60234375 0.06640625 0.096875
0 0.01015625 0.3875 0.01953125 0.08359375
0 0.00703125 0.4765625 0.0140625 0.07421875
0 0.1484375 0.60234375 0.046875 0.06640625
0 0.98984375 0.1953125 0.0203125 0.075
0 0.99375 0.6640625 0.0125 0.071875
0 0.75234375 0.17578125 0.07265625 0.07734375
0 0.153125 0.1890625 0.05625 0.08125
0 0.16171875 0.67578125 0.046875 0.071875
0 0.6046875 0.46640625 0.0546875 0.065625
0 0.29296875 0.615625 0.06796875 0.08984375
0 0.99453125 0.39765625 0.009375 0.06875