0 0.139150571875 0.7847887484375 0.1514710734375 0.7885903609375 0.171894490625 0.7883527124999999 0.180166196875 0.7843114890625 0.1904149296875 0.7737154171875 0.1975502234375 0.7618459734374999 0.19968192812500002 0.7526539546875 0.193572171875 0.70918078125 0.1872601078125 0.6886279984375 0.14177663125 0.6642748093749999 0.12615163125 0.664456621875 0.11516789062499999 0.6698228375 0.106446975 0.6843299359375 0.10463014531249999 0.7131623203124999 0.105617053125 0.73410446875 0.11051021093749999 0.7550011640625 0.1166792890625 0.7640965937499999 0.139150571875 0.7847887484375
0 0.2304541234375 0.67233094375 0.2109228734375 0.6725582109375 0.1986632140625 0.6897256921875 0.196594484375 0.70284578125 0.196846384375 0.7185580765624999 0.20247454999999998 0.744684625 0.21518020781249997 0.7654904124999999 0.223302409375 0.7745631171875 0.22989679375 0.779724790625 0.24128598281250002 0.782850103125 0.25383963125000003 0.7827040281250001 0.255654921875 0.782044275 0.2670639703125 0.7727443046875 0.2738895625 0.751711246875 0.274740175 0.7438437375 0.2729026546875 0.7307691000000001 0.2687445046875 0.7151022593749999 0.2603126015625 0.6968659453125 0.24754914062500002 0.6826088390625 0.238634128125 0.674854965625 0.2304541234375 0.67233094375
0 0.1883269453125 0.67847101875 0.1954622390625 0.666601575 0.196223134375 0.6500917328125 0.194505053125 0.6378669484375 0.1919028015625 0.62735493125 0.18378060000000002 0.6182822296875 0.1650999625 0.6106419859375001 0.14808343906250002 0.6357224265625 0.14870284375 0.654049646875 0.152125984375 0.66448663125 0.1575022515625 0.6749008921875 0.1638775359375 0.68202224375 0.18310135 0.6817985546875 0.1883269453125 0.67847101875
0 0.140407828125 0.642703321875 0.1358507765625 0.6102782171875 0.1354475578125 0.6094971484375 0.11739256093749999 0.5980501625 0.10920497343749999 0.598145434375 0.10584097968749999 0.6006744390625001 0.0959019484375 0.62043411875 0.09884198125 0.6413535390625 0.10153011406250001 0.6465606687500001 0.10965231718749999 0.6556333734375 0.1179887765625 0.660645434375 0.11861570156250001 0.6606381390625 0.1350429421875 0.6553379265625 0.13900699375 0.648743790625 0.140407828125 0.642703321875
0 0.2637394703125 0.6530417125 0.2649575859375 0.6477891296875 0.2632377390625 0.625807828125 0.261694221875 0.6148251328125001 0.259812528125 0.6111801421874999 0.242551059375 0.591898646875 0.2417071140625 0.5919084671875 0.21970531875 0.597241209375 0.212570025 0.609110653125 0.2111239828125 0.622485421875 0.21399051562500002 0.64288185625 0.21612946093750002 0.6483572953125 0.226939796875 0.662637128125 0.237584309375 0.6702092015625001 0.247792 0.6700904234375 0.25465105 0.66493388125 0.2637394703125 0.6530417125
0 0.1725621953125 0.6160627578125 0.1842809453125 0.6159263984375001 0.1897728171875 0.61324329375 0.1953224890625 0.604011503125 0.196512009375 0.59646745 0.19291965625000002 0.57090653125 0.19213055625 0.5673797875 0.18132022187500002 0.55309995625 0.1672808421875 0.5506441140625 0.1602033515625 0.5559648765625 0.15306805625 0.5678343203125 0.15184994062499999 0.573086903125 0.15442246875 0.591391396875 0.15747810625 0.599213453125 0.1682884421875 0.6134932859375 0.1725621953125 0.6160627578125
0 0.0917551046875 0.58187983125 0.1021979359375 0.5935447375 0.1072842296875 0.5966027296874999 0.13525619687499998 0.5962772453125 0.14412197499999999 0.578651284375 0.1448466375 0.562927628125 0.14319286874999998 0.551160453125 0.141297546875 0.544634496875 0.133233146875 0.5290131125 0.11387530312500001 0.5095943328125 0.10606280312500001 0.5096852390625 0.0950790625 0.5150514546875 0.08952938906249999 0.5242832453124999 0.08428941718750001 0.5426786453125 0.083523865625 0.549759403125 0.086298521875 0.5695021062500001 0.0917551046875 0.58187983125
0 0.24711518125 0.5918455375 0.25273585781249996 0.5844908984375 0.2477352953125 0.548910053125 0.2475336859375 0.5485195187499999 0.2417321140625 0.5420390187499999 0.237458359375 0.5394695421875 0.223786484375 0.539628628125 0.21786930781249997 0.5462454921875 0.21543307343749998 0.55675065625 0.21837310625 0.5776700765625 0.2222215546875 0.5841733078125 0.2396658296875 0.59193221875 0.24711518125 0.5918455375
0 0.1918710421875 0.5032802140625 0.18105586093749998 0.5034060609375001 0.1744612515625 0.5175197890625001 0.1766662765625 0.53320935625 0.1827775515625 0.5488534671874999 0.19009568906250002 0.5549476953125 0.2007409421875 0.5548238265625 0.2081681765625 0.548558021875 0.20938629375 0.5433054375 0.20534374843749997 0.514541234375 0.197221546875 0.50546853125 0.1918710421875 0.5032802140625
0 0.16312629843749998 0.53648085 0.166545171875 0.5307936109375 0.1677455203125 0.5142786593750001 0.1671942640625 0.5103562671875 0.1644557515625 0.5020066796875 0.15407072187499998 0.48379309218750005 0.1431447828125 0.48261062499999996 0.136067290625 0.4879313859375 0.1324707421875 0.49714045 0.132966265625 0.511802228125 0.1336277734375 0.516509096875 0.1384664125 0.525881928125 0.1481113484375 0.5366555640625 0.16312629843749998 0.53648085
0 0.07782212031249999 0.43417980937499995 0.0673719984375 0.448404828125 0.064935765625 0.45890999218750006 0.0678757984375 0.4798294140625 0.0786861328125 0.494109246875 0.09067495 0.5013276265625 0.0917536890625 0.501315075 0.105437925 0.494103053125 0.0983482265625 0.443657221875 0.0881294921875 0.434059871875 0.07782212031249999 0.43417980937499995
0 0.0970371984375 0.452736884375 0.12637185 0.45239554374999996 0.1340740828125 0.446605109375 0.1418959140625 0.4305726671875 0.1350002 0.38150711406250004 0.130010846875 0.3759338828125 0.119142709375 0.36820273124999997 0.11096270625 0.3656787125 0.09338458125 0.3658832515625 0.089845834375 0.36854363125 0.0862492859375 0.3777526953125 0.08443245625 0.4065850796875 0.0881074984375 0.43273435625 0.0945862765625 0.4509933984375 0.0970371984375 0.452736884375
0 0.0578401578125 0.41155410468750003 0.059071070312499994 0.4203125 0.0671774 0.420218175 0.0696943484375 0.41377345156249995 0.068833390625 0.4006874515625 0.06662836562499999 0.3849978859375 0.062596165625 0.377187190625 0.05679459375 0.37070668906250004 0.05288834375 0.3707521421875 0.0578401578125 0.41155410468750003
0 0.076328553125 0.29950705 0.06814855 0.2969830296875 0.060336049999999995 0.2970739359375 0.0508801265625 0.3063511796875 0.046007659374999996 0.3273615078125 0.050417709374999994 0.3587406390625 0.058907414062499996 0.37042826875 0.0611419015625 0.3717716921875 0.082447846875 0.371523775 0.09137553125 0.3648120625 0.0969252046875 0.35558027187499996 0.0910451390625 0.313741428125 0.08524356562499999 0.307260925 0.076328553125 0.29950705
0 0.0904053625 0.26742937968749997 0.091255975 0.259561871875 0.0883159421875 0.23864245 0.0852603046875 0.2308203921875 0.0648783265625 0.21678774843749998 0.056738990625 0.2168824578125 0.051747478125 0.2220431375 0.0433940671875 0.23916516406250002 0.042543454687499996 0.247032671875 0.045850990625 0.270567021875 0.053915390625000004 0.2861884078125 0.0616700890625 0.292646184375 0.07107764062500001 0.29496837343750004 0.072126534375 0.29495616875 0.080833834375 0.289803990625 0.0904053625 0.26742937968749997
0 0.0396082984375 0.22614795625 0.041845671875000004 0.22801114375 0.0467748640625 0.2279537875 0.0386007 0.1632987859375 0.0354872609375 0.1620254125 0.0262832375 0.1870149484375 0.0284882609375 0.20270451406249998 0.0396082984375 0.22614795625
0 0.0635137109375 0.19858075625 0.0733498796875 0.20260367499999998 0.08567806875 0.2024602234375 0.0928105859375 0.19823985625 0.0999458796875 0.1863704109375 0.10541316875 0.17098445 0.10124199687499999 0.1413050203125 0.0934464109375 0.12620434687499998 0.0830035796875 0.11453944375 0.072502946875 0.1094232203125 0.063104825 0.11215178125 0.058773268749999996 0.1161309890625 0.050362056249999995 0.1398016984375 0.047184771874999996 0.15756195 0.049218293749999996 0.1720312171875 0.0550240046875 0.186893125 0.0635137109375 0.19858075625
0 0.2064960765625 0.4914206265625 0.2083062140625 0.47994054531249997 0.20535961875000003 0.45897442968749996 0.1971350671875 0.4456934828125 0.17415868125 0.43305883125 0.16773989218750002 0.43313352031249996 0.159290684375 0.44089543437499995 0.15410851406249998 0.45274215 0.15289039843750002 0.457994734375 0.1550954234375 0.47368430000000006 0.158151059375 0.48150635625 0.16083919375 0.48671348593749997 0.1749347421875 0.500347175 0.1983148109375 0.5000751234374999 0.202532025 0.4980147625 0.2064960765625 0.4914206265625
0 0.265966046875 0.5136773828125001 0.26598338906249996 0.5117127781249999 0.26185509218749997 0.482338425 0.25581222812500004 0.4692690671875 0.2480575296875 0.4628112921875 0.24043295625 0.46045865468749997 0.22982740937499999 0.4605820609375 0.21754253750000002 0.46840477343750003 0.21040724375000003 0.48027421875 0.2071203984375 0.49864689218749997 0.2096929265625 0.5169513859375 0.21506919375 0.5273656421874999 0.225512025 0.5390305484375 0.23995201093750002 0.5465422875 0.24822868125 0.5464459796875001 0.25956576249999996 0.5307766843749999 0.265966046875 0.5136773828125001
0 0.1919118390625 0.4422425859375 0.2018784015625 0.4421266140625 0.21277024687499999 0.4240082078125 0.21463279375000002 0.41359702656249997 0.211092503125 0.3884065578125 0.2011464109375 0.3691401796875 0.19107108281250001 0.3600902015625 0.18325858281250001 0.3601811078125 0.1687360953125 0.36820770625 0.1631864234375 0.377439496875 0.1598995765625 0.3958121703125 0.16173709687499999 0.40888680937500005 0.164792734375 0.41670886406249996 0.180244328125 0.4361731 0.1919118390625 0.4422425859375
0 0.1291792046875 0.3694149515625 0.1565561078125 0.3690963921875 0.1587342109375 0.36803225781250004 0.1674551265625 0.3535251578125 0.1701349828125 0.341969478125 0.164989925 0.305360490625 0.16132316093750002 0.2959740234375 0.14855970000000002 0.28171691718749997 0.1298790625 0.27407667343750003 0.1201134375 0.2741903078125 0.10590065156249999 0.2913805140625 0.1049344359375 0.3123453890625 0.1075069640625 0.3306498828125 0.11361823906249999 0.3462939953125 0.1274842109375 0.36839588437500004 0.1291792046875 0.3694149515625
0 0.1411981328125 0.26911156406250003 0.1421843953125 0.2683701046875 0.1521234265625 0.2486104234375 0.1525582234375 0.23917622968750002 0.1493976890625 0.216687853125 0.14697836875 0.21200143593749998 0.1365355375 0.20033653125 0.1260349046875 0.1952203109375 0.1091917875 0.20065470468750002 0.10364211406249998 0.2098864953125 0.1027242078125 0.22980312656250002 0.10592149375 0.2525529984375 0.1086715671875 0.25959284843749997 0.11908060000000001 0.269368925 0.1411981328125 0.26911156406250003
0 0.13714628906249998 0.19633029062500001 0.1513452203125 0.214216559375 0.1674840234375 0.2140287671875 0.1792066234375 0.2102464953125 0.1832862796875 0.1905549953125 0.18308476093749998 0.1779851609375 0.1822762515625 0.1722323203125 0.17924373437500002 0.16179079062499999 0.1661127703125 0.14491875781250002 0.159885890625 0.142372009375 0.150120265625 0.14248564218749998 0.1446283953125 0.14516875 0.13590748125000002 0.1596758484375 0.133471246875 0.1701810125 0.1336727671875 0.182750846875 0.134407775 0.18798070312499998 0.13714628906249998 0.19633029062500001
0 0.208986384375 0.21041573281249998 0.2354792578125 0.2101074609375 0.2373313703125 0.20901155 0.24483416875000003 0.199757034375 0.2508091484375 0.1865914890625 0.25214286874999997 0.16824154375 0.24810032343750002 0.13947733906249998 0.24003592343750002 0.12385595 0.23386684687499998 0.11476052031249999 0.21445120156250003 0.10189042343750002 0.1988262015625 0.1020722359375 0.1881521609375 0.1166020625 0.18047595624999999 0.1455026265625 0.1814628640625 0.166444775 0.18488600625 0.176881759375 0.19991229375 0.200279746875 0.208986384375 0.21041573281249998
0 0.1879593265625 0.2175414734375 0.1827625734375 0.215416040625 0.16787428437500002 0.21558928125 0.15848904375 0.237528421875 0.1571553234375 0.25587836875000003 0.16510411875 0.28459712187499997 0.1793780484375 0.29840334999999996 0.19423955625 0.2982304203125 0.20252319531250002 0.2933289234375 0.2064872484375 0.286734790625 0.20715958437499998 0.2824707578125 0.1996193890625 0.22881948125 0.1879593265625 0.2175414734375
0 0.1965653953125 0.3577724640625 0.20664072187500002 0.36682244062499997 0.2226332265625 0.369255553125 0.23361696875 0.3638893390625 0.2382641359375 0.3478878859375 0.23372128281250001 0.3155638125 0.230965946875 0.3102265046875 0.2251643734375 0.3037460015625 0.216616865625 0.298607053125 0.206851240625 0.2987206859375 0.1958674984375 0.30408690156249996 0.1883647 0.31334141875 0.187146584375 0.3185940015625 0.1881334921875 0.33953615 0.1911891296875 0.34735820624999997 0.1965653953125 0.3577724640625
0 0.243093278125 0.4557325328125 0.270802340625 0.455410109375 0.27176129375 0.45468918125 0.2766470171875 0.4316851921875 0.27372025624999996 0.4108602 0.2683752625 0.395796490625 0.2633665 0.38799716093750003 0.255611803125 0.3815393859375 0.243893053125 0.38167574531250004 0.2348624359375 0.38701923437499997 0.2277271421875 0.398888678125 0.2260259171875 0.414623696875 0.2285984453125 0.43292819062500004 0.238983475 0.45114177812499995 0.243093278125 0.4557325328125
0 0.2975227921875 0.7458712546874999 0.3044551484375 0.7492489046874999 0.3312871140625 0.7489366859375 0.333046546875 0.7480770984375 0.3484774484375 0.7256343140625 0.35188817499999997 0.7109270796875 0.348213134375 0.6847778046874999 0.345768625 0.678520159375 0.327996403125 0.6564637249999999 0.31944889375 0.651324778125 0.30187076875 0.6515293171875001 0.2877157859375 0.6621708421875 0.27582362968749996 0.6819532484375 0.27720116250000004 0.7028908515625 0.278597678125 0.7128275765625001 0.2828062078125 0.731636875 0.2975227921875 0.7458712546874999
0 0.30869018593750003 0.626276340625 0.30351021562499997 0.5894189328125 0.2980667453125 0.5788745 0.284755209375 0.5726268937500001 0.27839669843750003 0.5727008812500001 0.27151580625 0.5778738453125001 0.267551753125 0.58446798125 0.263897403125 0.600225725 0.266102428125 0.6159152921875 0.269158065625 0.6237373484375001 0.2799684 0.6380171812500001 0.28827847812499996 0.6430133812500001 0.2984419625 0.64289511875 0.306944646875 0.6350840828125001 0.30869018593750003 0.626276340625
0 0.31343229687499996 0.576988371875 0.3147331109375 0.5760104390625 0.327360275 0.561457884375 0.3295528859375 0.5520032328125 0.3255838421875 0.5237620187500001 0.323433334375 0.5195963140625001 0.30834924531249996 0.50274700625 0.29077112031249996 0.502951546875 0.278511459375 0.520119028125 0.27631885 0.529573675 0.27918538125 0.5499701109374999 0.284024021875 0.5593429421875 0.2991081109375 0.5761922515625 0.3035509234375 0.5771033515624999 0.31343229687499996 0.576988371875
0 0.34305820625 0.49219533281250005 0.34403269999999997 0.4879932671875 0.34050465937499996 0.4628899609375 0.3305259546875 0.451743496875 0.31172873125 0.43928333437499995 0.3004700546875 0.43941434218750003 0.29585281406249997 0.44167013906249997 0.29030314062499996 0.45090192812499996 0.289328646875 0.45510399375 0.2944737046875 0.4917129828125 0.2969182140625 0.4979706265625 0.3054079203125 0.509658259375 0.3132747953125 0.5143879953125 0.3243883140625 0.514258678125 0.336290415625 0.506679703125 0.34305820625 0.49219533281250005
0 0.3332140875 0.4395507046875 0.3432894140625 0.44860068281250004 0.35557777343749997 0.45598871250000006 0.3740326390625 0.4557739703125 0.38747628125 0.44284811562500004 0.3937176875 0.429490303125 0.388635921875 0.3933316671875 0.3864108796875 0.386547625 0.38140211874999996 0.3787482953125 0.3597236453125 0.3567373140625 0.3472698875 0.35164381875 0.3375042625 0.3517574515625 0.3304267703125 0.3570782140625 0.320120234375 0.37422296718750003 0.316465884375 0.3899807140625 0.3194059171875 0.410900134375 0.3332140875 0.4395507046875
0 0.2802268765625 0.39416951875 0.2919456265625 0.394033159375 0.2993906234375 0.391327325 0.30646811406249996 0.3860065625 0.3132359046875 0.371522190625 0.3133204484375 0.369687765625 0.3096821578125 0.34379998125 0.3088258546875 0.3401430578125 0.2953273875 0.32065609687499996 0.28445925 0.31292495 0.259068625 0.313220396875 0.25669019375 0.317176875 0.25108271718749997 0.3329573484375 0.25206962499999996 0.3538994953125 0.25549276718749997 0.36433648125 0.26972624375 0.38905329843750003 0.2802268765625 0.39416951875
0 0.3451022734375 0.52344355 0.3438841578125 0.5286961328124999 0.34535417343749997 0.5391558437499999 0.34914481875000003 0.5522077546874999 0.3614829734375 0.5703986140625 0.3694714796875 0.5779013515625 0.399072171875 0.5775569171875 0.40756516249999997 0.5711720015624999 0.411529215625 0.5645778671875 0.4139654484375 0.554072703125 0.4095553984375 0.5226935703125 0.4064997609375 0.5148715140625 0.40033068437499997 0.5057760828125 0.3828681640625 0.492883259375 0.3633369140625 0.49311052499999997 0.3494916328125 0.5129156609375001 0.3451022734375 0.52344355
0 0.35557159375 0.66544830625 0.35922574687500003 0.66722871875 0.3843586734375 0.666936271875 0.3903603390625 0.6624242984375 0.3989996515625 0.645248575 0.39344821875 0.60574808125 0.39014555156249997 0.5982563 0.3770145875 0.5813842671875 0.370420203125 0.5762225921875 0.3544277 0.5737894781249999 0.3418583375 0.581793346875 0.333137421875 0.5963004468750001 0.32948307187500003 0.6120581921875 0.3324231046875 0.6329776140625001 0.338901884375 0.6512366546874999 0.35557159375 0.66544830625
0 0.379204159375 0.731291240625 0.3815494484375 0.732701278125 0.405677775 0.7324205203124999 0.413683203125 0.7191036203125 0.41490132031250004 0.7138510390625 0.41196128749999994 0.69293161875 0.4065850203125 0.682517359375 0.40078344843749997 0.6760368578125 0.3840559359375 0.6683738890625001 0.3781965609375 0.66844206875 0.37111906875 0.6737628296875 0.3671550171875 0.68035696875 0.3650862875 0.6934770593749999 0.366556303125 0.7039367703125 0.37034695 0.7169886828125 0.379204159375 0.731291240625
0 0.3418574109375 0.26789226875 0.3299652546875 0.2876746765625 0.327529021875 0.29817984062499997 0.3293665421875 0.311254478125 0.3412215875 0.3399277765625 0.35361754375 0.3515699546875 0.36643880625 0.359278378125 0.372665684375 0.3618251265625 0.38792318125 0.359028384375 0.3938403578125 0.352411521875 0.40066594999999994 0.3313784671875 0.4011490578125 0.3208960296875 0.39894403437500003 0.30520646406249996 0.39356776718750003 0.29479220625 0.3781161734375 0.275327971875 0.3633417859375 0.267642275 0.3532086578125 0.26514098124999996 0.3418574109375 0.26789226875
0 0.2643878140625 0.2989792265625 0.2808608140625 0.2987875453125 0.28873234375 0.2928698375 0.29428201718749997 0.283638046875 0.29504890625 0.27308682812499996 0.292549878125 0.25530531875 0.2884019515625 0.24179920312499997 0.275638490625 0.2275420984375 0.2670909828125 0.22240314843750003 0.254637225 0.21730965468750002 0.245239103125 0.22003821562499998 0.23371445156249998 0.24243555 0.2381245 0.2738146828125 0.2411801375 0.2816367390625 0.25162296875 0.29330164375 0.2643878140625 0.2989792265625
0 0.27176132656249996 0.165850803125 0.269692596875 0.17897089375 0.27300013437500004 0.20250524374999998 0.2783764 0.2129195015625 0.29385712656249996 0.2282088359375 0.3137199328125 0.2279777109375 0.32006923125000003 0.224220778125 0.327204525 0.212351334375 0.330491371875 0.1939786625 0.3275513390625 0.173059240625 0.32449570156249996 0.1652371828125 0.31136473750000004 0.14836514843749998 0.30281722968749997 0.14322620156250002 0.294637225 0.14070218125 0.28719222968749997 0.1434080140625 0.27176132656249996 0.165850803125
0 0.392719825 0.2428230015625 0.393058 0.2354852953125 0.3881386953125 0.2004826203125 0.36589629375 0.1842030296875 0.35576316406249997 0.18170173437499998 0.3467325484375 0.18704522343750002 0.341182875 0.1962770140625 0.337528525 0.2120347578125 0.340101053125 0.230339253125 0.34621232812499997 0.24598336875000001 0.36006598749999996 0.2634346953125 0.382059953125 0.263178771875 0.392719825 0.2428230015625
0 0.42362878125 0.141201196875 0.4231583578125 0.14028995 0.40612114374999997 0.12346336875 0.393590075 0.11592941718750001 0.3871339078125 0.11600454062500001 0.3784098890625 0.121166615625 0.373112115625 0.146110696875 0.37641965312500003 0.1696450453125 0.384484053125 0.1852664328125 0.3972475125 0.19952353750000001 0.412154109375 0.2017914421875 0.4133653640625 0.201777346875 0.4270852984375 0.18215151875 0.42851658593749997 0.17597973281249998 0.42362878125 0.141201196875
0 0.496408175 0.3343710578125 0.5070244140625 0.32638991562499997 0.514642815625 0.30403803281249997 0.51585819375 0.29632997968749997 0.509348778125 0.250013075 0.5008139546875 0.2334804390625 0.4873154859375 0.2139934765625 0.4659783703125 0.2011651390625 0.44638718749999995 0.20139310312499997 0.41969111875 0.22001876875 0.41450895 0.2318654859375 0.4120727171875 0.24237064687499998 0.41526465 0.27900236562499997 0.42064091562500006 0.28941661875 0.446535340625 0.3205457609375 0.458931296875 0.3321879390625 0.48301428281250003 0.33712671250000004 0.48320235 0.337124525 0.496408175 0.3343710578125
0 0.3992982390625 0.40725429062499996 0.40651202656249996 0.4307431859375 0.43478488125 0.45791584218750003 0.4429050140625 0.46279784375000005 0.465235746875 0.462538003125 0.47738612812500003 0.45480092968749997 0.4922037265625 0.417554303125 0.491295903125 0.4110948078125 0.4824113109375 0.3722375296875 0.47935567343749996 0.36441547343749997 0.47202628124999996 0.3540239421875 0.4530359421875 0.3372200890625 0.42812842656249994 0.3270330984375 0.40859717656249994 0.327260365625 0.4050584296875 0.329920746875 0.39390128125 0.354933009375 0.3934181734375 0.365415446875 0.3992982390625 0.40725429062499996
0 0.42576510624999997 0.4991802953125 0.42967225 0.4848732671875 0.42522177499999997 0.45320649218750003 0.4238490921875 0.450747315625 0.404433446875 0.4378772171875 0.3911290765625 0.4406512328125 0.378869415625 0.4578187140625 0.3776512984375 0.4630712953125 0.38059133125 0.4839907140625 0.3832794640625 0.4891978453125 0.4010262328125 0.5039765843749999 0.4220752375 0.50373165625 0.42576510624999997 0.4991802953125
0 0.428435696875 0.570730284375 0.43423727031250003 0.5772107875 0.44278477812499994 0.5823497375 0.44649400312500004 0.5832653343749999 0.45516129687499995 0.5831644812500001 0.45999539843750004 0.57953026875 0.4667631890625 0.565045896875 0.4676138015625 0.5571783875 0.46467376875 0.5362589671875 0.453863434375 0.5219791359375 0.44531592499999995 0.5168401859375 0.42773779999999995 0.517044725 0.4237737484375 0.5236388609375 0.42391004375 0.5524485171875 0.428435696875 0.570730284375
0 0.47249782656250006 0.667475734375 0.4776040265625 0.6644543546875 0.481568078125 0.65786021875 0.48485492499999994 0.639487546875 0.48417771875 0.6277090078125 0.48217315000000005 0.6134457640625001 0.46889953125000006 0.588598725 0.43264076874999996 0.581163021875 0.4291020234375 0.583823403125 0.4191629921875 0.6035830843750001 0.419414890625 0.619295375 0.42394054531250003 0.6375771421875001 0.4269961828125 0.6453992000000001 0.442080271875 0.66224850625 0.45118706093750005 0.6677237078125 0.47249782656250006 0.667475734375
0 0.45959110625 0.743692775 0.46545048125 0.7436245953125 0.47771014218749996 0.7264571156249999 0.4783906328125 0.7201631078124999 0.47505859531250005 0.6964544296875 0.46718881874999996 0.6794338703125 0.4567459875 0.667768965625 0.4524722328125 0.665199490625 0.4368472328125 0.6653813046875 0.4313553625 0.6680644124999999 0.42422006874999996 0.6799338578125 0.423245575 0.6841359234375 0.42790879375 0.71731645 0.438589840625 0.73346033125 0.45959110625 0.743692775
0 0.5596965218750001 0.7582431671875 0.5683596343749999 0.7502847515625 0.57708055 0.735777653125 0.578390025 0.730131128125 0.5723078312500001 0.6868540734375 0.5720510953125 0.6860712999999999 0.563986696875 0.6704499140625 0.553543865625 0.6587850093750001 0.5384019734375001 0.648484384375 0.5127957015625 0.6466611078125 0.5061116703125 0.646738884375 0.499706978125 0.6515538453125 0.49098606250000004 0.66606094375 0.48696420937499996 0.6792037625 0.48563048750000004 0.6975537109375 0.49310520625 0.7226260078125 0.5159927640624999 0.7535132984375 0.5245402718750001 0.758652246875 0.54223759375 0.7605675515625 0.548921625 0.7604897765625 0.5596965218750001 0.7582431671875
0 0.62833451875 0.740290321875 0.6278389953125 0.7256285453125 0.6271774875 0.720921675 0.6223388484375 0.7115488437499999 0.6103645921874999 0.700302725 0.59012290625 0.7005382578125 0.57815198125 0.7173014125 0.577471490625 0.723595421875 0.5797500171875 0.7398079734375 0.5821945265624999 0.7460656171875 0.58757079375 0.7564798765625 0.5995450484375 0.7677259953125 0.608619978125 0.7676203984375001 0.618762990625 0.7626649296875 0.6243126640625001 0.7534331390625 0.62833451875 0.740290321875
0 0.6176281890624999 0.6738547859375 0.6243959796875 0.6593704125000001 0.6252465921875 0.651502903125 0.62157155 0.6253536265624999 0.6185159125 0.6175315703125 0.613139646875 0.6071173125 0.6073380734375 0.6006368109375 0.5945168109375001 0.5929283875 0.5823348640625 0.5910750140625 0.5772157515624999 0.59113458125 0.5730324359375001 0.59317838125 0.5659549453125 0.5984991421875 0.552844671875 0.62353413125 0.5527290671875 0.636631496875 0.5556691 0.6575509187499999 0.5664794343749999 0.67183075 0.5753944468750001 0.6795846265625001 0.5868808203125 0.6864904859375 0.604702003125 0.6862831171875 0.6176281890624999 0.6738547859375
0 0.5121279140625 0.641449871875 0.5180900671875001 0.6450344484375 0.5294631984375 0.644902109375 0.541057284375 0.63849404375 0.5485600828125 0.6292395265625 0.5525819375000001 0.616096709375 0.5527520609375001 0.6145232093749999 0.5483420109375 0.583144075 0.5451162515625 0.576895521875 0.5280790359374999 0.560068940625 0.5218521578125 0.5575221921875 0.5081802828125 0.5576812796875 0.49914966562499996 0.56302476875 0.4916468671875 0.5722792859375 0.488727525 0.5932668859375 0.49240256718750003 0.6194161640625 0.4997319578125 0.62980769375 0.5121279140625 0.641449871875
0 0.5165042093750001 0.5636700296875 0.5261935046875 0.5504806656250001 0.5263423609375 0.5491038515625 0.5219506875000001 0.5178554656250001 0.5214159515625 0.51648660625 0.5020581078124999 0.49706782499999996 0.4903393578125 0.49720418593750004 0.4848474875 0.49988729374999996 0.47380594218749994 0.5118021921875 0.47136970937499995 0.5223073546875 0.47663037187499996 0.545818978125 0.4890263265625 0.5574611546875 0.49967905312500005 0.5638658078125001 0.5165042093750001 0.5636700296875
0 0.5867183296875 0.5600591968749999 0.58767526875 0.5512082484375 0.583448971875 0.5211365812500001 0.5727160625 0.50914765 0.5559112390625 0.4990442234375 0.5551155234375 0.4990534828125 0.540731053125 0.504281421875 0.5272532765625 0.526701484375 0.526035159375 0.531954065625 0.5343514593750001 0.5632877453125 0.5537093015625 0.5827065265625 0.5595133703124999 0.5850803453125 0.5640827171875 0.5850271765625 0.57445866875 0.5772266765625 0.58312178125 0.569268259375 0.5867183296875 0.5600591968749999
0 0.4807956296875 0.4435649671875 0.4799450171875 0.4514324765625 0.48251754687500004 0.4697369703125 0.4855731828125 0.47755902499999997 0.49406288906249995 0.4892466578125 0.5035627578125 0.4949581875 0.528512725 0.49466786875 0.5299541484375 0.4940674328125 0.5386750625000001 0.479560334375 0.543064421875 0.46903244375 0.540859396875 0.45334287656249994 0.5320599890625 0.4324916359375 0.526258415625 0.4260111328125 0.5157577828125001 0.420894909375 0.5020859078125001 0.421053996875 0.48793092343750005 0.43169552187500004 0.4807956296875 0.4435649671875
0 0.53434275 0.4201984671875 0.5414202421875001 0.41487770625 0.546969915625 0.40564591562499996 0.5509917703125 0.39250309843750003 0.5510091109374999 0.39053849218750003 0.5474167578125 0.3649775734375 0.5424235703125 0.345457125 0.5269719765625 0.3259928921875 0.516892665625 0.32108195 0.500510125 0.321272578125 0.48827698125 0.329062353125 0.48272730781249995 0.3382941421875 0.48029107499999996 0.3487993078125 0.483966115625 0.3749485828125 0.48812426562500005 0.3906154234375 0.49117990312500004 0.3984374796875 0.5085846218750001 0.41787898749999997 0.52241345 0.4227463 0.5239024109375 0.4227289734375 0.53434275 0.4201984671875
0 0.4966316046875 0.23747731249999998 0.5051791125 0.24261626249999999 0.5149447375 0.2425026296875 0.520436609375 0.23981952031249998 0.5326384671875 0.22920072187499999 0.5329555921875 0.22867319218749999 0.5260097640625 0.1792510609375 0.5241280703125 0.17560606875 0.5117321140625 0.16396388906249998 0.49927835624999994 0.1588703953125 0.49537210624999994 0.1589158484375 0.48475586875000004 0.1668969921875 0.4764024578125 0.18401901874999999 0.477389365625 0.20496116718750002 0.4808125078125 0.21539815 0.4838681453125 0.2232202078125 0.4966316046875 0.23747731249999998
0 0.5537505171875 0.14834986875 0.546673025 0.15367063125 0.5335627515625 0.17870562031249998 0.532596534375 0.1996704953125 0.5371221890625 0.21795226250000002 0.55452690625 0.23739377031250003 0.575449834375 0.249973090625 0.5770798515625 0.2499541234375 0.5872469234375 0.2474898546875 0.60335503125 0.2368256046875 0.61244345 0.22493343281249997 0.6145121796875 0.2118133421875 0.61010213125 0.18043420937500002 0.6047258640625001 0.1700199515625 0.5985567875 0.16092452031249999 0.5810942671875 0.1480316953125 0.5631486375 0.1456213078125 0.5537505171875 0.14834986875
0 0.54985323125 0.3391621890625 0.57329073125 0.3388894703125 0.5803682234374999 0.3335687078125 0.5883541296875 0.3138317546875 0.5884507515624999 0.3117352671875 0.5820962703125 0.266520790625 0.570561215625 0.2498682953125 0.5534662 0.23959039999999998 0.54174745 0.23972675937500001 0.525639340625 0.25039100937500003 0.5169184265625 0.2648981078125 0.515952209375 0.2858629828125 0.51962725 0.3120122609375 0.5223153843749999 0.317219390625 0.5393525984374999 0.33404596875000003 0.54985323125 0.3391621890625
0 0.5631816328125 0.4033748453125 0.5739919687499999 0.4176546765625 0.580218846875 0.420201425 0.595843846875 0.4200196125 0.610366334375 0.41199301562499996 0.6187197453125 0.3948709890625 0.6195410296875 0.3770508453125 0.6183282671875 0.368421584375 0.615160309375 0.355624346875 0.606670603125 0.343936715625 0.6000762203125001 0.33877504062499997 0.577121828125 0.3285653234375 0.569309328125 0.3286562296875 0.5638174578124999 0.3313393375 0.550707184375 0.3563743265625 0.5498545015625 0.3600511359375 0.5528955984375 0.3816896625 0.5631816328125 0.4033748453125
0 0.5765397859375 0.50036924375 0.5918513140624999 0.5001910781250001 0.5955641578125 0.49911312656250006 0.6042272703125 0.49115470937500005 0.608663640625 0.4778293359375 0.6032452296875 0.43927534062499995 0.5861246546875 0.41802764375 0.5775771468750001 0.41288869375 0.5599990218750001 0.4130932328125 0.5529215296875 0.418413996875 0.5473718562500001 0.4276457859375 0.5432343984375 0.45388596875 0.54617443125 0.4748053921875 0.5527110125 0.48651574843749995 0.567852903125 0.49681637343749996 0.5765397859375 0.50036924375
0 0.6309364296875 0.36208579375 0.6170911484375 0.381890928125 0.613804303125 0.40026360156249996 0.61747934375 0.42641287656250004 0.6395253203125 0.4510387890625 0.643799075 0.4536082640625 0.6540350796875 0.4572110125 0.66590935 0.45707284374999996 0.6715103296875 0.45590501874999995 0.6821265671875001 0.44792387343750006 0.68609061875 0.4413297390625 0.690228078125 0.4150895546875 0.6868049359375 0.404652571875 0.672996765625 0.376002 0.66719519375 0.369521496875 0.6501001765625001 0.3592436 0.6364283015625001 0.3594026859375 0.6309364296875 0.36208579375
0 0.600273134375 0.3321722 0.6173103484375 0.3489987796875 0.62585785625 0.354137725 0.6310814390624999 0.3557495140625 0.6507653624999999 0.3555204703125 0.66186471875 0.34586113749999997 0.673389371875 0.32346379999999997 0.6739975671875 0.319091384375 0.666502015625 0.26575775625000003 0.6599280140625 0.2555211359375 0.6452114296875 0.24128675624999998 0.630804546875 0.23621598906250002 0.622992046875 0.2363068953125 0.6081020546875 0.2417185640625 0.6010245624999999 0.24703932499999998 0.5875467859375 0.2694593875 0.58547805625 0.282579478125 0.590255609375 0.3165735390625 0.600273134375 0.3321722
0 0.65180649375 0.2464532734375 0.6586537296875 0.25056998125 0.6891056078125 0.25021564218750003 0.69477524375 0.24595328749999998 0.7050817781250001 0.228808534375 0.70706121875 0.2202730875 0.69852028125 0.1595011625 0.6836138234375 0.138695796875 0.666151303125 0.1258029734375 0.644666928125 0.1260529671875 0.6305119453125 0.136694490625 0.6205729140625 0.1564541703125 0.6188716875 0.172189190625 0.6202261 0.195746265625 0.6243842500000001 0.21141310624999998 0.629760515625 0.2218273625 0.65180649375 0.2464532734375
0 0.6529872906249999 0.620949321875 0.663603528125 0.6129681796875001 0.6672000765625 0.6037591156250001 0.670719578125 0.5853018859375 0.6680329703125001 0.566185675 0.6513602875 0.53977293125 0.63743101875 0.53252686875 0.6260454265625001 0.532659353125 0.6177896578125 0.53754435625 0.6110796703125 0.5454800453125 0.6058975015625 0.5573267640624999 0.6022431515625 0.573084509375 0.6067688046875 0.5913662765625001 0.6148332046875 0.6069876640625 0.6233229109375 0.61867529375 0.631137021875 0.623373309375 0.6354941765625 0.623322609375 0.6529872906249999 0.620949321875
0 0.65915460625 0.715987809375 0.6657512828125001 0.71687385 0.6793381640625 0.7167157515625 0.6841777265625 0.7130774343749999 0.6925311375 0.69595540625 0.6932116265625 0.6896613984375 0.690969853125 0.6737103421875 0.685800459375 0.661984075 0.6730369984375 0.64772696875 0.6644894906250001 0.6425880203125 0.6469113656250001 0.642792559375 0.6398338734375 0.648113321875 0.633066084375 0.6625976953125 0.63238559375 0.6688917015625 0.6352888765625 0.6895496296875 0.6397967625 0.696569025 0.65915460625 0.715987809375
0 0.6760649421875 0.77367140625 0.679488084375 0.7841083890625 0.68486435 0.7945226453124999 0.6976278109375 0.8087797531250001 0.7104490734375 0.8164881749999999 0.7338865734375 0.8162154546875 0.7551190484375 0.8002531703125 0.7638399625 0.785746071875 0.7601649218750001 0.75959679375 0.742082996875 0.728376746875 0.7207720281250001 0.7089806921874999 0.7063651453124999 0.7039099249999999 0.6895220281250001 0.70934431875 0.6732405140625 0.7396546203125001 0.6723899015625 0.747522128125 0.6760649421875 0.77367140625
0 0.7181132796874999 0.66774785 0.7282671484375001 0.6617397234375 0.7337301671875001 0.64388739375 0.7304287546875 0.6203966265624999 0.7256161265625 0.6080768890625 0.7062582828124999 0.5886581078125 0.6925864078124999 0.58881719375 0.681602665625 0.5941834078125 0.6728817515625 0.6086905078125 0.6672742765625 0.62447098125 0.6709493171875 0.6506202578125 0.67363745 0.6558273875 0.684657575 0.6681371421875 0.7181132796874999 0.66774785
0 0.6791566 0.5840867109375 0.683613703125 0.5867664171875 0.71053849375 0.5864531203125 0.7107741046875 0.5863380109375 0.7218156484375 0.5744231156249999 0.7241300703125 0.5644432078125 0.7216432921875 0.5467488640625 0.7163030859374999 0.5351991968750001 0.7015865015625 0.5209648203125 0.695359621875 0.518418071875 0.679734621875 0.518599884375 0.67070400625 0.5239433765625 0.6627180984375001 0.543680328125 0.6614999828125 0.5489329109375001 0.6629699984374999 0.5593926203125 0.6660256359375001 0.5672146765625 0.6791566 0.5840867109375
0 0.7883247328125 0.66486168125 0.7844617 0.6373747703125 0.78311474375 0.6350986390625 0.7718791015625001 0.6247525625 0.7592775234375 0.6203172046875001 0.7556063765625 0.620359921875 0.750027221875 0.622387628125 0.7393531828125 0.6369174546874999 0.7381350656250001 0.6421700359375 0.7387544703125 0.6604972578125 0.7421776109375 0.6709342406250001 0.7506673171875 0.6826218734375 0.7538699953125 0.6845473906249999 0.776338165625 0.68428595 0.7819173171875 0.682258246875 0.7883247328125 0.66486168125
0 0.7470110015625 0.6110696078125 0.7632793718750001 0.6108803078125 0.7733364484374999 0.597190309375 0.7745776859375 0.5893182546875 0.772152159375 0.57205973125 0.7716145328125 0.5710183046874999 0.756897946875 0.556783925 0.7405379390625 0.5517358859375 0.73504606875 0.5544189937499999 0.727910775 0.5662884359375 0.7270601625 0.574155946875 0.7292651859375 0.5898455125 0.734641453125 0.600259771875 0.7427636546875 0.609332475 0.7470110015625 0.6110696078125
0 0.804744971875 0.7636018421874999 0.8113629640625 0.7668263265624999 0.8295812828125 0.7666143375 0.834041846875 0.7632609421875001 0.8415446453125 0.754006425 0.847152121875 0.7382259546875 0.8469506015625001 0.7256561203125 0.8462890937499999 0.72094925 0.843844584375 0.7146916046875 0.8399961359375 0.708188375 0.8291279984375001 0.7004572265625 0.8115498734375001 0.700661765625 0.7966598828125 0.706073434375 0.7895245875 0.7179428765625 0.7888440984375 0.7242368875 0.791563628125 0.7435873515625 0.7943021421875 0.7519369375 0.804744971875 0.7636018421874999
0 0.7978134796874999 0.65164200625 0.7984328828125 0.6699692265625 0.801856025 0.6804062109375 0.8110807390625 0.6973236968750001 0.8126105515625 0.6979493796875 0.8406503531249999 0.69762310625 0.8458694843749999 0.6942996890625001 0.8482479156249999 0.69034320625 0.852637275 0.6798153171875 0.8527528796875 0.6667179515625 0.8470091078124999 0.653688765625 0.8361987734375 0.639408934375 0.829604390625 0.6342472578125 0.813979390625 0.634429071875 0.8049487734375 0.6397725609375 0.7978134796874999 0.65164200625
0 0.7262912375 0.508017059375 0.7308818015625 0.5053007875 0.739602715625 0.49079368749999996 0.7416714453125001 0.4776735953125 0.7387314125 0.4567541734375 0.725967953125 0.44249706875 0.717052940625 0.43474319375 0.7069198109375 0.43224189687500003 0.6865379484374999 0.440336675 0.6822063921875 0.4443158828125 0.6784364375 0.47317099375 0.684915215625 0.491430034375 0.6957255515625 0.5057098671875 0.702056209375 0.508299059375 0.7262912375 0.508017059375
0 0.737203734375 0.45702012812500004 0.7542409484375 0.47384670624999997 0.7616784156249999 0.4747391328125 0.77798660625 0.47454936875 0.792568440625 0.46816231875 0.802817175 0.4575662484375 0.80799934375 0.44571952968749995 0.81165369375 0.429961784375 0.8098161734374999 0.4168871453125 0.80333739375 0.39862810312499997 0.7979611281250001 0.3882138484375 0.778603284375 0.368795065625 0.745400159375 0.36918141875 0.7399082890625001 0.37186452812500004 0.7276486281250001 0.38903200781249997 0.7239942765625 0.4047897515625 0.7231436640625 0.4126572640625 0.72681870625 0.438806540625 0.737203734375 0.45702012812500004
0 0.6812453953125 0.31881060156249996 0.6843010328125 0.326632659375 0.69236543125 0.3422540453125 0.718317659375 0.366834503125 0.7267585421875 0.37028676250000003 0.7551656546875 0.369956215625 0.761286409375 0.366334515625 0.777084815625 0.3465066546875 0.7825358875 0.32300135 0.7773418296875 0.2860437046875 0.7726540749999999 0.2732205 0.7564674734375 0.248526409375 0.740958078125 0.23561085781250002 0.7304574453125 0.23049463750000002 0.7109261953125 0.230721903125 0.7015280734375 0.2334504640625 0.6909118359375 0.2414316078125 0.6809728046875 0.2611912890625 0.6764678421875 0.28481654375 0.6812453953125 0.31881060156249996
0 0.7350985203125 0.2252377953125 0.7402809609375 0.22614433437499998 0.7538346812500001 0.22598662187500002 0.7565828953125 0.22498780156249998 0.765246009375 0.2170293859375 0.770428178125 0.20518266718749997 0.7701210625 0.201257434375 0.7658120765625 0.1705974078125 0.7556331000000001 0.155589946875 0.7455577718749999 0.1465399703125 0.7276121437499999 0.14412958125 0.7221202718749999 0.146812690625 0.7099184140625 0.1574314875 0.7079074859375 0.164002896875 0.7070568734375 0.17187040781250001 0.710731915625 0.198019684375 0.7134200484375001 0.2032268125 0.7350985203125 0.2252377953125
0 0.8014968093749999 0.5572237296875 0.8046299484375 0.5539844078125 0.8098121171875 0.5421376890625 0.8106627296875001 0.5342701796875 0.80735519375 0.5107358296875 0.8046670593749999 0.5055287015625 0.7984979828125 0.49643327187499997 0.7771292125 0.48358589687500003 0.7634573375 0.483744984375 0.7563798453125 0.489065746875 0.7448551937500001 0.5114630828125 0.7508508625 0.540204559375 0.762028703125 0.5570993203125 0.76319868125 0.55766936875 0.8014968093749999 0.5572237296875
0 0.8452989828125 0.59140883125 0.8409390203125 0.5603860828125 0.8287560328125 0.54503928125 0.820208525 0.539900334375 0.8026304 0.5401048734375 0.799091653125 0.5427652546874999 0.789152621875 0.5625249343750001 0.791357646875 0.5782145015625 0.794413284375 0.5860365578125 0.8164592609374999 0.6106624671875001 0.8265923890625 0.6131637624999999 0.8452989828125 0.59140883125
0 0.8929401875 0.74083620625 0.9268851781249999 0.7404412203125 0.9272620234375 0.7403042578125001 0.9375107578125 0.7297081859375 0.9430604312499999 0.720476396875 0.947082284375 0.7073335796875 0.9472272171875 0.7041888468749999 0.940906146875 0.659212090625 0.9400997062500001 0.657649953125 0.9180537296875 0.63302404375 0.869593109375 0.6362071375 0.8624578156249999 0.64807658125 0.8568503406250001 0.6638570546875 0.8551491140625 0.679592075 0.8600422734375 0.70048876875 0.8681066718749999 0.7161101546875 0.8855113906250001 0.7355516625 0.8929401875 0.74083620625
0 0.8719829875 0.6309401125 0.878046703125 0.6345857515625 0.9109552750000001 0.6342028265625 0.9205014109375 0.6212083359375 0.9217195281249999 0.6159557546875 0.923335690625 0.601007484375 0.9229314375 0.5981310640624999 0.9185275953125001 0.579324040625 0.91040539375 0.5702513375 0.8687703640625 0.5524013765625 0.8648641140625 0.5524468296875 0.857786621875 0.5577675906249999 0.8490657078125 0.5722746890625 0.848630909375 0.5817088828125 0.851409240625 0.6014777375 0.8638607859375 0.621867409375 0.8719829875 0.6309401125
0 0.8095018828124999 0.49503847187499994 0.8329600750000001 0.536672775 0.8605504921874999 0.5674919640625 0.8690298046875 0.5673932984375 0.8968722890624999 0.5529539156250001 0.9102922640625 0.537082534375 0.9142563156250001 0.5304884000000001 0.9166925499999999 0.5199832359375 0.92510293125 0.479950696875 0.918771525 0.43490039375 0.9121255140625 0.417887421875 0.881164525 0.3855076359375 0.8671251453125001 0.38305179375 0.857727025 0.3857803546875 0.839665790625 0.396467334375 0.818433315625 0.41242961874999995 0.803737421875 0.44010226250000006 0.8004505749999999 0.45847493593750005 0.8030231046875 0.4767794296875 0.8095018828124999 0.49503847187499994
0 0.7872042796875001 0.366658634375 0.8076646359374999 0.393922196875 0.8203079843750001 0.4004993203125 0.82650574375 0.400427203125 0.83183714375 0.3988793328125 0.8660064859375 0.377528103125 0.8711886546875001 0.3656813875 0.8721713015624999 0.35944934375000004 0.8686744984375 0.3345683046875 0.8583467015625 0.31606593906249997 0.8479038703124999 0.304401034375 0.830808853125 0.2941231375 0.805418228125 0.294418584375 0.792848865625 0.3024224546875 0.785713571875 0.31429189687500003 0.7816917171875 0.32743471875 0.7799904921875 0.3431697375 0.781460509375 0.3536294484375 0.7872042796875001 0.366658634375
0 0.7744690000000001 0.25655450156250004 0.7891277828125001 0.27733756249999997 0.7945618515625 0.28120313750000003 0.7963538203125 0.2818338546875 0.8229784062500001 0.28152404999999997 0.83093621875 0.275541475 0.8364858906249999 0.2663096859375 0.837886725 0.26026921718749996 0.8334399250000001 0.22862859218749998 0.8329264546875 0.22706304375 0.819795490625 0.210191009375 0.8155217359375 0.207621534375 0.8030679781250001 0.202528040625 0.787442978125 0.202709853125 0.78195110625 0.20539296093749998 0.7744483078125 0.2146474765625 0.7692083375000001 0.23304288125 0.7714133624999999 0.24873244687499999 0.7744690000000001 0.25655450156250004
0 0.8690172687500001 0.1699680421875 0.866725540625 0.16410149999999998 0.8520089562500001 0.149867121875 0.8368911000000001 0.1452023578125 0.834221821875 0.1452334171875 0.8262508265624999 0.147547640625 0.813991165625 0.1647151203125 0.8122899406249999 0.180450140625 0.8141274609375 0.193524778125 0.8323409281249999 0.220377953125 0.8587778671875 0.2200703328125 0.867055934375 0.215172134375 0.8710199859375001 0.20857799843749997 0.8729373125000001 0.1978606046875 0.8690172687500001 0.1699680421875
0 0.9260312 0.2610527546875 0.9480311390624999 0.26598343281250003 0.948371921875 0.2659794671875 0.9666793218749999 0.257960565625 0.975342434375 0.2500021515625 0.9840633484374999 0.2354950515625 0.9868670875 0.22760481562499998 0.98814300625 0.21580355 0.9836410796875 0.18377068593749998 0.9787819953125 0.17007640625 0.9649738250000001 0.141425834375 0.9522103656249999 0.127168728125 0.9250897890625 0.1144400234375 0.913077828125 0.1145797953125 0.9038653484375001 0.11725445937500001 0.8897103656249999 0.12789598124999998 0.8775085062500001 0.13851477968749998 0.8703732125 0.1503842234375 0.8679064359374999 0.17320000156249998 0.86860469375 0.1781683640625 0.8756545656249999 0.21580287031249998 0.8845117765625 0.23010542812499998 0.9023418015625 0.24561318124999998 0.9260312 0.2610527546875
0 0.8732144984374999 0.3334642421875 0.8822895984375 0.33717589062500003 0.9005351359375 0.33696358437499996 0.9202629046874999 0.313272753125 0.922021325 0.302120675 0.9207534359375 0.2930991765625 0.9170709718750001 0.2766410375 0.9016193796874999 0.257176803125 0.8845243625 0.24689890625 0.8743912343750001 0.24439761249999997 0.8649931125 0.2471261734375 0.857915621875 0.25244693749999997 0.8500178515625001 0.2686350328125 0.8555688343750001 0.308132328125 0.8604510390625 0.3192071359375 0.8732144984374999 0.3334642421875
0 0.9247916578125001 0.423448125 0.936993515625 0.41282932656250004 0.944128809375 0.4009598828125 0.9465650437500001 0.39045471875 0.9454625312499999 0.38260993593750003 0.9400862640625001 0.372195678125 0.9133990296875 0.3423853671875 0.9075949624999999 0.3400115453125 0.9061361515625 0.3400285203125 0.8919146546875 0.3426353609375 0.8812984171875 0.35061650312500003 0.8725775015625 0.3651236 0.8705087734375001 0.37824369375 0.8727137968750001 0.393933259375 0.8788250718749999 0.40957737187500004 0.8915885328125001 0.423834478125 0.8973926000000001 0.42620829843749997 0.8996471265625001 0.42618206406250003 0.9247916578125001 0.423448125
0 1 0.1417276265625 0.9992007953125001 0.142060540625 0.9885267546875 0.156590365625 0.9857533796875 0.1765285875 0.9862862609375 0.18032023125000002 0.9901330671874999 0.19585973437499998 0.999299978125 0.21932590312500003 1 0.2199889234375 1 0.1417276265625
0 1 0.280510815625 0.98612366875 0.2630309234375 0.9756230359375 0.25791470312500003 0.9599980359375 0.258096515625 0.94706116875 0.2634854578125 0.9387077578125 0.280607484375 0.9374896406250001 0.2858600671875 0.940797178125 0.30939441562500003 0.9438528156249999 0.3172164703125 0.94922908125 0.3276307296875 0.9616250375 0.33927290781249997 0.9822588 0.3468904234375 0.99397755 0.34675406249999996 1 0.34222646874999996 1 0.280510815625
0 1 0.3474471140625 0.9945240796875 0.3475108328125 0.9737747125 0.35299067812499996 0.963525978125 0.363586753125 0.9583438093750001 0.375433471875 0.957493196875 0.38330097812499997 0.959698221875 0.398990546875 0.9631213624999999 0.409427528125 0.978205453125 0.4262768375 0.9867529609375 0.43141578437500006 1 0.4312616421875 1 0.3474471140625
0 1 0.47852331875000004 0.995242621875 0.45354304218749997 0.9894988515625001 0.4405138609375 0.98137665 0.43144115625 0.961961003125 0.4185710578125 0.950242253125 0.41870741718750004 0.9318135156249999 0.42677946718750004 0.9196116578125 0.4373982640625 0.9156476046875 0.44399239843749994 0.92800645 0.5040902828125 0.9384492812499999 0.5157551890625001 0.9450436640625 0.5209168640625 0.952973325 0.5241600359375 0.9843739578124999 0.5237946578125 1 0.503601 1 0.47852331875000004
0 0.9337884015625001 0.6489345078125 0.9423359093749999 0.65407345625 0.9481952843749999 0.6540052765625 0.9591790265625001 0.6486390609375 0.961189953125 0.64206765 0.96720565625 0.612487953125 0.96598064375 0.603771528125 0.9627548828125001 0.597522975 0.9523120515624999 0.58585806875 0.9437645437500001 0.58071911875 0.9339989187500001 0.5808327515625 0.9249683015624999 0.5861762421875001 0.9146617671874999 0.603320996875 0.9138111546875001 0.61118850625 0.9156486749999999 0.6242631453125 0.9187043125000001 0.6320852 0.9337884015625001 0.6489345078125
0 1 0.5147447265625 0.9944626812499999 0.514809159375 0.95760520625 0.5309532578125 0.9540086578125001 0.540162321875 0.954144953125 0.5689719796875 0.9718593734375001 0.597577096875 0.9815671968749999 0.6040121468749999 0.9844154140624999 0.605177046875 1 0.604995703125 1 0.5147447265625
0 1 0.637629609375 0.9893899015625 0.63329015625 0.9809311812500001 0.6333885828125 0.967456659375 0.638285809375 0.9552548 0.6489046078125 0.94811950625 0.6607740515625 0.9456832734375 0.671279215625 0.9452001640625 0.6817616531249999 0.9485077015625001 0.705296003125 0.9515633390625 0.713118059375 0.9623736734375001 0.727397890625 0.9900310421875 0.747531728125 1 0.747415728125 1 0.637629609375