0 0.5145505344832157 0.2805370965945488 0.06392622624306625 0.07715687075807356
0 0.890090318825257 0.41435482920914213 0.07055065978798894 0.08533392850890867
0 0.9006876426298372 0.5407082438733695 0.04994257494353036 0.059915894672976935
0 0.31245189526067324 0.5467722659532294 0.06896348215362362 0.08824316200867006
0 0.9427672687687874 0.3544071172024606 0.0709299091302796 0.08514316134229497
0 0.5868658792638961 0.3257581425843674 0.07027291933359248 0.07888975234225529
0 0.5511349636624072 0.5236962032543218 0.06861276308359247 0.0788704346753633
0 0.8841504029414196 0.3152724392107329 0.08742505581702957 0.11031815667766995
0 0.834599182021789 0.4555979945496872 0.055373345332508705 0.06602967150699968
0 0.6439980268730566 0.5780468012412769 0.06346358578690499 0.07256475434138032
0 0.3999904216396196 0.6121149079408209 0.0606543058523231 0.07292242567432919
0 0.7503236215831499 0.5487036518937322 0.0638465966391033 0.07578968325807338
0 0.7530398269295263 0.6361127452260049 0.05704487724021767 0.06624430167389175
0 0.29095486881113963 0.4064927112905929 0.04858868942018653 0.05677725867281787
0 0.11111617939095306 0.4647972019812281 0.05069722099021767 0.0661704400063634
0 0.776010950225879 0.22830933589277763 0.06861276308359265 0.0788704346753633
0 0.6687830081748565 0.28654964457354976 0.09699633147650318 0.10877049742898244
0 0.5852299716255022 0.5951257605824585 0.0645756018919517 0.08663066334142008
0 0.5121781504517579 0.46871834926004874 0.05676521046687384 0.06311816534054522
0 0.8479196874246352 0.602218455880051 0.04703187724904119 0.056856733589272325
0 0.2269756687970222 0.3924034866327289 0.06704457525473799 0.07875459709181776
0 0.5897949162367734 0.4631308732495493 0.05666755421687384 0.06311702900719851
0 0.420460358287796 0.40810866060632095 0.06190108578690499 0.07254657300783496
0 0.3538805320641413 0.5056927326145934 0.04362817363517095 0.0520352146721816
0 0.06313516374711184 0.6183767353198644 0.07155575256024875 0.07578179734245402
0 0.2514989847090946 0.5209370192950471 0.08671031570031093 0.09469542934436319
0 0.3920161108480447 0.3334904686107753 0.0753177893919517 0.08675566000954502
0 0.3178960713855058 0.3460637412874112 0.06485545092127029 0.06965324817492577
0 0.7788651215125627 0.47420309122377774 0.06365224729857673 0.07412839067472685
0 0.06083472930624845 0.37638013932209147 0.09029699299699834 0.10098292834480063
0 0.13651945584048664 0.6050313033100011 0.060260882501889504 0.06784316434098266
0 0.11288526378946415 0.6622989106460919 0.05300221047569735 0.0538033225901076
0 0.1526204109045144 0.3956108499761375 0.07870346635978462 0.09294323009328931
0 0.8072484557698993 0.5230582145528688 0.058322022638019534 0.06303869042409058
0 0.2705275186982002 0.2880608846276381 0.08322033149414984 0.09006808659392566
0 0.6356226267036474 0.4001399772438223 0.08494566995600791 0.11633989051061881
0 0.5091302032096507 0.6014763052594125 0.06914741899591448 0.0880501221753633
0 0.4394918083725005 0.49688934993636663 0.06676394532192056 0.0772874806751247
0 0.21402355858426203 0.7220182612985471 0.06007029467127038 0.06959756784094288
0 0.48362894524655575 0.529946750596776 0.05549375289792664 0.06642143284034638
0 0.3891501741292812 0.4631234246101389 0.05668558086291107 0.061750977840545215
0 0.11401220818897388 0.3078386773154099 0.07128177361575956 0.0727533172591075
0 0.45700407401634174 0.3436643526018666 0.055300366716874015 0.0631011203403462
0 0.6515899899707664 0.5147200979074134 0.04849103317018653 0.05677612233947134
0 0.3388331137612293 0.6300023892823206 0.05694153316136319 0.06614550909054522
0 0.698010692686307 0.6024013639004137 0.06870280518579061 0.0820919545920166
0 0.00923573018633396 0.7355556919955457 0.01847146037266792 0.06624430167389175
0 0.8800258031108287 0.4933247138765511 0.06008455980740024 0.06481582059098265
0 0.03348335184985758 0.4861733099936366 0.06696670369971516 0.11179443217894267
0 0.36072685544519845 0.18707909261618413 0.06714126834526431 0.08041475334181776
0 0.17552177168197192 0.6592279073042742 0.06015753842303502 0.06774437175763595
0 0.06406906121509795 0.7229824193189097 0.08965234201749357 0.09326581192810739
0 0.20250077161138474 0.584745527967865 0.07898409629260197 0.09441034650998255
0 0.1482374768165869 0.5244807373090465 0.07907982622365468 0.09772952267663584
0 0.8071791082877959 0.4036087805538234 0.06742758610693614 0.081979526008511
0 0.7995199847796819 0.5887286678867325 0.06327588743470684 0.06934209809138032
0 0.5190519638035817 0.6724064232575035 0.05207771046687384 0.06306362133990877
0 0.3083629057134297 0.4695285132877293 0.06017556506907216 0.06637832059098266
0 0.6357312295885972 0.6663644139083679 0.09010168049699843 0.10098065567810739
0 0.4429485502682313 0.2766859379376393 0.06053389828690499 0.07253066434098265
0 0.29439359804680093 0.7093722632877293 0.097647633444336 0.11492625017902221
0 0.5541282449500897 0.21761892592300355 0.06392526308359248 0.07881589067472686
0 0.6038049373540479 0.5308905379137767 0.04894037164969127 0.06449096608947133
0 0.4536544769577612 0.6692637892664122 0.07861814892696728 0.09147838634328931
0 0.9461898584289703 0.5503281445337789 0.04600307000188941 0.06767725967238043
0 0.34239481342241085 0.2739523839513204 0.061730450921270295 0.06961688550783478
0 0.015593769498277885 0.5832301233290911 0.03118753899655577 0.0960374806751247
0 0.8495423715831499 0.5475491372135964 0.042078012452353875 0.050553325921982764
0 0.9718316844408633 0.23071507853282433 0.03157182428582104 0.059506951503817976
0 0.47033155567107743 0.423142767266094 0.053918914080744076 0.06786695892345414
0 0.07508840315318098 0.5471920786521369 0.06512374203690505 0.07258407200827222
0 0.3617315584430877 0.5719626226130025 0.05379946967479974 0.06581617767345413
0 0.35212758724110854 0.4151495486155478 0.0670436120952643 0.08041361700847123
0 0.28795315322376813 0.6188836232893202 0.0517913927052021 0.061498848673215534
0 0.8099316529414196 0.31613605255414157 0.07898313313312855 0.09606936642663592
0 0.020604532207704453 0.6673869473265458 0.041209064415408905 0.07564998267424965
0 0.3815218717243242 0.7013319492759572 0.08118835779368574 0.10712270401018138
0 0.8627109585419099 0.6699690298775056 0.051804694681858623 0.05837612133990877
0 0.6795399556993124 0.45037578723745897 0.05996222592303511 0.06774209909094289
0 0.7789506085701446 0.7006110498886414 0.08358531570031094 0.09465906667727211
0 0.18984666609559908 0.3194477919716831 0.06881945124130144 0.07906801984205644
0 0.5699697216960894 0.6694717799172765 0.05391226309241581 0.0694283225901076
0 0.5570881030261241 0.4080802939210946 0.07430324728093005 0.09279443884269263
0 0.8479769554875507 0.2259104945496872 0.07549883675582195 0.09153967992619841
0 0.14145831384593388 0.7213011933084102 0.06872179499130145 0.07906688350870983
0 0.8877711427004243 0.6150269912078694 0.045457038431858623 0.05830225967238043
0 0.31060575810426927 0.2165489639560929 0.0537435545457285 0.06318059525680084
0 0.9403486530825937 0.462955413868597 0.07180363507096174 0.1336555909253633
0 0.39198747681658686 0.5216444492759572 0.04157459403473744 0.04693663567194299
0 0.2529242477926871 0.44284838196213805 0.046662168373499215 0.050509077339272325
0 0.9474995423757235 0.2731571172024606 0.0564798558646757 0.059894372757198514
0 0.6045153818241449 0.2506036012492311 0.05565108578690499 0.07247384767365314
0 0.21015291886760937 0.4667676873010924 0.05363924730740033 0.0647408225901076
0 0.43041002388928484 0.2104705919398664 0.05841206474021767 0.06626021034074396
0 0.48738806598265966 0.1973160639322304 0.0806423262236546 0.09774770401018133
0 0.6986609529978892 0.3767655645687772 0.06575509103975356 0.08342391575827239
0 0.6970481611868631 0.68594966056655 0.05021751704749313 0.06128535483967017
0 0.42049961369064215 0.554883663271821 0.04675317363517095 0.0520715773392725
0 0.6927232241857509 0.5189257925684589 0.06070925782192056 0.07721702800763594
0 0.3933048660391294 0.2577455812778662 0.05711785585585236 0.06917285284054513
0 0.7305487188534918 0.445878643897232 0.05749894038910312 0.07571582159054521
0 0.934608345345378 0.6285349605347333 0.06143729991529554 0.08971702800763595
0 0.7442079424039584 0.3051900092298229 0.06078888742588351 0.07858421550763603
0 0.45517074530302554 0.5896126519335031 0.04878207560123933 0.06009757117281787
0 0.23241651378946412 0.6609080386298654 0.05868604368470685 0.06928869042409058
0 0.6522773186134956 0.19461668324318598 0.05410188776356133 0.06933293900680085
0 0.9096957054875509 0.2251923318746421 0.05024123152238467 0.0600169599230167
0 0.5121165082454435 0.3625410745942306 0.06199305420805068 0.0724500530911815
0 0.7187521870716993 0.23287920456718642 0.05039952757083679 0.06441035483967017
0 0.9741306608339272 0.3118832625318698 0.01523015785015538 0.047020450668363536
0 0.7549109529978892 0.3761110365611412 0.0623627630835923 0.0787977093411815