0 0.6765625 0.6453125 0.075 0.103125
0 0.834375 0.28046875 0.10859375 0.121875
0 0.3703125 0.30546875 0.0921875 0.09609375
0 0.653125 0.278125 0.06953125 0.0859375
0 0.22109375 0.503125 0.05078125 0.07109375
0 0.12421875 0.52890625 0.0921875 0.11875
0 0.54921875 0.66328125 0.06953125 0.08671875
0 0.90546875 0.64921875 0.07734375 0.09609375
0 0.45078125 0.27890625 0.06328125 0.0765625
0 0.7328125 0.32734375 0.08359375 0.090625
0 0.928125 0.28828125 0.06953125 0.09140625
0 0.05703125 0.7125 0.06953125 0.090625
0 0.71171875 0.41953125 0.084375 0.10546875
0 0.25859375 0.6625 0.06171875 0.07421875
0 0.69296875 0.7265625 0.05546875 0.0734375
0 0.2578125 0.43203125 0.078125 0.10078125
0 0.66484375 0.4953125 0.06015625 0.071875
0 0.10390625 0.64453125 0.07265625 0.10625
0 0.328125 0.6421875 0.08359375 0.1015625
0 0.03984375 0.575 0.07890625 0.10234375
0 0.23359375 0.72421875 0.05390625 0.0625
0 0.184375 0.7984375 0.08046875 0.1
0 0.8375 0.71875 0.09921875 0.11484375
0 0.8046875 0.4015625 0.1 0.13359375
0 0.47421875 0.4359375 0.071875 0.0921875
0 0.51015625 0.34453125 0.0796875 0.09765625
0 0.759375 0.4875 0.06328125 0.0734375
0 0.55234375 0.4265625 0.06796875 0.08125
0 0.4359375 0.50078125 0.059375 0.0734375
0 0.16015625 0.4078125 0.090625 0.10625
0 0.8796875 0.38046875 0.07578125 0.0953125
0 0.95546875 0.203125 0.078125 0.08828125
0 0.48125 0.68359375 0.05546875 0.075
0 0.83046875 0.6109375 0.07265625 0.08515625
0 0.0328125 0.81640625 0.0625 0.08828125
0 0.42578125 0.6703125 0.0546875 0.06953125
0 0.765625 0.64140625 0.07265625 0.1
0 0.6109375 0.44140625 0.05859375 0.078125
0 0.61796875 0.73125 0.0875 0.1015625
0 0.89140625 0.20703125 0.05703125 0.0765625
0 0.5890625 0.3515625 0.05859375 0.071875
0 0.63828125 0.56171875 0.05859375 0.078125
0 0.3765625 0.5578125 0.08828125 0.103125
0 0.61875 0.18125 0.0796875 0.10859375
0 0.71953125 0.55546875 0.0765625 0.09140625
0 0.53828125 0.765625 0.08515625 0.11953125
0 0.3015625 0.7203125 0.06171875 0.0765625
0 0.18359375 0.67734375 0.071875 0.0828125
0 0.44140625 0.7765625 0.10078125 0.12890625
0 0.12734375 0.73125 0.059375 0.08515625
0 0.1859375 0.59921875 0.0625 0.0796875
0 0.1125 0.8109375 0.05625 0.07265625
0 0.3265625 0.503125 0.05234375 0.07109375
0 0.409375 0.43125 0.0484375 0.06328125
0 0.28515625 0.33984375 0.06640625 0.08828125
0 0.56796875 0.27734375 0.0640625 0.0828125
0 0.50859375 0.25625 0.06171875 0.07265625
0 0.5265625 0.49296875 0.0609375 0.0734375
0 0.75390625 0.234375 0.0609375 0.08125
0 0.5828125 0.53046875 0.06875 0.0890625
0 0.33359375 0.41953125 0.06640625 0.0890625
0 0.353125 0.7875 0.0609375 0.08125
0 0.96328125 0.5765625 0.06875 0.09453125
0 0.4890625 0.54296875 0.04609375 0.059375
0 0.4140625 0.21875 0.0546875 0.06953125
0 0.97109375 0.6796875 0.0578125 0.07578125
0 0.265625 0.5671875 0.08046875 0.11015625
0 0.69296875 0.203125 0.06953125 0.084375
0 0.43359375 0.36015625 0.06953125 0.0828125
0 0.565625 0.59609375 0.0484375 0.059375
0 0.925 0.45625 0.065625 0.0890625
0 0.978125 0.4859375 0.04375 0.08828125
0 0.27109375 0.78828125 0.0671875 0.090625
0 0.83671875 0.53828125 0.05390625 0.0671875
0 0.88828125 0.5484375 0.0625 0.0875
0 0.54921875 0.203125 0.0578125 0.07109375
0 0.65625 0.37109375 0.06484375 0.08046875
0 0.9828125 0.75546875 0.034375 0.08828125
0 0.6125 0.63515625 0.05546875 0.0734375
0 0.753125 0.725 0.05859375 0.08046875
0 0.50390625 0.615625 0.05703125 0.071875
0 0.0203125 0.6625 0.03984375 0.065625
0 0.86484375 0.46328125 0.0609375 0.0765625
0 0.78359375 0.5625 0.05078125 0.0703125
0 0.2078125 0.3296875 0.06484375 0.078125
0 0.44609375 0.5921875 0.0703125 0.09609375
0 0.46484375 0.1828125 0.06640625 0.0875
0 0.0109375 0.74765625 0.021875 0.0765625
0 0.9109375 0.74296875 0.05390625 0.06953125
0 0.371875 0.47734375 0.05078125 0.0578125
0 0.528125 0.55703125 0.04453125 0.0546875
0 0.984375 0.29296875 0.0296875 0.11171875
0 0.990625 0.40234375 0.01796875 0.08671875
0 0.36484375 0.7203125 0.0609375 0.075
0 0.95625 0.37265625 0.0640625 0.08359375
0 0.80390625 0.17109375 0.06171875 0.0765625