0 0.25648795561949134 0.36099954991727445 0.05350146918789474 0.06168702805364497
0 0.8141088791071317 0.44484585916674446 0.10077092687900055 0.10795509045188574
0 0.5106648857750915 0.47387524553247784 0.05332807458567714 0.06314675801509181
0 0.5373072630460556 0.4275320795420095 0.0554007576162153 0.06942403155404211
0 0.09347751471304541 0.4283665077106377 0.06802028341226492 0.08544207721143202
0 0.6399219510775633 0.46130883603483125 0.058256719813016035 0.06498809572812725
0 0.2937329930421761 0.3203024119299833 0.06395063958616198 0.0762044334411626
0 0.4138215788075693 0.5299149655007057 0.06426551011670015 0.08245102424879373
0 0.2905757842578828 0.4154239971573309 0.057033021290354834 0.06672204388154554
0 0.4994247547111058 0.38396331168510195 0.055386811328284935 0.0680585486502265
0 0.3809781594028149 0.24225132426700374 0.07201025949157884 0.0793681448859143
0 0.47627378138294485 0.5208632938281945 0.06919215841226496 0.08546253236564479
0 0.43151951971401525 0.4600115685849609 0.05745749742704902 0.0755059925929924
0 0.7611749398676758 0.5227157146866316 0.060156024358580674 0.06794676136326191
0 0.3948331074362625 0.3259678051922802 0.048656517805381404 0.06326024989824078
0 0.146299496835198 0.45425289772652383 0.05270424373370193 0.0710347545146945
0 0.38002079259283256 0.45989279179959963 0.05396580337384975 0.07095925801509181
0 0.39732012077218204 0.3946632581143795 0.06294217452950912 0.08057510034458097
0 0.4537459797062565 0.2544434070587193 0.04994798307040789 0.05996721093719106
0 0.5200565059190538 0.27354400892515846 0.05220203231301603 0.06488241076469459
0 0.6413571631958368 0.383320203729583 0.07298479282531645 0.09011203698209869
0 0.6886948066776581 0.3037923908233696 0.0953838576748078 0.11722270089226879
0 0.6968257842578828 0.4225151172844194 0.06742041574157902 0.07928802886524763
0 0.529382805928752 0.5311519573830309 0.048477164642330095 0.05867381534060954
0 0.2584176331900177 0.22216887499835236 0.07672560371570665 0.09651594490618373
0 0.5792399294066941 0.34869005924947005 0.05538880826005901 0.06688837824641088
0 0.1141084922932701 0.5473074224832901 0.05039241240759904 0.06182779347574421
0 0.08853518107368412 0.34870628124958813 0.056791876063015945 0.06496252678536116
0 0.6168198066776581 0.302537808031654 0.0654892247566055 0.07593873823011296
0 0.20366545774552325 0.48801997158978566 0.07303064166989941 0.08708980702065183
0 0.4842464227387344 0.31270592045139994 0.055199486555381407 0.06337445784259525
0 0.07864948229133042 0.49519945170428337 0.053929939188137176 0.06813063595746058
0 0.5901133986519691 0.42455312986632104 0.06622460979477829 0.08375294282629735
0 0.5728140704726197 0.4897826635515411 0.045089101517208796 0.05539661201270896
0 0.06739402046292128 0.22351536647693573 0.05886455909355408 0.07123980032431154
0 0.3286493533533766 0.537789920858437 0.05379442182065049 0.06647047970746059
0 0.5762418304745592 0.5413315267820659 0.044654640721643976 0.052463515320340194
0 0.42558928667377877 0.19622180397446423 0.06104884466202254 0.07888426136326192
0 0.7528208216805676 0.38214526176453223 0.07506544746570665 0.09648696677104898
0 0.3425848233475576 0.3835660710205928 0.05725622636621521 0.06945641888154563
0 0.6463480678875457 0.24376282588856152 0.045208675664991205 0.056861455762708776
0 0.22646497108144276 0.5570699805182395 0.041603382142087496 0.05211770408862364
0 0.4462839081948668 0.35417067166921595 0.07129474706768182 0.08852226344314831
0 0.42263937198013 0.28432577597128705 0.04812441687706084 0.05554711074442516
0 0.16433266440378466 0.2642142788139561 0.06442296149921348 0.08079598178734697
0 0.15151341319583667 0.37476994926865137 0.07602807979502071 0.09036019196381488
0 0.5299733819820697 0.3376883295420095 0.04843930352484342 0.05701536368679392
0 0.560904904401845 0.21964744155471833 0.07002519970043757 0.09327844155801364
0 0.8789205492607923 0.5029271404163327 0.0757650166698994 0.08713753571381488
0 0.34916992107174444 0.3017666461016707 0.05934485261645772 0.07592900492049592
0 0.6963471653218687 0.5122224995896676 0.08765511598861017 0.10138754129409851
0 0.936749282590893 0.41812149228277173 0.0739773146622646 0.08554605757868021
0 0.22021548683325828 0.4040540746740408 0.07313425648073331 0.09313767613591431
0 0.35642482743044346 0.17083029179959963 0.06416786998394439 0.07767098178734697
0 0.1282678765220579 0.18557108157389965 0.0692519535447782 0.08380578530801355
0 0.6180786441100412 0.5186576858726755 0.0656406853437966 0.07779420698011279
0 0.19118117532380824 0.5548938258918568 0.04342894526720875 0.05536763387757411
0 0.48749935531023053 0.19964285876300267 0.08640750263639277 0.10282852069751698
0 0.2700396278991838 0.5461285263783241 0.04764207807065048 0.06636309014784345
0 0.26178097562337066 0.4640700028393738 0.056957282938137156 0.06818347843917678
0 0.0857771007683027 0.2862471915580136 0.04536013625218214 0.058716924512708865
0 0.2400659880412063 0.29362113514462207 0.0519768303053814 0.06331820616851021
0 0.9537930035031579 0.5026737702859488 0.07550992515463051 0.08401253571381488
0 0.1990582218303488 0.32645122605401256 0.05873701333591956 0.06967730032431155
0 0.32616234001745703 0.4690944679363377 0.0539000496805027 0.06656984055364497
0 0.47381871895541094 0.43344511444504547 0.052231921820650486 0.06644320616851011
0 0.04636378546583079 0.3003818295453048 0.051410717067924286 0.09461131534060954
0 0.1892371984924896 0.20613872605401257 0.054033570116215214 0.06940016720746049
0 0.36573489411004123 0.5142530093321955 0.043399055759574166 0.053806838473758486
0 0.86179617744984 0.6945418960983755 0.08380065727678314 0.1091216298696164
0 0.05298018940863384 0.39099319277582956 0.047175730835677096 0.06303936845547478
0 0.22448749608629193 0.6857580422066367 0.06256750886645772 0.07598525659458097
0 0.12220816365487863 0.49361936079489277 0.03976387272903605 0.04750229139585791
0 0.7480533154716498 0.4670969602224047 0.03830700058888823 0.04757437870309182
0 0.44690643515657 0.14198431736714484 0.04809452736942639 0.053986315340609534
0 0.06903510835434638 0.559002853084255 0.05350737939699583 0.08206820616851011
0 0.2904809630363571 0.16577855316368534 0.040371712009574165 0.053753995992042204
0 0.5555634422835718 0.29756789001259076 0.03347601161154934 0.04573474558624078
0 0.31815929500872847 0.2372541327089901 0.05962983363936125 0.08061480032431154
0 0.8086876686558485 0.5313464208551417 0.04209164727484307 0.0569045649348082
0 0.8333374980431459 0.35546575932890023 0.06430936202950903 0.0805989646911626
0 0.6091191348570076 0.23687189772322853 0.038906868259574165 0.053728427049276294
0 0.3787449482026255 0.5589479005658976 0.03276454140293321 0.0382135097400564
0 0.043381790925842566 0.4454352309252766 0.018917210399964503 0.05971811810055314
0 0.8727983528943344 0.4279271404163326 0.04568896918789491 0.06155066035889334
0 0.027247381523027737 0.20955227800317724 0.025406358695529253 0.06275689975635448
0 0.11819111697916021 0.25326709618439625 0.0401604562898699 0.05355527429967335
0 0.29877066365487864 0.4967012706962812 0.04158943585415731 0.05075222118480802
0 0.9921339124423506 0.505218117688161 0.01573217511529883 0.05882942786087888
0 0.15712503971789457 0.5582000580349493 0.030125809603914845 0.044115993912155815
0 0.15247026425400345 0.3100352934244527 0.0392696329182022 0.04144760389585782