0 0.41980180356775565 0.8 0.11869109494949229 0.1279296875
0 0.6574181391063375 0.32734375 0.060679792376145514 0.0671875
0 0.11430238036858291 0.546875 0.08382261955952482 0.08125
0 0.9238456899390963 0.503125 0.04886242758867141 0.07509765625
0 0.044025469255149545 0.12421875 0.060408714355770055 0.065625
0 0.527358234566276 0.11953125 0.06351182362614552 0.0671875
0 0.21339096578456723 0.1890625 0.07706340611737446 0.07490234375
0 0.2607105966435405 0.2765625 0.07258205747802293 0.075
0 0.005568939802922304 0.3171875 0.011137879605844609 0.10302734375
0 0.024721646884498287 0.459375 0.049443293768996574 0.078125
0 0.01332199398366582 0.753125 0.02664398796733164 0.07177734375
0 0.42342491601281285 0.6125 0.06524774539652096 0.06875
0 0.3599804686421616 0.6984375 0.12003692424068664 0.12509765625
0 0.06558089078032985 0.35234375 0.06718981852754495 0.07041015625
0 0.6637226692382 0.77734375 0.09655809237720483 0.1080078125
0 0.7422854838306904 0.80859375 0.09391128029570303 0.1017578125
0 0.4525998190014796 0.68046875 0.07953487935355259 0.09541015625
0 0.7020175517711656 0.88984375 0.06405397966689641 0.0703125
0 0.02322813710844359 0.2453125 0.04645627421688718 0.058984375
0 0.41321413588095035 0.1625 0.07481656683822777 0.0810546875
0 0.5153786963898705 0.8328125 0.0680569273794223 0.07822265625
0 0.7838939282211498 0.328125 0.05702368820437069 0.06240234375
0 0.6989051357583527 0.27734375 0.05676344904464372 0.0609375
0 0.12062119855425327 0.3984375 0.07975325412897885 0.0841796875
0 0.5777834651715793 0.76328125 0.10204553798191558 0.1328125
0 0.5486722681687208 0.5046875 0.06379374050716961 0.06884765625
0 0.04167264179223588 0.565625 0.08334528358447175 0.128125
0 0.14905745320843758 0.81796875 0.101353767975362 0.1107421875
0 0.31696230071016124 0.290625 0.061169032163619616 0.05927734375
0 0.5072753905351346 0.58203125 0.1003221591388094 0.11728515625
0 0.2814329906492575 0.79375 0.09504968017628342 0.109375
0 0.5348434877916631 0.284375 0.07182291121597509 0.0716796875
0 0.2184917679235256 0.734375 0.08600133705403054 0.1
0 0.010072586765509647 0.16640625 0.020145173531019293 0.05
0 0.6473027867052343 0.66484375 0.10206913277816074 0.1171875
0 0.2110634044174639 0.32265625 0.056004302782595695 0.0576171875
0 0.2925200554869431 0.5953125 0.055157380593722126 0.0623046875
0 0.29831349616162495 0.409375 0.04953784508211782 0.05302734375
0 0.32759300273499675 0.62421875 0.04981976196314175 0.0546875
0 0.7747909893430579 0.42421875 0.07464293205952473 0.08125
0 0.09030542152518031 0.228125 0.07654292779792042 0.07197265625
0 0.7476036204472264 0.28203125 0.04123780936126416 0.046875
0 0.33100880858973264 0.875 0.08633766124662445 0.100390625
0 0.1392938600354794 0.4765625 0.06050637060577006 0.065625
0 0.14603856434729529 0.2609375 0.05346502727426814 0.059375
0 0.5852821544174639 0.32265625 0.0531181837335172 0.05625
0 0.6261470347860468 0.86953125 0.08524272331280151 0.09228515625
0 0.8683667155393721 0.41875 0.06839293205952472 0.08125
0 0.5589603868193571 0.8765625 0.07544511425167517 0.08759765625
0 0.4247688364769887 0.24140625 0.06804608851877383 0.078125
0 0.10007838706455237 0.646875 0.08564365465263113 0.09677734375
0 0.7225032770290729 0.1703125 0.07954742228082168 0.0814453125
0 0.08156807092066713 0.47578125 0.07056400581829592 0.07353515625
0 0.8834000759426441 0.55078125 0.08454903623129972 0.08603515625
0 0.14734859999152522 0.3265625 0.07560940122802293 0.075
0 0.10651373730127275 0.74375 0.09526784194338207 0.09990234375
0 0.7482378617094717 0.5015625 0.06771008383867141 0.07509765625
0 0.9190399538214254 0.24375 0.04762850154136657 0.04990234375
0 0.7353290162495332 0.709375 0.0746537709201732 0.08134765625
0 0.3250443057321383 0.365625 0.0499931837335172 0.05625
0 0.3743744755833262 0.56875 0.07551025391972974 0.0873046875
0 0.20809157390085908 0.8703125 0.07516341037897885 0.0841796875
0 0.356014576310437 0.20625 0.059411539176111014 0.056640625
0 0.5664531118320694 0.38671875 0.05713218331501899 0.0625
0 0.1820246302459853 0.66171875 0.09765441486515698 0.1046875
0 0.5499933802459853 0.66171875 0.08218264997252867 0.09375
0 0.4574206952062685 0.3484375 0.07578260999007078 0.0783203125
0 0.2701850880283835 0.38125 0.04300614120942141 0.049609375
0 0.51498413898374 0.4421875 0.08462480175167517 0.08759765625
0 0.11034926853651357 0.16015625 0.050015074463141705 0.0546875
0 0.03614841123603095 0.3078125 0.05278217905341469 0.05322265625
0 0.8378724045400615 0.2078125 0.0467166526927663 0.053125
0 0.33001323922046033 0.5390625 0.04912437081501908 0.0625
0 0.029855854574665535 0.6734375 0.05971170914933107 0.0876953125
0 0.25805152833527256 0.53984375 0.06188460997474614 0.06396484375
0 0.5013059719901463 0.7484375 0.08468951540307472 0.0908203125
0 0.21578157761663658 0.57578125 0.0531181837335172 0.05625
0 0.5341412803770578 0.2203125 0.031951117808909045 0.03447265625
0 0.7329281800177397 0.23828125 0.038688866538089964 0.0388671875
0 0.5890439517796404 0.56328125 0.08591473267300671 0.09833984375
0 0.05086900943096623 0.72421875 0.04929949665201527 0.05
0 0.8851734871786752 0.85859375 0.04634600134744247 0.0673828125
0 0.2899238411311731 0.6609375 0.05200018352426809 0.059375
0 0.09367180944791578 0.07109375 0.07366732809699897 0.07333984375
0 0.22851955740613064 0.390625 0.04675968862286872 0.05615234375
0 0.36860895549541783 0.26875 0.046000861873312184 0.0501953125
0 0.4355388789397857 0.2921875 0.03765747070986478 0.04365234375
0 0.8829401084840847 0.33671875 0.05719710997474614 0.06396484375
0 0.8047778155308972 0.7453125 0.07868912871048081 0.0904296875
0 0.2589620908859779 0.890625 0.05539455747802293 0.075
0 0.4576588715082307 0.88125 0.04545764079092329 0.055859375
0 0.7336346475988968 0.3375 0.04651050133211783 0.05302734375
0 0.6824232513061996 0.36953125 0.04580576238163978 0.0484375
0 0.8287032035762303 0.4734375 0.06388055789652114 0.06875
0 0.896821518413916 0.275 0.037419122279762365 0.040625
0 0.39172687702059816 0.496875 0.053042205204814154 0.0564453125
0 0.793162817082292 0.88515625 0.08566703644054882 0.08291015625
0 0.6209791185280388 0.48671875 0.053638449044643724 0.0609375
0 0.875810219132552 0.2390625 0.041053335721912984 0.04697265625
0 0.24787142140258273 0.34296875 0.039068226660786284 0.04228515625
0 0.7798048840843604 0.25234375 0.03926353916078647 0.04228515625
0 0.30966410178811515 0.23671875 0.05242428364368763 0.0517578125
0 0.7881862152941769 0.6484375 0.08508014040307454 0.0908203125
0 0.8410715314380621 0.81953125 0.07681251476000277 0.08583984375
0 0.9246175675726824 0.42578125 0.0500259133237904 0.05478515625
0 0.0160619625591801 0.08515625 0.0321239251183602 0.0734375
0 0.3015337273799162 0.47890625 0.07784369757990035 0.0828125
0 0.2549376047683071 0.63125 0.04606600154136684 0.04990234375
0 0.18876166625800803 0.3828125 0.055939695635360075 0.053515625
0 0.19468101135015375 0.51953125 0.08644754091140223 0.0890625
0 0.9091387242771265 0.19921875 0.04234475770153736 0.04541015625
0 0.46750897905390854 0.50390625 0.060137636335394616 0.0640625
0 0.3162524249957626 0.16328125 0.0642492921668965 0.0703125
0 0.28632524113964786 0.334375 0.03213516543160537 0.037890625
0 0.20170203695042951 0.43515625 0.05274944946314175 0.0546875
0 0.8536676146896639 0.89609375 0.05954160550389247 0.0578125
0 0.8708056967576633 0.48828125 0.04285397114368763 0.0517578125
0 0.5442048552586976 0.171875 0.031169122279762363 0.040625
0 0.817517499387012 0.57421875 0.057023475196043096 0.06416015625
0 0.1604871014203224 0.58125 0.0503838087335172 0.05625
0 0.9082351745053723 0.62265625 0.05751695058601029 0.11083984375
0 0.7045813888611423 0.55703125 0.07326469269054883 0.08291015625
0 0.5821384096846363 0.16796875 0.041205079770991304 0.04833984375
0 0.002713598440130451 0.41953125 0.005427196880260902 0.0921875
0 0.39665576494333366 0.33984375 0.03584557041078638 0.04228515625
0 0.4156769740319314 0.42890625 0.0701505315511973 0.0830078125
0 0.06989854234019939 0.165625 0.037321466029762405 0.040625
0 0.6217194709291419 0.14921875 0.055125183524268095 0.059375
0 0.5225271339617629 0.3671875 0.048625996233517196 0.05625
0 0.7620052956881841 0.215625 0.03855880021030842 0.0376953125
0 0.8524204329979316 0.6328125 0.06568140632662356 0.07177734375
0 0.13473547607371658 0.109375 0.05277134019276621 0.053125
0 0.6963174417356862 0.41328125 0.03995722624228826 0.04853515625
0 0.0002720611219081399 0.228125 0.0005441222438162798 0.071875
0 0.36342078695042956 0.43515625 0.05092692331174229 0.05146484375
0 0.07328216744161005 0.8671875 0.08359361893177768 0.090625
0 0.38917070823041466 0.89296875 0.055721214355770064 0.065625
0 0.6149628381509811 0.26640625 0.04545742778259569 0.0576171875
0 0.5823459127874258 0.44765625 0.058748558105770066 0.065625
0 0.6191411492728893 0.3625 0.04946186655341478 0.05322265625
0 0.9198280200879083 0.3 0.032027096337611735 0.03427734375
0 0.8048082922176019 0.28046875 0.03265585675938674 0.0390625
0 0.2698177956881841 0.215625 0.042377487291810303 0.0439453125
0 0.6611415949695482 0.2515625 0.03958849197191281 0.04697265625
0 0.08649440274347156 0.29765625 0.03404493498901147 0.0375
0 0.46678632283985466 0.27109375 0.045827653111264334 0.046875
0 0.8474395710432647 0.3609375 0.04315799176266388 0.05009765625
0 0.6558675675726825 0.42578125 0.049451027692766304 0.053125
0 0.350926751183602 0.484375 0.039762126750615856 0.04677734375
0 0.42602113036858286 0.546875 0.043027818930718456 0.0498046875
0 0.6172369179320004 0.4078125 0.03542296134965994 0.03759765625
0 0.590826538869617 0.23046875 0.03464096582051326 0.04375
0 0.2507107277477089 0.134375 0.039664470500615855 0.04677734375
0 0.759270592927763 0.57109375 0.057110292585394615 0.0640625
0 0.8885475434012038 0.76484375 0.05470087039652114 0.06875
0 0.9509921612360308 0.3078125 0.033155935407509676 0.03125
0 0.6742775402984142 0.48515625 0.06152501049839838 0.0765625
0 0.6293653654252493 0.20703125 0.04469860103303915 0.05166015625
0 0.8469602033310352 0.703125 0.05086050559372204 0.0623046875
0 0.17492777368108822 0.1203125 0.045827653111264334 0.046875
0 0.3568987258285214 0.3390625 0.03463012695986487 0.04365234375
0 0.023398502980191957 0.39453125 0.04610956999228826 0.04853515625
0 0.7345961356357552 0.3921875 0.035975956251059316 0.0408203125
0 0.040735567817877585 0.19609375 0.049277605922390756 0.0515625
0 0.03674034573625899 0.7984375 0.07348069147251798 0.078125
0 0.6418212562055791 0.559375 0.056220014953927235 0.068359375
0 0.6252109112360309 0.3078125 0.03502149748901147 0.0375
0 0.9559227532253871 0.16484375 0.04712991395153736 0.04541015625
0 0.26616656614388523 0.17109375 0.03523870071863602 0.0359375
0 0.37331094006169385 0.38828125 0.037472997070513436 0.04375
0 0.06506829376899657 0.4203125 0.051425830414063164 0.0533203125
0 0.670596489588253 0.19453125 0.05029645882334677 0.0607421875
0 0.855502831332414 0.28125 0.026569930727406897 0.02822265625
0 0.4663365797810193 0.14140625 0.06433760061454112 0.05791015625
0 0.9477685218844982 0.21015625 0.036909695829284314 0.03603515625
0 0.9022674600270048 0.803125 0.022086665013107167 0.044140625
0 0.4317431967576633 0.48828125 0.03939339248024041 0.04521484375
0 0.7234274721127439 0.63359375 0.05731644394604309 0.06416015625
0 0.8410025167399237 0.25 0.03203793519826022 0.034375
0 0.1644613175726824 0.42578125 0.04106438759088884 0.0453125
0 0.33104098934305787 0.42421875 0.029357434989011465 0.0375
0 0.4691471135060617 0.41171875 0.04287607488163978 0.0484375
0 0.9040958604032723 0.13203125 0.03966425749228826 0.04853515625
0 0.9722457004734408 0.19375 0.01584910143621272 0.0310546875
0 0.4588225539355483 0.45546875 0.041813440521434764 0.0423828125
0 0.25222485836148706 0.4515625 0.0658115791585689 0.0720703125
0 0.5054035364600391 0.89453125 0.029422361648738616 0.03896484375
0 0.2925471240404062 0.10234375 0.053900392270991304 0.04833984375
0 0.8717237310956936 0.184375 0.03846114396030842 0.0376953125
0 0.6411921271431957 0.38203125 0.028295013637134048 0.0296875
0 0.892558396985909 0.91171875 0.017073892689489157 0.04208984375
0 0.9508136272657932 0.2671875 0.03845965290201505 0.05
0 0.08768875836996182 0.125 0.03832013226771451 0.0373046875
0 0.9130526425769198 0.2625 0.04467862737836299 0.03740234375
0 0.01645111286194844 0.35546875 0.03290222572389688 0.0359375
0 0.9332019452062685 0.3484375 0.05036213101222024 0.0560546875
0 0.4388603056095407 0.48046875 0.03879736164873844 0.03896484375
0 0.8008016987994484 0.16875 0.04853917884416568 0.05634765625
0 0.4733772021474332 0.21875 0.0443733287094215 0.049609375
0 0.9590409369589044 0.10859375 0.03818857488163978 0.0484375