0 0.1659214602289953 0.2565180876218722 0.09228428814862313 0.1088812351707876
0 0.18202988109072762 0.45318013895465575 0.1200495169936013 0.1673746517467011
0 0.5182515734595201 0.26755149366528685 0.05596935633066593 0.07502874373179384
0 0.7800995937553549 0.805127016164322 0.10853998873684975 0.1454686887370144
0 0.405061826705931 0.21423261388183112 0.1199772078926511 0.15204830351002893
0 0.852582114451636 0.5485109548024086 0.11694035262675015 0.1625990650401196
0 0.5789497455390684 0.5069382540901282 0.10537286809972919 0.13737278953043308
0 0.5864697394499885 0.30002066435668484 0.0845297444188926 0.1119742271376742
0 0.21810415422593615 0.7598536877801567 0.08947513271022585 0.12129314846420627
0 0.5733292167251123 0.6498160758768827 0.1088551172372469 0.14674674450700637
0 0.7354430275994354 0.31842498653915086 0.06078519531198516 0.07692579005832582
0 0.41853084821958164 0.7860083254811714 0.0976499956362968 0.13109646451064752
0 0.28325719034349295 0.38577734177850737 0.10712457827619719 0.1482580973870557
0 0.9206520503276068 0.45513067933387263 0.08320396149480729 0.10871463130104324
0 0.8050015511383858 0.31888563928386016 0.06856091025713411 0.0862294588281114
0 0.03415612246538914 0.627699102665567 0.06831224493077828 0.13664536382447015
0 0.6075032138824432 0.3936486439027137 0.07683172483702042 0.09593796013121647
0 0.3321156558474939 0.49741117524374445 0.08623762936205566 0.11475690775096084
0 0.482838404629678 0.4603694794795219 0.09268024873089242 0.12597392042745154
0 0.19665366842939563 0.6005552441275053 0.0878466477265238 0.11187552586424747
0 0.8390263547124034 0.6981927060560499 0.1040171185055307 0.1435801669304743
0 0.6513698108776185 0.16433922862159206 0.08452633522652384 0.11177891463767424
0 0.49549849716392147 0.7202445846523714 0.09257115457509109 0.1197239204274517
0 0.10096902151365075 0.5743217015702105 0.0928675325174599 0.11992775744744329
0 0.34332371144681123 0.3031072457768579 0.07988804672215508 0.09768620308779799
0 0.4895951448904453 0.610642264119258 0.08271666877978631 0.09757329428105166
0 0.501015254871264 0.18028717438581465 0.08134337895625432 0.10836767392442889
0 0.7355582556853382 0.5357261468057075 0.13247913428255167 0.16929802309301856
0 0.41557126380301296 0.6420992011079919 0.0768994144169067 0.10540777487455273
0 0.3855736668045425 0.390317740762293 0.06687518506436803 0.08471630946482485
0 0.5112964155867266 0.35254861929210746 0.06715402277740345 0.0895071487281526
0 0.15396951623864497 0.7173419273553157 0.04317105199839664 0.05757518712881229
0 0.505693477682161 0.5391991731321735 0.04940180717287888 0.06224638954863906
0 0.26586159010190685 0.6658823789255258 0.09097967643995641 0.11801830007082899
0 0.2913274200542487 0.8190444828447342 0.09604097727182861 0.13397784639736088
0 0.05560770292539461 0.48623902837153 0.06725338362358783 0.08960764648481642
0 0.015113169518673827 0.8209489974927175 0.030226339037347654 0.09794984097877127
0 0.12363317979348136 0.664088895222862 0.05899670008066597 0.07511683043837536
0 0.6424399066615681 0.8550551568348375 0.07872491649679318 0.11492873673783918
0 0.8542282094182163 0.4094257227490973 0.09259842811404155 0.1212864204274517
0 0.07763311283007832 0.7917221502374268 0.05908192988988579 0.07999964293837536
0 0.4550424614468113 0.3063579294003796 0.0753096408779566 0.10379981076792992
0 0.6403724407505299 0.5704755683550353 0.05426707944354554 0.06697546712517113
0 0.7904323108776184 0.16838553411101068 0.0848010476859848 0.10514965566432996
0 0.9555161996789836 0.5624490858395056 0.07320349512873606 0.16767088479802067
0 0.5679990142100501 0.8208416297169487 0.07172291710570136 0.094032389284693
0 0.10384678531336844 0.7229183259433898 0.05899670008066597 0.07511683043837536
0 0.4021923766265007 0.4681843279884538 0.05927553779370136 0.0799076697017032
0 0.8756004232973643 0.3045252740818808 0.07973413879807012 0.09446070533113407
0 0.2669622142894803 0.5580471468722146 0.07350800314465164 0.09564603640464338
0 0.6200757573101912 0.7481004631821858 0.07034330316492117 0.09887257918473402
0 0.6916780219206878 0.7658168120868292 0.07008200568121907 0.0894947376780701
0 0.6887277146932221 0.2631320812871591 0.0719233433942545 0.09433104104802066
0 0.8070646574690518 0.24547087133717152 0.04786025659458097 0.05780923569868044
0 0.09919979018133711 0.40699780925034235 0.07019890675673683 0.08500823319139794
0 0.038118267743972964 0.3379462808788124 0.07623653548794593 0.10686020757447015
0 0.4387804874213936 0.38717602038746407 0.041435399248793914 0.05879357125886191
0 0.8575283076312076 0.2203632227490973 0.054172832385914305 0.06716793811850721
0 0.4313519967568844 0.544070878067596 0.07048406858702042 0.09575326219806186
0 0.5774686607154627 0.18876491561032602 0.06903236733900613 0.10205545434143923
0 0.9690763189985885 0.770761691012355 0.03762845941492117 0.0979206744523216
0 0.7574759403434929 0.39957569813849103 0.07999543628177222 0.10383854683779799
0 0.03498817289197487 0.737278691145369 0.06997634578394973 0.09271634890464338
0 0.6563713620160041 0.4599472453146395 0.0702841365659566 0.08989104569139794
0 0.9170695340955526 0.7051534113871839 0.0757124198449631 0.12128312102459393
0 0.32666667654707043 0.7200219611371217 0.06098853652541773 0.08298331906498965
0 0.010595896308484547 0.5293381590129155 0.021191792616969095 0.08523881802583091
0 0.3303428758157218 0.5989736752437445 0.07683172483702042 0.09593796013121647
0 0.7499515868522006 0.24849893144544363 0.05437617359934688 0.07322546712517113
0 0.2176282362035776 0.3393138672470434 0.05457659988790002 0.07352411888849897
0 0.26438623376794557 0.25781982633910117 0.09889494647850956 0.11854143086060623
0 0.7159680990270653 0.1802884890464333 0.048116440289729924 0.06689410845534435
0 0.546224794645564 0.4114067937444291 0.054270488635914306 0.06717077962517112
0 0.7552377357998358 0.6621438942984251 0.0719761858759707 0.09735838479802066
0 0.13547288636902866 0.7918418221824661 0.07179841360530412 0.09276569954135674
0 0.9807225255708405 0.4170145653855345 0.0264683733759707 0.0960342426926351
0 0.2079672694850559 0.6688877069804867 0.036813662438779635 0.05124098695232178
0 0.8689029951353267 0.8225622202418148 0.06773919353614062 0.11743967773481642
0 0.9400720263816194 0.28295180245341073 0.0573954886359143 0.06726170783841656
0 0.6752871830398923 0.630114992807357 0.060714812600935454 0.07848544855166181
0 0.1510856185088259 0.34519414271557947 0.06062787819553126 0.0735049798016619
0 0.980171731742646 0.8515941538653365 0.01011138555165907 0.042460284639735946
0 0.9645986935899039 0.355576960212685 0.060878453834637726 0.0878604485516619