0 0.20643295558811925 0.5754324918318747 0.06232938038006859 0.0762820392404123
0 0.5910799392393158 0.09337521951170089 0.060924224439000876 0.0777127883736806
0 0.20372581376361473 0.2978887200803818 0.06057985857874763 0.07165582789923182
0 0.39027203368619 0.9418172919843746 0.06308426717663265 0.0828363728626563
0 0.76987869026508 0.489592990028923 0.06734350605971962 0.0796183442128516
0 0.3032535588578799 0.6677998701566317 0.052546679847775654 0.06366376291777769
0 0.2711851581733079 0.7443993909581942 0.0591027449428065 0.0761093748336025
0 0.7821810079830275 0.8107049238245132 0.052801347832553344 0.06991376291777769
0 0.4501815914811247 0.8192142869503816 0.052674013840164416 0.06678876291777769
0 0.17101010874414918 0.5121337112466666 0.059059306207077535 0.07025454578249998
0 0.5507983568041639 0.8895975625015968 0.06886770529449712 0.08589789288068594
0 0.722418758440138 0.41875446637756886 0.08921402403492848 0.11593323962264765
0 0.507155786157648 0.9508266564414232 0.07030718281352506 0.07812630642076393
0 0.3585060860439172 0.7955423572388539 0.061017569177584094 0.08239801539923182
0 0.17605179992345033 0.23284560153927067 0.06112749531352515 0.07791264682257815
0 0.681577605246927 0.0881408992232286 0.07371652854069151 0.08757176862867626
0 0.7607053256266129 0.3412282252112841 0.05440181627362097 0.06848755973340719
0 0.819439632964437 0.6119940136802772 0.05292901414909679 0.06825815261667537
0 0.14868016950483337 0.405520688545243 0.11293553743794008 0.1306320908170097
0 0.40759218486505366 0.8679070132990276 0.055705336777426596 0.06695688137569036
0 0.6189873523183586 0.4712092787822565 0.1167015189113009 0.14164687194826833
0 0.6596985825466951 0.3764228024336106 0.06551804737626306 0.07791727442277345
0 0.7676476171842872 0.9338157687142701 0.05095416978123222 0.06528527860214836
0 0.1702367649031097 0.8577917033628818 0.08695450161574296 0.10836824888367183
0 0.5392879234591661 0.415196974545694 0.06240100575078742 0.07803985174041247
0 0.45409711174707973 0.9153080369503815 0.06414654836484619 0.08256840683159297
0 0.6510344842570314 0.7011506987101384 0.1259241423095009 0.18361876598082477
0 0.26852184832684484 0.06491125949930535 0.039477656069288256 0.049407978438333354
0 0.31794741163334905 0.7597327970183678 0.04116351087441492 0.05247168977951393
0 0.7463124921656966 0.736468643239305 0.08537608486669442 0.10794125629249152
0 0.2998526917479548 0.5075708849742706 0.07882399895892558 0.09559330062666671
0 0.26209270657670236 0.5788289423449651 0.054258233208028986 0.0697525450345097
0 0.8338629358164557 0.46698998499492983 0.0592723588876801 0.07308885000694883
0 0.824230539617689 0.9598684692273605 0.06730604045618094 0.0451775096051346
0 0.8168014753226016 0.25937750674642296 0.0807308648191789 0.10168662869229603
0 0.34110106874371166 0.7138384155594789 0.060808828008398576 0.07488075712368066
0 0.30665442596780507 0.8280288553389928 0.06424022542758409 0.08247302355604162
0 0.808464982279865 0.6881025720009021 0.06903334005210837 0.08277971180403228
0 0.3598882890490354 0.17695535818878444 0.05742916002362097 0.0685580219413195
0 0.7694104580595772 0.5740589090068744 0.07234934104069168 0.08753994698639325
0 0.37790339037881077 0.6574604757799649 0.06243897419185505 0.07657728096486113
0 0.8234785341433005 0.5383928595199646 0.06383617175839866 0.07495121933159296
0 0.5401023014435061 0.6270975625015968 0.062239682504592865 0.07647507876596364
0 0.5898980771094877 0.35224172644555507 0.07276135308440139 0.09525706371084208
0 0.2490303379839025 0.4117869127096873 0.08041219751405233 0.09865473899339854
0 0.7151023710642578 0.16243173119520776 0.04912904342193034 0.05880359851096788
0 0.5841002881348143 0.958419644473576 0.05703919967193034 0.05898770944131968
0 0.666212451176676 0.9393046621410065 0.08968987358820701 0.09409006126493083
0 0.7597754728883248 0.6446623497363189 0.0489037208553869 0.06045693583762155
0 0.6814356141813567 0.526059126521805 0.046008022609192525 0.05882851957860673
0 0.7058122371855997 0.3182641571070133 0.0720006636690215 0.08616594056304691
0 0.3619242688202614 0.4764104975314581 0.062243661691855044 0.07657273501596365
0 0.8139218730414243 0.16951557295083267 0.055506377414319276 0.062074068875690135
0 0.4326001606447658 0.752372279066597 0.06264771536104057 0.0840945392404123
0 0.5557803340667509 0.7815668569545136 0.08583004453873393 0.11429345849138883
0 0.1509828157407811 0.30850021818052076 0.05112378372610556 0.062264753775494876
0 0.6282815088972485 0.03528961120437475 0.07530903860723495 0.0705792224087495
0 0.8035413548269975 0.8743310127303466 0.0556116597146886 0.0670522646512417
0 0.47919268186212305 0.45647724439732595 0.0658067046148462 0.08260704739722229
0 0.4121299268820261 0.044145555997082093 0.08666219751405216 0.08829111199416419
0 0.34673293931367793 0.8904372831506595 0.06402319355971961 0.07954106308159296
0 0.5093417327741566 0.6974107157119788 0.06103381825078742 0.07800803009812932
0 0.6310947855889942 0.15422114732336753 0.06931768577927463 0.09215243882958335
0 0.5734387944862428 0.19779061578822868 0.06445145467663274 0.08286819450493929
0 0.5080723459297489 0.8389806198722912 0.0494896583553869 0.06047057368431439
0 0.3139749056646689 0.33598617249333307 0.10471135771838495 0.11795252583555564
0 0.3358167080595772 0.5841509155594788 0.06103381825078733 0.07800803009812932
0 0.8290706650562092 0.36857066879052014 0.0843308792107738 0.12060020120131076
0 0.6808029669196447 0.22266136958795082 0.0838595116822864 0.1066376304257596
0 0.22813283653820884 0.8009228011024303 0.04598232405406577 0.055803448803055745
0 0.2251803666156335 0.15272103723472202 0.10522865206246443 0.13064783833555565
0 0.5286953443725121 0.04556899298374546 0.09430906275644109 0.09113798596749093
0 0.42887700547438856 0.41151088972392336 0.06750051779449713 0.08586607123840295
0 0.3107901221272031 0.9679089729301733 0.04428851087441492 0.05254442496187508
0 0.45312622486549115 0.6611835814032982 0.06744082998556493 0.08440122748840277
0 0.7220831077927471 0.8903028112673258 0.05579901384016459 0.06686149810013901
0 0.8422417574887359 0.8069610215640619 0.06937339440094484 0.09351962632958362
0 0.3842250331547174 0.543924652641701 0.05745883776600982 0.07168074896687067
0 0.2431463884016444 0.6512130886214929 0.0705495809123617 0.08886394797186625
0 0.8089585059314992 0.019068901552429147 0.061569355612998325 0.038137803104858294
0 0.4450339046760858 0.32824379483416627 0.05911070331733086 0.07630468733360249
0 0.44678870015091177 0.5440324489944788 0.07106720758059559 0.09677865017076392
0 0.7846322569572634 0.4102685127303466 0.0360896973858317 0.04767054105707462
0 0.3500782544486243 0.01735698000619778 0.05796900889724856 0.03471396001239556
0 0.6390690420519659 0.5802206028704509 0.06740717305591382 0.08118084421285161
0 0.41021855288919984 0.2414711466577774 0.07592001001405232 0.0985501821687544
0 0.4906500825838761 0.7760448619885066 0.04948534684397003 0.06515352773541672
0 0.21066292737631773 0.04592617657739566 0.061029839063525146 0.07791037384812939
0 0.18115170167096759 0.9529405492025693 0.07231535178688593 0.08910017401194459
0 0.25138472235685216 0.2584618909581942 0.0722936324190214 0.08617275948639325
0 0.7259986976794538 0.5258039001731591 0.037877187628220454 0.050834181622704123
0 0.17949240669043315 0.7394956450422568 0.103433535769706 0.12250827496882391
0 0.773461357718385 0.09773214513916602 0.07939733424882985 0.10487519032556429
0 0.704118380492979 0.6029482816320482 0.07761382319370327 0.10180920600993489
0 0.36443250349722217 0.4036269609623261 0.06403148425839848 0.07495576528049046
0 0.1778569694282837 0.641784843655486 0.06853710042758406 0.08257303443178828
0 0.6445682614430686 0.8303297056439926 0.07046419454830274 0.08437403344631526
0 0.5113207964634092 0.20862031943545095 0.07219597616902149 0.0861704865119445
0 0.31654946593106154 0.22644751833302057 0.06428615224317609 0.08120576528049055
0 0.8401541092012597 0.10321777251399236 0.06562764118804978 0.07821251614722229
0 0.41439535281265016 0.4783171832269094 0.03785148907309388 0.04780911084715278
0 0.48394916604479227 0.38129540644142323 0.05760026507589337 0.0727572406913195
0 0.5936411369187697 0.6360173144014578 0.05630470294661212 0.07448323154903651
0 0.5288359017103362 0.3122174449104162 0.0787223635216634 0.09549337140221788
0 0.3578893903416297 0.26223889475791634 0.045791323065482635 0.05111594880305557
0 0.15323508794672147 0.020583950513090234 0.08459517589344294 0.04116790102618047
0 0.5765226211014388 0.5613446227220829 0.06272365224317618 0.08116939768930997
0 0.30855128212895316 0.14530662110656226 0.06440950704830276 0.0842331090304905
0 0.1552233522811775 0.08631609365548598 0.07849737327927472 0.09236609842776917
0 0.5880145139145265 0.8433758727220828 0.04620300278503784 0.06361367582860673
0 0.4248156106841344 0.11992280176802048 0.05918266101220411 0.07328188953250003
0 0.284117673421985 0.029157642053123812 0.07438769059397003 0.058315284106247624
0 0.36258752471457933 0.10885932161965248 0.06893568380210838 0.0827774388295834
0 0.2512148508726648 0.8684187724170831 0.04624130355026033 0.05737049475195306
0 0.45257837410436946 0.973992705928333 0.05133700692008212 0.03397626291777769
0 0.6115594432680106 0.9030411602411453 0.051276816273620976 0.06841482455104604
0 0.4609520874524299 0.014494338621492875 0.056279174904859806 0.02898867724298575
0 0.5205936146756482 0.5321487384134024 0.06575066366902149 0.08602047019832462
0 0.3868274042189752 0.7229400054152427 0.03460313426796722 0.04470903191479163
0 0.22161760380123333 0.4874960807377082 0.05579503465290232 0.06676384185013902
0 0.749009138858755 0.2460975631671869 0.06262201680591381 0.08106946846486114
0 0.49442504551200706 0.6000090388502427 0.051217128464688774 0.06694998080104604
0 0.7610355198460256 0.8675004376922215 0.04597005416812472 0.06029109035415807
0 0.735023459579633 0.9775846057202425 0.048849179719555026 0.013625122352148366
0 0.38597723965705766 0.3374382632990275 0.059513598203271914 0.07182613768029515
0 0.5776288177551285 0.7036412254956246 0.04272169936299815 0.057191011421796924
0 0.46232753954332695 0.17691703096645794 0.05570135759016441 0.06685922512569013
0 0.31440735129259434 0.07791909935506917 0.04900170942954159 0.055678598510967924
0 0.7634271245242988 0.17772876966420076 0.04112952162060921 0.05403191680506518
0 0.46228643577927464 0.07995111198850656 0.048045869324942106 0.07292511419533858
0 0.7203244288591926 0.04110159185253412 0.05713254441051348 0.0636729364668707
0 0.6387693172236558 0.30418477973218694 0.07040848592663274 0.08300684594631509
0 0.776429709579633 0.9766208645539578 0.03488433596955502 0.013300087005972471
0 0.5797153107978652 0.27506163060586764 0.0470651658268995 0.046462543419787394
0 0.47271589429596245 0.2783340606017357 0.05548034653503784 0.06382960840124134
0 0.756898459579633 0.9770754594437147 0.03800137759503084 0.013177509688333445