0 0.2490234375 0.9439888953125 0.2666015625 0.9439888953125 0.2763671875 0.9387590390625 0.28515625 0.9269918640625001 0.2890625 0.9139172265625 0.2890625 0.8956127328125 0.28515625 0.885153021875 0.2783203125 0.876000775 0.2724609375 0.8707709187500001 0.2509765625 0.8707709187500001 0.2431640625 0.873385846875 0.236328125 0.88253809375 0.232421875 0.8929978046875 0.232421875 0.921762009375 0.2451171875 0.9413739671875 0.2490234375 0.9439888953125
0 0.337890625 0.9975949125 0.345703125 0.9714456359374999 0.345703125 0.9531411421874999 0.337890625 0.9322217203125 0.3330078125 0.9256844015624999 0.3173828125 0.9178396171875001 0.2978515625 0.9178396171875001 0.2900390625 0.9230694734375 0.279296875 0.940066503125 0.27734375 0.9557560687500001 0.279296875 0.99236505625 0.2822265625 0.9989023765624999 0.337890625 0.9975949125
0 0.3701171875 0.9989023765624999 0.3857421875 0.9989023765624999 0.3896484375 0.9962874484375 0.3984375 0.9819053453125001 0.3984375 0.9636008515625001 0.396484375 0.958370996875 0.3818359375 0.946603821875 0.3662109375 0.951833678125 0.359375 0.9609859249999999 0.35546875 0.9714456359374999 0.35546875 0.97929041875 0.357421875 0.9845202734375 0.3701171875 0.9989023765624999
0 0.3427734375 0.9152246906249999 0.3544921875 0.9152246906249999 0.3603515625 0.9126097625 0.37109375 0.898227659375 0.373046875 0.8799231656250001 0.37109375 0.8746933109375 0.3583984375 0.8603112093749999 0.3525390625 0.85769628125 0.3447265625 0.8603112093749999 0.330078125 0.8746933109375 0.328125 0.8799231656250001 0.328125 0.8956127328125 0.33203125 0.903457515625 0.3427734375 0.9152246906249999
0 0.2900390625 0.8812306296875001 0.3056640625 0.8812306296875001 0.3232421875 0.876000775 0.330078125 0.8694634562499999 0.341796875 0.8406992515624999 0.341796875 0.8250096843750001 0.337890625 0.80932011875 0.33203125 0.7988604078125 0.3193359375 0.78447830625 0.2998046875 0.7740185953125 0.2880859375 0.7740185953125 0.2822265625 0.7766335234375 0.26953125 0.7936305531250001 0.259765625 0.8197798296875 0.2578125 0.8380843234375 0.263671875 0.8563888171875 0.2763671875 0.873385846875 0.2900390625 0.8812306296875001
0 0.470703125 0.99236505625 0.4609375 0.9452963578125001 0.4541015625 0.9361441109375 0.4423828125 0.928299328125 0.4091796875 0.9413739671875 0.400390625 0.9609859249999999 0.3984375 0.994979984375 0.4013671875 0.9989023765624999 0.4677734375 0.9989023765624999 0.470703125 0.99236505625
0 0.3935546875 0.933529184375 0.4013671875 0.9387590390625 0.4228515625 0.9387590390625 0.4384765625 0.928299328125 0.44921875 0.9113022984375 0.451171875 0.9008425875 0.451171875 0.885153021875 0.4453125 0.8694634562499999 0.4287109375 0.8498514984375 0.4228515625 0.8472365703125 0.4072265625 0.8472365703125 0.4013671875 0.8498514984375 0.3828125 0.8720783828125 0.37890625 0.88253809375 0.37890625 0.9086873703125 0.3828125 0.91914708125 0.3935546875 0.933529184375
0 0.3525390625 0.842006715625 0.3583984375 0.8446216421875 0.3720703125 0.8446216421875 0.3837890625 0.836776859375 0.390625 0.8276246125 0.39453125 0.8171649015625 0.396484375 0.8014753359375 0.390625 0.7857857703125 0.3798828125 0.7740185953125 0.3642578125 0.7714036671875 0.3466796875 0.781863378125 0.341796875 0.791015625 0.33984375 0.8014753359375 0.33984375 0.8197798296875 0.341796875 0.8276246125 0.3525390625 0.842006715625
0 0.4736328125 0.9910575937500001 0.4833984375 0.9962874484375 0.4970703125 0.9962874484375 0.5029296875 0.9936725203125001 0.509765625 0.9845202734375 0.517578125 0.9636008515625001 0.517578125 0.9557560687500001 0.513671875 0.940066503125 0.5087890625 0.93091425625 0.4990234375 0.9230694734375 0.4853515625 0.9230694734375 0.4697265625 0.933529184375 0.46484375 0.9426814312499999 0.462890625 0.9505262140624999 0.462890625 0.9688307078125 0.46484375 0.976675490625 0.4736328125 0.9910575937500001
0 0.4736328125 0.9021500515625 0.4853515625 0.9021500515625 0.4921875 0.8956127328125 0.498046875 0.8746933109375 0.498046875 0.866848528125 0.4892578125 0.855081353125 0.4814453125 0.852466425 0.4638671875 0.8655410640625 0.4609375 0.8694634562499999 0.4609375 0.885153021875 0.4697265625 0.8995351234375001 0.4736328125 0.9021500515625
0 0.4443359375 0.8655410640625 0.4619140625 0.8681559921875 0.4775390625 0.85769628125 0.494140625 0.8328544687500001 0.5 0.8171649015625 0.498046875 0.7988604078125 0.490234375 0.775326059375 0.4833984375 0.7661738125 0.4697265625 0.7557141015625 0.4638671875 0.7530991734375 0.4541015625 0.7530991734375 0.4326171875 0.7661738125 0.423828125 0.7805559140625 0.421875 0.7884006968749999 0.423828125 0.8197798296875 0.431640625 0.8485440343749999 0.4443359375 0.8655410640625
0 0.4013671875 0.7740185953125 0.4091796875 0.7766335234375 0.4228515625 0.7740185953125 0.4482421875 0.7557141015625 0.453125 0.74917678125 0.45703125 0.738717071875 0.458984375 0.7282573609375 0.45703125 0.6864185171875 0.453125 0.6681140234375 0.4423828125 0.648502065625 0.4365234375 0.6458871390625001 0.4150390625 0.6458871390625001 0.3955078125 0.6537319218750001 0.3828125 0.6681140234375 0.373046875 0.6942633 0.37109375 0.71779765 0.373046875 0.738717071875 0.3896484375 0.763558884375 0.4013671875 0.7740185953125
0 0.3115234375 0.781863378125 0.3232421875 0.781863378125 0.3291015625 0.77924845 0.341796875 0.7622514203125 0.345703125 0.74917678125 0.345703125 0.7361021437499999 0.3349609375 0.7191051140625 0.3251953125 0.7138752578124999 0.3134765625 0.7138752578124999 0.2998046875 0.721720040625 0.296875 0.7256424328125 0.291015625 0.738717071875 0.291015625 0.7544066375 0.2998046875 0.7740185953125 0.3115234375 0.781863378125
0 0.2685546875 0.7740185953125 0.2783203125 0.7687887390625 0.283203125 0.7622514203125 0.28515625 0.757021565625 0.28515625 0.7413319984375 0.283203125 0.7334872156250001 0.2744140625 0.721720040625 0.2685546875 0.7191051140625 0.2548828125 0.7191051140625 0.24609375 0.7334872156250001 0.244140625 0.7517917093750001 0.248046875 0.7622514203125 0.2548828125 0.7714036671875 0.2685546875 0.7740185953125
0 0.1884765625 0.7661738125 0.1982421875 0.7687887390625 0.2158203125 0.763558884375 0.234375 0.738717071875 0.23828125 0.720412578125 0.23828125 0.7047230109375 0.234375 0.6916483734375001 0.2236328125 0.6798811984375 0.2119140625 0.6720364156249999 0.1982421875 0.666806559375 0.1943359375 0.666806559375 0.1767578125 0.6798811984375 0.16796875 0.6942633 0.1640625 0.7047230109375 0.162109375 0.715182721875 0.1640625 0.7361021437499999 0.171875 0.7517917093750001 0.1884765625 0.7661738125
0 0.2548828125 0.7138752578124999 0.2666015625 0.7191051140625 0.2763671875 0.7164901859375 0.2841796875 0.71126033125 0.291015625 0.702108084375 0.294921875 0.6916483734375001 0.294921875 0.6759588062499999 0.29296875 0.6707289515625 0.2841796875 0.6589617765625 0.2783203125 0.6563468484375 0.2666015625 0.6563468484375 0.2607421875 0.6589617765625 0.24609375 0.6759588062499999 0.244140625 0.6811886625 0.244140625 0.6942633 0.248046875 0.7047230109375 0.2548828125 0.7138752578124999
0 0.2216796875 0.666806559375 0.2294921875 0.6694214875 0.2470703125 0.666806559375 0.2509765625 0.6641916328125 0.263671875 0.644579675 0.265625 0.6315050359375001 0.263671875 0.6158154703125 0.26171875 0.6105856140625 0.2490234375 0.5962035125 0.2431640625 0.5935885843750001 0.2275390625 0.5935885843750001 0.2216796875 0.5962035125 0.208984375 0.6132005421875 0.205078125 0.623660253125 0.205078125 0.641964746875 0.20703125 0.6498095296875 0.2216796875 0.666806559375
0 0.2998046875 0.6720364156249999 0.3173828125 0.6720364156249999 0.32421875 0.6654990953125 0.330078125 0.6524244578125 0.330078125 0.6367348921875 0.3212890625 0.6223527890625 0.3134765625 0.6197378609374999 0.2998046875 0.6197378609374999 0.291015625 0.6315050359375001 0.287109375 0.641964746875 0.287109375 0.6550393859375 0.2890625 0.660269240625 0.2998046875 0.6720364156249999
0 0.3408203125 0.703415546875 0.3466796875 0.706030475 0.3583984375 0.706030475 0.3662109375 0.7008006203125 0.373046875 0.6916483734375001 0.375 0.6864185171875 0.375 0.66288416875 0.373046875 0.6576543125 0.3623046875 0.6458871390625001 0.3505859375 0.6406572828125 0.3408203125 0.6432722109375 0.3330078125 0.648502065625 0.328125 0.6576543125 0.32421875 0.6681140234375 0.326171875 0.6811886625 0.330078125 0.6916483734375001 0.3408203125 0.703415546875
0 0.3837890625 0.648502065625 0.3955078125 0.65111699375 0.4091796875 0.6432722109375 0.416015625 0.6341199640624999 0.419921875 0.623660253125 0.419921875 0.60274083125 0.41796875 0.5948960484375 0.412109375 0.5844363375 0.4072265625 0.580513946875 0.3955078125 0.5752840906250001 0.3857421875 0.5752840906250001 0.3759765625 0.580513946875 0.365234375 0.5948960484375 0.36328125 0.6001259046875 0.36328125 0.6184303984375 0.375 0.641964746875 0.3837890625 0.648502065625
0 0.3154296875 0.5962035125 0.3330078125 0.6066632234375 0.3486328125 0.6066632234375 0.3603515625 0.598818440625 0.37109375 0.5844363375 0.375 0.56613184375 0.375 0.5399825671875 0.369140625 0.5216780734375 0.3623046875 0.5125258265625 0.3505859375 0.50468104375 0.3330078125 0.502066115625 0.3173828125 0.5099108984375 0.306640625 0.5216780734375 0.30078125 0.5373676390625 0.30078125 0.5713617 0.3046875 0.581821409375 0.3154296875 0.5962035125
0 0.2685546875 0.5831288734375 0.2724609375 0.5857438015625 0.2861328125 0.5857438015625 0.30078125 0.568746771875 0.30078125 0.545212421875 0.298828125 0.5399825671875 0.2861328125 0.525600465625 0.2822265625 0.5229855375 0.2744140625 0.5229855375 0.2685546875 0.525600465625 0.259765625 0.5373676390625 0.2578125 0.5425974953125 0.2578125 0.5609019890625 0.26171875 0.5739766265624999 0.2685546875 0.5831288734375
0 0.1962890625 0.5962035125 0.2158203125 0.5962035125 0.2236328125 0.5935885843750001 0.2392578125 0.5831288734375 0.24609375 0.5739766265624999 0.251953125 0.5582870609375 0.251953125 0.5321377843749999 0.248046875 0.5190631453125001 0.2275390625 0.49160640468750005 0.2197265625 0.48637655 0.2080078125 0.48637655 0.1923828125 0.49160640468750005 0.177734375 0.5059885078125 0.16796875 0.526907928125 0.166015625 0.5556721328124999 0.169921875 0.5713617 0.1826171875 0.5883587296874999 0.1962890625 0.5962035125
0 0.2978515625 0.49422133281249997 0.3056640625 0.49945118749999995 0.3134765625 0.49945118749999995 0.3212890625 0.49422133281249997 0.328125 0.4824541578125 0.330078125 0.474609375 0.328125 0.4641496640625 0.326171875 0.45891980937500004 0.3173828125 0.44976756250000005 0.3037109375 0.44715263437499997 0.291015625 0.4615347359375 0.2890625 0.4667645921875 0.2890625 0.4798392296875 0.291015625 0.4850690859375 0.2978515625 0.49422133281249997
0 0.1767578125 0.46807205625000003 0.1884765625 0.46807205625000003 0.2021484375 0.46022727343750003 0.2109375 0.4510750265625 0.21484375 0.440615315625 0.216796875 0.43277053125 0.216796875 0.41185111093750004 0.2109375 0.39616154375 0.2060546875 0.389624225 0.1943359375 0.3817794421875 0.1884765625 0.3791645140625 0.1728515625 0.3791645140625 0.1669921875 0.3817794421875 0.158203125 0.3909316890625 0.150390625 0.4066212546875 0.1484375 0.417080965625 0.150390625 0.440615315625 0.1591796875 0.45499741718750003 0.1767578125 0.46807205625000003
0 0.13671875 0.35955255625000004 0.1513671875 0.3765495875 0.1591796875 0.3791645140625 0.1806640625 0.3791645140625 0.1943359375 0.37393465937500003 0.2109375 0.3543227015625 0.21484375 0.34386299062500003 0.21484375 0.325558496875 0.208984375 0.307254003125 0.1982421875 0.2902569734375 0.1865234375 0.282412190625 0.1591796875 0.277182334375 0.1435546875 0.28502711718749996 0.1328125 0.304639075 0.130859375 0.3124838578125 0.130859375 0.33601820781249997 0.134765625 0.3543227015625 0.13671875 0.35955255625000004
0 0.2470703125 0.3608600203125 0.2587890625 0.3608600203125 0.2646484375 0.35824509375 0.26953125 0.3517077734375 0.271484375 0.34386299062500003 0.271484375 0.328173425 0.2626953125 0.31640625 0.2548828125 0.3111763953125 0.2431640625 0.3111763953125 0.23046875 0.32294356875 0.2265625 0.3334032796875 0.2265625 0.3412480625 0.2353515625 0.355630165625 0.2470703125 0.3608600203125
0 0.3349609375 0.428848140625 0.3447265625 0.43146306875 0.3603515625 0.423618284375 0.369140625 0.4092361828125 0.373046875 0.3935466171875 0.37109375 0.37785704999999997 0.365234375 0.3647824125 0.3564453125 0.355630165625 0.3447265625 0.350400309375 0.3330078125 0.3530152375 0.3271484375 0.355630165625 0.31640625 0.3700122671875 0.314453125 0.37524212343749996 0.314453125 0.40400632812500004 0.3232421875 0.4210033578125 0.3349609375 0.428848140625
0 0.3759765625 0.483761621875 0.3818359375 0.48637655 0.3935546875 0.48637655 0.3994140625 0.483761621875 0.41015625 0.471994446875 0.416015625 0.45891980937500004 0.416015625 0.43277053125 0.41015625 0.41969589375 0.4052734375 0.41315857500000003 0.3974609375 0.40792871875000003 0.3896484375 0.405313790625 0.3759765625 0.40792871875000003 0.3662109375 0.4157735015625 0.359375 0.43015560468749997 0.357421875 0.4380003875 0.357421875 0.45630488125 0.36328125 0.4693795203125 0.3759765625 0.483761621875
0 0.2919921875 0.350400309375 0.2998046875 0.355630165625 0.3115234375 0.355630165625 0.3251953125 0.34778538281250004 0.333984375 0.3334032796875 0.333984375 0.3124838578125 0.33203125 0.304639075 0.3212890625 0.28764204531250004 0.3076171875 0.2797972625 0.2939453125 0.2797972625 0.2861328125 0.28502711718749996 0.279296875 0.2941793640625 0.275390625 0.304639075 0.275390625 0.328173425 0.279296875 0.33601820781249997 0.2919921875 0.350400309375
0 0.2236328125 0.31902117812499997 0.2333984375 0.31902117812499997 0.2412109375 0.31379132187500003 0.24609375 0.307254003125 0.248046875 0.30202414843750003 0.248046875 0.2837196546875 0.2412109375 0.2693375515625 0.2353515625 0.264107696875 0.2236328125 0.26149276875 0.2177734375 0.264107696875 0.2109375 0.27325994374999996 0.20703125 0.2837196546875 0.20703125 0.29679429218750003 0.2177734375 0.31640625 0.2236328125 0.31902117812499997
0 0.3916015625 0.5726691625 0.3994140625 0.5778990187499999 0.4130859375 0.5778990187499999 0.4208984375 0.5726691625 0.4296875 0.5556721328124999 0.4296875 0.5295228562500001 0.42578125 0.5190631453125001 0.4150390625 0.5072959703125 0.4091796875 0.50468104375 0.3955078125 0.5072959703125 0.3916015625 0.5099108984375 0.380859375 0.526907928125 0.37890625 0.5347527125 0.37890625 0.54782735 0.380859375 0.5556721328124999 0.3916015625 0.5726691625
0 0.4423828125 0.525600465625 0.4580078125 0.5229855375 0.470703125 0.5059885078125 0.47265625 0.4981437234375 0.47265625 0.4824541578125 0.466796875 0.4641496640625 0.4638671875 0.46022727343750003 0.4423828125 0.45761234531249995 0.4326171875 0.4628422 0.42578125 0.474609375 0.423828125 0.4824541578125 0.423828125 0.5033735796875 0.4345703125 0.520370609375 0.4423828125 0.525600465625
0 0.2626953125 0.282412190625 0.2744140625 0.282412190625 0.2880859375 0.27456740625 0.296875 0.25757037656250004 0.296875 0.2418808109375 0.294921875 0.23403602812500002 0.2822265625 0.2144240703125 0.2763671875 0.2118091421875 0.2626953125 0.2118091421875 0.2529296875 0.2170389984375 0.24609375 0.228806171875 0.244140625 0.23665095625000002 0.244140625 0.25495545000000003 0.248046875 0.265415159375 0.2626953125 0.282412190625
0 0.3232421875 0.28764204531250004 0.326171875 0.2837196546875 0.333984375 0.2601853046875 0.33203125 0.252340521875 0.3193359375 0.23795841874999998 0.3115234375 0.23795841874999998 0.3037109375 0.243188275 0.298828125 0.24972559374999997 0.296875 0.25757037656250004 0.298828125 0.2758748703125 0.3017578125 0.2797972625 0.3232421875 0.28764204531250004
0 0.3408203125 0.3242510328125 0.3486328125 0.3294808890625 0.3623046875 0.3294808890625 0.3740234375 0.3216361046875 0.37890625 0.31509878593749996 0.3828125 0.304639075 0.3828125 0.2811047265625 0.37890625 0.270645015625 0.3701171875 0.25887784062499997 0.3623046875 0.2536479859375 0.3447265625 0.2536479859375 0.3369140625 0.25887784062499997 0.33203125 0.265415159375 0.328125 0.2758748703125 0.328125 0.2941793640625 0.3359375 0.31771371406250004 0.3408203125 0.3242510328125
0 0.14453125 0.247110665625 0.1611328125 0.27456740625 0.1767578125 0.2797972625 0.1845703125 0.2797972625 0.1884765625 0.277182334375 0.228515625 0.2209613890625 0.232421875 0.2052718234375 0.23046875 0.197427040625 0.2236328125 0.1908897203125 0.1884765625 0.1699703 0.1689453125 0.167355371875 0.1513671875 0.1699703 0.1455078125 0.1725852265625 0.13671875 0.1843524015625 0.134765625 0.1895822578125 0.13671875 0.215731534375 0.138671875 0.2314211 0.14453125 0.247110665625
0 0.1943359375 0.15689566093750001 0.2041015625 0.149050878125 0.2109375 0.1346687765625 0.2109375 0.11636428125 0.20703125 0.10590457187499999 0.1923828125 0.088907540625 0.1845703125 0.0862926140625 0.1689453125 0.0862926140625 0.1630859375 0.088907540625 0.15625 0.0954448609375 0.150390625 0.1085194984375 0.1484375 0.11897920937499999 0.15625 0.1451284859375 0.1689453125 0.15689566093750001 0.1943359375 0.15689566093750001
0 0.2255859375 0.1778150828125 0.2353515625 0.185659865625 0.2490234375 0.185659865625 0.2568359375 0.1830449375 0.2646484375 0.1778150828125 0.27734375 0.160818053125 0.27734375 0.1477434140625 0.26953125 0.11897920937499999 0.2548828125 0.1045971078125 0.2412109375 0.10198217968750001 0.2294921875 0.107212034375 0.2197265625 0.11505681875 0.21484375 0.124209065625 0.212890625 0.1320538484375 0.212890625 0.15297327031250002 0.216796875 0.1660479078125 0.2255859375 0.1778150828125
0 0.2880859375 0.1804300109375 0.2958984375 0.185659865625 0.3095703125 0.185659865625 0.3134765625 0.1830449375 0.32421875 0.1660479078125 0.32421875 0.1503583421875 0.3203125 0.13989863125 0.3154296875 0.1333613125 0.3076171875 0.12813145625 0.2958984375 0.12813145625 0.28125 0.14251355937500002 0.279296875 0.1503583421875 0.279296875 0.16343297968749998 0.283203125 0.17389269062499998 0.2880859375 0.1804300109375
0 0.3330078125 0.24841812968750002 0.3525390625 0.24841812968750002 0.365234375 0.23665095625000002 0.369140625 0.21050167812499998 0.365234375 0.1948121125 0.3583984375 0.1830449375 0.3505859375 0.1752001546875 0.3369140625 0.1752001546875 0.3310546875 0.1778150828125 0.318359375 0.1895822578125 0.314453125 0.197427040625 0.314453125 0.22619124531249998 0.3232421875 0.24057334687499998 0.3330078125 0.24841812968750002
0 0.1943359375 0.0836776859375 0.2080078125 0.088907540625 0.2177734375 0.088907540625 0.2275390625 0.0836776859375 0.23828125 0.069295584375 0.23828125 0.045761234375 0.234375 0.0326865953125 0.2197265625 0.020919421875 0.2138671875 0.01830449375 0.2021484375 0.01830449375 0.1923828125 0.0261492765625 0.185546875 0.035301523437499996 0.18359375 0.0405313796875 0.18359375 0.064065728125 0.1875 0.0745254390625 0.1943359375 0.0836776859375
0 0.1748046875 0.0366089875 0.1826171875 0.0366089875 0.1962890625 0.023534348437499998 0.201171875 0.0169970296875 0.205078125 0.0013074640625 0.1533203125 0 0.15234375 0.011767175000000001 0.15625 0.0222268859375 0.1630859375 0.0313791328125 0.1748046875 0.0366089875
0 0.2333984375 0.013074639062499999 0.2392578125 0.0104597109375 0.248046875 0.0013074640625 0.2080078125 0 0.20703125 0.0039223921875 0.2099609375 0.0078447828125 0.2236328125 0.013074639062499999 0.2333984375 0.013074639062499999
0 0.2568359375 0.094137396875 0.2724609375 0.094137396875 0.28125 0.08498515 0.28515625 0.0745254390625 0.28515625 0.0588358734375 0.28125 0.0483761625 0.2724609375 0.0366089875 0.2685546875 0.033994059375 0.2509765625 0.033994059375 0.244140625 0.04314630625 0.240234375 0.056220945312500006 0.240234375 0.0745254390625 0.2509765625 0.09152246875 0.2568359375 0.094137396875
0 0.2666015625 0 0.265625 0.0169970296875 0.275390625 0.037916451562499995 0.2861328125 0.0470686984375 0.3017578125 0.052298553125 0.3154296875 0.0496836265625 0.3271484375 0.039223915625 0.3359375 0.0196119578125 0.337890625 0.009152246875 0.3349609375 0 0.2666015625 0
0 0.3310546875 0.1229016015625 0.3427734375 0.1229016015625 0.3505859375 0.11767174531249999 0.359375 0.10590457187499999 0.36328125 0.0954448609375 0.36328125 0.0771403671875 0.361328125 0.069295584375 0.357421875 0.0588358734375 0.3525390625 0.052298553125 0.3388671875 0.0444537703125 0.3212890625 0.052298553125 0.310546875 0.06668065625 0.3125 0.10590457187499999 0.3232421875 0.11767174531249999 0.3310546875 0.1229016015625
0 0.3388671875 0 0.337890625 0.00653731875 0.3447265625 0.015689565625 0.3603515625 0.0261492765625 0.3642578125 0.0261492765625 0.3818359375 0.015689565625 0.38671875 0.00653731875 0.3857421875 0 0.3388671875 0
0 0.3759765625 0.088907540625 0.3916015625 0.088907540625 0.3994140625 0.0836776859375 0.408203125 0.0719105109375 0.41015625 0.06145080000000001 0.41015625 0.045761234375 0.40625 0.0326865953125 0.3994140625 0.023534348437499998 0.3837890625 0.015689565625 0.3759765625 0.01830449375 0.36328125 0.027456740624999997 0.357421875 0.037916451562499995 0.357421875 0.0588358734375 0.3701171875 0.0862926140625 0.3759765625 0.088907540625
0 0.3623046875 0.18827479375 0.3818359375 0.19350464843749998 0.3935546875 0.1908897203125 0.3994140625 0.185659865625 0.404296875 0.17650761875 0.40625 0.1712777640625 0.40625 0.155588196875 0.40234375 0.13989863125 0.3896484375 0.1229016015625 0.3798828125 0.11767174531249999 0.3642578125 0.11767174531249999 0.3564453125 0.1229016015625 0.349609375 0.1346687765625 0.34765625 0.13989863125 0.34765625 0.16343297968749998 0.349609375 0.1712777640625 0.3623046875 0.18827479375
0 0.3916015625 0.245803203125 0.400390625 0.23665095625000002 0.40234375 0.22619124531249998 0.3955078125 0.209194215625 0.3916015625 0.20657928750000001 0.3759765625 0.20657928750000001 0.37109375 0.21311660625 0.369140625 0.2183464625 0.369140625 0.2314211 0.3779296875 0.245803203125 0.3916015625 0.245803203125
0 0.4091796875 0.282412190625 0.4208984375 0.2928719015625 0.4326171875 0.295486828125 0.4443359375 0.2902569734375 0.455078125 0.2758748703125 0.45703125 0.270645015625 0.45703125 0.247110665625 0.453125 0.23665095625000002 0.4404296875 0.21965392499999997 0.4306640625 0.2144240703125 0.4208984375 0.2144240703125 0.4150390625 0.2170389984375 0.40625 0.228806171875 0.40234375 0.2392658828125 0.40234375 0.265415159375 0.404296875 0.2758748703125 0.4091796875 0.282412190625
0 0.4091796875 0.4000839359375 0.4169921875 0.39485408125 0.42578125 0.38308690625 0.427734375 0.37524212343749996 0.427734375 0.362167484375 0.421875 0.34647791875 0.4150390625 0.337325671875 0.4052734375 0.332095815625 0.3955078125 0.332095815625 0.3876953125 0.337325671875 0.37890625 0.3517077734375 0.376953125 0.35955255625000004 0.37890625 0.37785704999999997 0.3974609375 0.4000839359375 0.4091796875 0.4000839359375
0 0.4365234375 0.36608987656249997 0.4521484375 0.36608987656249997 0.4599609375 0.3608600203125 0.46875 0.34647791875 0.46875 0.328173425 0.466796875 0.3203286421875 0.4599609375 0.3085614671875 0.4521484375 0.3033316109375 0.4384765625 0.3033316109375 0.4306640625 0.3085614671875 0.423828125 0.31771371406250004 0.421875 0.328173425 0.421875 0.34647791875 0.427734375 0.35955255625000004 0.4365234375 0.36608987656249997
0 0.4326171875 0.45499741718750003 0.4365234375 0.45761234531249995 0.4619140625 0.45761234531249995 0.470703125 0.44584517031250004 0.4765625 0.43015560468749997 0.4765625 0.4092361828125 0.47265625 0.39616154375 0.4638671875 0.3843943703125 0.4560546875 0.3791645140625 0.4384765625 0.3791645140625 0.419921875 0.40139139999999995 0.41796875 0.4092361828125 0.41796875 0.43015560468749997 0.423828125 0.44584517031250004 0.4326171875 0.45499741718750003
0 0.4345703125 0.6354274281250001 0.4443359375 0.6432722109375 0.4638671875 0.6432722109375 0.4716796875 0.6380423546875 0.486328125 0.6158154703125 0.490234375 0.5975109765625 0.48828125 0.5792064828125 0.4755859375 0.55436466875 0.4638671875 0.5465198859375 0.4462890625 0.543904959375 0.4384765625 0.5491348140625 0.4296875 0.5609019890625 0.423828125 0.5739766265624999 0.421875 0.5844363375 0.421875 0.6132005421875 0.42578125 0.623660253125 0.4345703125 0.6354274281250001
0 0.4736328125 0.7191051140625 0.4912109375 0.721720040625 0.5068359375 0.7164901859375 0.517578125 0.7047230109375 0.5234375 0.6890334453125 0.5234375 0.66288416875 0.521484375 0.6550393859375 0.5126953125 0.6406572828125 0.5048828125 0.6354274281250001 0.4970703125 0.6328125 0.4853515625 0.6328125 0.4794921875 0.6354274281250001 0.4716796875 0.6406572828125 0.4609375 0.6576543125 0.458984375 0.66288416875 0.458984375 0.696878228125 0.46484375 0.7099528671875001 0.4736328125 0.7191051140625
0 0.5537109375 0.9989023765624999 0.560546875 0.9845202734375 0.560546875 0.9714456359374999 0.556640625 0.958370996875 0.5400390625 0.9544486046875 0.5302734375 0.9596784609375 0.521484375 0.9714456359374999 0.5234375 0.9897501296875 0.5302734375 0.9989023765624999 0.5537109375 0.9989023765624999
0 0.5712890625 0.9989023765624999 0.6298828125 0.9989023765624999 0.6328125 0.994979984375 0.63671875 0.9819053453125001 0.634765625 0.9609859249999999 0.62890625 0.9426814312499999 0.6162109375 0.928299328125 0.6103515625 0.9256844015624999 0.5927734375 0.9256844015624999 0.5830078125 0.93091425625 0.5703125 0.9452963578125001 0.564453125 0.958370996875 0.5625 0.9636008515625001 0.5625 0.976675490625 0.56640625 0.99236505625 0.5712890625 0.9989023765624999
0 0.5361328125 0.9387590390625 0.5458984375 0.9413739671875 0.5615234375 0.9413739671875 0.5654296875 0.9387590390625 0.572265625 0.9269918640625001 0.578125 0.9086873703125 0.578125 0.88776795 0.568359375 0.8616186718750001 0.5595703125 0.8498514984375 0.5439453125 0.8393917875 0.5341796875 0.8393917875 0.5283203125 0.842006715625 0.5166015625 0.852466425 0.49609375 0.8799231656250001 0.4921875 0.898227659375 0.5068359375 0.9178396171875001 0.5185546875 0.928299328125 0.5361328125 0.9387590390625
0 0.5068359375 0.82108729375 0.5205078125 0.8289320765625 0.5361328125 0.8289320765625 0.5478515625 0.82108729375 0.552734375 0.8145499734375001 0.556640625 0.7988604078125 0.556640625 0.7884006968749999 0.552734375 0.77271113125 0.5478515625 0.763558884375 0.5283203125 0.7478693187500001 0.5166015625 0.745254390625 0.498046875 0.7674812765625 0.49609375 0.77271113125 0.49609375 0.791015625 0.5 0.80932011875 0.5068359375 0.82108729375
0 0.5419921875 0.76094395625 0.5478515625 0.763558884375 0.5615234375 0.763558884375 0.5751953125 0.7557141015625 0.58203125 0.7439469265625 0.5859375 0.7334872156250001 0.59375 0.6916483734375001 0.58984375 0.678573734375 0.5869140625 0.67465134375 0.5634765625 0.6589617765625 0.5517578125 0.6563468484375 0.5380859375 0.6615767046875 0.53515625 0.6654990953125 0.521484375 0.69949315625 0.51953125 0.71779765 0.521484375 0.7282573609375 0.529296875 0.7465618546874999 0.5419921875 0.76094395625
0 0.5966796875 0.9099948343750001 0.6103515625 0.9099948343750001 0.6181640625 0.9047649796874999 0.626953125 0.885153021875 0.626953125 0.8694634562499999 0.625 0.8642336 0.6181640625 0.855081353125 0.6103515625 0.8498514984375 0.5966796875 0.852466425 0.5888671875 0.85769628125 0.583984375 0.866848528125 0.58203125 0.8720783828125 0.58203125 0.88776795 0.583984375 0.8956127328125 0.5966796875 0.9099948343750001
0 0.5869140625 0.8446216421875 0.5986328125 0.852466425 0.6083984375 0.8498514984375 0.62109375 0.8380843234375 0.625 0.8250096843750001 0.625 0.806705190625 0.6162109375 0.7923230890624999 0.6064453125 0.78447830625 0.5927734375 0.78447830625 0.5869140625 0.7870932328125 0.578125 0.7988604078125 0.57421875 0.80932011875 0.576171875 0.8250096843750001 0.580078125 0.8354693953125001 0.5869140625 0.8446216421875
0 0.6376953125 0.9622933890625 0.6494140625 0.9727530984375001 0.6669921875 0.9727530984375001 0.6865234375 0.9622933890625 0.697265625 0.9479112859375001 0.703125 0.91914708125 0.703125 0.9008425875 0.693359375 0.8773082390625 0.6845703125 0.8655410640625 0.6767578125 0.8603112093749999 0.6630859375 0.8603112093749999 0.6357421875 0.8707709187500001 0.630859375 0.8746933109375 0.62109375 0.9008425875 0.62109375 0.9165321546874999 0.630859375 0.9505262140624999 0.6376953125 0.9622933890625
0 0.6396484375 0.8707709187500001 0.6494140625 0.8707709187500001 0.6572265625 0.8655410640625 0.662109375 0.8590037453124999 0.666015625 0.8485440343749999 0.666015625 0.8354693953125001 0.6640625 0.8276246125 0.6572265625 0.818472365625 0.6474609375 0.8132425109374999 0.6416015625 0.8132425109374999 0.626953125 0.8223947578124999 0.623046875 0.8328544687500001 0.623046875 0.8485440343749999 0.6318359375 0.8655410640625 0.6396484375 0.8707709187500001
0 0.71875 0.9871352015625 0.71484375 0.976675490625 0.7060546875 0.964908315625 0.6962890625 0.9596784609375 0.6904296875 0.9596784609375 0.6689453125 0.970138171875 0.662109375 0.9819053453125001 0.66015625 0.9897501296875 0.6611328125 0.9989023765624999 0.7191953546875001 0.9997457796875 0.71875 0.9871352015625
0 0.79296875 0.99236505625 0.79296875 0.976675490625 0.787109375 0.958370996875 0.7783203125 0.946603821875 0.7724609375 0.9439888953125 0.7548828125 0.9439888953125 0.7509765625 0.946603821875 0.7412109375 0.9544486046875 0.734375 0.9636008515625001 0.728515625 0.97929041875 0.7265625 0.9897501296875 0.7294921875 0.9989023765624999 0.7900390625 0.9989023765624999 0.79296875 0.99236505625
0 0.7236328125 0.933529184375 0.7392578125 0.933529184375 0.7470703125 0.928299328125 0.755859375 0.9165321546874999 0.759765625 0.90607244375 0.759765625 0.8929978046875 0.7578125 0.885153021875 0.7470703125 0.8681559921875 0.7392578125 0.8655410640625 0.7275390625 0.8655410640625 0.7177734375 0.8707709187500001 0.708984375 0.88253809375 0.705078125 0.8929978046875 0.705078125 0.9086873703125 0.7109375 0.9243769374999999 0.7236328125 0.933529184375
0 0.6884765625 0.8629261359375 0.7021484375 0.8655410640625 0.7158203125 0.85769628125 0.7265625 0.8433141781250001 0.728515625 0.8354693953125001 0.728515625 0.8223947578124999 0.724609375 0.811935046875 0.7099609375 0.7949380171875 0.6962890625 0.7949380171875 0.6904296875 0.79755294375 0.677734375 0.8145499734375001 0.673828125 0.8250096843750001 0.673828125 0.8406992515624999 0.677734375 0.8511589624999999 0.6884765625 0.8629261359375
0 0.7158203125 0.7949380171875 0.7255859375 0.7949380171875 0.736328125 0.7857857703125 0.740234375 0.775326059375 0.740234375 0.757021565625 0.73828125 0.74917678125 0.7333984375 0.7426394625 0.7177734375 0.7374096078125 0.701171875 0.74917678125 0.69921875 0.7544066375 0.69921875 0.775326059375 0.7080078125 0.7897081609375001 0.7158203125 0.7949380171875
0 0.6845703125 0.7714036671875 0.6884765625 0.7687887390625 0.697265625 0.7544066375 0.697265625 0.7413319984375 0.6953125 0.7361021437499999 0.6865234375 0.72433496875 0.6787109375 0.72433496875 0.6708984375 0.729564825 0.666015625 0.7361021437499999 0.666015625 0.7596364921875 0.6767578125 0.7714036671875 0.6845703125 0.7714036671875
0 0.6015625 0.7805559140625 0.6083984375 0.7870932328125 0.6201171875 0.7949380171875 0.6298828125 0.7949380171875 0.6455078125 0.7897081609375001 0.6533203125 0.78447830625 0.66015625 0.775326059375 0.666015625 0.757021565625 0.666015625 0.7413319984375 0.662109375 0.7256424328125 0.6513671875 0.708645403125 0.6376953125 0.6981856921875 0.6220703125 0.6955707640625 0.6123046875 0.7008006203125 0.59375 0.720412578125 0.587890625 0.7308722875 0.587890625 0.74917678125 0.591796875 0.7648663484375 0.6015625 0.7805559140625
0 0.7041015625 0.726949896875 0.7197265625 0.726949896875 0.7294921875 0.721720040625 0.734375 0.715182721875 0.73828125 0.702108084375 0.73828125 0.6890334453125 0.736328125 0.6811886625 0.7255859375 0.666806559375 0.7177734375 0.6615767046875 0.7060546875 0.6615767046875 0.6943359375 0.6694214875 0.689453125 0.678573734375 0.6875 0.6890334453125 0.6875 0.7073379390625 0.6962890625 0.721720040625 0.7041015625 0.726949896875
0 0.7587890625 0.8237022203125001 0.7666015625 0.8237022203125001 0.7744140625 0.818472365625 0.78125 0.806705190625 0.78125 0.7884006968749999 0.7724609375 0.7740185953125 0.7529296875 0.7740185953125 0.744140625 0.7857857703125 0.7421875 0.8014753359375 0.74609375 0.811935046875 0.7509765625 0.818472365625 0.7587890625 0.8237022203125001
0 0.7685546875 0.8969201968749999 0.7763671875 0.9021500515625 0.7919921875 0.9021500515625 0.7978515625 0.8995351234375001 0.8095703125 0.8890754125000001 0.814453125 0.8799231656250001 0.81640625 0.8694634562499999 0.81640625 0.8537738890625001 0.814453125 0.8459291062500001 0.810546875 0.8354693953125001 0.7998046875 0.82108729375 0.7919921875 0.8158574375000001 0.7783203125 0.8158574375000001 0.7626953125 0.8263171484375 0.7578125 0.8328544687500001 0.75390625 0.8433141781250001 0.751953125 0.8511589624999999 0.751953125 0.8642336 0.7578125 0.88253809375 0.7685546875 0.8969201968749999
0 0.7607421875 0.7583290296875 0.7724609375 0.7557141015625 0.7763671875 0.7530991734375 0.7890625 0.7334872156250001 0.7890625 0.720412578125 0.78515625 0.7073379390625 0.7783203125 0.6981856921875 0.7705078125 0.6929558375 0.7568359375 0.6929558375 0.7490234375 0.6981856921875 0.740234375 0.715182721875 0.73828125 0.7361021437499999 0.7421875 0.7439469265625 0.7529296875 0.7557141015625 0.7607421875 0.7583290296875
0 0.6435546875 0.6903409093749999 0.6474609375 0.6929558375 0.6669921875 0.6929558375 0.6748046875 0.6877259812500001 0.685546875 0.6733438796875 0.689453125 0.66288416875 0.689453125 0.63934981875 0.681640625 0.6184303984375 0.6689453125 0.6066632234375 0.6630859375 0.6040482953125 0.6494140625 0.6040482953125 0.6416015625 0.6066632234375 0.6376953125 0.6092781515625 0.626953125 0.62627518125 0.623046875 0.63934981875 0.623046875 0.660269240625 0.62890625 0.6733438796875 0.6435546875 0.6903409093749999
0 0.5771484375 0.6694214875 0.5869140625 0.67465134375 0.5947265625 0.67465134375 0.6103515625 0.666806559375 0.62109375 0.6524244578125 0.626953125 0.6184303984375 0.62109375 0.5975109765625 0.6103515625 0.5857438015625 0.5986328125 0.5778990187499999 0.5810546875 0.5752840906250001 0.5693359375 0.5831288734375 0.560546875 0.5975109765625 0.556640625 0.6079706875 0.5546875 0.6184303984375 0.5546875 0.6367348921875 0.55859375 0.6471946015625 0.5771484375 0.6694214875
0 0.5224609375 0.6380423546875 0.5361328125 0.6380423546875 0.552734375 0.62627518125 0.5546875 0.6184303984375 0.5546875 0.5922811203125 0.5439453125 0.5752840906250001 0.5400390625 0.5726691625 0.5224609375 0.5726691625 0.51171875 0.581821409375 0.5078125 0.5922811203125 0.5078125 0.6184303984375 0.5185546875 0.6354274281250001 0.5224609375 0.6380423546875
0 0.4990234375 0.580513946875 0.5087890625 0.580513946875 0.5185546875 0.5752840906250001 0.52734375 0.563516915625 0.53125 0.545212421875 0.52734375 0.5242930015625 0.5224609375 0.5177556812499999 0.5087890625 0.5099108984375 0.4970703125 0.5099108984375 0.4873046875 0.5151407546875 0.478515625 0.526907928125 0.4765625 0.5321377843749999 0.4765625 0.5556721328124999 0.4873046875 0.5752840906250001 0.4990234375 0.580513946875
0 0.5400390625 0.562209453125 0.5478515625 0.5674393078125 0.5576171875 0.5700542359375 0.5693359375 0.5674393078125 0.580078125 0.5556721328124999 0.583984375 0.545212421875 0.5859375 0.5321377843749999 0.58203125 0.5112183625 0.5712890625 0.4968362609375 0.5673828125 0.49422133281249997 0.5498046875 0.49422133281249997 0.5439453125 0.4968362609375 0.533203125 0.508603434375 0.529296875 0.51644821875 0.529296875 0.5373676390625 0.533203125 0.550442278125 0.5400390625 0.562209453125
0 0.5986328125 0.55436466875 0.6103515625 0.559594525 0.6201171875 0.559594525 0.6298828125 0.55436466875 0.638671875 0.5425974953125 0.642578125 0.5321377843749999 0.642578125 0.51644821875 0.638671875 0.5033735796875 0.6318359375 0.49160640468750005 0.6201171875 0.483761621875 0.6044921875 0.483761621875 0.5927734375 0.49160640468750005 0.5859375 0.5007586515625 0.583984375 0.508603434375 0.5859375 0.5347527125 0.58984375 0.545212421875 0.5986328125 0.55436466875
0 0.6474609375 0.6040482953125 0.658203125 0.5922811203125 0.662109375 0.5713617 0.6513671875 0.559594525 0.6474609375 0.556979596875 0.6376953125 0.556979596875 0.6318359375 0.559594525 0.625 0.568746771875 0.62109375 0.587051265625 0.6279296875 0.598818440625 0.6357421875 0.6040482953125 0.6474609375 0.6040482953125
0 0.6728515625 0.5726691625 0.6787109375 0.5752840906250001 0.6923828125 0.5752840906250001 0.7001953125 0.5700542359375 0.7109375 0.5556721328124999 0.712890625 0.54782735 0.712890625 0.5321377843749999 0.7109375 0.5242930015625 0.7060546875 0.5177556812499999 0.6923828125 0.5072959703125 0.6748046875 0.5072959703125 0.658203125 0.526907928125 0.65625 0.5347527125 0.65625 0.54782735 0.66015625 0.5582870609375 0.6728515625 0.5726691625
0 0.6962890625 0.6354274281250001 0.7080078125 0.6354274281250001 0.720703125 0.6158154703125 0.720703125 0.60274083125 0.71875 0.5975109765625 0.7080078125 0.5857438015625 0.6943359375 0.5883587296874999 0.685546875 0.6001259046875 0.681640625 0.6105856140625 0.68359375 0.621045325 0.6884765625 0.6301975718749999 0.6962890625 0.6354274281250001
0 0.7314453125 0.6694214875 0.7392578125 0.6720364156249999 0.7529296875 0.666806559375 0.76171875 0.6524244578125 0.76171875 0.6315050359375001 0.759765625 0.62627518125 0.7470703125 0.6118930781249999 0.7353515625 0.6118930781249999 0.724609375 0.621045325 0.71875 0.6367348921875 0.71875 0.6524244578125 0.720703125 0.6576543125 0.7314453125 0.6694214875
0 0.7353515625 0.6066632234375 0.7490234375 0.6040482953125 0.759765625 0.587051265625 0.759765625 0.56613184375 0.7470703125 0.5465198859375 0.7294921875 0.5465198859375 0.7197265625 0.55436466875 0.71484375 0.56613184375 0.712890625 0.5739766265624999 0.71484375 0.587051265625 0.7275390625 0.6040482953125 0.7353515625 0.6066632234375
0 0.6416015625 0.49422133281249997 0.6572265625 0.49945118749999995 0.6669921875 0.49945118749999995 0.6728515625 0.4968362609375 0.6865234375 0.48637655 0.697265625 0.471994446875 0.701171875 0.4615347359375 0.703125 0.45368995312499993 0.703125 0.43277053125 0.701171875 0.4249257484375 0.6953125 0.4092361828125 0.6884765625 0.4000839359375 0.6748046875 0.389624225 0.6552734375 0.38700929687499996 0.6376953125 0.39485408125 0.630859375 0.40400632812500004 0.623046875 0.422310821875 0.619140625 0.43277053125 0.623046875 0.4641496640625 0.6328125 0.4850690859375 0.6416015625 0.49422133281249997
0 0.5712890625 0.4968362609375 0.5830078125 0.4968362609375 0.5888671875 0.49422133281249997 0.6015625 0.474609375 0.6015625 0.44846009843749995 0.599609375 0.44323024218749996 0.5869140625 0.428848140625 0.5771484375 0.4262332125 0.5693359375 0.428848140625 0.5595703125 0.4366929234375 0.55078125 0.4510750265625 0.548828125 0.4615347359375 0.55078125 0.477224303125 0.5595703125 0.49160640468750005 0.5712890625 0.4968362609375
0 0.4853515625 0.5072959703125 0.5107421875 0.5072959703125 0.5185546875 0.502066115625 0.529296875 0.4876840140625 0.533203125 0.477224303125 0.533203125 0.44846009843749995 0.529296875 0.4380003875 0.5205078125 0.4262332125 0.5087890625 0.4183884296875 0.4912109375 0.4183884296875 0.4814453125 0.423618284375 0.4765625 0.43015560468749997 0.46875 0.4510750265625 0.46875 0.4667645921875 0.474609375 0.49291386875 0.4853515625 0.5072959703125
0 0.5322265625 0.4366929234375 0.5380859375 0.43930785156249996 0.5498046875 0.43930785156249996 0.5673828125 0.4262332125 0.57421875 0.4144660375 0.57421875 0.385701834375 0.572265625 0.37785704999999997 0.5556640625 0.35824509375 0.5498046875 0.355630165625 0.5380859375 0.355630165625 0.5322265625 0.35824509375 0.517578125 0.37785704999999997 0.515625 0.38308690625 0.515625 0.41185111093750004 0.517578125 0.41969589375 0.5322265625 0.4366929234375
0 0.4990234375 0.3765495875 0.5126953125 0.3765495875 0.525390625 0.362167484375 0.525390625 0.3412480625 0.5234375 0.33601820781249997 0.5126953125 0.3242510328125 0.5029296875 0.3242510328125 0.4970703125 0.32686596093750003 0.48828125 0.3386331359375 0.484375 0.3490928453125 0.486328125 0.35955255625000004 0.490234375 0.367397340625 0.4990234375 0.3765495875
0 0.517578125 0.3203286421875 0.5244140625 0.332095815625 0.5322265625 0.337325671875 0.5576171875 0.34517045468749996 0.5830078125 0.31640625 0.58984375 0.304639075 0.591796875 0.28633458125 0.583984375 0.2680300875 0.5673828125 0.245803203125 0.5634765625 0.243188275 0.5478515625 0.2353434921875 0.5361328125 0.2353434921875 0.5283203125 0.23795841874999998 0.5224609375 0.243188275 0.509765625 0.2628002328125 0.5078125 0.2758748703125 0.51171875 0.2994092203125 0.5163864015625 0.3066871640625 0.517578125 0.3203286421875
0 0.4814453125 0.31640625 0.4931640625 0.31902117812499997 0.4990234375 0.31640625 0.505859375 0.307254003125 0.5078125 0.30202414843750003 0.5078125 0.2784897984375 0.5009765625 0.264107696875 0.4931640625 0.25887784062499997 0.4814453125 0.25887784062499997 0.4736328125 0.264107696875 0.466796875 0.2758748703125 0.46484375 0.28894950937499997 0.46875 0.304639075 0.4736328125 0.3111763953125 0.4814453125 0.31640625
0 0.5009765625 0.2510330578125 0.5107421875 0.2510330578125 0.5224609375 0.243188275 0.529296875 0.23403602812500002 0.533203125 0.22357631718749998 0.533203125 0.2052718234375 0.529296875 0.192197184375 0.5126953125 0.1725852265625 0.5009765625 0.1699703 0.4873046875 0.1778150828125 0.48046875 0.18696732968750002 0.4765625 0.197427040625 0.474609375 0.20788675156249997 0.478515625 0.22619124531249998 0.4912109375 0.245803203125 0.5009765625 0.2510330578125
0 0.5771484375 0.243188275 0.5830078125 0.24057334687499998 0.591796875 0.228806171875 0.591796875 0.20788675156249997 0.58984375 0.2026568953125 0.5791015625 0.1908897203125 0.5693359375 0.1908897203125 0.5615234375 0.1961195765625 0.5581958124999999 0.20443539375 0.5551915421875 0.2121426828125 0.556944040625 0.2275572484375 0.56595685 0.2416314375 0.5771484375 0.243188275
0 0.5966796875 0.43146306875 0.6025390625 0.43407799531249996 0.6123046875 0.43146306875 0.623046875 0.41969589375 0.626953125 0.41185111093750004 0.62890625 0.398776471875 0.625 0.385701834375 0.6142578125 0.37131973125 0.6083984375 0.368704803125 0.5986328125 0.368704803125 0.5908203125 0.37393465937500003 0.5859375 0.380471978125 0.583984375 0.3883167609375 0.583984375 0.4092361828125 0.5859375 0.417080965625 0.5966796875 0.43146306875
0 0.5751953125 0.37131973125 0.5810546875 0.37393465937500003 0.5947265625 0.37131973125 0.6015625 0.362167484375 0.60546875 0.3517077734375 0.603515625 0.3334032796875 0.5908203125 0.31902117812499997 0.5771484375 0.31902117812499997 0.5732421875 0.3216361046875 0.56640625 0.33078835156249997 0.56640625 0.3569376296875 0.568359375 0.362167484375 0.5751953125 0.37131973125
0 0.6240234375 0.3765495875 0.6298828125 0.3791645140625 0.6435546875 0.3791645140625 0.6552734375 0.37131973125 0.6640625 0.3569376296875 0.66796875 0.33601820781249997 0.66796875 0.3203286421875 0.666015625 0.30986893125 0.662109375 0.30202414843750003 0.6533203125 0.2928719015625 0.6298828125 0.2928719015625 0.6240234375 0.295486828125 0.60546875 0.3203286421875 0.603515625 0.3334032796875 0.607421875 0.3517077734375 0.611328125 0.362167484375 0.6240234375 0.3765495875
0 0.5859375 0.25495545000000003 0.5859375 0.2758748703125 0.5947265625 0.28764204531250004 0.6064453125 0.2928719015625 0.65308066875 0.2909374890625 0.665097746875 0.2852407953125 0.6741105562499999 0.287251390625 0.684875840625 0.2916076921875 0.6923828125 0.2928719015625 0.7060546875 0.28502711718749996 0.708984375 0.2811047265625 0.7109375 0.2758748703125 0.7109375 0.25495545000000003 0.701171875 0.1817374734375 0.681640625 0.1320538484375 0.6689453125 0.11505681875 0.6533203125 0.11244189062500001 0.6435546875 0.12028667343749999 0.6142578125 0.15428073281250002 0.60546875 0.1660479078125 0.603515625 0.17389269062499998 0.60300949375 0.1967745640625 0.6035102203125 0.20783284375000002 0.6015073578125001 0.2158752265625 0.5859375 0.25495545000000003
0 0.5849609375 0.19350464843749998 0.5966796875 0.19350464843749998 0.6015625 0.18696732968750002 0.615234375 0.15297327031250002 0.615234375 0.1477434140625 0.611328125 0.137283703125 0.6005859375 0.1255165296875 0.5830078125 0.1255165296875 0.5751953125 0.130746384375 0.56640625 0.14251355937500002 0.564453125 0.15297327031250002 0.56640625 0.1712777640625 0.5751953125 0.18827479375 0.5849609375 0.19350464843749998
0 0.5224609375 0.1725852265625 0.5361328125 0.1804300109375 0.5419921875 0.1804300109375 0.5537109375 0.1752001546875 0.560546875 0.1686628359375 0.564453125 0.155588196875 0.56640625 0.13989863125 0.5625 0.124209065625 0.5517578125 0.10982696249999999 0.5400390625 0.1045971078125 0.5341796875 0.1045971078125 0.5283203125 0.107212034375 0.515625 0.1215941375 0.51171875 0.1346687765625 0.51171875 0.1451284859375 0.515625 0.16343297968749998 0.5224609375 0.1725852265625
0 0.4794921875 0.1412060953125 0.4853515625 0.14643595 0.4970703125 0.14643595 0.51171875 0.1320538484375 0.515625 0.11897920937499999 0.515625 0.11113442656250001 0.513671875 0.10328964375000001 0.5048828125 0.088907540625 0.4951171875 0.0810627578125 0.4853515625 0.0810627578125 0.4794921875 0.0836776859375 0.470703125 0.0954448609375 0.466796875 0.10590457187499999 0.466796875 0.11897920937499999 0.47265625 0.1320538484375 0.4794921875 0.1412060953125
0 0.5595703125 0.1045971078125 0.5673828125 0.10982696249999999 0.5791015625 0.11244189062500001 0.5908203125 0.107212034375 0.6015625 0.0954448609375 0.607421875 0.0771403671875 0.607421875 0.06668065625 0.603515625 0.0536060171875 0.5966796875 0.0444537703125 0.5771484375 0.0313791328125 0.5634765625 0.033994059375 0.548828125 0.056220945312500006 0.546875 0.06668065625 0.546875 0.08237022187500001 0.552734375 0.0954448609375 0.5595703125 0.1045971078125
0 0.5126953125 0.09936725156250001 0.5224609375 0.09936725156250001 0.5341796875 0.09152246875 0.541015625 0.08237022187500001 0.546875 0.064065728125 0.546875 0.050991090625 0.54296875 0.035301523437499996 0.5302734375 0.01830449375 0.5244140625 0.015689565625 0.5107421875 0.015689565625 0.4970703125 0.023534348437499998 0.490234375 0.0326865953125 0.486328125 0.04314630625 0.484375 0.050991090625 0.484375 0.069295584375 0.486328125 0.0771403671875 0.5126953125 0.09936725156250001
0 0.4267578125 0.094137396875 0.4365234375 0.10198217968750001 0.4521484375 0.10198217968750001 0.4658203125 0.094137396875 0.47265625 0.08498515 0.478515625 0.06668065625 0.478515625 0.050991090625 0.470703125 0.024841812499999998 0.4638671875 0.015689565625 0.4521484375 0.0078447828125 0.4345703125 0.0078447828125 0.4248046875 0.013074639062499999 0.4140625 0.027456740624999997 0.41015625 0.04314630625 0.41015625 0.06145080000000001 0.41796875 0.08237022187500001 0.4267578125 0.094137396875
0 0.4638671875 0 0.462890625 0.0013074640625 0.4697265625 0.0078447828125 0.4755859375 0.0104597109375 0.4873046875 0.0104597109375 0.4970703125 0.0052298546874999996 0.5017207640625 0 0.4638671875 0
0 0.3994140625 0 0.3994140625 0.0052298546874999996 0.4130859375 0.015689565625 0.4208984375 0.015689565625 0.431640625 0.0039223921875 0.4306640625 0 0.3994140625 0
0 0.5693359375 0 0.568359375 0.011767175000000001 0.5888671875 0.0313791328125 0.5966796875 0.0366089875 0.6181640625 0.039223915625 0.6337890625 0.039223915625 0.6572265625 0.0313791328125 0.671875 0.009152246875 0.6708984375 0 0.5693359375 0
0 0.6240234375 0.12813145625 0.6337890625 0.130746384375 0.66796875 0.11113442656250001 0.669921875 0.10067471562500001 0.669921875 0.08760007812500001 0.66796875 0.07975529375 0.6572265625 0.0627582640625 0.6494140625 0.057528409375 0.6416015625 0.05491348124999999 0.6259765625 0.057528409375 0.6142578125 0.0653731921875 0.609375 0.0745254390625 0.607421875 0.08237022187500001 0.607421875 0.10067471562500001 0.615234375 0.11897920937499999 0.6240234375 0.12813145625
0 0.6748046875 0.0627582640625 0.6923828125 0.0627582640625 0.6962890625 0.060143337500000005 0.703125 0.0483761625 0.703125 0.030071668750000002 0.69921875 0.0196119578125 0.6923828125 0.013074639062499999 0.6767578125 0.013074639062499999 0.6728515625 0.015689565625 0.666015625 0.027456740624999997 0.6640625 0.0326865953125 0.6640625 0.0483761625 0.66796875 0.056220945312500006 0.6748046875 0.0627582640625
0 0.7314453125 0.07583290312499999 0.740234375 0.06145080000000001 0.740234375 0.04314630625 0.7294921875 0.0313791328125 0.7158203125 0.0313791328125 0.70703125 0.04314630625 0.70703125 0.064065728125 0.7177734375 0.07583290312499999 0.7314453125 0.07583290312499999
0 0.7470703125 0 0.74609375 0.0143821015625 0.75 0.024841812499999998 0.7568359375 0.033994059375 0.7939453125 0.033994059375 0.80078125 0.0196119578125 0.802734375 0.009152246875 0.8017578125 0 0.7470703125 0
0 0.7646484375 0.10982696249999999 0.7822265625 0.10982696249999999 0.7880859375 0.107212034375 0.796875 0.0980597875 0.802734375 0.08498515 0.802734375 0.0588358734375 0.80078125 0.050991090625 0.7919921875 0.0366089875 0.7841796875 0.0313791328125 0.7783203125 0.0287642046875 0.7685546875 0.0287642046875 0.7626953125 0.0313791328125 0.7548828125 0.0366089875 0.744140625 0.0536060171875 0.7421875 0.06145080000000001 0.751953125 0.0980597875 0.7568359375 0.1045971078125 0.7646484375 0.10982696249999999
0 0.8193359375 0.0836776859375 0.8310546875 0.0836776859375 0.8447265625 0.07583290312499999 0.84765625 0.0719105109375 0.8515625 0.06145080000000001 0.8515625 0.0405313796875 0.84765625 0.027456740624999997 0.8369140625 0.015689565625 0.8271484375 0.0104597109375 0.8134765625 0.0104597109375 0.798828125 0.027456740624999997 0.794921875 0.037916451562499995 0.8046875 0.0745254390625 0.8076171875 0.07844783125 0.8193359375 0.0836776859375
0 0.849164871875 0.0005772765625 0.8173828125 0 0.8173828125 0.0052298546874999996 0.8291015625 0.0104597109375 0.8447265625 0.0078447828125 0.849164871875 0.0005772765625
0 0.7138671875 0.1725852265625 0.7216796875 0.167355371875 0.734375 0.15297327031250002 0.7421875 0.11636428125 0.734375 0.0902150046875 0.7255859375 0.0810627578125 0.7138671875 0.073217975 0.6943359375 0.073217975 0.6806640625 0.0810627578125 0.671875 0.0954448609375 0.669921875 0.1137493546875 0.6962890625 0.1699703 0.7001953125 0.1725852265625 0.7138671875 0.1725852265625
0 0.7548828125 0.1804300109375 0.7607421875 0.1804300109375 0.7705078125 0.1752001546875 0.779296875 0.158203125 0.779296875 0.13989863125 0.775390625 0.1320538484375 0.7685546875 0.1255165296875 0.7509765625 0.1255165296875 0.7470703125 0.12813145625 0.73828125 0.14251355937500002 0.736328125 0.1477434140625 0.73828125 0.16343297968749998 0.7470703125 0.1752001546875 0.7548828125 0.1804300109375
0 0.8271484375 0.15428073281250002 0.8310546875 0.15166580624999998 0.841796875 0.1346687765625 0.84375 0.124209065625 0.841796875 0.11113442656250001 0.837890625 0.10328964375000001 0.8310546875 0.096752325 0.8076171875 0.096752325 0.794921875 0.11113442656250001 0.79296875 0.1346687765625 0.794921875 0.13989863125 0.7998046875 0.1438210234375 0.8271484375 0.15428073281250002
0 0.78125 0.2183464625 0.7900390625 0.22488378125000003 0.8134765625 0.22488378125000003 0.8232421875 0.2170389984375 0.83203125 0.2052718234375 0.8359375 0.1948121125 0.8359375 0.1712777640625 0.833984375 0.1660479078125 0.8291015625 0.15689566093750001 0.8154296875 0.14643595 0.8056640625 0.1438210234375 0.7939453125 0.14643595 0.7880859375 0.15166580624999998 0.7734375 0.17389269062499998 0.771484375 0.1817374734375 0.771484375 0.1948121125 0.7734375 0.2026568953125 0.78125 0.2183464625
0 0.7236328125 0.28502711718749996 0.7353515625 0.2902569734375 0.7529296875 0.2902569734375 0.7646484375 0.282412190625 0.779296875 0.2601853046875 0.783203125 0.247110665625 0.783203125 0.22619124531249998 0.77734375 0.21050167812499998 0.7607421875 0.1908897203125 0.7509765625 0.185659865625 0.7373046875 0.185659865625 0.7177734375 0.1987345046875 0.708984375 0.21311660625 0.70703125 0.2183464625 0.70703125 0.2418808109375 0.71484375 0.27325994374999996 0.7236328125 0.28502711718749996
0 0.8251953125 0.3425555265625 0.8349609375 0.34778538281250004 0.8408203125 0.34778538281250004 0.8544921875 0.3399405984375 0.86328125 0.33078835156249997 0.8671875 0.3203286421875 0.865234375 0.28894950937499997 0.86328125 0.2837196546875 0.8427734375 0.25887784062499997 0.8310546875 0.2536479859375 0.8232421875 0.2562629125 0.8193359375 0.25887784062499997 0.8046875 0.2811047265625 0.802734375 0.28894950937499997 0.8046875 0.30202414843750003 0.81640625 0.33078835156249997 0.8251953125 0.3425555265625
0 0.7763671875 0.34517045468749996 0.7900390625 0.3425555265625 0.798828125 0.33078835156249997 0.802734375 0.30986893125 0.796875 0.28894950937499997 0.7900390625 0.2797972625 0.7763671875 0.27456740625 0.7646484375 0.282412190625 0.7578125 0.2915644375 0.755859375 0.29679429218750003 0.755859375 0.3203286421875 0.7607421875 0.3294808890625 0.7763671875 0.34517045468749996
0 0.6787109375 0.37393465937500003 0.6865234375 0.3791645140625 0.6982421875 0.3791645140625 0.7060546875 0.3765495875 0.7177734375 0.368704803125 0.728515625 0.3517077734375 0.732421875 0.3386331359375 0.732421875 0.3203286421875 0.7275390625 0.3111763953125 0.6904296875 0.295486828125 0.6826171875 0.29810175625 0.673828125 0.30986893125 0.669921875 0.3203286421875 0.669921875 0.33601820781249997 0.673828125 0.3647824125 0.6787109375 0.37393465937500003
0 0.7607421875 0.3843943703125 0.7734375 0.3700122671875 0.775390625 0.3647824125 0.775390625 0.3490928453125 0.7705078125 0.337325671875 0.7607421875 0.3294808890625 0.7490234375 0.3294808890625 0.740234375 0.3386331359375 0.736328125 0.3490928453125 0.736328125 0.3700122671875 0.7451171875 0.3817794421875 0.7607421875 0.3843943703125
0 0.7060546875 0.4419227796875 0.7177734375 0.4419227796875 0.7236328125 0.43930785156249996 0.73046875 0.43015560468749997 0.736328125 0.41185111093750004 0.736328125 0.40400632812500004 0.732421875 0.3909316890625 0.7255859375 0.3817794421875 0.7158203125 0.3765495875 0.7060546875 0.3765495875 0.6962890625 0.3817794421875 0.6875 0.3935466171875 0.6875 0.398776471875 0.703125 0.4380003875 0.7060546875 0.4419227796875
0 0.7685546875 0.46807205625000003 0.77734375 0.45630488125 0.78125 0.44323024218749996 0.78125 0.43015560468749997 0.7724609375 0.4157735015625 0.7587890625 0.40792871875000003 0.7529296875 0.40792871875000003 0.7431640625 0.4157735015625 0.73828125 0.4249257484375 0.734375 0.440615315625 0.736328125 0.44846009843749995 0.7548828125 0.4706869828125 0.7685546875 0.46807205625000003
0 0.7119140625 0.520370609375 0.7177734375 0.5229855375 0.7353515625 0.5229855375 0.7431640625 0.5177556812499999 0.751953125 0.5059885078125 0.755859375 0.49552879687500007 0.755859375 0.477224303125 0.75390625 0.4693795203125 0.7451171875 0.45761234531249995 0.7373046875 0.4523824890625 0.7216796875 0.44976756250000005 0.7119140625 0.45499741718750003 0.701171875 0.4667645921875 0.69921875 0.474609375 0.69921875 0.49552879687500007 0.701171875 0.5033735796875 0.7119140625 0.520370609375
0 0.79296875 0.474609375 0.8076171875 0.49160640468750005 0.8212890625 0.49160640468750005 0.8271484375 0.48899147656249997 0.8349609375 0.483761621875 0.84375 0.471994446875 0.845703125 0.4641496640625 0.845703125 0.44846009843749995 0.84375 0.440615315625 0.841796875 0.43538545937500006 0.8291015625 0.4210033578125 0.8232421875 0.4183884296875 0.8115234375 0.4183884296875 0.8056640625 0.4210033578125 0.7998046875 0.4262332125 0.791015625 0.440615315625 0.7890625 0.44584517031250004 0.7890625 0.4615347359375 0.791015625 0.4693795203125 0.79296875 0.474609375
0 0.7861328125 0.41315857500000003 0.7958984375 0.41315857500000003 0.8134765625 0.405313790625 0.818359375 0.398776471875 0.822265625 0.3883167609375 0.822265625 0.367397340625 0.8154296875 0.3530152375 0.8095703125 0.34778538281250004 0.7939453125 0.3425555265625 0.7841796875 0.34517045468749996 0.77734375 0.3517077734375 0.76953125 0.380471978125 0.771484375 0.39616154375 0.7763671875 0.40269886406250005 0.7861328125 0.41315857500000003
0 0.7626953125 0.559594525 0.7763671875 0.559594525 0.7822265625 0.556979596875 0.791015625 0.54782735 0.796875 0.5347527125 0.798828125 0.5216780734375 0.796875 0.508603434375 0.79296875 0.4981437234375 0.7802734375 0.483761621875 0.7744140625 0.48114669374999997 0.7646484375 0.48114669374999997 0.7578125 0.4850690859375 0.740234375 0.5216780734375 0.740234375 0.5321377843749999 0.7568359375 0.556979596875 0.7626953125 0.559594525
0 0.8388671875 0.5831288734375 0.8486328125 0.5752840906250001 0.85546875 0.563516915625 0.85546875 0.5556721328124999 0.8515625 0.545212421875 0.8427734375 0.5334452484375001 0.8310546875 0.5308303203125 0.8154296875 0.543904959375 0.814453125 0.56613184375 0.8232421875 0.580513946875 0.8291015625 0.5831288734375 0.8388671875 0.5831288734375
0 0.8427734375 0.65111699375 0.8583984375 0.65111699375 0.873046875 0.6367348921875 0.875 0.6288901078125 0.875 0.6079706875 0.87109375 0.5975109765625 0.8662109375 0.59097365625 0.8525390625 0.5831288734375 0.8466796875 0.5831288734375 0.8408203125 0.5857438015625 0.830078125 0.6001259046875 0.826171875 0.6105856140625 0.826171875 0.623660253125 0.8349609375 0.6458871390625001 0.8427734375 0.65111699375
0 0.7763671875 0.6223527890625 0.7822265625 0.6249677171875 0.7939453125 0.6223527890625 0.7978515625 0.6197378609374999 0.8046875 0.6079706875 0.8046875 0.587051265625 0.802734375 0.581821409375 0.7939453125 0.5726691625 0.7880859375 0.5700542359375 0.7763671875 0.5726691625 0.7724609375 0.5752840906250001 0.765625 0.587051265625 0.763671875 0.5975109765625 0.765625 0.6079706875 0.767578125 0.6132005421875 0.7763671875 0.6223527890625
0 0.7802734375 0.6981856921875 0.7939453125 0.6981856921875 0.8037109375 0.6929558375 0.80859375 0.6864185171875 0.814453125 0.6707289515625 0.814453125 0.6576543125 0.810546875 0.644579675 0.8037109375 0.6354274281250001 0.7900390625 0.6275826453125 0.7861328125 0.6275826453125 0.7724609375 0.6354274281250001 0.763671875 0.644579675 0.7578125 0.660269240625 0.7578125 0.6733438796875 0.7685546875 0.6903409093749999 0.7802734375 0.6981856921875
0 0.8408203125 0.7478693187500001 0.8525390625 0.7478693187500001 0.8681640625 0.7374096078125 0.875 0.7282573609375 0.876953125 0.7230275046875 0.876953125 0.696878228125 0.873046875 0.6864185171875 0.8642578125 0.67465134375 0.8564453125 0.6694214875 0.8388671875 0.666806559375 0.822265625 0.678573734375 0.814453125 0.69949315625 0.81640625 0.7230275046875 0.8349609375 0.745254390625 0.8408203125 0.7478693187500001
0 0.78515625 0.7962454796875 0.7919921875 0.8053977265625001 0.7998046875 0.8106275828125 0.8173828125 0.8106275828125 0.8232421875 0.8080126546875 0.833984375 0.7962454796875 0.841796875 0.7779409859374999 0.83984375 0.7596364921875 0.8359375 0.74917678125 0.8251953125 0.7347946796875 0.8173828125 0.729564825 0.7998046875 0.729564825 0.7939453125 0.7321797515624999 0.78125 0.74917678125 0.779296875 0.7544066375 0.779296875 0.7779409859374999 0.78125 0.7857857703125 0.78515625 0.7962454796875
0 0.8173828125 0.9596784609375 0.8330078125 0.96752324375 0.8525390625 0.96752324375 0.8583984375 0.9622933890625 0.869140625 0.9505262140624999 0.873046875 0.9426814312499999 0.876953125 0.9269918640625001 0.876953125 0.903457515625 0.875 0.8956127328125 0.8681640625 0.8838455578125 0.8525390625 0.8707709187500001 0.8330078125 0.8707709187500001 0.8271484375 0.873385846875 0.8125 0.8903828765625 0.8046875 0.90607244375 0.802734375 0.91914708125 0.802734375 0.9322217203125 0.8046875 0.940066503125 0.8173828125 0.9596784609375
0 0.857421875 0.9845202734375 0.8515625 0.9714456359374999 0.8466796875 0.96752324375 0.8134765625 0.9622933890625 0.8037109375 0.970138171875 0.798828125 0.97929041875 0.794921875 0.9897501296875 0.7958984375 0.9989023765624999 0.859429475 0.9991071687499999 0.857421875 0.9845202734375
0 0.4326171875 0.2144240703125 0.4443359375 0.22226885312500003 0.4541015625 0.22226885312500003 0.4638671875 0.2170389984375 0.47265625 0.20788675156249997 0.48046875 0.1843524015625 0.48046875 0.1686628359375 0.4765625 0.155588196875 0.4697265625 0.1438210234375 0.4541015625 0.1333613125 0.4423828125 0.1333613125 0.4306640625 0.1412060953125 0.419921875 0.158203125 0.41796875 0.1660479078125 0.41796875 0.1843524015625 0.423828125 0.2026568953125 0.4326171875 0.2144240703125