0 0.16979624177900135 0.8479760653644076 0.13883937186907888 0.1547135256007266
0 0.7733286033345241 0.12237191677272238 0.0540358150252553 0.058296646423454224
0 0.8595571363507902 0.5776508574554035 0.1207805091364218 0.14484328951503328
0 0.4344482396853143 0.6860776913987697 0.1080476610387997 0.1371817165967096
0 0.11191731184515805 0.5798976800206809 0.09001687369144565 0.10399095442790855
0 0.7743416301466038 0.8346815601129494 0.12031472194663113 0.15771800584818116
0 0.35844883237617686 0.800130553389543 0.11103054940640238 0.15751239793025498
0 0.28363486665295057 0.8860493247135434 0.07226669047604233 0.0929533886756019
0 0.452887247226883 0.8137396147358149 0.10252771786071993 0.1294089198460334
0 0.4922757092669384 0.250458364735815 0.06148290650210164 0.07409316434098256
0 0.530545887611298 0.2063361947405875 0.045374491850081 0.04746241592238043
0 0.27823072669586413 0.5943430827100434 0.11109343797269045 0.1388759628471073
0 0.094959768766308 0.732949954686499 0.14006248554443196 0.1484828432676185
0 0.6820216342571033 0.4106071660964047 0.07207820676627126 0.09304877225890866
0 0.5427966992043544 0.858571404081769 0.09913367262515749 0.12273420484563573
0 0.7234489356338265 0.16479522676635905 0.047865038091364734 0.05656603750596565
0 0.2094428858465871 0.7170806013685438 0.09557163005051068 0.11644784217854483
0 0.23116969241909047 0.5070061673694983 0.0676420790423304 0.07426240959181776
0 0.4014543312908961 0.34166407272436095 0.05407540380967344 0.06444444484006784
0 0.44475621706060864 0.30385553739654253 0.06786537593308672 0.07885111700847122
0 0.17420986221347512 0.6283175460295896 0.07319683540139543 0.08671929734245402
0 0.03308061003927529 0.8398988413430905 0.06616122007855058 0.12905806651316426
0 0.27511180849096334 0.7843050113780888 0.09231826699311743 0.10899414984484039
0 0.8432758445324477 0.3632247307844946 0.052794268166011446 0.06286830883990877
0 0.5328586065134919 0.7435185687459963 0.07540807047313702 0.09601482242599957
0 0.33221375032897615 0.683324314051543 0.08879853561952551 0.11168534417766995
0 0.022680527973244685 0.6866647533418178 0.04536105594648937 0.07233876084102242
0 0.06378690637760592 0.9327499600174992 0.09871028763096838 0.11667951734563572
0 0.057399056649377944 0.5432965613462721 0.05835995968889753 0.07269075050723828
0 0.3656432453852976 0.5742493060550429 0.0938090419470778 0.11496368076165293
0 0.6890303769676361 0.20974410009545016 0.04464921063159366 0.056626194755528124
0 0.061016093524041706 0.6481113306810903 0.06084577582402173 0.06637718425763595
0 0.9196251770838517 0.3336195941279032 0.06504494907674854 0.08037952700807346
0 0.5511379849937373 0.5044742500795418 0.07202496040139543 0.08670566134229496
0 0.02526897408490249 0.6093028220082723 0.05053794816980498 0.07412611800803362
0 0.27233953972465536 0.05242775537077101 0.07308279915430083 0.08369308992580071
0 0.2909702993599109 0.3450697887094071 0.056351535137225725 0.06769096409034621
0 0.29738346236903157 0.11917945070813447 0.03630884059717552 0.05038180800445433
0 0.7071194592669385 0.25295829809831366 0.0426612724506084 0.05191937708863614
0 0.4953264834811281 0.9448083487428146 0.06827920972041017 0.08197838967516446
0 0.20690665579652823 0.3284539060311804 0.08812659176046048 0.09928527309436319
0 0.7569841573860121 0.6468270241088132 0.1058111639929388 0.1261295153465108
0 0.00905601897343645 0.30021817600254536 0.0181120379468729 0.04731021567174407
0 0.3875221433112811 0.09364419605345209 0.06482437460262905 0.0786205781747269
0 0.36243040009654504 0.4412913553866794 0.06620044407965384 0.07736809192492586
0 0.5944077477310861 0.6683918467536324 0.09189555122876918 0.10713527209480063
0 0.2926199166922915 0.2543902447087708 0.07943523100773361 0.08523065900998254
0 0.35809173340425354 0.19025556671704313 0.0430935394218225 0.05670566967198267
0 0.9066109968979068 0.13956051145763065 0.051263858930359875 0.06470445992301674
0 0.3250835833845831 0.505753297382225 0.06994891717727594 0.0849251221753633
0 0.14115524170212676 0.09468688602004453 0.08645005551336582 0.09624088434416427
0 0.8339894177775722 0.7196565441199491 0.10006792392410269 0.11376801117918127
0 0.3912977173127102 0.22973623738858837 0.05605379078379293 0.06622384767365305
0 0.3386047700268157 0.36829875071608864 0.06450547464866867 0.07266468325807356
0 0.6441056430591796 0.1701270694223141 0.05927644703379294 0.06626134667409059
0 0.8083434696584988 0.32606962877940393 0.06796303218308672 0.07885225334181775
0 0.2844146607402068 0.4388197887094071 0.09636930554487852 0.10552852351209037
0 0.021086307399146773 0.3887539646721816 0.042172614798293546 0.06311702900719851
0 0.5786174008528497 0.223315156747269 0.04423060124083733 0.0520352146721816
0 0.44141305975147116 0.4187538313971789 0.05437042574646931 0.06308180267345413
0 0.5154614730126934 0.12015324673772401 0.08824268119435104 0.10094542934436315
0 0.5868344564169469 0.30707253874917806 0.061703480976220956 0.07585211317432919
0 0.738074528324689 0.279902606102768 0.03870588245932467 0.04279871050485209
0 0.7373586163239745 0.21187022143535894 0.05092924820914604 0.05991930367301679
0 0.04749345096906523 0.33832725067631775 0.059178790783792866 0.06626021034074396
0 0.08019060853030431 0.15027326734563579 0.07033481207111633 0.0695124796755621
0 0.6977883819113148 0.31931000409767735 0.0661683533153056 0.0755137595082724
0 0.03715116669229153 0.2514175966740906 0.07073021267454922 0.0709807324256019
0 0.6028494063776059 0.9390225200906777 0.09292335240412228 0.10090231709499946
0 0.33409940637760593 0.9358953307208612 0.0866897324012168 0.10385466284412459
0 0.21776421219380465 0.9447061620384982 0.04998749889013112 0.06459203133951093
0 0.03326860279841964 0.09729317067154523 0.06653720559683927 0.08517611500934615
0 0.09994609763454103 0.2255641686823629 0.054468081996469395 0.06308293900680084
0 0.8242408933112811 0.0987258787794039 0.061699374602628865 0.07858421550763599
0 0.6809729504648621 0.492692960097041 0.04603688450228027 0.05693507217238043
0 0.40320785542821114 0.2830430507240428 0.03628563180985207 0.04725908067114748
0 0.5766785703951328 0.4187640167488599 0.08019322672313685 0.09607050275998255
0 0.6946969608564224 0.5647861360995863 0.09449950998457979 0.101115810928545
0 0.13235123607901816 0.9585681200270443 0.06295935464576327 0.07567157300783478
0 0.5313821319113148 0.3173736920750875 0.05102690445914586 0.05992044000636332
0 0.7324604967226799 0.963987252108495 0.04767655438159366 0.05666142108927232
0 0.3585837702789173 0.2950339733847704 0.059094792114250616 0.06645438650739735
0 0.9560165091310525 0.45054401213394846 0.03158848960843983 0.07218408267027243
0 0.4414998131056658 0.2162464493952699 0.04486773191891711 0.05975119475552813
0 0.8817924052923253 0.48330142079085797 0.04913662252816096 0.05521475867281787
0 0.6535321034113988 0.8739338694302683 0.08513406119144555 0.10393413776057905
0 0.6643107023064475 0.7309742100970411 0.057932468321116384 0.06936816534054521
0 0.16167020147326833 0.19266130935708983 0.08144432478924638 0.09442625517683476
0 0.6721785605846502 0.9539031801002228 0.0628016232406587 0.06922966950787454
0 0.7529900620972596 0.513859982773677 0.07486859604505725 0.08829997867599956
0 0.6157750133184263 0.7765407014242232 0.08337352627480872 0.10108392517703368
0 0.7194277071732516 0.08812363876508637 0.044228548054041285 0.05340126583883498
0 0.5449090363704606 0.25810778007636015 0.047774210631593664 0.05666255742261903
0 0.8667786825317334 0.2954741567870399 0.04936197260571298 0.058437414922817864
0 0.9194070197747142 0.44855425079563044 0.04800911191601145 0.0628126285059258
0 0.42207465377971587 0.9189356447326332 0.09473441126899793 0.10726588201185194
0 0.49306839490076493 0.4068447247374058 0.04467447260571298 0.0583828709221816
0 0.8011158416824564 0.41824803811263117 0.051136165102807496 0.06148294000636341
0 0.9511208315429975 0.27456276746494845 0.06305701089576346 0.07567270934118149
0 0.0035352733810104253 0.35329772266868176 0.0070705467620208505 0.059720445337363516
0 0.7709852173127102 0.23415430144013144 0.04646026949646931 0.06298975967238044
0 0.17354213476130634 0.257695963359317 0.04539292503397148 0.04912143583903381
0 0.027616817229236718 0.1848113520050907 0.055233634458473437 0.06940680067432918
0 0.7457017220042872 0.4168213507717679 0.054602604614250615 0.06640211517345414
0 0.8113424195422831 0.20491224411199488 0.044507859223583426 0.053209362338874744
0 0.7145735102163332 0.9067014634388588 0.06650979282674854 0.08039657200827222
0 0.9002138954049681 0.26458778345794876 0.03919211052252862 0.044170443338238385
0 0.7520006345092047 0.3379241914385406 0.051045337643036606 0.0615794599230167
0 0.8273226986232768 0.25592076078131293 0.049564113895942084 0.058537343839511105
0 0.6583216903254036 0.3469986520925866 0.04967337453960354 0.0600998438395111
0 0.9094192866225622 0.18885198679181242 0.031056604194976245 0.040855744087164594
0 0.6305030569014795 0.4764679760900414 0.07266418976354458 0.07910210984245403
0 0.003395232924356141 0.5447766980028635 0.006790465848712282 0.07715105225572713
0 0.8019563478866425 0.16023554344363128 0.034090776735205 0.04098862667090888
0 0.6265425405578345 0.5890134294239049 0.05896499960262904 0.07855239817393134
0 0.7761365290809936 0.05985373543917695 0.04109399684717552 0.05043748833843727
0 0.8475419994957969 0.1568565521164492 0.04393968567763338 0.05066575450548836
0 0.09924198524583894 0.42571871001749917 0.05727690445914595 0.05999316534054522
0 0.5631452201627016 0.17622198074472367 0.04413294499083733 0.05203407833883498
0 0.6052291773359533 0.25646401141785974 0.03931775116328495 0.04875801442154524
0 0.5612999528106506 0.5827810634149962 0.061280765211872715 0.07399323542428941
0 0.9346774686500925 0.6215286741326758 0.05481817599857095 0.13646475867281788
0 0.771231235750042 0.28654350477399504 0.04035920991909574 0.04272037192174416
0 0.8717664673127101 0.23532699745381266 0.040589335600081 0.047406735588397454
0 0.3422971246218477 0.11422886871417963 0.04741567639594191 0.05851234450588607
0 0.9479033603718896 0.39884515213235755 0.04141017438449879 0.05356362467178384
0 0.4765253871070948 0.3527021174013151 0.049161884502280095 0.056971434839471334
0 0.09030366384229993 0.3075499653484993 0.04100999817763325 0.05063166450509069
0 0.03120988839950404 0.4748096433402269 0.06241977679900808 0.09939997434456202
0 0.9193806145592636 0.7284690174649485 0.06685123233819112 0.08527938450827222
0 0.21139668588592803 0.08533970536281682 0.0711016897635444 0.07908392850890869
0 0.4108243414303548 0.48720383939367906 0.058150989608439826 0.07249316534054522
0 0.40064594811907367 0.39795043539145186 0.041068734873056026 0.048680812171783924
0 0.21339196655640552 0.4481578786998622 0.05037134059717552 0.05054544000636341
0 0.5032360805345915 0.5633401727402694 0.07853989926336595 0.09614884134309047
0 0.1811914717521856 0.48374993336249866 0.04600001813449901 0.05361703233907367
0 0.7639811004845326 0.17777703210531332 0.04246801313740427 0.050551053255289524
0 0.44692464046128955 0.1498492900620426 0.06149451089576328 0.07565452800763603
0 0.16234291878597848 0.41785221335931694 0.08024852627480872 0.10104756250994278
0 0.8931191272966125 0.8915775447962668 0.06452185464576346 0.07568975434138032
0 0.9295525620972596 0.5159144734643121 0.06639098097622095 0.07590665717496563
0 0.28965308984087085 0.17382149737427083 0.04389599051962314 0.04725005842218159
0 0.7854051802628195 0.9560025767822674 0.06514260532674836 0.08038066334142009
0 0.9173653744466208 0.9473735588000848 0.040284625964599384 0.08770240417130673
0 0.5235707238458727 0.6527117554105419 0.06181068843308672 0.07878066434098266
0 0.647984759887357 0.2264679760900413 0.03587179802252862 0.044131808004454334
0 0.13031738660289172 0.4956681306890444 0.057939297111345225 0.06946582159054504
0 0.7225973577739996 0.3782401087682681 0.040661729875961325 0.04565119575509069
0 0.6856429330359364 0.14637194342772292 0.044144549384498966 0.0535954420054884
0 0.9247111508528498 0.22734232212758504 0.03609031930985225 0.04725680800445433
0 0.27364822543535644 0.961776030712907 0.03489112914893662 0.04685254700429518
0 0.1771106231092384 0.5532902740292714 0.05102690445914595 0.05992044000636341
0 0.13210875158948387 0.3135096113542263 0.042877071321295014 0.05221461850532929
0 0.5314806848775218 0.3830532360757238 0.040891855556946764 0.050337559421744074
0 0.6679927132022108 0.6559560287634956 0.0698396565336143 0.0833626221753633
0 0.7890478943965619 0.5572832661123129 0.04422377245060858 0.0519375584221816
0 0.8195819823958473 0.4896145081158128 0.06128281839866858 0.07262718425763595
0 0.9619929935437123 0.34271333080040295 0.03451817710843983 0.07221817267067028
0 0.40542555531199564 0.16187657538986105 0.053031222637225636 0.0676523287565622
0 0.6203300174289257 0.35359355008749593 0.02885697351689629 0.03312158267027261
0 0.8512433477114156 0.9819009256444744 0.04075050414893653 0.0361981487110512
0 0.5577207567852639 0.3544287967456782 0.03755721624664794 0.045907801837999786
0 0.6661716671964946 0.1117424047580867 0.03441172987596151 0.04557847042090888
0 0.4372286682817753 0.5680453067313607 0.061390025855534346 0.07555573542428942
0 0.8570380597514712 0.42359006612026723 0.07118568843308673 0.07888975234225519
0 0.6624243183014459 0.2547838800922685 0.030340250450787032 0.03479764758712482
0 0.001713976090480782 0.15788522533418176 0.003427952180961564 0.056297794418363536
0 0.010390945496877895 0.9544880526734543 0.02078189099375579 0.08976482242599956
0 0.4695819823958473 0.48554188940163323 0.0629101236599329 0.09450332059098265
0 0.8739645717325152 0.8076928934595398 0.07255760603924628 0.09432284884229496
0 0.35181460023243105 0.24647829471672494 0.03743429802252862 0.04414998933799978
0 0.8390107815036568 0.9050218794557218 0.05512842146187254 0.07392164642345449
0 0.22648182844090448 0.3951419667011348 0.05206836321495665 0.05388279750656224
0 0.9773498317950992 0.201370715467812 0.02322968639013112 0.06428067600254535
0 0.015625 0.02674431333545445 0.03125 0.0534886266709089
0 0.9032082194063971 0.4006707341263123 0.050808383171822416 0.056795440006363405
0 0.9327550636867435 0.8279241248010394 0.025470959039424913 0.07679658466939757
0 0.4292844003486467 0.36857201806172446 0.03398834488177229 0.03952378292090888