0 0.21842859049016145 0.7093595553787252 0.14344849718296784 0.15284435243276065
0 0.33096855390123603 0.6151742980585427 0.12872565538282635 0.13561587601447656
0 0.1227109047663191 0.7583414007001803 0.09092176608994462 0.09774770401018137
0 0.015242748592100442 0.7785528086807721 0.030485497184200884 0.1197874723454369
0 0.20441519364338348 0.5612578627068618 0.14757131805443677 0.1577658002665448
0 0.019465396095816014 0.6399533853437267 0.03893079219163203 0.15479059101487422
0 0.2051741310806679 0.8900192093809522 0.10075658718604644 0.11014329817790838
0 0.22542964545717048 0.41434650003977086 0.11067729287864533 0.11357269867918127
0 0.03796492201962352 0.45260792667886307 0.07592984403924705 0.13542390409670962
0 0.41614989227050014 0.7398390380728603 0.09533077948429494 0.1055965666772721
0 0.017035844927325856 0.8764908693507266 0.03407168985465171 0.11324784417766978
0 0.48473726281965346 0.670190156747269 0.10877638411720465 0.1120885372622892
0 0.08033335608902997 0.8447328866963624 0.06829033606288218 0.07272711317432937
0 0.34876893915072643 0.7116589467297698 0.08160055035158295 0.08847710984245402
0 0.07288840925897615 0.6090402873567717 0.11082038914008603 0.11503640609583457
0 0.16129402751999056 0.8331510440404072 0.09347937647056614 0.10382057284372692
0 0.3165476404734373 0.7981686113939972 0.08408062038590494 0.09289209509269263
0 0.3967819003572829 0.4719151940642698 0.1186417375250862 0.1323795153465106
0 0.4957882891172781 0.8887043467536323 0.10951469181895615 0.11658072476228938
0 0.4271775324201029 0.8918197087444055 0.05593906608367298 0.06459089500616458
0 0.32890095964970734 0.9039828067313607 0.10691934734412563 0.11976701834519829
0 0.4787366279776183 0.7781390167488599 0.09636362395912527 0.10239209176081765
0 0.5766747690257525 0.901386707431541 0.08142378573220448 0.09451816134229532
0 0.06349512977468118 0.7138186940244988 0.09602521519768474 0.10092611167747112
0 0.46741795703773387 0.5564907360757239 0.09694121720892782 0.11302298701065858
0 0.39422408689603583 0.8303822220719057 0.05095859733367307 0.06453294200548854
0 0.11764053160519232 0.4796255073599534 0.07419764878751503 0.08020353217496563
0 0.5797004891340023 0.8020134160964046 0.10185363233059448 0.10732944826145392
0 0.7703922431355833 0.8895514207908579 0.07895705537446425 0.0913704346753633
0 0.3144304981193164 0.5014839680537703 0.07482089482641338 0.08518172825827222