0 0.166607675 0.749991534375 0.172954709375 0.74776273125 0.1871117484375 0.7370278484375 0.1907085375 0.7226367421875 0.19387457187499998 0.6965496171875001 0.1954513546875 0.66269545 0.1937408125 0.6575325765625 0.183665725 0.6434596859374999 0.165497921875 0.631396096875 0.15312813281249998 0.6316840078125 0.1272676828125 0.639569678125 0.115737103125 0.6567467890625001 0.11122439843750001 0.669858540625 0.10866481875 0.682924834375 0.10817965468749999 0.6933415 0.11648978750000001 0.7243642015625 0.1265648734375 0.7384370921875 0.139751584375 0.7485355421875 0.1599670546875 0.750146096875 0.166607675 0.749991534375
0 0.1825660015625 0.6398434 0.1925197984375 0.65652045625 0.2032025890625 0.661734634375 0.230936959375 0.661089109375 0.23536725625 0.6581245140624999 0.2467765453125 0.6435515703125 0.25501044687499996 0.623849846875 0.2564659375 0.592599846875 0.2517619453125 0.5784019453125 0.24901419374999997 0.5745638843750001 0.2300893984375 0.5619976453125 0.2183706484375 0.5622704015625 0.20445619218750002 0.5677969515625 0.18914065468750002 0.5824608140625 0.1846279484375 0.5955725671875001 0.1815832046875 0.6190555265625 0.180855459375 0.6346805265625 0.1825660015625 0.6398434
0 0.22509509843750003 0.801177365625 0.24462634843750003 0.8007227703125 0.256708971875 0.7926375140624999 0.262016303125 0.78340928125 0.264207021875 0.7615070046875 0.265371415625 0.7365070046875 0.2627315796875 0.726163075 0.248871534375 0.7095769359374999 0.2355635328125 0.702082653125 0.2179854078125 0.7024917890625 0.212004740625 0.705232334375 0.19739120937500002 0.7215794015625 0.1953114734375 0.7662321796875 0.1980483421875 0.7744927781250001 0.21374022187500002 0.7936376234375 0.22509509843750003 0.801177365625
0 0.2645937375 0.7280707421875 0.2622767390625 0.7359287015625 0.2611851203125 0.7593662015625 0.26631674843750003 0.7748548234375 0.2801767953125 0.791440959375 0.2916226359375 0.7970275765625 0.31506014531250004 0.7964820625 0.3170435875 0.7957855640625 0.321071128125 0.7930904765625 0.328331584375 0.783816784375 0.3305272921875 0.7785629921874999 0.32880427968750003 0.7317789109375 0.3262991109375 0.72273251875 0.2958981484375 0.705230703125 0.27819873125 0.7082440046875 0.2710595671875 0.7149135296875 0.2645937375 0.7280707421875
0 0.362748953125 0.6595819578125 0.37000940937500004 0.650308265625 0.3778955671875 0.6328366187500001 0.3807774921875 0.5709605343749999 0.37620771875000003 0.5591169734375 0.371628134375 0.5527202046874999 0.363936925 0.5502978765625001 0.35026505 0.5506160921875 0.3381824265625 0.55870135 0.335070803125 0.5626757890625 0.3137201875 0.602192884375 0.31152448125 0.6074466765625 0.3123859859375 0.6308387171875001 0.329545828125 0.66035476875 0.3409007046875 0.6678945125 0.3487132046875 0.6677126734375001 0.3546938703125 0.664972128125 0.362748953125 0.6595819578125
0 0.3653735703125 0.700622096875 0.37080450625 0.704657840625 0.3870545015625 0.70427961875 0.3936332375 0.7012650171875 0.40919135781250005 0.681392821875 0.4153393375 0.6666822015625 0.416291471875 0.6462394921875 0.40990663437499997 0.6241466140624999 0.40532705 0.617749846875 0.39385088125 0.61281426875 0.38799150625 0.612950646875 0.38085234218749997 0.6196201734375 0.3595017265625 0.6591372671875 0.35774516093750003 0.6633403015625 0.3573570296875 0.6716736359375 0.3585313984375 0.6799706 0.3653735703125 0.700622096875
0 0.368652903125 0.80824139375 0.3786611109375 0.8028057640625 0.39421923125 0.7829335671875 0.39804227812500004 0.769967934375 0.3998313203125 0.7315564765625 0.3970089234375 0.723037734375 0.3905975046875 0.714082259375 0.3791213375 0.7091466828125 0.3732619625 0.7092830609375 0.3672812953125 0.7120236078125 0.3579464234375 0.723946925 0.3473317625 0.7424033875 0.3384276421875 0.7660227265625 0.335989353125 0.776484853125 0.3370934421875 0.7946685609374999 0.34533669375 0.8061827421875 0.3529066125 0.8112092375 0.3607191125 0.8110274000000001 0.368652903125 0.80824139375
0 0.42699690312499994 0.6761008734375 0.4201672 0.697070584375 0.42102870625 0.7204626249999999 0.4333663796875 0.748790240625 0.44344146718750005 0.7628631312499999 0.44486082812500005 0.7638056015625 0.4614623875 0.7634191953125 0.4670002578125 0.75971345 0.47853083593749995 0.742536340625 0.480969125 0.7320742140625 0.4802289109375 0.7060780078125 0.4754611546875 0.6827768859375001 0.4672179015625 0.671262703125 0.454031190625 0.661164253125 0.442312440625 0.6614370093749999 0.434257359375 0.66682718125 0.42699690312499994 0.6761008734375
0 0.5135343296875 0.7465991453124999 0.5163592109375 0.7429909609375 0.5170529390625 0.7280963593750001 0.513684725 0.6860339359375 0.5100303953124999 0.675706825 0.4915425265625 0.6681749046875 0.47728509375000006 0.694930128125 0.4749680953125 0.7027880875 0.47460422187500007 0.7106005875 0.4870631875 0.7363240359375001 0.49347460625000006 0.7452795125 0.4980860359375 0.7469587093750001 0.5135343296875 0.7465991453124999
0 0.4011628015625 0.5919634015625 0.40494776093749996 0.59447665 0.4150251734375 0.59593296875 0.423911890625 0.595726128125 0.43033838593749996 0.5938856765625 0.43967325781250005 0.5819623593750001 0.44857737656249996 0.5583430218750001 0.45058802968749995 0.5465901765625001 0.45090641875 0.5397542390625001 0.44844361718750003 0.51932598125 0.4433119875 0.5038373593750001 0.43690056874999994 0.4948818828125 0.4273775265625 0.4899008484375 0.4078462765625 0.49035544218749993 0.3959518234375 0.515345053125 0.393270953125 0.5310155125 0.38974104375 0.5649151390625 0.39841505 0.5881253421875 0.4011628015625 0.5919634015625
0 0.4324674671875 0.60053458125 0.434918225 0.6316936625 0.43833931093749995 0.642019409375 0.4447507296875 0.650974884375 0.45784986562499996 0.657368459375 0.4714891875 0.6570509999999999 0.47783256406249996 0.652806240625 0.4811867703125 0.64362346875 0.486427221875 0.614886715625 0.4852018421875 0.5993071750000001 0.47353750312500004 0.5774672453125 0.46230391718749997 0.5673233359375 0.45253829218749997 0.5675506328125001 0.4444832109375 0.5729408031250001 0.43929717031250004 0.5795648703125 0.4324674671875 0.60053458125
0 0.5056430578125 0.6515736421875 0.5116237234375001 0.648833096875 0.5208373046875 0.6395139453125 0.5217097500000001 0.6281127609375 0.5242828515625 0.572867225 0.5192899953125 0.5680130109375 0.5076925359375 0.5656816015625 0.49170366249999997 0.5738577765625 0.484321915625 0.5857356359375 0.4798092109375 0.5988473875 0.4787175921875 0.6222848875 0.480428134375 0.6274477625 0.48751288906249995 0.642890925 0.4958774328125 0.6518009390625 0.5056430578125 0.6515736421875
0 0.4793716 0.5642597046875 0.4860377296875 0.567746428125 0.4924830421875 0.5675964125 0.500855975 0.56375965 0.5081164312500001 0.554485959375 0.5125078453125 0.543978371875 0.515319146875 0.5307436375 0.5160885859375 0.51422345625 0.511027415625 0.491985959375 0.5047372875 0.4804263171875 0.49326111875 0.4754907390625 0.485327328125 0.47827674531250003 0.477272246875 0.483666915625 0.470011790625 0.4929406078125 0.46537779375 0.5086565265625 0.46404359375000004 0.537302359375 0.46575413593750004 0.5424652328125 0.4793716 0.5642597046875
0 0.5640085359375 0.6624414859375001 0.566054953125 0.6478263296875 0.5674255421875001 0.6183992468749999 0.5647238140625 0.605195278125 0.5507424765625 0.5912133078124999 0.5448831015625 0.5913496859375 0.5368280203125 0.5967398578124999 0.52737185625 0.6112673421875 0.523226765625 0.6290529578124999 0.5227901171875 0.6384279578125 0.523478075 0.65297946875 0.5268991609375 0.6633052171875 0.5303796468749999 0.668166759375 0.5491296546875 0.6677303484375 0.5608969125 0.666415925 0.5640085359375 0.6624414859375001
0 0.5712124328125 0.570604321875 0.57312558125 0.52952824375 0.5690420859375 0.513527475 0.5627519578125 0.5019678328125 0.5436343421875 0.49773038124999996 0.54031403125 0.49780766249999997 0.5355294984375 0.5000000984375 0.5263159171875 0.50931925 0.5113098421875 0.5382833 0.5110672593750001 0.5434916328125 0.517788140625 0.5667472953125 0.5277419359375 0.5834243515625 0.536558375 0.5931042515625 0.555275821875 0.5926685984375 0.5596652718749999 0.5891846859375 0.5712124328125 0.570604321875
0 0.5262978656249999 0.48980959375 0.5321572406249999 0.489673215625 0.53618478125 0.4869781296875 0.541370821875 0.48035406406250003 0.5427717515625 0.47750333281249996 0.544635590625 0.43748597343749995 0.5389744750000001 0.427082296875 0.5333576828125 0.422010340625 0.5274983078125 0.42214671875 0.5234707656250001 0.4248418046875 0.5120614781249999 0.43941474999999997 0.5077913546875 0.44731816875 0.5054743578124999 0.455176128125 0.5048679015624999 0.46819696093749996 0.5131111546875 0.47971114375 0.5262978656249999 0.48980959375
0 0.5885316484375 0.4961651171875 0.5925591906250001 0.49347003125000005 0.6018940625 0.48154671406249994 0.60408976875 0.476292921875 0.60547996875 0.47157814531250003 0.6067413953125 0.4444948109375 0.60578784375 0.43983458750000004 0.5940022140625 0.4205988234375 0.5861897140625 0.4207806609375 0.5802090468750001 0.42352120781249997 0.5708741749999999 0.435444525 0.5695567515625 0.4385968 0.56790719375 0.474013465625 0.5706440625 0.48227406562499997 0.5826722734375 0.49630149531249995 0.5885316484375 0.4961651171875
0 0.6562176890625 0.48808634843750004 0.657551890625 0.459440515625 0.6562052203125 0.446465140625 0.6442983 0.42983354374999994 0.6348965468750001 0.4222483421875 0.6231777968750001 0.42252109843749996 0.61915025625 0.425216184375 0.6078622593749999 0.43718496250000005 0.6033495546875 0.45029671406249994 0.6072682734375 0.4918270015625 0.619053903125 0.511062765625 0.6246706953125 0.5161347203125 0.6363894453125 0.5158619625 0.646397653125 0.5104263328124999 0.6495092765625 0.50645189375 0.6562176890625 0.48808634843750004
0 0.572008896875 0.56607059375 0.5800095671875 0.5827931093750001 0.5905450703125 0.5887260859375 0.6011709984375 0.5884787640625 0.6103436515625 0.5807864031250001 0.6172821765625 0.5155913187500001 0.6155716328125 0.51042844375 0.6072070890625 0.5015184296874999 0.5896289640625 0.5019275640624999 0.5856014234375 0.5046226500000001 0.5740708437500001 0.5217997609375 0.5716325546875 0.5322618875 0.5704196453125 0.558303553125 0.572008896875 0.56607059375
0 0.5584115234375 0.7030226515625 0.5648229421875001 0.7119781265625 0.5834717125 0.7199984359375 0.603247109375 0.719538159375 0.6095022359375 0.7161408921875 0.6188371078125 0.704217575 0.6234711046875 0.6885016546875 0.62419885 0.6728766546875 0.6158762484375 0.6002327453125 0.613128496875 0.596394684375 0.6036054546875 0.5914136484375 0.5881017453124999 0.5891731578125 0.5722341640625 0.5947451671875 0.5630205828125 0.60406431875 0.55582700625 0.6328465296875 0.553765059375 0.6771173625 0.55670098125 0.697859778125 0.5584115234375 0.7030226515625
0 0.6442505749999999 0.678002834375 0.646685215625 0.62573010625 0.6396936531249999 0.6250414875 0.6372717875 0.62509785625 0.6304181875 0.6315006015625 0.6260267734375 0.6420081875 0.623588484375 0.6524703140625 0.6226181562499999 0.673303646875 0.6240861171875001 0.6836748546875 0.628665703125 0.6900716203124999 0.632072165625 0.69233354375 0.6346112328125 0.6922744468750001 0.64325349375 0.691032759375 0.6442505749999999 0.678002834375
0 0.6648659625 0.6291380140625 0.67212641875 0.619864321875 0.673705865625 0.615275209375 0.6755737468749999 0.5751710421875 0.6746735296875 0.565176821875 0.6683834015625 0.5536171796875 0.6587390671875 0.5512403109374999 0.6508052765625 0.554026315625 0.6457405281249999 0.5580462140625 0.6384256609375 0.5894325921875 0.6380617875000001 0.5972450921875 0.64282954375 0.6205462140625 0.6492409625 0.6295016890625 0.6648659625 0.6291380140625
0 0.651811453125 0.540801078125 0.661044840625 0.55118664375 0.6704089875 0.550968690625 0.67683820625 0.5480226046875 0.6837892 0.5244487265625 0.6867126531250001 0.5035699328125001 0.6784025203125 0.47254723125 0.6737016437500001 0.46875462968750004 0.659908478125 0.4716770140625 0.6505736062499999 0.48360033125 0.6482566078125 0.49145829062499996 0.6472862796875 0.5122916234375 0.651811453125 0.540801078125
0 0.71937050625 0.5061265265625 0.7192358390625 0.5048289890625 0.715814753125 0.4945032421875 0.7094033343749999 0.4855477671875 0.695159615625 0.47859553125 0.6932064921875 0.47864099062500004 0.687124334375 0.4821643015625 0.676522140625 0.542241971875 0.6760369765625 0.5526586390625 0.684037646875 0.5693811546875 0.6890927609374999 0.5739459140625 0.6999465546875 0.5736932890625 0.708633646875 0.5649066609375 0.7150994765625 0.55174945 0.7177148843750001 0.5416734015625 0.71937050625 0.5061265265625
0 0.704285221875 0.6781663171875 0.7114243874999999 0.6714967921875 0.71169885 0.6708400671875 0.71413983125 0.6184312140625 0.7139714984375 0.6168092921875 0.7052974921875 0.5935990890625 0.6949798234375 0.584734534375 0.6849716156250001 0.5901701640625 0.6818599921875 0.594144603125 0.6795429937499999 0.6020025625 0.6780875015625 0.6332525625 0.6795554625 0.6436237703125001 0.690855928125 0.6732762015625 0.704285221875 0.6781663171875
0 0.751921521875 0.610463175 0.75563736875 0.5987519328124999 0.7578092359374999 0.5521210734374999 0.7539165890625 0.5466838203125 0.7487523125 0.5444628109375 0.741916378125 0.54462191875 0.7382915890625 0.547047496875 0.7310311328125 0.5563211890625 0.7222483046875 0.577336359375 0.71993130625 0.5851943187499999 0.7190822703124999 0.6034234859375001 0.7240926078125 0.6215162734375 0.7284890093749999 0.6276571703125 0.7405983843749999 0.627375321875 0.7497258140625 0.6157169671875 0.751921521875 0.610463175
0 0.7303624171875 0.483759265625 0.7291495078125 0.5098009328125 0.7339172640625 0.5331020546875 0.7421605171875 0.5446162375 0.7619343484375001 0.538953309375 0.7690735140625 0.532283784375 0.7711354609375001 0.48801295156249996 0.7694249171875 0.4828500765625 0.7520224953125 0.45854235781249997 0.7400611625 0.4640234484375 0.732679415625 0.47590130625000004 0.7303624171875 0.483759265625
0 0.7533738125 0.44628459062500003 0.7549020796875 0.41347209218750003 0.7537277109375 0.40517512499999997 0.748474790625 0.3922906703125 0.74389520625 0.385893903125 0.7393047390625 0.383919671875 0.7299297390625 0.384137878125 0.72100975 0.3955312703125 0.7166183359375 0.4060388546875 0.712229415625 0.424870684375 0.7099248859375 0.47434985 0.7123062703125 0.4776761703125 0.7168967375 0.4796504 0.7306988203125 0.479329153125 0.7437988515625 0.4717404828125 0.7489848921875 0.46511641875 0.7533738125 0.44628459062500003
0 0.671033440625 0.4757753296875 0.6887328562499999 0.472762028125 0.6918444796875 0.46878758906250007 0.6983103109375 0.45563037656249994 0.699765803125 0.42438037656249994 0.69817655 0.41661333593750005 0.6935969656250001 0.41021656875 0.6763827140625 0.40281320468750004 0.6724764640625 0.4029041234375 0.662899009375 0.420035771875 0.6603394296875 0.433102065625 0.6592478109375 0.456539565625 0.660715771875 0.466910771875 0.6633422312499999 0.4733530015625 0.671033440625 0.4757753296875
0 0.678842059375 0.370954534375 0.6820205625 0.386488615625 0.68884414375 0.3960197984375 0.7055433625 0.3956311203125 0.711196146875 0.388410890625 0.7155875609375 0.377903303125 0.718147140625 0.3648370109375 0.7176495078125 0.3336324703125 0.71606025625 0.3258654296875 0.706106459375 0.3091883734375 0.6962195437500001 0.3120198375 0.68481025625 0.32659278281250004 0.6802975515624999 0.339704534375 0.678842059375 0.370954534375
0 0.7529880343750001 0.3707895734375 0.7587125140625 0.3787855328125 0.79517085 0.37793695625 0.7955929109375 0.3776019640625 0.8027864875 0.3488197546875 0.80362305625 0.2889693796875 0.7950159296875 0.2852676984375 0.7832971796875 0.2855404546875 0.77121455625 0.2936257109375 0.75980526875 0.3081986546875 0.7524904015625 0.33958503281249997 0.7512774906249999 0.3656267015625 0.7529880343750001 0.3707895734375
0 0.7993884125 0.3338110515625 0.8008563734375 0.3441822578125 0.80415616875 0.3571121734375 0.8060506546875 0.3589540515625 0.8217509890624999 0.35858862187499996 0.825883125 0.35140378437500003 0.82844270625 0.33833749218750003 0.82476656875 0.2915988703125 0.8200656921875 0.28780626875 0.8161594421875 0.2878971875 0.8101787765624999 0.2906377328125 0.807067153125 0.2946121734375 0.8025544484375 0.307723925 0.7999948671875 0.3207902171875 0.7993884125 0.3338110515625
0 0.7759524125 0.5940356515625 0.7732046609375 0.590197590625 0.767466578125 0.5877298046874999 0.761607203125 0.5878661828125 0.7482447890625 0.602484584375 0.7459277906249999 0.6103425437500001 0.74666800625 0.6363387515625 0.7481359671875001 0.6467099593750001 0.7546686765625 0.6530612671875 0.7641917203124999 0.6580423046874999 0.7693777609375 0.6514182390625 0.7825520015625 0.61989548125 0.7810840406249999 0.6095242734374999 0.7759524125 0.5940356515625
0 0.8048286796875 0.63589551875 0.8071456781249999 0.6280375593749999 0.8074137640625001 0.6264705140625 0.8091239671875 0.5897517640625 0.8089650421875 0.5889750593749999 0.8072545 0.5838121843749999 0.80084308125 0.574856709375 0.7788735421874999 0.58577343125 0.7757619171875 0.5897478703125001 0.7756406265625 0.5923520359375 0.7809060156250001 0.6468576984375 0.784510021875 0.649765359375 0.795974271875 0.6494985265625 0.8048286796875 0.63589551875
0 0.8221676234374999 0.6112994546875 0.820578371875 0.6035324140625 0.8140456609375001 0.59718110625 0.811055328125 0.598551378125 0.797153340625 0.645699134375 0.7969107578125 0.65090746875 0.798947803125 0.6525509296875 0.8092342625000001 0.652311509375 0.81680588125 0.6426403734374999 0.8214398765625001 0.6269244546875 0.8221676234374999 0.6112994546875
0 0.8378220671875001 0.5767924578125 0.8340371093750001 0.574279209375 0.8262246093750001 0.574461046875 0.82103856875 0.5810851125000001 0.8190979125 0.622751778125 0.8353554390625 0.6454603078125001 0.843212328125 0.6452774359375 0.8475046515625 0.6369925890625 0.8494263796875 0.5957322859375 0.8378220671875001 0.5767924578125
0 0.8316528625 0.5919588078125 0.8368389015625001 0.5853347421875 0.8410107453125001 0.575352534375 0.8416778468749999 0.56102961875 0.84024751875 0.5540392828125 0.8321255578125 0.5399209328125 0.82077068125 0.532381190625 0.81491130625 0.53251756875 0.8117996812499999 0.5364920078125001 0.8097143828125001 0.5435641718750001 0.80856211875 0.5683037546875 0.8118121500000001 0.578113215625 0.8218872375 0.59218610625 0.8316528625 0.5919588078125
0 0.811400328125 0.5073662546875 0.80682074375 0.5009694875 0.79510199375 0.5012422437499999 0.7858884125000001 0.5105613953125 0.777544725 0.53052580625 0.7759679421875 0.5643799734375 0.77723934375 0.57059360625 0.7836507625 0.5795490828125 0.7934163875 0.579321784375 0.8090957984375 0.5568454218750001 0.8108523640625 0.5526423890625 0.8123806312499999 0.5198298875 0.811400328125 0.5073662546875
0 0.8166834671875 0.4445509078125 0.8144699265625001 0.44460242968749997 0.8112478937500001 0.44675849687499997 0.80813626875 0.4507329359375 0.8036235640625 0.4638446890625 0.8024106546875001 0.48988635468749997 0.8041211968749999 0.4950492296875 0.808334415625 0.50093425625 0.813021915625 0.500825153125 0.8232384140625 0.48777574531249995 0.82511566875 0.447470346875 0.8166834671875 0.4445509078125
0 0.8038771703125001 0.4343135359375 0.8053811796874999 0.40202186875 0.8051118453124999 0.39942679375 0.7969898828125 0.3853084453125 0.7875881312499999 0.3777232421875 0.7781319671875 0.39225072656250004 0.7748446421875 0.42094201875000004 0.7780231453125 0.4364761 0.784342975 0.44530364218749996 0.79775443125 0.4449914875 0.8034137703124999 0.4358851265625 0.8038771703125001 0.4343135359375
0 0.8316222578125 0.40830466249999997 0.83347585625 0.40201829531250005 0.8344704421875001 0.3806641296875 0.833199040625 0.374450496875 0.8250770781250001 0.3603321484375 0.8211708281250001 0.3604230671875 0.8119572484375001 0.3697422171875 0.8077866515625001 0.38388654375 0.8067920656249999 0.4052407109375 0.80965271875 0.419221384375 0.814232303125 0.42561815156250005 0.822044803125 0.42543631406250004 0.8316222578125 0.40830466249999997
0 0.846377271875 0.4610286453125 0.853090025 0.45423897812499997 0.8597984375 0.4358734328125 0.860066525 0.43430638593750004 0.8614856296875001 0.40383763593750005 0.8613752203124999 0.402019265625 0.85978596875 0.394252225 0.853253259375 0.38790091718749997 0.841534509375 0.3881736734375 0.836469759375 0.3921935734375 0.8341527624999999 0.4000515328125 0.8263527312500001 0.4418545765625 0.8324002765625 0.458622553125 0.8363744828125 0.4612614625 0.846377271875 0.4610286453125
0 0.8583739015624999 0.3701142734375 0.858547753125 0.36638163437500004 0.8563420703125001 0.33833846093750003 0.8517624859374999 0.33194169375000004 0.8438286937499999 0.3347276984375 0.8386426546875001 0.3413517640625 0.83437253125 0.3492551828125 0.8324218999999999 0.3576248828125 0.8317831 0.3713401625 0.8363699453125 0.3879036796875 0.846449465625 0.387669075 0.8583739015624999 0.3701142734375
0 0.8591969984375 0.3943309671875 0.8642073375000001 0.41242375625000005 0.86714705625 0.41528184531249995 0.87945174375 0.41499545 0.8817854625000001 0.41201462031249997 0.884102459375 0.40415666093749997 0.886662040625 0.39109036875 0.8873897859375001 0.37546536875 0.8842112828124999 0.3599312875 0.8780424453125001 0.345767478125 0.8702299453125001 0.3459493171875 0.8662024046875001 0.348644403125 0.8608950734375 0.357872634375 0.8591969984375 0.3943309671875
0 0.9195186078124999 0.364247153125 0.9139315140625 0.356443096875 0.9112839453125 0.35650472031249997 0.904230275 0.3678546734375 0.8997175703125 0.380966425 0.897400571875 0.388824384375 0.8967941171874999 0.40184521718750005 0.9028046843749999 0.41289109843749994 0.9097491281250001 0.4127294640625 0.9129711609375001 0.410573396875 0.9160827843750001 0.40659895781250005 0.9178205328125 0.40070548749999996 0.9195186078124999 0.364247153125
0 0.8626806859375 0.42006821875 0.8599839453125 0.42351273437500003 0.8554712406249999 0.4366244859375 0.856575328125 0.45480819375000003 0.86251984375 0.468456953125 0.8709715484375 0.4682602375 0.8757427046874999 0.46216609843749995 0.876349159375 0.4491452640625 0.8718239859375 0.42063580937499995 0.866586934375 0.41997730000000005 0.8626806859375 0.42006821875
0 0.8710614390625 0.4830858046875 0.8693508968750001 0.47792293125 0.8647713109374999 0.4715261625 0.8589119359374999 0.471662540625 0.8548843953124999 0.4743576265625 0.845306940625 0.491489278125 0.8438514484375 0.522739278125 0.8455619921875 0.52790215 0.8520947015625 0.534253459375 0.8579540765625 0.53411708125 0.8631401171875 0.527493015625 0.8698485296875 0.5091274718750001 0.8721655265624999 0.5012695125 0.8710614390625 0.4830858046875
0 0.8819532562499999 0.5340787640625 0.882078590625 0.531387790625 0.8775870078124999 0.5063460125 0.8748392562499999 0.5025079515625 0.8584865109375001 0.5184966265625001 0.850983471875 0.532978653125 0.8488981750000001 0.540050815625 0.8470302921874999 0.5801549828125 0.853258528125 0.5888545859375001 0.857164778125 0.5887636671875 0.8794313109375 0.5505259265625 0.8819532562499999 0.5340787640625
0 0.88097765625 0.578064175 0.87902453125 0.578109634375 0.8655408281250001 0.5953322062499999 0.8632238296875 0.6031901656249999 0.86005604375 0.6308381390625 0.8685787703125 0.6306397703125 0.8739722515624999 0.623750740625 0.8799270578125 0.6110931749999999 0.881435615625 0.5787038531250001 0.88097765625 0.578064175
0 0.9188902156250001 0.589278 0.9232816296875 0.578770415625 0.9256556187499999 0.567594415625 0.9275689843749999 0.5265136859374999 0.924912825 0.5228035609374999 0.91905345 0.5229399390625 0.915941825 0.5269143781250001 0.909112121875 0.547884090625 0.9065525421875 0.5609503828125 0.9075353390625001 0.58173825625 0.910835134375 0.594668171875 0.912269653125 0.59528511875 0.9142227796875 0.595239659375 0.9188902156250001 0.589278
0 0.9196321609375 0.52936479375 0.9208450703125 0.5033231265625 0.919134528125 0.498160253125 0.912723109375 0.48920477812499996 0.906985025 0.48673698906249996 0.902957484375 0.489432075 0.8955757359375 0.501309934375 0.8883821609375 0.5300921453125 0.8874269937499999 0.5505999593750001 0.890844959375 0.5505204046875 0.9165205359374999 0.5333392328125 0.9196321609375 0.52936479375
0 0.8996439359374999 0.501930615625 0.906619390625 0.5017682609375 0.915174859375 0.49311476406250004 0.9238363953125001 0.474703759375 0.9256651124999999 0.4668571640625 0.9266960859375001 0.444721746875 0.9257770515624999 0.4330370921875 0.9241878 0.42527005156250003 0.91777638125 0.4163145765625 0.913991421875 0.41380132812500003 0.9039832156250001 0.41923696093749996 0.900871590625 0.4232114 0.8985545921875 0.431069359375 0.8888014375 0.4729178625 0.8933266109375 0.50142731875 0.8996439359374999 0.501930615625
0 0.8979880109374999 0.424384084375 0.8922576921875001 0.40708845781249997 0.8875568156250001 0.40329585625000003 0.8797443156250001 0.4034776953125 0.8746795671875001 0.40749759374999994 0.872496328125 0.45437259374999994 0.879306040625 0.46650544375 0.8919915875 0.46621018437500006 0.8955699562499999 0.46163957968749997 0.896338453125 0.45980075156250005 0.8979880109374999 0.424384084375