0 0.32047939062499997 0.9378452890625001 0.34196376562499997 0.937345234375 0.34957811875 0.9345484687500001 0.3550624234375 0.926234759375 0.35147290781249996 0.8788643390624999 0.34247316250000004 0.866605809375 0.3383687640625 0.8640817999999999 0.3207906390625 0.8644909359374999 0.311421309375 0.8699480875000001 0.303523909375 0.88191983125 0.300608396875 0.8950853890625 0.301995428125 0.9133898828125 0.30669426718750004 0.923758675 0.31422372187500003 0.9327518124999999 0.32047939062499997 0.9378452890625001
0 0.41220665 0.9761029671875001 0.4158262796875 0.963837859375 0.4129457125 0.9258233468749999 0.407252965625 0.9107297750000001 0.35148982812499996 0.91071790625 0.34905550937499996 0.9173234156250001 0.3498764484375 0.9539778625 0.3530184578125 0.96962196875 0.365048603125 0.9863689718750001 0.37325739687500004 0.9914169906250001 0.39278864687500004 0.9909623953125 0.40781920468750005 0.982753934375 0.41220665 0.9761029671875001
0 0.46962223906249995 0.9507994328124999 0.4689174125 0.9492441156250001 0.45360753593750003 0.9379871640624999 0.45286968906249997 0.9380043390624999 0.43814860624999996 0.94341141875 0.43200618593750006 0.9527227734375 0.428892525 0.9632734031249999 0.4294869671875 0.9711181859375 0.43183638750000003 0.9763025828125 0.44508310156249997 0.9898390140625001 0.46204306562499997 0.989444265625 0.4649546125 0.987319675 0.471456203125 0.9750020421875 0.46962223906249995 0.9507994328124999
0 0.4379849546875 0.894129075 0.439930640625 0.8894668515624999 0.43816960624999995 0.86622668125 0.4377584578125 0.8653194109375001 0.422020209375 0.8512782578125 0.4140095625 0.848845165625 0.408348334375 0.8515964734375 0.3967428328125 0.8662740609374999 0.39518600312499996 0.8715493750000001 0.398526159375 0.8898084109375001 0.40957997968750004 0.903011034375 0.4311152609375 0.9025097953125 0.4379849546875 0.894129075
0 0.3282669109375 0.8501891953125 0.34225018125 0.8668907406249999 0.353836428125 0.873003365625 0.376983165625 0.8724646187499999 0.38932332812500003 0.8684146390624999 0.3956638984375 0.8617182124999999 0.40321570781249993 0.8387306171875 0.40082968281250003 0.8072425296875 0.3989190078125 0.8013930374999999 0.39226704375 0.79106970625 0.3784819203125 0.7769830890625 0.35815808125 0.7669779734375 0.34643933125 0.7672507296875 0.340778103125 0.7700020390625 0.3293707484375 0.787294553125 0.32158659843750004 0.8136711265625 0.3210205046875 0.8320210796874999 0.3282669109375 0.8501891953125
0 0.54530269375 0.9786901703125 0.532903675 0.9351276687500001 0.525374221875 0.9261345296875 0.5130610296875 0.918562503125 0.4808486421875 0.9324099531250001 0.473545684375 0.9522264781249999 0.47416847500000003 0.9862659984375 0.47654682656249997 0.9891066875 0.5441857156250001 0.987532375 0.5456679453125 0.9835103546875 0.54530269375 0.9786901703125
0 0.47239940156250004 0.9267708578124999 0.47845692343749996 0.9292494078125 0.49408192343749996 0.9288857328125 0.49974315156250004 0.9261344250000001 0.5148586078124999 0.9061360625000001 0.518517159375 0.8937390734375 0.5165555000000001 0.8678512890625001 0.5155945 0.8642063015625 0.5035643546874999 0.8474592984375 0.48714676562500003 0.8373632640625001 0.46566239062500003 0.8378633171875001 0.4582461859375 0.8432750109375 0.44859380781249997 0.857907140625 0.44548014843750006 0.8684577703125 0.44746162187499994 0.8946070468749999 0.4521604609375 0.9049758390625 0.47239940156250004 0.9267708578124999
0 0.404025003125 0.817780528125 0.40960133125000003 0.8268191265624999 0.4251795828125 0.8353419515624999 0.43735195156250006 0.8350586375000001 0.4433988984375 0.833891096875 0.4532494234375 0.8218738953125 0.4572582609375 0.8082899593749999 0.456584559375 0.79939920625 0.4547779046875 0.7904038453125 0.45007906562500005 0.780035053125 0.44254961093749995 0.7710419140625 0.43023642031250003 0.7634698890625 0.41656454531250003 0.7637881046875 0.41090331718749995 0.766539409375 0.40125094062500005 0.781171540625 0.39989225781250004 0.7890617828125001 0.4012792890625 0.8073662765625 0.404025003125 0.817780528125
0 0.5462353703125 0.9780882828124999 0.5544957140625 0.9841618953125 0.5725219312500001 0.9837423296875001 0.5850997234374999 0.9745641656249999 0.5892890203125 0.9652982703124999 0.5906477031249999 0.9574080265625 0.5892606703125 0.9391035328124999 0.5867131031249999 0.9313042109375 0.57683423125 0.9171266749999999 0.5666723109375 0.9121241171875001 0.5530004359375 0.9124423343749999 0.5473392078125 0.915193640625 0.5411967859375 0.9245049953125 0.5349694656249999 0.9456062562499999 0.5355639078125 0.9534510390625 0.5406590421875 0.9690496843749999 0.5462353703125 0.9780882828124999
0 0.5614152484375 0.8814782046875 0.5593858890625001 0.8546969875 0.5568423328125001 0.8475961156249999 0.5495110265625 0.8412179046875 0.5377922765625 0.8414906609375 0.534084175 0.8441965078125 0.526384921875 0.8587831781249999 0.52757380625 0.87447274375 0.5308007156250001 0.8783269468749999 0.544043065625 0.887359325 0.5577460453125 0.8870403859374999 0.5614152484375 0.8814782046875
0 0.4906381625 0.755626746875 0.48293891093749997 0.770213415625 0.481580228125 0.7781036578125 0.48591112187499996 0.8094373312500001 0.49590324218750004 0.8380196984375001 0.5098865124999999 0.8547212406250001 0.5137051171875 0.855195078125 0.5305743328125 0.8548024421875 0.5424951953125 0.8461036468750001 0.5572143578125 0.8208754296875 0.5618848484375001 0.8050494828125 0.5585446921874999 0.7867904484375 0.548948865625 0.7634379390625 0.5414194125 0.7544448 0.5269549484375 0.7443033046875 0.5208974265624999 0.74182475625 0.5111318015624999 0.742052053125 0.4906381625 0.755626746875
0 0.434084815625 0.7406679390625001 0.43946299531250005 0.747091609375 0.466240653125 0.7648051296875 0.4699992421875 0.765427509375 0.48566164062499995 0.7650629624999999 0.487725028125 0.7643050765625 0.4986511875 0.753572609375 0.510989309375 0.732425428125 0.50677139375 0.676762075 0.498254746875 0.6579686390624999 0.4844696234375 0.6438820234375 0.46434393125 0.6364918375 0.44285955625 0.6369918921875 0.43719832812500004 0.6397431953125 0.427942246875 0.6596051796875 0.425423028125 0.67800059375 0.42664026093749996 0.719884896875 0.42938597500000003 0.73029915 0.434084815625 0.7406679390625001
0 0.39966095 0.7298494015625 0.3979470046875 0.7253051 0.38396373437500003 0.70860355625 0.378833534375 0.7065044390625 0.36561980156249996 0.7068119921875 0.3550631546875 0.7145153046875 0.34776019687500004 0.7343318296875 0.34894908125 0.7500213953125 0.35579919375 0.76295965625 0.3590261015625 0.766813859375 0.37256442343749996 0.773956353125 0.385728328125 0.7736499593749999 0.3943804984375 0.7686105125 0.40160009218750004 0.7554400328125 0.39966095 0.7298494015625
0 0.31403539999999996 0.7659270953124999 0.331553553125 0.76551935625 0.33230624531249997 0.7653555 0.3384486671875 0.7560441453125 0.3414066453125 0.7460210468749999 0.3412283125 0.7436676109375 0.338222171875 0.72723448125 0.3283432984375 0.713056946875 0.3146714234375 0.7133751625 0.3090101953125 0.71612646875 0.301112796875 0.7280982109374999 0.29988998125 0.7351994296875 0.3011779390625 0.7521964609375 0.3032924171875 0.756862415625 0.3086705984375 0.7632860859374999 0.31403539999999996 0.7659270953124999
0 0.2172916015625 0.7192961171875 0.221790890625 0.7347776578125 0.242227978125 0.7591876046875 0.2496036046875 0.7611657390625 0.2702756171875 0.76068459375 0.2852816265625 0.74639759375 0.2919052421875 0.7305261875 0.2921628046875 0.7158507734375 0.29144947499999996 0.7064370328125 0.289527475 0.69914705625 0.284828634375 0.6887782625 0.27494976250000003 0.6746007281249999 0.2563809 0.6619352265625 0.25247465 0.6620261453125 0.23919907031249998 0.6675742171875 0.2280747625 0.67569175625 0.2182242375 0.6877089609375 0.21574605156249999 0.69889968125 0.2172916015625 0.7192961171875
0 0.31070467968750004 0.65328033125 0.2973442 0.6706183078125 0.2957873703125 0.6758936234374999 0.29677810781249997 0.6889682609375 0.301476946875 0.699337053125 0.3090064 0.708330190625 0.31940140625 0.7125835046875 0.3238381375 0.7124802390625 0.330688921875 0.710445065625 0.338105128125 0.705033371875 0.34424755 0.6957220171875 0.347361209375 0.6851713875 0.346172325 0.6694818203125 0.34382290625 0.664297425 0.33414217968750004 0.6527348171875 0.32808465781249996 0.65025626875 0.31636590781249996 0.650529025 0.31070467968750004 0.65328033125
0 0.311283678125 0.646074440625 0.3128405078125 0.640799125 0.3129360390625 0.6388322468750001 0.31102887031250004 0.6136635671875 0.3106608875 0.6120349203125001 0.29647946875 0.59271845 0.292375071875 0.5901944421875001 0.2774298359375 0.5883399421875 0.27338614375 0.588434059375 0.266984446875 0.590785415625 0.2536239671875 0.608123390625 0.252265284375 0.6160136328125 0.253652315625 0.6343181265625 0.25835115625 0.64468691875 0.2723344265625 0.6613884624999999 0.2774272328125 0.6634722796875 0.2949185515625 0.6630651640624999 0.2996781765625 0.6607520296875 0.311283678125 0.646074440625
0 0.378987178125 0.642928515625 0.3778379234375 0.6277619343749999 0.3759583875 0.6236144203125 0.36432453593749997 0.612097271875 0.34674641093749997 0.6125064078125 0.3404058421875 0.6192028359374999 0.3358617796875 0.6315331171875 0.33716515 0.6487335296875 0.3452445375 0.6603285578125 0.37137169375 0.6597204421875 0.3761848828125 0.6524240828125001 0.378987178125 0.642928515625
0 0.389938921875 0.6932121312499999 0.398361496875 0.6966583859375 0.4078859921875 0.6964367015625 0.41162144375 0.6953270046875 0.41903765000000004 0.6899153124999999 0.42264044375000004 0.6819466421875 0.42022502812500007 0.650070671875 0.4186979046875 0.6467008140625 0.40706405468750007 0.63518366875 0.40100653125 0.6327051203125 0.38928778125 0.6329778765625 0.3818715765625 0.6383895671875 0.3757291546875 0.6477009234375 0.37417232500000003 0.6529762390625 0.3759556515625 0.6765105890625 0.3783050703125 0.6816949859375 0.389938921875 0.6932121312499999
0 0.43200597187499995 0.6410913500000001 0.44856503437499995 0.640705934375 0.45630728906250007 0.6369432671874999 0.46089287968750003 0.6329072265625 0.46595966562499996 0.6223111390625 0.4664352046875 0.6195495531249999 0.46420604687499994 0.5901316171875 0.4610343296875 0.5831326812500001 0.45350487656249994 0.57413954375 0.439238559375 0.566612978125 0.42771795625 0.5695006609375 0.41942426250000003 0.5762425484375 0.4094888390625 0.6000496546874999 0.4108758703125 0.6183541484374999 0.41322529062499996 0.6235385453125 0.42505728906250007 0.63767061875 0.43200597187499995 0.6410913500000001
0 0.3608145875 0.5890154453124999 0.37543745 0.5970155796875 0.3978362953125 0.596494240625 0.40593460937500003 0.59058480625 0.41558698749999995 0.5759526765625 0.41697255625 0.5658351984375 0.413950809375 0.52595755 0.408878325 0.5132398703125001 0.40134887187499996 0.5042467312500001 0.38903567968749997 0.49667470468749997 0.37125940625 0.4944689125 0.35622884843749997 0.5026773734375001 0.346378325 0.5146945734374999 0.341707834375 0.5305205171875 0.34428375 0.5645145796875 0.3489825890625 0.57488336875 0.3608145875 0.5890154453124999
0 0.3132736703125 0.576154328125 0.313891865625 0.5765344890625 0.3327958140625 0.57609449375 0.3431634453125 0.5626403546875001 0.340982503125 0.5338587171875 0.3402776765625 0.5323034 0.326492553125 0.5182167843750001 0.32238815625 0.515692775 0.31457565625 0.5158746140625 0.308914428125 0.5186259203125 0.3010170296875 0.5305976609374999 0.2994602 0.535872978125 0.30084723125 0.554177471875 0.3057442171875 0.5671611890625 0.3132736703125 0.576154328125
0 0.2279850203125 0.58413528125 0.24054877187499998 0.5907636140625 0.2645087171875 0.590205940625 0.26939694062499997 0.5884104859375 0.2842293515625 0.5775870984375 0.2903717734375 0.56827574375 0.29410816562500003 0.5556149875 0.29159169375 0.52240540625 0.288163803125 0.513316803125 0.26557544375000003 0.4863373875 0.2573666484375 0.48128937031249996 0.24564789843749998 0.48156212812500004 0.23041919375000003 0.48715565781250003 0.216860565625 0.5018787078125 0.2086801203125 0.5230254249999999 0.208906615625 0.5518350890625 0.21400175 0.5674337375 0.2279850203125 0.58413528125
0 0.3423085421875 0.491349271875 0.3529566921875 0.49110143281249996 0.3590269921875 0.4866718625 0.36497126562500004 0.474745578125 0.36585440937499997 0.46961692031249996 0.3653689484375 0.46321034843750003 0.363584234375 0.45644108437500003 0.361234815625 0.4512566890625 0.3517522359375 0.442309009375 0.3378822140625 0.44001229999999997 0.3262767125 0.4546898875 0.3247198828125 0.459965203125 0.32571061874999996 0.473039840625 0.32806003906250003 0.4782242375 0.3355894921875 0.48721737656249997 0.3423085421875 0.491349271875
0 0.181666428125 0.429253725 0.184213996875 0.4370530515625 0.1889128359375 0.44742184218750003 0.1983954140625 0.45636952343750004 0.21114703750000002 0.4630969734375 0.2254371578125 0.4627643671875 0.24096786875 0.4501395578125 0.248667121875 0.4355528890625 0.2486968359375 0.431426421875 0.2465717046875 0.40338132031249996 0.24609120468749998 0.4015588265625 0.23708982031249998 0.38605109843749996 0.2276072421875 0.37710341875000003 0.2215497203125 0.3746248703125 0.2059247203125 0.37498854531250003 0.2002634921875 0.3777398515625 0.189139184375 0.38585739218750004 0.184751740625 0.392508359375 0.18008125 0.4083343078125 0.181666428125 0.429253725
0 0.1588248859375 0.348582878125 0.1710531796875 0.367944809375 0.187272621875 0.37542591718749996 0.21422007656250003 0.369559628125 0.22534438437499998 0.3614420859375 0.23479861406250002 0.34419503125 0.2379665234375 0.33113274531250003 0.2358281828125 0.3029133171875 0.23318508593749998 0.2970808734375 0.21509741875000002 0.27785531875 0.20102924843749997 0.27294368125 0.1795448734375 0.27344373593750004 0.1719305203125 0.2762405 0.15857004218749998 0.29357847656249997 0.1570132109375 0.29885379375 0.15449399375 0.31724920624999997 0.15627731875 0.34078355625 0.1588248859375 0.348582878125
0 0.2891977859375 0.349445384375 0.29362910468750003 0.3427279078125 0.29126124375 0.311479521875 0.28798055312500004 0.30756108125 0.28192303124999996 0.305082534375 0.27020428124999996 0.305355290625 0.258881825 0.31085790156250004 0.2511825734375 0.3254445734375 0.251777015625 0.33328935625 0.2564758546875 0.3436581484375 0.27006283125 0.355129834375 0.28178158125 0.354857078125 0.2891977859375 0.349445384375
0 0.34449412968750004 0.36330801875 0.3429372984375 0.368583334375 0.3451169203125 0.3973475390625 0.355193940625 0.41414000156249997 0.3675071328125 0.42171202656249995 0.3741434921875 0.42330230625 0.37914406093749997 0.4231859171875 0.3925014625 0.4158911984375 0.4002007140625 0.401304528125 0.40291808125 0.38552404375 0.39977607187499997 0.3698799359375 0.39292595937499997 0.35694167656250003 0.38344338125 0.3479939984375 0.37132833593750003 0.34303689843749996 0.359807734375 0.345924584375 0.35414650625 0.348675890625 0.34449412968750004 0.36330801875
0 0.4022333953125 0.4668605140625 0.4125934625 0.47447800000000007 0.42646348593749994 0.47677471093749996 0.4340778375 0.47397794531250004 0.44149404375 0.46856625156250004 0.4458814875 0.461915284375 0.45042555 0.4495850015625 0.448311978125 0.4216924390625 0.44191853906249995 0.40961673125000003 0.4302846890625 0.3980995828125 0.4242271671875 0.3956210328125 0.4125084171875 0.395893790625 0.4068471890625 0.398645096875 0.3952416875 0.413322684375 0.390697625 0.42565296874999997 0.39226959375 0.44639806093749995 0.3943076484375 0.45263752031250004 0.4022333953125 0.4668605140625
0 0.2984499640625 0.29790161406250004 0.300233290625 0.3214359640625 0.3047339828125 0.329189828125 0.31851910625 0.3432764421875 0.32331010312499997 0.346222678125 0.3420765796875 0.3457858828125 0.3515240828125 0.3398887046875 0.3592233359375 0.325302034375 0.35763815625 0.3043826125 0.3550905890625 0.29658328906250003 0.34306044375 0.2798362859375 0.3287941265625 0.2723097203125 0.3151222515625 0.2726279359375 0.307706046875 0.278039628125 0.301563625 0.287350984375 0.2984499640625 0.29790161406250004
0 0.2372201 0.305789903125 0.24347577031249998 0.3108833796875 0.25539266718750003 0.3132255515625 0.2610538953125 0.3104742453125 0.2671963171875 0.3011628890625 0.2703099765625 0.290612259375 0.269319240625 0.277537621875 0.257090946875 0.25817569218749997 0.25103342500000003 0.2556971421875 0.2412678 0.2559244390625 0.2338515953125 0.2613361328125 0.22946415 0.2679871015625 0.2279073203125 0.273262415625 0.22929435156250003 0.291566909375 0.2372201 0.305789903125
0 0.43902178125 0.566334240625 0.444458484375 0.56723449375 0.456333971875 0.5669580890625 0.45855303125 0.5658796453125 0.46840355625 0.55386244375 0.46910412968750004 0.5514885515625 0.46606476875 0.511378465625 0.45945872187500003 0.500370075 0.4512499265625 0.49532205625000003 0.4375780515625 0.49564027343749995 0.43016184687500003 0.5010519671875 0.42070761718750005 0.5182990234375 0.419348934375 0.5261892671874999 0.420339671875 0.5392639046875 0.4228872390625 0.5470632281250001 0.434917384375 0.56381023125 0.43902178125 0.566334240625
0 0.48724185625 0.514585259375 0.497945421875 0.5125186234375 0.508738534375 0.4961572421875 0.5062616921875 0.46347064531250004 0.50227616875 0.45347818125000006 0.4990492609375 0.44962398124999997 0.47736673749999997 0.44750910624999996 0.46799740781250004 0.452966259375 0.4620531328125 0.4648925421875 0.46069445 0.472782784375 0.4622796296875 0.49370220624999994 0.47430977499999993 0.510449209375 0.48126191562500004 0.51472444375 0.48724185625 0.514585259375
0 0.26226348593750004 0.23606490781249997 0.2634523703125 0.2517544734375 0.273529390625 0.2685469359375 0.28593316406249997 0.2750908703125 0.3003195109375 0.27475602499999996 0.3128749375 0.25846276874999996 0.3159885984375 0.247912140625 0.3146015671875 0.22960764843749998 0.312054 0.221808321875 0.3043263984375 0.2102002578125 0.2941644796875 0.2051976984375 0.2804926046875 0.205515915625 0.2748313765625 0.208267221875 0.26362216875 0.22817466562500002 0.26226348593750004 0.23606490781249997
0 0.35077819374999997 0.2725944046875 0.3534106609375 0.2686038234375 0.3535097265625 0.2653925828125 0.3518750109375 0.243819428125 0.3514291859375 0.2424545453125 0.34605100625 0.236030878125 0.3378422109375 0.2309828578125 0.3300297109375 0.2311646953125 0.318424209375 0.24584228593750002 0.31706552656250003 0.25373252968750004 0.326661353125 0.277085040625 0.3281015109375 0.278805159375 0.335671671875 0.2786289609375 0.35077819374999997 0.2725944046875
0 0.3653786 0.316160165625 0.3735873953125 0.3212081828125 0.3911655203125 0.320799046875 0.398581725 0.3153873546875 0.40296916875 0.3087363875 0.4060828296875 0.2981857578125 0.40469579843750003 0.2798812640625 0.395099971875 0.2565287515625 0.389721790625 0.25010508124999997 0.3815129953125 0.2450570625 0.3678411203125 0.2453752796875 0.3567168125 0.2534928203125 0.35232936875 0.2601437890625 0.3492157078125 0.27069441875 0.350999034375 0.2942287671875 0.355697875 0.304597559375 0.3653786 0.316160165625
0 0.191630084375 0.1663329328125 0.1580590140625 0.188070625 0.1517184453125 0.1947670546875 0.1503597625 0.2026572953125 0.1554548953125 0.21825594218750002 0.1997541265625 0.2735449671875 0.2028666328125 0.275459009375 0.2135111546875 0.27521125625 0.2268997296875 0.27029360625 0.2414207453125 0.2424504609375 0.24609123593749999 0.22662451875 0.2468554765625 0.21088949375000002 0.246827128125 0.18469475468750002 0.2444777078125 0.1795103609375 0.2347969828125 0.1679477515625 0.228739459375 0.165469203125 0.21096318749999998 0.16326341093750002 0.191630084375 0.1663329328125
0 0.1572852078125 0.11330725 0.15867224062500002 0.1316117453125 0.16659798750000002 0.1458347390625 0.1735164203125 0.15092168125 0.204962809375 0.150189759375 0.2141523296875 0.1407985890625 0.21998335624999998 0.11446747500000001 0.217237640625 0.10405322343750001 0.21038752968750002 0.0911149640625 0.20305622343750002 0.084736753125 0.1969987015625 0.0822582046875 0.1813737015625 0.0826218796875 0.17375934843750002 0.0854186453125 0.16039886875 0.10275662187500001 0.1572852078125 0.11330725
0 0.25479105468749996 0.180335109375 0.269392078125 0.1799952671875 0.278306615625 0.172149075 0.286204015625 0.16017733125 0.2872608890625 0.15540481718750002 0.2843733859375 0.11729878593750001 0.279410453125 0.10925443125 0.2690503859375 0.10163694375000001 0.25693534218749997 0.096679846875 0.24346161406250003 0.099612990625 0.2299029875 0.1143360390625 0.2242701078125 0.14328208125 0.2252608453125 0.1563567203125 0.23924411562499998 0.17305826562499999 0.24745291093750002 0.17810627968749998 0.25479105468749996 0.180335109375
0 0.3083124625 0.177524128125 0.32404597343749997 0.1771579265625 0.336098084375 0.1640707734375 0.3363358546875 0.16268998125 0.334527759375 0.13882876875 0.33176719062500004 0.1327371 0.3263890109375 0.12631342968749998 0.318180215625 0.1212654140625 0.304508340625 0.1215836296875 0.30080023749999996 0.1242894765625 0.2913460078125 0.141536534375 0.2925348921875 0.15722609999999998 0.2972337328125 0.167594890625 0.3026119125 0.1740185609375 0.3083124625 0.177524128125
0 0.36956130468750004 0.2402740328125 0.378224865625 0.2326487390625 0.38592411718749997 0.21806206874999998 0.383744496875 0.189297865625 0.3792438046875 0.1815440015625 0.365656828125 0.1700723140625 0.35959930625 0.16759376406249998 0.34592743125 0.1679119796875 0.3387093734375 0.17593860156250002 0.3327650984375 0.18786488437499999 0.3300477328125 0.20364536875 0.3359354578125 0.229703728125 0.349021078125 0.2407521125 0.36956130468750004 0.2402740328125
0 0.20591004218750003 0.0812964578125 0.2269640078125 0.080806421875 0.2338455921875 0.0779305015625 0.2399880140625 0.06861914531249999 0.2424789421875 0.0601786421875 0.24037857968749998 0.032460409375 0.23896892812499998 0.029349770312500002 0.231439475 0.02035663125 0.22107940781250002 0.012739146875 0.20936065781250002 0.013011903124999998 0.20369942968750002 0.015763209375 0.18994265625 0.0278713296875 0.18761024531249998 0.038403776562500005 0.189670978125 0.0655990234375 0.2006424671875 0.0787033125 0.20591004218750003 0.0812964578125
0 0.1654841453125 0 0.16321265000000001 0.0011039265625 0.157070228125 0.01041528125 0.15395656875 0.020965910937500002 0.1557714890625 0.0323752609375 0.16909024374999998 0.0320652640625 0.20421831093749998 0.030357001562500003 0.2032163578125 0.01713435 0.20238839843749998 0.01459956875 0.1970102171875 0.008175898437499999 0.18761259531250002 0 0.1654841453125 0
0 0.210560815625 0 0.21043311718750002 0.000053367187499999995 0.20780064999999998 0.0040439484375 0.20898112812499997 0.00765795625 0.2178513546875 0.0074515 0.2477480328125 0.00577523125 0.24764471718749997 0.004411784375 0.24296919374999998 0 0.210560815625 0
0 0.2883665234375 0.0460567765625 0.27699256875 0.030223246875 0.271824978125 0.028108829687499996 0.2549702328125 0.028501129687499998 0.24721449999999998 0.037465187500000004 0.2445678875 0.0464332234375 0.2459945484375 0.0652607015625 0.2499885625 0.07407417499999999 0.2596692890625 0.0856367828125 0.26317069375 0.08778997968749999 0.281609640625 0.087360809375 0.2874942328125 0.07844030156250001 0.28997241875 0.0672495765625 0.2883665234375 0.0460567765625
0 0.26703991875 0 0.2672477578125 0.011359760937500001 0.2785985609375 0.032051884375 0.290034265625 0.0409541046875 0.302109578125 0.0446217625 0.3126926109375 0.0443754390625 0.3195292875 0.0428871390625 0.3304554484375 0.032154673437499996 0.3377584046875 0.012338146875 0.338512753125 0.0055097875 0.338095246875 0 0.26703991875 0
0 0.348369065625 0.11492589843750001 0.3614464984375 0.1067628984375 0.36583394375 0.1001119296875 0.36894760312499997 0.0895613 0.3696269453125 0.0856161796875 0.3677445453125 0.06077436562500001 0.364220415625 0.052997771875 0.3545396890625 0.041435165625 0.3463308953125 0.0363871484375 0.3346121453125 0.0366599046875 0.3271959390625 0.0420716 0.317345415625 0.054088800000000006 0.3182625921875 0.08943123750000001 0.318579628125 0.093615121875 0.3301964984375 0.1074902515625 0.348369065625 0.11492589843750001
0 0.3395549296875 0 0.345802134375 0.0074616265624999996 0.3607401140625 0.0166477734375 0.36763874531249996 0.01648720625 0.382911509375 0.0065978953125 0.38589455 0 0.3395549296875 0
0 0.38586453593750003 0.0786732265625 0.3937815234375 0.07848895624999999 0.405765765625 0.071944146875 0.4119081859375 0.062632790625 0.414094821875 0.052758621875 0.41226195781249997 0.028570540625 0.41088910156249997 0.023363415625 0.40120837500000006 0.011800809375 0.39299958125 0.0067527921874999996 0.37737458125 0.00711646875 0.371713353125 0.009867773437500001 0.36126189218750004 0.03719304375 0.36290549843750003 0.058883534375000005 0.36933573124999997 0.0688627546875 0.382724559375 0.077719515625 0.38586453593750003 0.0786732265625
0 0.3617726375 0.1317233984375 0.359055271875 0.147503884375 0.36024415468750004 0.16319345000000002 0.362593575 0.168377846875 0.368169903125 0.1774164453125 0.3744255734375 0.18250991875 0.3803472578125 0.1836737796875 0.391155728125 0.183422209375 0.40547742500000006 0.17916764062499999 0.41688477968750004 0.161875125 0.4182434625 0.1539848828125 0.4164601375 0.13045053281250002 0.41411071718750003 0.12526613749999999 0.4063831171875 0.11365807187500002 0.398174321875 0.1086100515625 0.382549321875 0.10897372812499999 0.3731799921875 0.1144308828125 0.3617726375 0.1317233984375
0 0.387556325 0.20668082656250003 0.3863957890625 0.217185996875 0.39451968437499996 0.23402391875 0.39849740312500004 0.2364700265625 0.41430324843750005 0.23610214062499998 0.41815390781249995 0.230264890625 0.41640360625 0.20716636406250002 0.409379184375 0.19708535625 0.39558048281249997 0.1974065234375 0.387556325 0.20668082656250003
0 0.4409193671875 0.280237965625 0.4510812859375 0.2852405234375 0.4608469109375 0.2850132265625 0.4665081390625 0.28226191875 0.47440553906250005 0.270290178125 0.47689646718749995 0.26184967656249997 0.47443943906249997 0.229424571875 0.4727920109375 0.22317601874999998 0.4674138296875 0.21675234843750002 0.454902490625 0.206565396875 0.44298559375 0.2042232265625 0.4316631375 0.2097258375 0.4220107609375 0.22435796562500002 0.4210766625 0.2275231546875 0.42317702500000004 0.255241390625 0.426936096875 0.2635364234375 0.4409193671875 0.280237965625
0 0.40517518125 0.363669503125 0.4077227484375 0.371468825 0.417601621875 0.385646359375 0.4186099859375 0.3862664546875 0.44379444843750004 0.38568027968749996 0.444945371875 0.385009925 0.45108779375 0.3756985703125 0.455758284375 0.35987262656249996 0.454767546875 0.34679798906250003 0.45221997968750005 0.3389986640625 0.4425392546875 0.32743605625 0.43433045937500003 0.32238804062500004 0.42261170937500003 0.32266079687500004 0.405741275 0.34531955000000003 0.40517518125 0.363669503125
0 0.4626878 0.3539354171875 0.484726759375 0.3534224546875 0.4901535015625 0.34901109375 0.4950221390625 0.335800078125 0.4936351078125 0.3174955828125 0.49088939375 0.3070813328125 0.48335994062500004 0.29808819531249997 0.47515114531249997 0.293040175 0.46147927031249997 0.2933583921875 0.45406306562500004 0.2987700875 0.448118790625 0.31069637031249997 0.4467601078125 0.3185866109375 0.4481471390625 0.33689110625 0.45802601249999997 0.3510686390625 0.4626878 0.3539354171875
0 0.5043672124999999 0.434596315625 0.5053791515625 0.4311673609375 0.502028896875 0.38695443906250004 0.4846660171875 0.36825660625 0.4670878921875 0.368665740625 0.4596716859375 0.3740774359375 0.4517742875 0.3860491765625 0.44885877343749997 0.399214734375 0.450443953125 0.42013415624999995 0.45749221249999994 0.43568734375 0.4650097140625 0.4446662078125 0.4962845140625 0.4439382796875 0.5043672124999999 0.434596315625
0 0.48241467968749996 0.6251548671875 0.4894961890625 0.630361715625 0.5158264046875 0.6297488734375001 0.5197222015625 0.6269060625 0.5326863859375 0.6043382328125 0.5336310937500001 0.5974399515625 0.5313047671875 0.5667396953125 0.5172877359375 0.5431374578125 0.5049745437500001 0.5355654328125 0.487198271875 0.533359640625 0.479782065625 0.538771334375 0.4718846671875 0.5507430765625 0.46701602812500004 0.5639540921874999 0.4658554921875 0.5744592625 0.4680351140625 0.6032234671875 0.472733953125 0.6135922593750001 0.48241467968749996 0.6251548671875
0 0.531993971875 0.7081657328125 0.535158675 0.7091269546875 0.555148059375 0.7086616953125 0.557384596875 0.707574759375 0.5648008015625 0.702163065625 0.5718914734375 0.6892277734375 0.567812940625 0.63540384375 0.566385834375 0.6327083734375 0.5569032546875 0.62376069375 0.5391269828125 0.6215549031250001 0.523898278125 0.6271484359375 0.5140477531250001 0.6391656359375 0.5093772624999999 0.6549915796875 0.5113587359375 0.68114085625 0.513906303125 0.68894018125 0.5237851765625 0.703117715625 0.531993971875 0.7081657328125
0 0.61136460625 0.9421416078125 0.602220834375 0.9474673843750001 0.5943234359375 0.9594391265625 0.5976635921875 0.9776981609375 0.604717640625 0.9861234781249999 0.6288614234375001 0.9855615249999999 0.632734921875 0.97575920625 0.6309374421875 0.9520380765625 0.6284889484375 0.9455462171875 0.6121325984375 0.94212373125 0.61136460625 0.9421416078125
0 0.6829729718750001 0.9841921093750001 0.6923423015625 0.9787349578125 0.7039478031249999 0.96405736875 0.7088164421875 0.9508463515625 0.709049965625 0.9500550546875 0.707217103125 0.9258669734374999 0.7042874015625 0.9168977515625001 0.6989092203125 0.9104740796874999 0.6403154703125 0.9118378640625 0.637683003125 0.9158284468750001 0.634767490625 0.9289940046874999 0.6383057937500001 0.949867965625 0.6455522015625 0.9680360796875 0.6593373234375 0.9821226968750001 0.6653948468750001 0.9846012453125 0.6829729718750001 0.9841921093750001
0 0.6300699234375 0.9173509859375001 0.6379673234375 0.90537924375 0.645751475 0.8790026687499999 0.6441662953125 0.8580832468749999 0.6369198890625001 0.8399151328125001 0.6291922890625 0.828307065625 0.6254172578125 0.8259856015624999 0.608695128125 0.8263748124999999 0.5998954140625 0.8289889578125 0.5831098781249999 0.8398578046875 0.5721837171875 0.850590271875 0.5590213859375 0.8705431765625 0.5643146671875 0.88875675 0.5869030265624999 0.9157361671875 0.5994143656250001 0.9259231203124999 0.6049857890625 0.9282027734374999 0.615535078125 0.9279572359375001 0.6300699234375 0.9173509859375001
0 0.577731865625 0.8161387 0.5865019203124999 0.815934575 0.5907545890625 0.8148686265625 0.6090969546875 0.7987244640625 0.6132862515624999 0.78945856875 0.6137278234375 0.786894240625 0.610943853125 0.7501545078125 0.61011589375 0.7476197265625 0.6047377125 0.74119605625 0.5924245203125 0.7336240296875001 0.5767995203125 0.7339877046875001 0.5637220875 0.74215070625 0.5577778125 0.7540769875 0.55525859375 0.7724724000000001 0.5566456265624999 0.79077689375 0.5589950453125 0.795961290625 0.577731865625 0.8161387
0 0.58806859375 0.6522553078125 0.5821243203125 0.66418159375 0.579010659375 0.6747322203125 0.5743685171874999 0.7167529 0.5792655046874999 0.729736621875 0.5824924125 0.7335908250000001 0.607118796875 0.748734875 0.6115729187500001 0.7496102984374999 0.623192509375 0.7493398499999999 0.632311275 0.745528975 0.634943740625 0.741538396875 0.6460397 0.7072261171875 0.6466057937499999 0.688876165625 0.643860078125 0.6784619109375 0.634660546875 0.66033925625 0.620875425 0.6462526390625001 0.6148179015624999 0.64377409375 0.6011460265624999 0.6440923093750001 0.58806859375 0.6522553078125
0 0.6920635328125 0.8782287406249999 0.6936203625 0.8729534250000001 0.6924314781249999 0.8572638593749999 0.6898839109375 0.8494645359374999 0.6764670109375001 0.8357541953125001 0.6618821421875001 0.8360936609375 0.6550107078125 0.8411078296875001 0.64770775 0.8609243546875 0.648896634375 0.8766139203125001 0.6512460546875001 0.881798315625 0.6587755078125 0.8907914546875 0.6663813109375 0.8954686609375001 0.668963778125 0.8954085546874999 0.6804580296875 0.892906328125 0.6878742359375 0.8874946359375 0.6920635328125 0.8782287406249999
0 0.674589759375 0.83736314375 0.676662046875 0.8363560328125 0.6839452046875001 0.8253154234375 0.68135938125 0.7911906171875 0.6798322578125 0.7878207609375 0.6723028046875 0.778827621875 0.6599896125 0.7712555953125 0.6504221359375 0.7740978203125 0.6386184859374999 0.78616048125 0.6357029734374999 0.7993260390625 0.6370900046875 0.8176305328125 0.646968878125 0.8318080671875 0.6551396890625 0.8378158499999999 0.674589759375 0.83736314375
0 0.7103792140625 0.946940496875 0.722456134375 0.9567737359375 0.741119328125 0.9563393453125 0.7592073390625 0.945804009375 0.7688597171875 0.9311718796875 0.7716808609375 0.909014765625 0.7695355859374999 0.880703815625 0.7596034875 0.8606597515625 0.7499227625 0.8490971453125 0.7417139671874999 0.8440491265625001 0.7280420921874999 0.8443673437499999 0.7014909312500001 0.8554634875 0.696905340625 0.859499528125 0.6891211890625 0.8858761015625 0.6903100734375001 0.9015656671875 0.7026516140625 0.9353324296875 0.7103792140625 0.946940496875
0 0.699519890625 0.852435446875 0.7209656875 0.8519362906250001 0.72283805 0.8505700046875001 0.7300057718749999 0.834132921875 0.7286803859375001 0.8166419625 0.72445143125 0.8073100484375001 0.7091094765625 0.7984987484375 0.7032501015625 0.7986351265625 0.693880771875 0.8040922796875 0.6877383499999999 0.8134036359374999 0.6866514046875001 0.8197158296874999 0.6878402890624999 0.8354053953125 0.69206924375 0.8447373078125 0.697447425 0.851160978125 0.699519890625 0.852435446875
0 0.7883501546875 0.9430890125 0.734320871875 0.9451336250000001 0.7340378249999999 0.9543086015625001 0.7365853921875 0.9621079265624999 0.74431299375 0.9737159906249999 0.7665899578125 0.9836756484375 0.7724493328125 0.9835392687500001 0.7818186625 0.9780821171875 0.7897160624999999 0.9661103750000001 0.7900172703125 0.9650897328125 0.7883501546875 0.9430890125
0 0.80266175625 0.9757427828124999 0.8048626703125 0.9798997953124999 0.8672045625000001 0.978448771875 0.8676026953125 0.9768071468749999 0.8665360015625 0.96273011875 0.8661241453124999 0.96116798125 0.8590758859375001 0.9456147921875001 0.8515464328125001 0.9366216546875 0.841186365625 0.92900416875 0.83708196875 0.9264801609375001 0.81950384375 0.926889296875 0.813842615625 0.9296406015625 0.805945215625 0.9416123437499999 0.8014728734375 0.9600532171875 0.80266175625 0.9757427828124999
0 0.8248954296875001 0.89863205 0.828009090625 0.88808141875 0.8268202062500001 0.872391853125 0.819771946875 0.8568386671875 0.8069687328124999 0.8483692921875001 0.790190459375 0.8487598109375 0.7833419140625 0.8537572750000001 0.7754445140625 0.8657290171875 0.7723308546875 0.876279646875 0.7733215906249999 0.889354284375 0.7758691578125 0.8971536078125 0.787899303125 0.9139006125 0.7946836312500001 0.915961228125 0.8083458578125 0.9156432375 0.81699803125 0.9106037921875 0.8248954296875001 0.89863205
0 0.7891071171874999 0.8317216359374999 0.790508265625 0.826973853125 0.788467346875 0.8000400984375 0.7768504765625 0.78616496875 0.762584159375 0.7786384015625 0.74911043125 0.781571546875 0.7392599078125001 0.793588746875 0.736146246875 0.8041393765624999 0.7373351312499999 0.8198289437499999 0.7420339703125001 0.8301977359375 0.754342034375 0.844898425 0.7794026890625 0.8443151312499999 0.7891071171874999 0.8317216359374999
0 0.79521518125 0.7651515 0.792514290625 0.72950815625 0.7778508515625 0.7199683953125 0.762622146875 0.7255619249999999 0.7582347031250001 0.7322128921875 0.7568760203125 0.7401031359375 0.7582630515625 0.7584076296875 0.762961890625 0.768776421875 0.7698031421875 0.774102053125 0.7893774515625 0.7736464562500001 0.7915794234375 0.77203965 0.79521518125 0.7651515
0 0.7544706921875 0.7438636671875 0.752687365625 0.7203293203125 0.741053515625 0.7088121703125 0.733241015625 0.7089940078125 0.7295329125000001 0.71169985625 0.7218336609375 0.726286525 0.722824396875 0.7393611640625 0.7251738171875 0.744545559375 0.7310181078125 0.7515259484375 0.7492798234375 0.7511009015625 0.7500832484375 0.750514634375 0.7544706921875 0.7438636671875
0 0.64607274375 0.746393128125 0.6527247078125 0.756716459375 0.6727655015625 0.77589655 0.679737703125 0.7793288609375 0.6926120640625 0.7790292078125 0.6983542734375 0.77792050625 0.711233559375 0.767142578125 0.7206877890625 0.749895521875 0.7216388671875 0.74437235 0.7190761609375 0.71055261875 0.7149698640625 0.700257353125 0.7074404109375 0.6912642140624999 0.699231615625 0.686216196875 0.6832103203125001 0.68135001875 0.6734446953125001 0.6815773171874999 0.6623203875 0.6896948578125001 0.65597981875 0.69639128125 0.647403078125 0.712308146875 0.6446857125000001 0.7280886343749999 0.64607274375 0.746393128125
0 0.7626632609375 0.709966621875 0.7743820109375 0.709693865625 0.78550631875 0.701576325 0.789695615625 0.6923104296875 0.7906240437500001 0.68390629375 0.789030059375 0.6628706531249999 0.779590246875 0.6493232328125 0.7713814515624999 0.644275215625 0.7557564515624999 0.644638890625 0.746387121875 0.65009604375 0.741999678125 0.6567470109375 0.739375715625 0.6685960109375 0.7405844140625 0.6845470703125 0.74262246875 0.69078653125 0.7544544671875 0.7049186078125 0.7626632609375 0.709966621875
0 0.84238935 0.7886650546875 0.84100231875 0.7703605609374999 0.8311234453124999 0.7561830265625 0.8115921953124999 0.756637621875 0.8036947953125001 0.7686093640625 0.8029305546875 0.7843443890625 0.8076293953125001 0.79471318125 0.813007575 0.8011368515624999 0.8181228718750001 0.8042825140625001 0.8318236812500001 0.803963625 0.836445075 0.8005913375 0.84238935 0.7886650546875
0 0.8580346859375 0.8831816015625 0.8726153109375 0.8725419437499999 0.8770027546874999 0.8658909749999999 0.880116415625 0.855340346875 0.8813392296875 0.8482391281250001 0.8802428156250001 0.8337698625 0.8732379546875 0.8162073515625 0.8614059578125 0.802075275 0.85347585625 0.7971986421875 0.837187759375 0.7975777515625 0.831910934375 0.8001422390625 0.8209847734375 0.8108747078125 0.816795478125 0.820140603125 0.8157509953125001 0.8295952578125 0.8170785828125 0.847115271875 0.81937139375 0.8541346640624999 0.8240702328125 0.8645034546874999 0.8359022312500001 0.8786355312499999 0.8438323328124999 0.8835121640624999 0.8580346859375 0.8831816015625
0 0.8300072640625 0.738265159375 0.833671875 0.7355910515625 0.8433290375 0.718440021875 0.8416867015625 0.6967662953125 0.838993359375 0.6896252484375001 0.8314639046875 0.6806321093750001 0.8232551109375 0.6755840937500001 0.8095832359375 0.675902309375 0.8021670296875 0.6813140015625 0.794665925 0.6985156 0.7942979796875 0.7194804796875001 0.798798671875 0.7272343453125 0.8104022000000001 0.7387214734375 0.8300072640625 0.738265159375
0 0.726912553125 0.6719551609375001 0.7363667828125 0.654708103125 0.7389907453125 0.6428591046875 0.73724044375 0.619760575 0.73084700625 0.6076848640625 0.7149106093750001 0.59102878125 0.7119108546875 0.589184075 0.6902769765625 0.5896876078125 0.6838587578124999 0.5943710609374999 0.67420638125 0.609003190625 0.6714040859375 0.6184987578125 0.6733459296875 0.64412505 0.682273725 0.6638257515625 0.6958607015625 0.6752974421875 0.7002879281250001 0.677108925 0.7176393937500001 0.6767050640625001 0.7232044515625 0.6746610093750001 0.726912553125 0.6719551609375001
0 0.6104565109375 0.6397951078124999 0.6203353828125 0.65397264375 0.630071921875 0.6599601500000001 0.6435593500000001 0.6596462265625 0.6500285531250001 0.6585206046875001 0.6611528609375 0.6504030625 0.6710033859375 0.6383858640625 0.6746720703125 0.6203129656249999 0.67408258125 0.61253355625 0.666842290625 0.5834723828125 0.6550102921875001 0.5693403078125 0.63879085 0.5618592 0.63097835 0.5620410375 0.6216090203125 0.5674981875 0.6047385859375 0.5901569421875 0.6016249250000001 0.6007075671875 0.60301195625 0.6190120609374999 0.6057576703125 0.6294263140624999 0.6104565109375 0.6397951078124999
0 0.601555040625 0.6055949609375 0.5995735671875 0.57944568125 0.597026 0.5716463578125001 0.579532775 0.5602655921874999 0.5658609 0.5605838078125001 0.562152796875 0.563289653125 0.5526985671875 0.580536709375 0.554680040625 0.6066859890625 0.5593788796875 0.6170547796875 0.56613845 0.622316825 0.59272795 0.621697946875 0.601555040625 0.6055949609375
0 0.5405759375 0.5681278468750001 0.5555634640625 0.5677790078125 0.56413393125 0.5636138374999999 0.5733900140625 0.54375185 0.5716066875 0.5202175015625 0.5692572671875 0.5150331046875001 0.5595765421875 0.5034705015625 0.549414621875 0.49846794218749996 0.537695871875 0.4987406984375 0.5246184390625 0.506903696875 0.5202309953124999 0.5135546671875 0.5179099234375 0.5345650046875 0.52320320625 0.5527785796875 0.53288393125 0.5643411890625 0.5405759375 0.5681278468750001
0 0.582176684375 0.549970871875 0.5903854796875 0.5550188890625 0.600115528125 0.5573505125 0.6006194921875 0.5573387828125 0.6118698546875 0.5545188343749999 0.621720378125 0.5425016328125001 0.6242891484374999 0.5337973640625 0.6220897125 0.5047716671875 0.6203049984375 0.498002403125 0.608473 0.48387032812499997 0.604368603125 0.48134631875 0.586790478125 0.4817554546875 0.58112925 0.48450676093749995 0.571278725 0.49652396249999997 0.5679669171875 0.504459665625 0.5695520968750001 0.5253790859375 0.5744490828125 0.53836280625 0.582176684375 0.549970871875
0 0.62702855625 0.5286360109375 0.634558009375 0.5376291484375 0.6396771046875 0.5407771484375 0.6689956796875001 0.5400947515625 0.673620509375 0.5367199578124999 0.6795647828125 0.5247936765625 0.6821887453125 0.5129446734374999 0.680821528125 0.49490167500000004 0.6765925734375 0.485569759375 0.6669118468749999 0.4740071546875 0.656749928125 0.46900459687499996 0.646984303125 0.46923189374999996 0.6356618468749999 0.4747345078125 0.6275663 0.484091321875 0.6244526390625 0.49464194843750003 0.62447531875 0.5155977390625 0.6249905015625 0.5223965500000001 0.62702855625 0.5286360109375
0 0.702866415625 0.579260503125 0.700800021875 0.5519905421875 0.6940772953125001 0.543960953125 0.6880197734375 0.5414824031250001 0.6782541484375 0.5417097015625 0.6745460453125001 0.5444155484375 0.6646955218749999 0.55643275 0.67018695 0.5772612515625 0.6813675765625 0.588329721875 0.6941896125 0.588031284375 0.7009557562500001 0.5830939500000001 0.702866415625 0.579260503125
0 0.7149920812499999 0.5562419875 0.740017728125 0.5556595078125001 0.7510839859375 0.5416639078125 0.7540419640625 0.531640809375 0.7529521531250001 0.5172587078124999 0.7506593421875001 0.510239315625 0.732571675 0.4910137625 0.71499355 0.4914228984375 0.7021142640625 0.5022008265625 0.6977268203125 0.5088517968749999 0.69650400625 0.5159530140624999 0.697811778125 0.5332115359375 0.7001045890625 0.5402309265625 0.7119365859375 0.554363003125 0.7149920812499999 0.5562419875
0 0.76706605 0.6002356671875 0.7657003578125 0.58221278125 0.7647605890625 0.5801390234375 0.7531267390624999 0.568621875 0.7396530109375 0.57155501875 0.7317556109375001 0.5835267625 0.7286419515625 0.594077390625 0.731387665625 0.6044916421875 0.73696399375 0.6135302406250001 0.7420488859375001 0.6166572078125 0.7580290656249999 0.616285265625 0.76706605 0.6002356671875
0 0.8104719296875 0.6398621421875 0.810705453125 0.6390708453125 0.80884286875 0.614490525 0.803791615625 0.6033440734375 0.7923559124999999 0.5944418546875 0.7806371624999999 0.5947146109375 0.7690316609375001 0.6093922015625 0.7674748296875 0.614667515625 0.769060009375 0.6355869375000001 0.7789388828125 0.6497644703125001 0.7844033265625 0.6516722796875001 0.8011098765625 0.65128343125 0.8104719296875 0.6398621421875
0 0.786335309375 0.53177205625 0.779501534375 0.5296964203125001 0.7763451859375 0.5297698859375 0.764850934375 0.5322721109375 0.7553967046875 0.5495191671875 0.7569818828125 0.5704385890625 0.7708855078125 0.5893766796875 0.78919055 0.5889506250000001 0.797912609375 0.5812738453125 0.8019037578124999 0.5693930218750001 0.803262440625 0.561502778125 0.8003185796875 0.5484736 0.786335309375 0.53177205625
0 0.6586878453125 0.4493929828125 0.67003865 0.4700851078125 0.679521228125 0.4790327875 0.6931838406249999 0.48318255781249997 0.7069750609375001 0.4828615640625 0.710969375 0.48092036250000003 0.7238486609375 0.4701424375 0.7335010375000001 0.45551030625 0.7366146984374999 0.44495967500000005 0.7376337093750001 0.43904199374999997 0.735751309375 0.41420018125 0.733840634375 0.40835068906250005 0.7267923749999999 0.3927975015625 0.719262921875 0.3838043625 0.7047984578125 0.3736628671875 0.6850690609375001 0.37150253437499997 0.668085378125 0.37975645468749997 0.66194295625 0.389067809375 0.6555174874999999 0.407554140625 0.6524038265625001 0.41810476875 0.6586878453125 0.4493929828125
0 0.5825525234375 0.43486488906250004 0.5845339968750001 0.46101416562499997 0.5978417687500001 0.479140646875 0.6247686156250001 0.47851391718749997 0.6278141421875 0.47703381718750004 0.6355133953125 0.4624471484375 0.6362776359375 0.4467121203125 0.6335319203124999 0.4362978703125 0.6236530484375 0.422120334375 0.61329298125 0.41450285 0.6052823328125 0.41206976093750003 0.59571485625 0.41491198437500004 0.584109353125 0.4295895734375 0.5825525234375 0.43486488906250004
0 0.521227115625 0.4905514859375 0.5257622234375 0.4933403625 0.5563973484375 0.49262732187499997 0.5644789125 0.4803764015625 0.5682275515625 0.4549669359375 0.5669329875 0.4378827421875 0.5577702515625 0.4176635984375 0.5523920703125 0.411239925 0.54223015 0.40623736718750003 0.524652025 0.406646503125 0.5135277171875 0.41476404375 0.50563031875 0.4267357875 0.502672340625 0.4367588828125 0.5049312203125 0.4665690609375 0.50939511875 0.47641941406250005 0.521227115625 0.4905514859375
0 0.5694526390625 0.423452203125 0.5921596359375 0.4229236921875 0.60494535 0.40633159531249996 0.6051491515625 0.405148059375 0.6021274046875 0.365270409375 0.6017749921875 0.36449275000000003 0.5856404484375 0.3452217421875 0.5795829265625 0.3427431921875 0.5678641765625 0.3430159484375 0.5622029484375 0.34576725625 0.5470874921875 0.365765615625 0.545728809375 0.3736558609375 0.5479084296875001 0.40242006249999995 0.5556360312499999 0.4140281296875 0.5694526390625 0.423452203125
0 0.54262659375 0.36303161093749997 0.5524896171875 0.3505577484375 0.550707053125 0.3270334578125 0.5491799296875 0.32366360156249996 0.5375460796875 0.3121464546875 0.5277804546875 0.31237375156249997 0.5221192265625 0.31512505625 0.5142218265625 0.32709679999999997 0.5111081671875 0.3376474296875 0.51385388125 0.3480616796875 0.5183545734375 0.355815546875 0.526402221875 0.3634092375 0.54262659375 0.36303161093749997
0 0.53410851875 0.287437859375 0.5393276593749999 0.2946071625 0.541553071875 0.308220903125 0.5492806734375 0.31982896875 0.5574894671874999 0.3248769859375 0.5789939796875 0.33088003593750004 0.5845660515625 0.33075034375 0.6066855390625 0.3027756171875 0.612205221875 0.2917012125 0.6103210531250001 0.266836053125 0.603996375 0.254376725 0.585710559375 0.232536246875 0.5816061625 0.2300122375 0.5653867203125 0.22253113125 0.5536679703125 0.22280388750000002 0.5460536171875 0.22560065156250003 0.5405905375 0.2309668875 0.5293813296875001 0.25087433125 0.5284189421875001 0.263994428125 0.53410851875 0.287437859375
0 0.5217703578124999 0.3024720703125 0.5226756390625 0.301811475 0.526327121875 0.29448533125 0.5237342218750001 0.260267134375 0.5191089875 0.2547427765625 0.5109001921874999 0.249694759375 0.4989832953125 0.2473525890625 0.49332206718749994 0.2501038953125 0.4871796453125 0.25941525 0.48562281562500004 0.2646905640625 0.4874061421875 0.2882249140625 0.4953318890625 0.3024479078125 0.4963339203125 0.303064109375 0.5217703578124999 0.3024720703125
0 0.5097742890625 0.233545309375 0.516495584375 0.2368541 0.5322128140625 0.2364882765625 0.540826140625 0.230203028125 0.5469685625 0.2208916734375 0.5497708578125 0.2113961078125 0.5482054921875 0.190738178125 0.5437982046875 0.1790528296875 0.5257105375 0.159827278125 0.5137936390625 0.1574851078125 0.50071620625 0.1656481078125 0.494573784375 0.1749594625 0.49146012499999997 0.1855100921875 0.4905316953125 0.193914228125 0.49082891718750005 0.1978366203125 0.4955928703125 0.21422883750000002 0.5097742890625 0.233545309375
0 0.60782714375 0.21834812656249997 0.609378925 0.213089915625 0.60779181875 0.19214505937499998 0.5981180687500001 0.18059078281250002 0.592060546875 0.1781122328125 0.580986928125 0.1799295578125 0.5730405984375 0.19421352187500002 0.57245614375 0.209668878125 0.5760444375 0.2173062421875 0.5800021984375 0.2255446078125 0.585596340625 0.2289847390625 0.599371096875 0.228664128125 0.60782714375 0.21834812656249997
0 0.62954815625 0.4172914 0.6297014625 0.41735412812500006 0.6449310171875 0.41699965624999996 0.64517315625 0.416927725 0.6550236796875 0.40491051875000006 0.6583354890625001 0.3969748203125 0.6588166828124999 0.39041476875000003 0.6580736296875 0.380608790625 0.6544008890625 0.37087100156249997 0.6425688921875 0.3567389265625 0.63651136875 0.3542603765625 0.62674574375 0.3544876734375 0.6193295390625 0.35989936875 0.6149420953125 0.3665503359375 0.6137192796875001 0.373651553125 0.615423346875 0.39613993125 0.6177161578125 0.403159325 0.62954815625 0.4172914
0 0.5977878953125 0.34931541718750003 0.60531735 0.3583085546875 0.6060236828125001 0.35842551562499997 0.6245603015625 0.357994071875 0.6248486 0.3578539609375 0.6309910203125 0.3485426046875 0.6325478515625 0.34326728906250004 0.6305663781249999 0.3171180125 0.6230369234375 0.30812487499999996 0.6189325265625001 0.3056008671875 0.6052606515625001 0.3059190828125 0.59365515 0.320596671875 0.59308905625 0.338946625 0.5977878953125 0.34931541718750003
0 0.6554990234375 0.3635349875 0.672245265625 0.3631452140625 0.676124253125 0.3612600625 0.6877297546875 0.346582471875 0.6908434156250001 0.33603184218750004 0.6917566328125 0.32936350625 0.6898271734375 0.30390064843750003 0.6699816843749999 0.280197303125 0.6639241625000001 0.2777187546875 0.6404866625000001 0.27826426875 0.632391115625 0.2876210828125 0.6290793078125 0.295556784375 0.627918771875 0.30606195468749997 0.62910765625 0.3217515203125 0.6345990859375 0.3425800234375 0.644477959375 0.3567575578125 0.6554990234375 0.3635349875
0 0.6252887031250001 0.118366053125 0.609522253125 0.168504271875 0.6053047546875 0.241949546875 0.6068899328125 0.2628689671875 0.609239353125 0.2680533640625 0.6124662609375 0.2719075640625 0.6243387109375 0.278171184375 0.6342686390625001 0.27794006250000003 0.6445789390625001 0.27338832968750004 0.65343939375 0.2711679609375 0.6658881421875 0.27658495312500003 0.680835525 0.27685620625 0.7155199171875 0.27604891875000004 0.723992534375 0.271931303125 0.7318899328125 0.25995955937500004 0.7303047546875 0.23904013906250002 0.7117735749999999 0.2003223078125 0.709161296875 0.19232654375 0.7088240765625 0.1812566078125 0.7065840609375 0.15838651406249998 0.70403649375 0.1505871921875 0.69435576875 0.1390245859375 0.6624829765625 0.10571241718749999 0.6521229109375 0.09809493281250001 0.6366960578125 0.10107353593749999 0.6252887031250001 0.118366053125
0 0.5760513515625 0.13992264375000002 0.5922991421875 0.1735984859375 0.596522009375 0.17864225625000002 0.6119119140625 0.1782840515625 0.6187654031250001 0.174292246875 0.6262665078125 0.15709065 0.6268326015625 0.13874069687499999 0.6240868875000001 0.12832644531249998 0.6144061609375 0.1167638375 0.6061973671875001 0.111715821875 0.5886192421875001 0.11212495625 0.5787687171875 0.1241421578125 0.57565505625 0.1346927875 0.5760513515625 0.13992264375000002
0 0.5355723 0.1608687046875 0.54768105625 0.1672569953125 0.5582665140625 0.167010615625 0.567020446875 0.16275628125 0.5733610171875 0.15605985625000002 0.5762765296875 0.142894296875 0.576735075 0.13345328125 0.5760217437499999 0.12403954375 0.5719456359375 0.111560625 0.5601136375 0.0974285484375 0.54799859375 0.092471453125 0.54213921875 0.09260783125 0.536477990625 0.09535913593749999 0.5248724890625 0.11003672499999999 0.522540078125 0.1205691703125 0.523808221875 0.13730470781249998 0.528042846875 0.1518755671875 0.5355723 0.1608687046875
0 0.5115040328125 0.1305328859375 0.5135096921875 0.1285627828125 0.5196521140625 0.119251428125 0.5206664140624999 0.116499134375 0.5180244484375 0.08163343125 0.50915045 0.07103437500000001 0.503092928125 0.068555825 0.49332730312499995 0.06878312187499999 0.4841561203125 0.07685520312500001 0.47645686718749997 0.0914418734375 0.475098184375 0.099332115625 0.4756926265625 0.1071768984375 0.4805896140625 0.12016061874999999 0.49270594531249995 0.1309704171875 0.5115040328125 0.1305328859375
0 0.5837869546875 0.0991106234375 0.5849046078125 0.099084609375 0.59569270625 0.096380528125 0.6031089125 0.0909688375 0.609251334375 0.0816574828125 0.612781096875 0.07207949531249999 0.6106658734375 0.044165143750000004 0.6101853734375 0.042342646875 0.5938526828125 0.020456709375 0.5799826609375 0.018159998437499998 0.5614421484375 0.03168923125 0.5552997265624999 0.0410005859375 0.5523842125 0.0541661421875 0.5531768031250001 0.064625853125 0.560423209375 0.08279397031249999 0.572057059375 0.094311115625 0.5837869546875 0.0991106234375
0 0.492143628125 0.0654271015625 0.517546784375 0.0849998234375 0.5329363296875 0.0846416265625 0.5410850015625 0.07869544375000001 0.5472274234375 0.06938409062499999 0.551699765625 0.05094321875 0.5507090296875 0.03786858125 0.5456138953125 0.0222699328125 0.531630625 0.0055683890625 0.5255731015625 0.0030898390625 0.5119012265625 0.0034080562500000003 0.49882379375 0.0115710546875 0.4926813734375 0.020882410937500002 0.4895677125 0.031433040625000006 0.4882090296875 0.039323284375 0.48959606093749997 0.0576277765625 0.492143628125 0.0654271015625
0 0.43237286406250003 0 0.42631061406250004 0.00353095 0.4166582375 0.018163078125000003 0.41394087187500006 0.0339435625 0.415327903125 0.052248056249999994 0.42472558281249995 0.072985640625 0.4344063078125 0.084548246875 0.44374315781250007 0.09141338906249999 0.4616829734375 0.090995834375 0.4734688078125 0.08363905625 0.47961122968750003 0.074327703125 0.482220096875 0.0635705265625 0.47983407187499993 0.0320824390625 0.47310071562499995 0.014229824999999998 0.46557126249999997 0.0052366859375 0.4570556640625 0 0.43237286406250003 0
0 0.4017991484375 0 0.399790584375 0.0024503578125000002 0.401053884375 0.006317925 0.42774649218749994 0.005696646875 0.4273148265625 0 0.4017991484375 0
0 0.5719235765625 0 0.5853505125 0.01799220625 0.6083316703125 0.024972317187500002 0.6277996453125 0.0245191953125 0.6462936828125 0.021812814062499998 0.6537098875 0.0164011234375 0.6684290671875 0.0008558468749999999 0.668364215625 0 0.5719235765625 0
0 0.618184625 0.09691211093749999 0.6519790624999999 0.1147412484375 0.6576154015625 0.1146100609375 0.6634178953125 0.11288630468750001 0.6715134421875 0.1035294890625 0.6766538171875001 0.088740421875 0.674513825 0.060499204687499995 0.6740043124999999 0.058939340625 0.668427984375 0.0499007421875 0.6561147921875 0.042328717187499997 0.6402916453125 0.0400774640625 0.6326772921875 0.04287423125 0.6252610859375001 0.048285921875 0.6158068578125 0.0655329796875 0.6144481734375 0.073423221875 0.6154389109375 0.0864978609375 0.618184625 0.09691211093749999
0 0.674268959375 0 0.6740503546875 0.00015951875 0.6681060796875 0.0120858015625 0.66654925 0.017361115625 0.667738134375 0.033050682812499996 0.6722388265625 0.040804546875 0.6773816 0.04527874375 0.6999156015625 0.044754259375 0.700856359375 0.0440677765625 0.706800634375 0.03214149375 0.7054136015625 0.013836999999999999 0.7007147625 0.0034682078125 0.6967283015625 0 0.674268959375 0
0 0.7179735359375 0.014336993749999999 0.7100761359375001 0.026308734374999997 0.711661315625 0.04722815625 0.7213083140625 0.056778384375000004 0.7380428625000001 0.0563888828125 0.7438108203125 0.045461159375 0.7422216390624999 0.024488909375 0.7316454109375 0.014018776562499998 0.7179735359375 0.014336993749999999
0 0.749332371875 0 0.74986034375 0.0020025484375 0.7572399187500001 0.015245417187499999 0.795560625 0.0143534921875 0.8003797718750001 0.007048101562500001 0.7998456984375 0 0.749332371875 0
0 0.761055546875 0.08390173437500001 0.769264340625 0.08894975000000001 0.7753218640624999 0.09142829999999999 0.7850874890624999 0.091201003125 0.790748715625 0.088449696875 0.798164921875 0.08303800312500001 0.8076191515625 0.065790946875 0.8078569203124999 0.06441015312500001 0.8069087859374999 0.05189772499999999 0.7964381453125 0.021519015625 0.7910599640625 0.0150953421875 0.7828511703125 0.010047328125000001 0.7652730453125 0.0104564625 0.7596118171875 0.0132077703125 0.7515162703125 0.022564584375 0.7466476328125 0.035775600000000005 0.74862910625 0.061924876562499995 0.7511766734374999 0.0697241984375 0.761055546875 0.08390173437500001
0 0.8081568125 0 0.8008624125000001 0.00889884375 0.7979469 0.0220644015625 0.799532078125 0.042983821875 0.8042309187500001 0.053352614062500005 0.8074578265625 0.057206815625 0.8200890953125001 0.0638707703125 0.8353893765624999 0.0635146515625 0.8447653484375 0.058958014062499994 0.847397815625 0.054967434375 0.8510683859375 0.0356283828125 0.84889371875 0.0069295515625 0.8422635843749999 0 0.8081568125 0
0 0.7278495734375 0.1552372484375 0.7338924078125 0.150827721875 0.7454979093749999 0.13615013125 0.7488358749999999 0.11177620937499999 0.7472308812499999 0.09059529375 0.7407423734374999 0.073391865625 0.7312597953125 0.0644441859375 0.718946603125 0.056872160937500006 0.699415353125 0.05732675625 0.6863379203125 0.0654897546875 0.6786386671875 0.08007642499999999 0.6780725750000001 0.0984263796875 0.70869993125 0.154033621875 0.7112841828125 0.1556228125 0.7278495734375 0.1552372484375
0 0.748324296875 0.14117385468750002 0.7584013171875 0.1579663171875 0.7608367234375 0.15916523124999998 0.78006145 0.1587177703125 0.7818388171875 0.157420803125 0.7897362171875 0.1454490609375 0.7905004578125 0.1297140359375 0.7881510375 0.12452964062500001 0.778272165625 0.11035210468750001 0.7741677671875 0.10782809687499999 0.7565896421875 0.1082372328125 0.7502490734375 0.114933659375 0.746937265625 0.1228693609375 0.748324296875 0.14117385468750002
0 0.841813615625 0.1322363796875 0.8423171859374999 0.13186891875 0.8517714156249999 0.1146218640625 0.8521195765625 0.11147031249999999 0.8508712468749999 0.09499626875 0.8499880890625 0.0910875140625 0.8454873968750001 0.08333365000000001 0.838156090625 0.0769554375 0.814718590625 0.0775009515625 0.8031130890625 0.0921785421875 0.8029432906249999 0.1157583515625 0.805292709375 0.1209427453125 0.8104727437499999 0.12475149062499999 0.8325302421874999 0.132452453125 0.841813615625 0.1322363796875
0 0.7973071468749999 0.2001756484375 0.8045352453125 0.205105809375 0.8317217843750001 0.2044730359375 0.8392002609375 0.1978908046875 0.847097659375 0.1859190609375 0.8481096000000001 0.18249010625 0.8452978890624999 0.1453842828125 0.8405022453125 0.1376110890625 0.8260377812499999 0.12746959375 0.8160740093750001 0.1250819640625 0.8045534062499999 0.1279696484375 0.7990903265625 0.1333358828125 0.786126140625 0.1559037140625 0.7847674578125 0.1637939578125 0.7857581953125 0.17686859531250002 0.7883057625000001 0.1846679171875 0.7973071468749999 0.2001756484375
0 0.74567194375 0.267549946875 0.7528437546875 0.2704844296875 0.7783911078125 0.2698898078125 0.786489421875 0.263980371875 0.79945360625 0.24141253906250001 0.8005469234374999 0.23647545625 0.797847165625 0.20084706562500002 0.79373568125 0.191774371875 0.7756480140625001 0.17254882031250002 0.76548609375 0.1675462625 0.75181421875 0.1678644796875 0.73327370625 0.1813937140625 0.7255744546875 0.195980384375 0.7240176234375 0.20125569843750002 0.72580095 0.224790046875 0.73599121875 0.25598734218749997 0.74567194375 0.267549946875
0 0.852864596875 0.3276361375 0.863846103125 0.327380540625 0.87067356875 0.32340389375 0.8785709671875 0.3114321484375 0.885924046875 0.2890494921875 0.8835305921875 0.25746334531250004 0.8701922281250001 0.2395898296875 0.8660878296875 0.23706581875000002 0.8580771828125 0.2346327296875 0.8467547281250001 0.24013534218750002 0.8281293156249999 0.26545447968749997 0.826572484375 0.27072979375 0.8269971281249999 0.3021543859375 0.8316959671875 0.3125231765625 0.841178546875 0.32147085625 0.852864596875 0.3276361375
0 0.8137513765625 0.322285484375 0.8152202953125001 0.32167160156249996 0.8213627171875 0.31236024375000004 0.8240697078125001 0.29902490625 0.8226166265625 0.2798487703125 0.8201454828125 0.2704759421875 0.8104647578125 0.2589133375 0.7965947359375 0.25661662500000004 0.7821586203125 0.272669865625 0.7779693234375 0.2819357609375 0.77975265 0.3054701125 0.78210206875 0.3106545078125 0.789631521875 0.31964764687499997 0.7946442078125 0.322730209375 0.8137513765625 0.322285484375
0 0.70278403125 0.34836975 0.7370554593749999 0.361636740625 0.7458859125 0.361431209375 0.74869664375 0.360398821875 0.7565940421875 0.34842707968750003 0.7584622390625 0.34209670000000003 0.7560844703125 0.31071756875 0.7524329484375001 0.293513596875 0.74685661875 0.2844749984375 0.7386478249999999 0.27942698125 0.7269290749999999 0.2796997390625 0.719314721875 0.282496503125 0.7081904140625 0.290614046875 0.698736184375 0.307861103125 0.695820671875 0.3210266578125 0.6972077031249999 0.33933115156250004 0.70278403125 0.34836975
0 0.8026379499999999 0.34669647187499997 0.801052771875 0.32577705 0.7913720453125 0.314214440625 0.7755488984375 0.3119631890625 0.763943396875 0.3266407796875 0.762386565625 0.33191609375 0.76357545 0.3476056609375 0.7693499265625 0.3592591859375 0.7735568374999999 0.3623524171875 0.7955500468750001 0.3618405203125 0.7995242890625 0.3572470984375 0.8026379499999999 0.34669647187499997
0 0.7382246609374999 0.42421975781250004 0.7539430953124999 0.4238539078125 0.76045680625 0.4200600078125 0.76817870625 0.40835430156249997 0.7677254453125 0.40237265781250003 0.7493607 0.36399817031250004 0.746133790625 0.36014396875 0.734415040625 0.360416725 0.7287538140625001 0.36316803124999997 0.7226113921875 0.3724793875 0.7182881265625001 0.3903055609375 0.7189783390625 0.399414225 0.7236304765625 0.4117487625 0.73115993125 0.4207419 0.7382246609374999 0.42421975781250004
0 0.8040553578124999 0.45060988281250003 0.81195275625 0.438638140625 0.8148682703125001 0.425472584375 0.8138775328125 0.412397946875 0.8039986609374999 0.3982204109375 0.78973234375 0.39069384375 0.78387296875 0.390830221875 0.7747017859375 0.39890230312499997 0.7705124890625 0.40816819843749996 0.7677951234375 0.423948684375 0.7703426906249999 0.43174800781249995 0.7898526171875 0.4527579640625 0.7947069156250001 0.45264497812500004 0.8040553578124999 0.45060988281250003
0 0.7575828890625 0.5041356968749999 0.7637851671875 0.5050181312500001 0.776254428125 0.5047279046875001 0.7827753656249999 0.5009297953125 0.790163259375 0.49191689375000003 0.786844290625 0.44811685468749995 0.7778216812500001 0.43555660312500005 0.771764159375 0.43307805312500003 0.754186034375 0.4334871890625 0.7467698296874999 0.4388988828125 0.7388724296875 0.45087062343750006 0.73575876875 0.461421253125 0.7371458015625 0.47972574687499997 0.7396933671875 0.48752507031250003 0.74937409375 0.499087678125 0.7575828890625 0.5041356968749999
0 0.826433878125 0.45158150781249995 0.828783296875 0.4567659046875 0.8425684203125 0.47085251875 0.8449428187500001 0.47182405000000005 0.863786859375 0.47138545 0.8660059203125 0.47030700468750003 0.8714690015625 0.464940771875 0.879168253125 0.4503541015625 0.8805694000000001 0.44560631875 0.8792814421875 0.42860928906250007 0.87698863125 0.42158989687500004 0.8746392125 0.4164055015625 0.8587028171875 0.39974941875000003 0.8450309421875 0.40006763437500004 0.8393697140624999 0.402818940625 0.831953509375 0.408230634375 0.824056109375 0.42020237656250004 0.8228332953124999 0.42730359531250006 0.8241410671875 0.44456211718749994 0.826433878125 0.45158150781249995
0 0.8444420609375 0.38455005781249996 0.8500749390625 0.355604015625 0.8469329312499999 0.339959909375 0.84155475 0.3335362375 0.831143178125 0.3234459421875 0.8209163953124999 0.3236839734375 0.8042472265624999 0.33178504062499997 0.7998597828125 0.3384360078125 0.7967461218749999 0.34898663750000003 0.7983313015625 0.3699060578125 0.8062570499999999 0.384129053125 0.8125127187500001 0.3892225296875 0.8280889796875 0.3939535390625 0.8290655390625 0.39393080937499997 0.8381014921875 0.391246484375 0.8444420609375 0.38455005781249996
0 0.819376196875 0.5412903734375 0.82443635625 0.53883118125 0.8388091843750001 0.5141965671875 0.8379106578125001 0.5023388109375 0.818010740625 0.4669434 0.810959775 0.4632234796875 0.80101410625 0.4634549671875 0.7954507296875 0.46615872031250005 0.783845228125 0.4808363078125 0.7807315671875 0.4913869375 0.77996165625 0.5018830171875 0.7803579515625 0.5071128734375 0.782713040625 0.5175362156250001 0.789563153125 0.530474475 0.79904573125 0.5394221546875 0.804460109375 0.54163755 0.819376196875 0.5412903734375
0 0.8971294437499999 0.5402082953125 0.896258303125 0.528711953125 0.8894690531249999 0.5185134375 0.8791089875000001 0.5108959515625 0.8693433625000001 0.51112325 0.8636821343750001 0.5138745546875 0.8559828828124999 0.528461225 0.858643696875 0.55066538125 0.869419309375 0.5589086765625 0.8881092687500001 0.5584736625 0.8946774359375 0.5485169187500001 0.8971294437499999 0.5402082953125
0 0.91484968125 0.6236550796875 0.9192371250000001 0.6170041109375 0.9199766203124999 0.6144983359375 0.9171163625000001 0.5767518546875 0.9024797921875001 0.5636935796875 0.8868547921875001 0.56405725625 0.8794385859375 0.5694689484375 0.8723337765625001 0.5919004015625 0.8733245140625 0.6049750406250001 0.8780233531249999 0.6153438312499999 0.8898553515625001 0.6294759078125 0.8920727015625 0.630383178125 0.90453573125 0.6300930984375 0.91484968125 0.6236550796875
0 0.8407752140625 0.6034025359374999 0.8442979109375001 0.6008319828124999 0.8479493937499999 0.5935058375 0.8455700531250001 0.5621059500000001 0.8368250078124999 0.553854203125 0.8307674859375 0.5513756546875 0.8192468828124999 0.5542633390625 0.8155387812500001 0.5569691859375 0.8095945062500001 0.56889546875 0.8084339703125 0.5794006390625001 0.8111796859375 0.589814890625 0.8135291046875001 0.5949992859375001 0.8228762187499999 0.603819140625 0.8407752140625 0.6034025359374999
0 0.8264944109375 0.6757366921875 0.8466128015625 0.6752684312499999 0.8519366093749999 0.671945284375 0.86003215625 0.66258846875 0.8645469640625001 0.6472900546875 0.86349318125 0.63338339375 0.851681765625 0.61694088125 0.8393685734374999 0.6093688578124999 0.8256966984374999 0.6096870734375 0.8163273671875 0.6151442281249999 0.8119399234375001 0.6217951953124999 0.807425115625 0.6370936078125 0.80850501875 0.6513449625 0.81315715625 0.663679496875 0.8206866093749999 0.6726726359375 0.8264944109375 0.6757366921875
0 0.913157453125 0.725907446875 0.920573659375 0.7204957515625 0.9284710578125001 0.7085240109375001 0.92987220625 0.7037762265625 0.9270386984375 0.666382759375 0.919724371875 0.6576465687499999 0.9033067828125001 0.647550534375 0.8915880328125001 0.647823290625 0.8859268046875 0.6505745968750001 0.8690563703124999 0.6732333484375 0.868886571875 0.69681315625 0.8782842499999999 0.717550740625 0.8934198484375001 0.72739768125 0.906318115625 0.7270974703124999 0.913157453125 0.725907446875
0 0.8455117124999999 0.7730651421875 0.8573437109375 0.787197215625 0.8630632625000001 0.79071446875 0.8865640609375 0.7901674812499999 0.8887918578124999 0.7890847921875 0.9001992124999999 0.7717922765624999 0.900510578125 0.7707372109375 0.8979346625 0.7367431515625 0.8974251499999999 0.7351832875000001 0.892726309375 0.7248144953125 0.88519685625 0.71582135625 0.8769880625 0.7107733406250001 0.8594099375 0.711182475 0.853748709375 0.71393378125 0.843898184375 0.7259509828125 0.8374727171874999 0.744437315625 0.8408128734375 0.7626963499999999 0.8455117124999999 0.7730651421875
0 0.8759247828125 0.921380775 0.8901062 0.9406972453125 0.90231083125 0.9463265484375001 0.9278853140625 0.9457312968749999 0.9313199734375001 0.942357525 0.941170496875 0.9303403234375001 0.9444823046874999 0.9224046203125 0.9469279343749999 0.9082021828125001 0.94490683125 0.8815299218750001 0.9428687765625 0.8752904625 0.9351411765625001 0.863682396875 0.9185254390625 0.8509714328125 0.8989941890625 0.8514260281249999 0.8933329625 0.854177334375 0.8799724828125 0.8715153109375 0.8733488671874999 0.887386715625 0.8725789562499999 0.8978827921875 0.873886728125 0.9151413156249999 0.8759247828125 0.921380775
0 0.868722228125 0.9439778203125 0.868446396875 0.9529188703125 0.8731452375 0.9632876609375 0.878721565625 0.9723262609375001 0.8885030109375001 0.9795183 0.891830084375 0.9794408625000001 0.9218884624999999 0.9739410796874999 0.9264740546875 0.9699050390625 0.9304397578125 0.9591441250000001 0.9291838890624999 0.9425705593749999 0.868722228125 0.9439778203125
0 0.44550640937499997 0.20134126718749998 0.4619239984375 0.211437303125 0.4736427484375 0.2111645453125 0.48476705625000005 0.20304700625 0.49422128593750003 0.1857999484375 0.49449302343749996 0.1842219015625 0.4922605625 0.15476038281249999 0.48694653125 0.14143709843750002 0.47726580468749996 0.129874490625 0.46495261250000003 0.1223024640625 0.45518698750000003 0.1225297625 0.44581765781250005 0.1279869140625 0.4377221109375 0.137343728125 0.4316929375 0.16105991718749998 0.432881821875 0.1767494828125 0.43777880781249995 0.189733203125 0.44550640937499997 0.20134126718749998