0 0.02734375 0.9269918640625001 0.033203125 0.9086873703125 0.033203125 0.88253809375 0.029296875 0.8694634562499999 0.0205078125 0.8603112093749999 0.0126953125 0.855081353125 0.0009765625 0.855081353125 0 0.9426814312499999 0.0087890625 0.9439888953125 0.0205078125 0.9361441109375 0.02734375 0.9269918640625001
0 0.0263671875 0.8655410640625 0.0322265625 0.8681559921875 0.0400390625 0.8681559921875 0.0517578125 0.8629261359375 0.064453125 0.8459291062500001 0.0703125 0.8302395406249999 0.072265625 0.8145499734375001 0.068359375 0.7936305531250001 0.0576171875 0.77924845 0.0517578125 0.7766335234375 0.0361328125 0.7766335234375 0.0283203125 0.77924845 0.017578125 0.7936305531250001 0.009765625 0.8145499734375001 0.009765625 0.8406992515624999 0.015625 0.8537738890625001 0.0263671875 0.8655410640625
0 0.0673828125 0.9126097625 0.0771484375 0.9178396171875001 0.0888671875 0.9152246906249999 0.0927734375 0.9126097625 0.1015625 0.898227659375 0.099609375 0.8511589624999999 0.0947265625 0.8446216421875 0.0849609375 0.8393917875 0.0771484375 0.8393917875 0.0673828125 0.8446216421875 0.0546875 0.8616186718750001 0.0546875 0.8903828765625 0.05859375 0.9008425875 0.0673828125 0.9126097625
0 0.1123046875 0.9178396171875001 0.1240234375 0.9178396171875001 0.1396484375 0.9073799062499999 0.146484375 0.898227659375 0.1484375 0.8929978046875 0.1484375 0.8642336 0.1357421875 0.83416193125 0.1318359375 0.8315470046875 0.1240234375 0.8315470046875 0.1103515625 0.836776859375 0.1015625 0.8485440343749999 0.09765625 0.8590037453124999 0.095703125 0.866848528125 0.09765625 0.88776795 0.103515625 0.903457515625 0.1123046875 0.9178396171875001
0 0.1904296875 0.9073799062499999 0.2099609375 0.9073799062499999 0.21484375 0.9008425875 0.2421875 0.8459291062500001 0.240234375 0.8302395406249999 0.236328125 0.8171649015625 0.2236328125 0.800167871875 0.2099609375 0.7923230890624999 0.1943359375 0.7923230890624999 0.1865234375 0.7949380171875 0.173828125 0.811935046875 0.166015625 0.8328544687500001 0.1640625 0.8590037453124999 0.16796875 0.88253809375 0.1806640625 0.9021500515625 0.1904296875 0.9073799062499999
0 0.22265625 0.9505262140624999 0.2333984375 0.9622933890625 0.2451171875 0.96752324375 0.2646484375 0.96752324375 0.2763671875 0.9622933890625 0.287109375 0.9505262140624999 0.294921875 0.9296067921875 0.294921875 0.9008425875 0.287109375 0.8746933109375 0.28125 0.8616186718750001 0.2646484375 0.8446216421875 0.2490234375 0.8446216421875 0.2333984375 0.855081353125 0.22265625 0.8694634562499999 0.216796875 0.88776795 0.21484375 0.8956127328125 0.21484375 0.9269918640625001 0.216796875 0.9374515750000001 0.22265625 0.9505262140624999
0 0.3701171875 0.9413739671875 0.3857421875 0.9439888953125 0.3994140625 0.9387590390625 0.4111328125 0.93091425625 0.421875 0.9113022984375 0.4296875 0.88253809375 0.427734375 0.8537738890625001 0.419921875 0.8328544687500001 0.4052734375 0.8158574375000001 0.3896484375 0.8080126546875 0.3681640625 0.8158574375000001 0.3564453125 0.8263171484375 0.34375 0.8485440343749999 0.33984375 0.8616186718750001 0.337890625 0.88776795 0.341796875 0.9086873703125 0.3603515625 0.9361441109375 0.3701171875 0.9413739671875
0 0.2861328125 0.8472365703125 0.2900390625 0.8498514984375 0.3056640625 0.8498514984375 0.3095703125 0.8472365703125 0.3203125 0.8302395406249999 0.32421875 0.7962454796875 0.3203125 0.7857857703125 0.3095703125 0.7740185953125 0.3017578125 0.7714036671875 0.2900390625 0.7740185953125 0.2841796875 0.77924845 0.2734375 0.7962454796875 0.271484375 0.8040902640625 0.2734375 0.8250096843750001 0.275390625 0.8328544687500001 0.2861328125 0.8472365703125
0 0.224609375 0.7988604078125 0.2353515625 0.8080126546875 0.2431640625 0.8106275828125 0.2548828125 0.8106275828125 0.2666015625 0.8053977265625001 0.2890625 0.7700962031249999 0.291015625 0.7465618546874999 0.287109375 0.7308722875 0.275390625 0.7099528671875001 0.2685546875 0.703415546875 0.2626953125 0.7008006203125 0.2451171875 0.7008006203125 0.2353515625 0.706030475 0.224609375 0.720412578125 0.216796875 0.7361021437499999 0.21484375 0.7439469265625 0.21484375 0.77271113125 0.216796875 0.7805559140625 0.224609375 0.7988604078125
0 0.1357421875 0.8263171484375 0.1474609375 0.8289320765625 0.1533203125 0.8263171484375 0.16015625 0.8171649015625 0.1640625 0.8040902640625 0.1640625 0.7936305531250001 0.1572265625 0.77924845 0.1533203125 0.7766335234375 0.1396484375 0.7766335234375 0.12890625 0.791015625 0.126953125 0.7962454796875 0.126953125 0.80932011875 0.130859375 0.8197798296875 0.1357421875 0.8263171484375
0 0.08203125 0.8328544687500001 0.0927734375 0.8446216421875 0.1005859375 0.8472365703125 0.125 0.8223947578124999 0.126953125 0.811935046875 0.126953125 0.791015625 0.1240234375 0.7870932328125 0.1005859375 0.7740185953125 0.0908203125 0.7766335234375 0.0859375 0.7831708421875 0.080078125 0.7988604078125 0.078125 0.806705190625 0.078125 0.8197798296875 0.080078125 0.8276246125 0.08203125 0.8328544687500001
0 0.1123046875 0.78447830625 0.1240234375 0.78447830625 0.1376953125 0.7740185953125 0.14453125 0.7596364921875 0.14453125 0.7361021437499999 0.138671875 0.7230275046875 0.1279296875 0.7138752578124999 0.1142578125 0.7164901859375 0.1064453125 0.721720040625 0.09765625 0.738717071875 0.095703125 0.74917678125 0.09765625 0.7648663484375 0.099609375 0.7700962031249999 0.1123046875 0.78447830625
0 0.1982421875 0.7923230890624999 0.2119140625 0.7923230890624999 0.2158203125 0.7897081609375001 0.216796875 0.7779409859374999 0.21484375 0.7413319984375 0.2021484375 0.740024534375 0.1943359375 0.745254390625 0.1875 0.7544066375 0.1875 0.775326059375 0.19140625 0.7857857703125 0.1982421875 0.7923230890624999
0 0 0.7544066375 0.0087890625 0.7661738125 0.0205078125 0.7740185953125 0.0400390625 0.7740185953125 0.0537109375 0.7661738125 0.06640625 0.74917678125 0.07421875 0.7282573609375 0.07421875 0.7073379390625 0.060546875 0.660269240625 0.0556640625 0.6537319218750001 0.0361328125 0.65111699375 0.0146484375 0.6589617765625 0.0087890625 0.6641916328125 0 0.6759588062499999 0 0.7544066375
0 0.0283203125 0.6354274281250001 0.03125 0.6315050359375001 0.03515625 0.6184303984375 0.029296875 0.5948960484375 0.0205078125 0.5831288734375 0.0126953125 0.5778990187499999 0.0087890625 0.5778990187499999 0.0009765625 0.5831288734375 0 0.6524244578125 0.0087890625 0.6537319218750001 0.0146484375 0.65111699375 0.0283203125 0.6354274281250001
0 0.0615234375 0.61450800625 0.0654296875 0.617122934375 0.0830078125 0.617122934375 0.095703125 0.6079706875 0.103515625 0.587051265625 0.103515625 0.56613184375 0.0908203125 0.543904959375 0.0869140625 0.54129003125 0.0693359375 0.54129003125 0.0615234375 0.5465198859375 0.052734375 0.5582870609375 0.048828125 0.568746771875 0.048828125 0.5922811203125 0.052734375 0.60274083125 0.0615234375 0.61450800625
0 0.0791015625 0.71126033125 0.0947265625 0.7191051140625 0.1064453125 0.7191051140625 0.1162109375 0.7138752578124999 0.1328125 0.6942633 0.13671875 0.678573734375 0.134765625 0.6550393859375 0.12890625 0.6341199640624999 0.1201171875 0.6223527890625 0.1025390625 0.6092781515625 0.0830078125 0.617122934375 0.068359375 0.6341199640624999 0.0625 0.6498095296875 0.0625 0.6759588062499999 0.068359375 0.696878228125 0.0791015625 0.71126033125
0 0.1689453125 0.7374096078125 0.1884765625 0.7374096078125 0.1962890625 0.7321797515624999 0.208984375 0.715182721875 0.21484375 0.69949315625 0.21484375 0.6733438796875 0.20703125 0.6498095296875 0.2021484375 0.6406572828125 0.1904296875 0.6354274281250001 0.1767578125 0.6380423546875 0.1650390625 0.6458871390625001 0.154296875 0.660269240625 0.1484375 0.6759588062499999 0.146484375 0.683803590625 0.146484375 0.71256779375 0.1591796875 0.7321797515624999 0.1689453125 0.7374096078125
0 0.2392578125 0.6903409093749999 0.2509765625 0.6929558375 0.2568359375 0.6903409093749999 0.265625 0.6811886625 0.275390625 0.66288416875 0.27734375 0.6524244578125 0.27734375 0.6315050359375001 0.275390625 0.62627518125 0.267578125 0.6132005421875 0.2587890625 0.6040482953125 0.2529296875 0.6040482953125 0.2412109375 0.6092781515625 0.228515625 0.623660253125 0.22265625 0.63934981875 0.22265625 0.660269240625 0.2265625 0.6733438796875 0.2392578125 0.6903409093749999
0 0.1455078125 0.6118930781249999 0.1552734375 0.6197378609374999 0.1669921875 0.6249677171875 0.1826171875 0.6275826453125 0.1962890625 0.6223527890625 0.23046875 0.581821409375 0.234375 0.56613184375 0.234375 0.5295228562500001 0.224609375 0.5033735796875 0.220703125 0.49552879687500007 0.2138671875 0.48899147656249997 0.1962890625 0.4785317671875 0.1806640625 0.4785317671875 0.1650390625 0.48899147656249997 0.14453125 0.5216780734375 0.134765625 0.545212421875 0.1328125 0.55305720625 0.1328125 0.581821409375 0.13671875 0.5975109765625 0.1455078125 0.6118930781249999
0 0.1044921875 0.5491348140625 0.1201171875 0.5491348140625 0.13671875 0.5295228562500001 0.138671875 0.5138332906249999 0.13671875 0.49291386875 0.130859375 0.4798392296875 0.1259765625 0.4759168390625 0.1103515625 0.4759168390625 0.1044921875 0.4785317671875 0.09375 0.49029894062499996 0.087890625 0.5033735796875 0.0859375 0.5112183625 0.087890625 0.5295228562500001 0.0966796875 0.543904959375 0.1044921875 0.5491348140625
0 0.0537109375 0.4968362609375 0.0595703125 0.49945118749999995 0.0693359375 0.49945118749999995 0.0791015625 0.49422133281249997 0.091796875 0.477224303125 0.095703125 0.4667645921875 0.095703125 0.43538545937500006 0.08984375 0.422310821875 0.0751953125 0.40792871875000003 0.0654296875 0.40792871875000003 0.0517578125 0.4157735015625 0.0390625 0.440615315625 0.037109375 0.45630488125 0.0390625 0.471994446875 0.04296875 0.4824541578125 0.0537109375 0.4968362609375
0 0.1455078125 0.483761621875 0.1611328125 0.48899147656249997 0.1669921875 0.48637655 0.171875 0.4510750265625 0.171875 0.43277053125 0.1630859375 0.4262332125 0.1494140625 0.4262332125 0.13671875 0.440615315625 0.134765625 0.44584517031250004 0.134765625 0.4667645921875 0.13671875 0.471994446875 0.1455078125 0.483761621875
0 0.1611328125 0.423618284375 0.1767578125 0.428848140625 0.1884765625 0.428848140625 0.1982421875 0.423618284375 0.208984375 0.4092361828125 0.21484375 0.385701834375 0.21484375 0.367397340625 0.208984375 0.3490928453125 0.2060546875 0.34517045468749996 0.1904296875 0.337325671875 0.1708984375 0.3399405984375 0.1552734375 0.3530152375 0.150390625 0.3647824125 0.1484375 0.3726271953125 0.1484375 0.39616154375 0.154296875 0.4144660375 0.1611328125 0.423618284375
0 0.2529296875 0.428848140625 0.2841796875 0.423618284375 0.2949906125 0.3897279640625 0.30859375 0.3647824125 0.30859375 0.3490928453125 0.306640625 0.34386299062500003 0.2998046875 0.33471074375 0.265018928125 0.339581909375 0.2509765625 0.332095815625 0.2392578125 0.33471074375 0.23046875 0.3412480625 0.2265625 0.3517077734375 0.23046875 0.380471978125 0.248046875 0.422310821875 0.2529296875 0.428848140625
0 0.2236328125 0.48637655 0.23828125 0.44584517031250004 0.23828125 0.440615315625 0.234375 0.43015560468749997 0.2294921875 0.423618284375 0.2158203125 0.4210033578125 0.201171875 0.43538545937500006 0.1953125 0.4510750265625 0.19140625 0.471994446875 0.1943359375 0.4759168390625 0.2119140625 0.48637655 0.2236328125 0.48637655
0 0.2490234375 0.543904959375 0.2646484375 0.5517497421875001 0.2861328125 0.5491348140625 0.2919921875 0.543904959375 0.30859375 0.5190631453125001 0.31640625 0.4850690859375 0.314453125 0.4641496640625 0.306640625 0.44584517031250004 0.2939453125 0.428848140625 0.2841796875 0.423618284375 0.2646484375 0.423618284375 0.2607421875 0.4262332125 0.2451171875 0.4419227796875 0.232421875 0.45891980937500004 0.228515625 0.4693795203125 0.2265625 0.477224303125 0.2265625 0.508603434375 0.23046875 0.5190631453125001 0.2490234375 0.543904959375
0 0.3134765625 0.44715263437499997 0.3271484375 0.45499741718750003 0.3369140625 0.45499741718750003 0.3427734375 0.4523824890625 0.357421875 0.43277053125 0.361328125 0.422310821875 0.361328125 0.41185111093750004 0.357421875 0.3909316890625 0.35546875 0.385701834375 0.3447265625 0.37393465937500003 0.3408203125 0.37131973125 0.3251953125 0.37131973125 0.3173828125 0.37393465937500003 0.3046875 0.3883167609375 0.30078125 0.398776471875 0.30078125 0.4249257484375 0.306640625 0.4380003875 0.3134765625 0.44715263437499997
0 0.3466796875 0.5229855375 0.3544921875 0.5282153921875 0.3681640625 0.5308303203125 0.3779296875 0.525600465625 0.384765625 0.51644821875 0.390625 0.5007586515625 0.390625 0.4824541578125 0.38671875 0.4693795203125 0.3798828125 0.46022727343750003 0.3662109375 0.45499741718750003 0.3583984375 0.45499741718750003 0.3466796875 0.4628422 0.341796875 0.4693795203125 0.3359375 0.4850690859375 0.3359375 0.5033735796875 0.33984375 0.5138332906249999 0.3466796875 0.5229855375
0 0.362955490625 0.392238459375 0.373697678125 0.4040056328125 0.381510178125 0.4040056328125 0.40952150156249995 0.374904596875 0.4394931265625 0.3657474890625 0.446939865625 0.3477846875 0.446939865625 0.3268652671875 0.439127365625 0.3007159890625 0.428385178125 0.28371895937499997 0.418619553125 0.2758741765625 0.393228928125 0.2758741765625 0.387369553125 0.2784891046875 0.356119553125 0.2994085265625 0.347330490625 0.3111757 0.343424240625 0.32163541093750003 0.341471115625 0.332095121875 0.343424240625 0.3451697609375 0.357096115625 0.38177874843750004 0.362955490625 0.392238459375
0 0.4208984375 0.45761234531249995 0.4306640625 0.4628422 0.4404296875 0.4628422 0.4501953125 0.45761234531249995 0.4609375 0.44323024218749996 0.466796875 0.4275406765625 0.466796875 0.40400632812500004 0.46484375 0.39616154375 0.4541015625 0.3817794421875 0.4423828125 0.37393465937500003 0.4267578125 0.37393465937500003 0.4189453125 0.3791645140625 0.408203125 0.3935466171875 0.404296875 0.4066212546875 0.404296875 0.43277053125 0.41015625 0.44584517031250004 0.4208984375 0.45761234531249995
0 0.2939453125 0.6380423546875 0.3037109375 0.6458871390625001 0.3212890625 0.6458871390625001 0.3349609375 0.6380423546875 0.34765625 0.621045325 0.353515625 0.6001259046875 0.3515625 0.568746771875 0.3388671875 0.5491348140625 0.3212890625 0.54129003125 0.3154296875 0.54129003125 0.3037109375 0.5465198859375 0.2978515625 0.5517497421875001 0.291015625 0.5609019890625 0.28125 0.5844363375 0.279296875 0.5922811203125 0.279296875 0.6132005421875 0.287109375 0.6288901078125 0.2939453125 0.6380423546875
0 0.3740234375 0.6014333671875 0.3818359375 0.6014333671875 0.3916015625 0.5962035125 0.396484375 0.5896661937500001 0.40234375 0.5739766265624999 0.40234375 0.55305720625 0.396484375 0.5373676390625 0.3896484375 0.5308303203125 0.3720703125 0.5308303203125 0.3623046875 0.538675103125 0.353515625 0.55305720625 0.3515625 0.568746771875 0.353515625 0.581821409375 0.3642578125 0.5962035125 0.3740234375 0.6014333671875
0 0.2958984375 0.7347946796875 0.3095703125 0.7347946796875 0.3232421875 0.726949896875 0.3359375 0.702108084375 0.3359375 0.683803590625 0.33203125 0.6707289515625 0.32421875 0.6524244578125 0.3154296875 0.6458871390625001 0.2998046875 0.6458871390625001 0.2880859375 0.6537319218750001 0.283203125 0.660269240625 0.275390625 0.678573734375 0.2734375 0.6890334453125 0.275390625 0.7099528671875001 0.2900390625 0.7321797515624999 0.2958984375 0.7347946796875
0 0.3623046875 0.7714036671875 0.3740234375 0.77924845 0.3896484375 0.77924845 0.3994140625 0.7740185953125 0.41015625 0.7596364921875 0.416015625 0.7413319984375 0.416015625 0.720412578125 0.4140625 0.71256779375 0.3994140625 0.6877259812500001 0.3896484375 0.6824961265625 0.3798828125 0.6824961265625 0.3662109375 0.6903409093749999 0.357421875 0.702108084375 0.3515625 0.71779765 0.349609375 0.7282573609375 0.349609375 0.7465618546874999 0.3515625 0.7544066375 0.3623046875 0.7714036671875
0 0.3837890625 0.67465134375 0.3955078125 0.6824961265625 0.4130859375 0.6824961265625 0.4189453125 0.6798811984375 0.431640625 0.6654990953125 0.435546875 0.63934981875 0.435546875 0.6105856140625 0.4169921875 0.5883587296874999 0.3994140625 0.5883587296874999 0.3876953125 0.598818440625 0.376953125 0.6132005421875 0.373046875 0.623660253125 0.373046875 0.6524244578125 0.376953125 0.6654990953125 0.3837890625 0.67465134375
0 0.4462890625 0.8707709187500001 0.4521484375 0.873385846875 0.4677734375 0.873385846875 0.4873046875 0.8655410640625 0.49609375 0.8537738890625001 0.505859375 0.8276246125 0.505859375 0.80932011875 0.5 0.791015625 0.4912109375 0.7740185953125 0.4775390625 0.763558884375 0.4462890625 0.763558884375 0.4404296875 0.7661738125 0.43359375 0.775326059375 0.423828125 0.7988604078125 0.421875 0.806705190625 0.421875 0.8276246125 0.427734375 0.8459291062500001 0.4462890625 0.8707709187500001
0 0.5205078125 0.970138171875 0.5283203125 0.9753680265625 0.5419921875 0.9779829546875 0.5556640625 0.9727530984375001 0.56640625 0.9609859249999999 0.572265625 0.921762009375 0.56640625 0.903457515625 0.5517578125 0.8864604859374999 0.5380859375 0.8786157031249999 0.5283203125 0.8786157031249999 0.5205078125 0.8838455578125 0.509765625 0.898227659375 0.505859375 0.9086873703125 0.50390625 0.91914708125 0.50390625 0.940066503125 0.509765625 0.9557560687500001 0.5205078125 0.970138171875
0 0.5810546875 0.9989023765624999 0.640625 0.9975949125 0.6484375 0.9740605625000001 0.6484375 0.958370996875 0.640625 0.9322217203125 0.6259765625 0.9126097625 0.6142578125 0.9047649796874999 0.6025390625 0.9021500515625 0.5869140625 0.9073799062499999 0.572265625 0.9296067921875 0.5703125 0.940066503125 0.5703125 0.9740605625000001 0.576171875 0.99236505625 0.5810546875 0.9989023765624999
0 0.568359375 0.8799231656250001 0.5830078125 0.8969201968749999 0.5966796875 0.8969201968749999 0.6162109375 0.8864604859374999 0.625 0.8746933109375 0.62890625 0.8642336 0.630859375 0.8459291062500001 0.623046875 0.8250096843750001 0.6044921875 0.8053977265625001 0.5908203125 0.800167871875 0.5810546875 0.8027827999999999 0.5771484375 0.8053977265625001 0.5625 0.8276246125 0.560546875 0.8354693953125001 0.560546875 0.8563888171875 0.5625 0.8642336 0.568359375 0.8799231656250001
0 0.5146484375 0.8053977265625001 0.5419921875 0.818472365625 0.5595703125 0.818472365625 0.5693359375 0.8132425109374999 0.5771484375 0.8053977265625001 0.591796875 0.7857857703125 0.6015625 0.7596364921875 0.599609375 0.720412578125 0.59375 0.69949315625 0.5810546875 0.6824961265625 0.5732421875 0.67465134375 0.5673828125 0.6720364156249999 0.5458984375 0.67465134375 0.5185546875 0.685111053125 0.509765625 0.69949315625 0.498046875 0.7334872156250001 0.498046875 0.7517917093750001 0.505859375 0.7857857703125 0.5146484375 0.8053977265625001
0 0.4423828125 0.7504842453125 0.4501953125 0.7557141015625 0.4697265625 0.7557141015625 0.4912109375 0.7374096078125 0.49609375 0.7282573609375 0.494140625 0.6916483734375001 0.484375 0.6707289515625 0.4775390625 0.6641916328125 0.4716796875 0.6615767046875 0.4580078125 0.6615767046875 0.4521484375 0.6641916328125 0.4443359375 0.6694214875 0.4296875 0.6942633 0.427734375 0.702108084375 0.427734375 0.7230275046875 0.4296875 0.7308722875 0.4423828125 0.7504842453125
0 0.4697265625 0.6615767046875 0.4833984375 0.666806559375 0.4912109375 0.6641916328125 0.50390625 0.641964746875 0.50390625 0.623660253125 0.501953125 0.6184303984375 0.4912109375 0.6040482953125 0.4775390625 0.6040482953125 0.4716796875 0.6066632234375 0.46484375 0.6158154703125 0.4609375 0.62627518125 0.4609375 0.644579675 0.46484375 0.6550393859375 0.4697265625 0.6615767046875
0 0.4248046875 0.5962035125 0.4384765625 0.6066632234375 0.4580078125 0.6092781515625 0.4677734375 0.6040482953125 0.482421875 0.5844363375 0.490234375 0.5582870609375 0.48828125 0.5347527125 0.478515625 0.5112183625 0.4736328125 0.50468104375 0.4580078125 0.4968362609375 0.4404296875 0.4968362609375 0.4306640625 0.502066115625 0.421875 0.5112183625 0.41015625 0.5347527125 0.408203125 0.5425974953125 0.408203125 0.5609019890625 0.4140625 0.581821409375 0.4248046875 0.5962035125
0 0.4169921875 0.5177556812499999 0.435546875 0.4981437234375 0.4375 0.49291386875 0.435546875 0.4824541578125 0.4296875 0.4693795203125 0.4228515625 0.4628422 0.4130859375 0.46022727343750003 0.40234375 0.4693795203125 0.3984375 0.49552879687500007 0.40234375 0.508603434375 0.4072265625 0.5151407546875 0.4169921875 0.5177556812499999
0 0.515625 0.6471946015625 0.5302734375 0.6641916328125 0.5458984375 0.6720364156249999 0.5634765625 0.6720364156249999 0.5732421875 0.6694214875 0.5888671875 0.6589617765625 0.595703125 0.6498095296875 0.6015625 0.6367348921875 0.603515625 0.6184303984375 0.6015625 0.5948960484375 0.583984375 0.5556721328124999 0.5732421875 0.543904959375 0.5615234375 0.538675103125 0.5400390625 0.538675103125 0.5283203125 0.543904959375 0.509765625 0.56613184375 0.505859375 0.5765915546875 0.50390625 0.5975109765625 0.505859375 0.6184303984375 0.509765625 0.6341199640624999 0.515625 0.6471946015625
0 0.5244140625 0.543904959375 0.5322265625 0.538675103125 0.54296875 0.5216780734375 0.54296875 0.508603434375 0.541015625 0.5007586515625 0.5283203125 0.48637655 0.5205078125 0.483761621875 0.5107421875 0.48637655 0.5068359375 0.48899147656249997 0.498046875 0.5033735796875 0.49609375 0.5112183625 0.498046875 0.5242930015625 0.5146484375 0.543904959375 0.5244140625 0.543904959375
0 0.6044921875 0.703415546875 0.6220703125 0.703415546875 0.6328125 0.6942633 0.638671875 0.6759588062499999 0.638671875 0.6654990953125 0.634765625 0.6550393859375 0.6279296875 0.6458871390625001 0.6181640625 0.6406572828125 0.6083984375 0.6406572828125 0.6025390625 0.6432722109375 0.591796875 0.6576543125 0.58984375 0.66288416875 0.58984375 0.683803590625 0.6005859375 0.7008006203125 0.6044921875 0.703415546875
0 0.6357421875 0.7661738125 0.6435546875 0.7687887390625 0.6533203125 0.7687887390625 0.6591796875 0.7661738125 0.669921875 0.7465618546874999 0.671875 0.738717071875 0.671875 0.720412578125 0.66796875 0.7099528671875001 0.6552734375 0.6955707640625 0.6474609375 0.6929558375 0.6357421875 0.6955707640625 0.625 0.7099528671875001 0.619140625 0.7230275046875 0.619140625 0.7413319984375 0.623046875 0.7517917093750001 0.6357421875 0.7661738125
0 0.6015625 0.5896661937500001 0.6103515625 0.5962035125 0.6318359375 0.5962035125 0.6396484375 0.59097365625 0.650390625 0.5765915546875 0.654296875 0.56613184375 0.654296875 0.545212421875 0.650390625 0.5347527125 0.6337890625 0.5151407546875 0.6142578125 0.5125258265625 0.595703125 0.5347527125 0.591796875 0.545212421875 0.591796875 0.56613184375 0.595703125 0.5792064828125 0.6015625 0.5896661937500001
0 0.5556640625 0.536060175 0.5673828125 0.54129003125 0.5849609375 0.54129003125 0.5966796875 0.5334452484375001 0.60546875 0.5216780734375 0.61328125 0.5007586515625 0.611328125 0.4798392296875 0.607421875 0.471994446875 0.5966796875 0.45761234531249995 0.5849609375 0.4523824890625 0.5732421875 0.4523824890625 0.5576171875 0.46022727343750003 0.546875 0.471994446875 0.54296875 0.4824541578125 0.541015625 0.49552879687500007 0.54296875 0.508603434375 0.548828125 0.526907928125 0.5556640625 0.536060175
0 0.4814453125 0.502066115625 0.4892578125 0.502066115625 0.5048828125 0.49160640468750005 0.513671875 0.477224303125 0.517578125 0.4615347359375 0.517578125 0.45368995312499993 0.513671875 0.4380003875 0.4990234375 0.4210033578125 0.4794921875 0.4210033578125 0.4716796875 0.4262332125 0.46484375 0.43538545937500006 0.45703125 0.45368995312499993 0.455078125 0.4641496640625 0.458984375 0.4824541578125 0.4736328125 0.49945118749999995 0.4814453125 0.502066115625
0 0.4794921875 0.4157735015625 0.4833984375 0.4183884296875 0.4990234375 0.4183884296875 0.5068359375 0.41315857500000003 0.515625 0.40139139999999995 0.517578125 0.39616154375 0.517578125 0.37524212343749996 0.5029296875 0.3530152375 0.4951171875 0.350400309375 0.4833984375 0.3530152375 0.470703125 0.367397340625 0.466796875 0.37785704999999997 0.466796875 0.3909316890625 0.46875 0.40139139999999995 0.4794921875 0.4157735015625
0 0.4619140625 0.34778538281250004 0.4775390625 0.355630165625 0.4970703125 0.350400309375 0.509765625 0.33601820781249997 0.513671875 0.328173425 0.515625 0.30202414843750003 0.509765625 0.2784897984375 0.5029296875 0.2693375515625 0.4892578125 0.26149276875 0.4736328125 0.25887784062499997 0.4638671875 0.264107696875 0.453125 0.2758748703125 0.447265625 0.2915644375 0.447265625 0.3203286421875 0.453125 0.33601820781249997 0.4619140625 0.34778538281250004
0 0.5361328125 0.3608600203125 0.5576171875 0.35824509375 0.572265625 0.3412480625 0.576171875 0.325558496875 0.576171875 0.30202414843750003 0.572265625 0.28894950937499997 0.5576171875 0.27456740625 0.5478515625 0.2719524796875 0.5361328125 0.27456740625 0.5263671875 0.2797972625 0.515625 0.29679429218750003 0.513671875 0.328173425 0.51953125 0.34386299062500003 0.5322265625 0.35824509375 0.5361328125 0.3608600203125
0 0.5361328125 0.4523824890625 0.5478515625 0.45761234531249995 0.5654296875 0.45499741718750003 0.5830078125 0.4419227796875 0.58984375 0.43015560468749997 0.59375 0.417080965625 0.59375 0.39616154375 0.58984375 0.38308690625 0.5751953125 0.3634749484375 0.5673828125 0.35824509375 0.5498046875 0.35824509375 0.5380859375 0.3634749484375 0.529296875 0.3726271953125 0.51953125 0.3935466171875 0.517578125 0.40139139999999995 0.51953125 0.4249257484375 0.525390625 0.4380003875 0.5361328125 0.4523824890625
0 0.6044921875 0.3399405984375 0.6220703125 0.3399405984375 0.6318359375 0.33471074375 0.642578125 0.3203286421875 0.650390625 0.2994092203125 0.650390625 0.270645015625 0.6484375 0.2628002328125 0.6376953125 0.24841812968750002 0.6298828125 0.243188275 0.6201171875 0.24057334687499998 0.6005859375 0.24057334687499998 0.583984375 0.2601853046875 0.576171875 0.2784897984375 0.57421875 0.2915644375 0.578125 0.31509878593749996 0.5888671875 0.3294808890625 0.6044921875 0.3399405984375
0 0.6337890625 0.41315857500000003 0.6474609375 0.4183884296875 0.6591796875 0.4157735015625 0.6630859375 0.41315857500000003 0.6796875 0.3883167609375 0.681640625 0.3700122671875 0.677734375 0.3517077734375 0.6708984375 0.3399405984375 0.6591796875 0.332095815625 0.6416015625 0.332095815625 0.6259765625 0.34517045468749996 0.619140625 0.3569376296875 0.6171875 0.362167484375 0.6171875 0.3909316890625 0.62109375 0.398776471875 0.6337890625 0.41315857500000003
0 0.6669921875 0.32686596093750003 0.6806640625 0.32686596093750003 0.6845703125 0.3242510328125 0.693359375 0.3124838578125 0.697265625 0.2994092203125 0.697265625 0.28894950937499997 0.6953125 0.2837196546875 0.6826171875 0.2719524796875 0.6689453125 0.2719524796875 0.6611328125 0.277182334375 0.654296875 0.28633458125 0.65234375 0.2915644375 0.65234375 0.307254003125 0.654296875 0.3124838578125 0.6669921875 0.32686596093750003
0 0.7236328125 0.3242510328125 0.7373046875 0.3294808890625 0.7470703125 0.3294808890625 0.7607421875 0.3242510328125 0.7734375 0.30986893125 0.77734375 0.2994092203125 0.78125 0.2784897984375 0.78125 0.2680300875 0.775390625 0.25495545000000003 0.7607421875 0.24057334687499998 0.7470703125 0.2353434921875 0.7353515625 0.2353434921875 0.7158203125 0.24841812968750002 0.705078125 0.2628002328125 0.701171875 0.27325994374999996 0.703125 0.2941793640625 0.7109375 0.3124838578125 0.7236328125 0.3242510328125
0 0.6904296875 0.38700929687499996 0.7158203125 0.39485408125 0.7216796875 0.392239153125 0.73046875 0.380471978125 0.734375 0.3647824125 0.734375 0.3543227015625 0.732421875 0.34647791875 0.7197265625 0.332095815625 0.7080078125 0.32686596093750003 0.7001953125 0.32686596093750003 0.6884765625 0.33471074375 0.681640625 0.34386299062500003 0.6796875 0.3490928453125 0.6796875 0.362167484375 0.685546875 0.380471978125 0.6904296875 0.38700929687499996
0 0.6845703125 0.46022727343750003 0.7001953125 0.46022727343750003 0.7060546875 0.45761234531249995 0.720703125 0.440615315625 0.72265625 0.43277053125 0.72265625 0.4092361828125 0.720703125 0.40400632812500004 0.7080078125 0.389624225 0.7001953125 0.38700929687499996 0.6865234375 0.38700929687499996 0.6787109375 0.392239153125 0.66796875 0.41185111093750004 0.666015625 0.41969589375 0.666015625 0.43538545937500006 0.669921875 0.44584517031250004 0.6845703125 0.46022727343750003
0 0.7509765625 0.3765495875 0.7607421875 0.3817794421875 0.7685546875 0.3817794421875 0.7783203125 0.37393465937500003 0.783203125 0.3647824125 0.78515625 0.3543227015625 0.78125 0.3386331359375 0.7705078125 0.32686596093750003 0.7548828125 0.32686596093750003 0.7509765625 0.3294808890625 0.7421875 0.3412480625 0.7421875 0.35955255625000004 0.74609375 0.3700122671875 0.7509765625 0.3765495875
0 0.7451171875 0.46022727343750003 0.7529296875 0.465457128125 0.7705078125 0.465457128125 0.7841796875 0.45761234531249995 0.791015625 0.44846009843749995 0.796875 0.43277053125 0.796875 0.4144660375 0.791015625 0.39616154375 0.7880859375 0.392239153125 0.7744140625 0.3843943703125 0.7548828125 0.3843943703125 0.7412109375 0.39485408125 0.732421875 0.4092361828125 0.73046875 0.4144660375 0.73046875 0.43538545937500006 0.734375 0.44584517031250004 0.7451171875 0.46022727343750003
0 0.8076171875 0.3634749484375 0.8134765625 0.36608987656249997 0.8310546875 0.35824509375 0.83984375 0.34386299062500003 0.83984375 0.328173425 0.8359375 0.31771371406250004 0.8291015625 0.3085614671875 0.8212890625 0.3033316109375 0.8115234375 0.3033316109375 0.794921875 0.31509878593749996 0.79296875 0.325558496875 0.794921875 0.3490928453125 0.7998046875 0.35824509375 0.8076171875 0.3634749484375
0 0.8095703125 0.44453770625000005 0.8291015625 0.44976756250000005 0.8388671875 0.44976756250000005 0.8583984375 0.43930785156249996 0.869140625 0.4249257484375 0.87109375 0.41969589375 0.87109375 0.3935466171875 0.86328125 0.37785704999999997 0.8544921875 0.36608987656249997 0.8486328125 0.3608600203125 0.8408203125 0.35824509375 0.8291015625 0.35824509375 0.8095703125 0.368704803125 0.79296875 0.3909316890625 0.79296875 0.40139139999999995 0.798828125 0.43015560468749997 0.8095703125 0.44453770625000005
0 0.77734375 0.5373676390625 0.7861328125 0.5491348140625 0.7978515625 0.559594525 0.8115234375 0.5648243796875 0.8271484375 0.562209453125 0.8447265625 0.5491348140625 0.859375 0.5295228562500001 0.861328125 0.5216780734375 0.861328125 0.49291386875 0.859375 0.4850690859375 0.853515625 0.471994446875 0.8427734375 0.45761234531249995 0.8330078125 0.44976756250000005 0.8212890625 0.44715263437499997 0.8037109375 0.44715263437499997 0.7978515625 0.44976756250000005 0.7822265625 0.4628422 0.771484375 0.4824541578125 0.76953125 0.4876840140625 0.76953125 0.5138332906249999 0.771484375 0.5216780734375 0.77734375 0.5373676390625
0 0.7021484375 0.543904959375 0.7255859375 0.5517497421875001 0.7373046875 0.5491348140625 0.7470703125 0.543904959375 0.76171875 0.51644821875 0.76171875 0.49291386875 0.7578125 0.4798392296875 0.7470703125 0.465457128125 0.7333984375 0.45499741718750003 0.7158203125 0.45499741718750003 0.6943359375 0.465457128125 0.68359375 0.4798392296875 0.68359375 0.5059885078125 0.6953125 0.5373676390625 0.7021484375 0.543904959375
0 0.6591796875 0.6903409093749999 0.6767578125 0.703415546875 0.7001953125 0.708645403125 0.7099609375 0.708645403125 0.7255859375 0.703415546875 0.7373046875 0.6955707640625 0.75 0.678573734375 0.76171875 0.6471946015625 0.763671875 0.6158154703125 0.7578125 0.5896661937500001 0.7412109375 0.5648243796875 0.7333984375 0.556979596875 0.7197265625 0.5491348140625 0.7080078125 0.5465198859375 0.6806640625 0.5465198859375 0.6708984375 0.5517497421875001 0.66015625 0.5609019890625 0.63671875 0.6001259046875 0.634765625 0.6315050359375001 0.63671875 0.6471946015625 0.64453125 0.6681140234375 0.6591796875 0.6903409093749999
0 0.7080078125 0.800167871875 0.7177734375 0.8053977265625001 0.7294921875 0.8080126546875 0.7392578125 0.8053977265625001 0.7470703125 0.800167871875 0.75390625 0.791015625 0.7578125 0.7805559140625 0.759765625 0.74917678125 0.751953125 0.7282573609375 0.7431640625 0.7164901859375 0.7314453125 0.708645403125 0.7158203125 0.708645403125 0.7021484375 0.7164901859375 0.69140625 0.7308722875 0.6875 0.7465618546874999 0.6875 0.7622514203125 0.693359375 0.7805559140625 0.7080078125 0.800167871875
0 0.6513671875 0.9099948343750001 0.6630859375 0.9152246906249999 0.6728515625 0.9152246906249999 0.6865234375 0.9073799062499999 0.69140625 0.9008425875 0.697265625 0.88253809375 0.697265625 0.8563888171875 0.69140625 0.8406992515624999 0.6806640625 0.8263171484375 0.6728515625 0.82108729375 0.6572265625 0.818472365625 0.6435546875 0.8263171484375 0.63671875 0.8380843234375 0.6328125 0.8511589624999999 0.6328125 0.8746933109375 0.634765625 0.885153021875 0.6513671875 0.9099948343750001
0 0.7333984375 0.9779829546875 0.7431640625 0.9858277375 0.7685546875 0.9884426656249999 0.7841796875 0.9832128093750001 0.806640625 0.9662157796875 0.810546875 0.9269918640625001 0.810546875 0.8929978046875 0.80078125 0.8694634562499999 0.7783203125 0.8446216421875 0.7568359375 0.83416193125 0.7333984375 0.836776859375 0.7216796875 0.8446216421875 0.70703125 0.8642336 0.701171875 0.8773082390625 0.69921875 0.903457515625 0.705078125 0.9348366484374999 0.712890625 0.9531411421874999 0.7333984375 0.9779829546875
0 0.8349609375 0.9910575937500001 0.8466796875 0.9989023765624999 0.8837890625 0.9989023765624999 0.8984375 0.9845202734375 0.904296875 0.9662157796875 0.90625 0.9426814312499999 0.90234375 0.921762009375 0.8984375 0.9113022984375 0.8857421875 0.8916903406250001 0.8662109375 0.876000775 0.8525390625 0.876000775 0.8310546875 0.8916903406250001 0.8203125 0.90607244375 0.814453125 0.921762009375 0.814453125 0.9531411421874999 0.8203125 0.9714456359374999 0.8349609375 0.9910575937500001
0 0.7822265625 0.8446216421875 0.8076171875 0.873385846875 0.8134765625 0.876000775 0.8291015625 0.876000775 0.8603515625 0.8681559921875 0.869140625 0.8537738890625001 0.875 0.8276246125 0.875 0.791015625 0.87109375 0.7674812765625 0.865234375 0.74917678125 0.859375 0.738717071875 0.8525390625 0.7321797515624999 0.8427734375 0.726949896875 0.8369140625 0.726949896875 0.8154296875 0.729564825 0.8037109375 0.7347946796875 0.7822265625 0.7504842453125 0.7734375 0.7622514203125 0.765625 0.7779409859374999 0.76171875 0.7884006968749999 0.76171875 0.806705190625 0.765625 0.8197798296875 0.7822265625 0.8446216421875
0 0.9228515625 0.8786157031249999 0.9345703125 0.8707709187500001 0.9453125 0.8563888171875 0.94921875 0.8433141781250001 0.94921875 0.8250096843750001 0.9453125 0.806705190625 0.9375 0.7884006968749999 0.9267578125 0.7766335234375 0.9208984375 0.7714036671875 0.9033203125 0.7661738125 0.8857421875 0.7766335234375 0.880859375 0.7831708421875 0.876953125 0.7936305531250001 0.873046875 0.8537738890625001 0.8837890625 0.8681559921875 0.9013671875 0.8786157031249999 0.9228515625 0.8786157031249999
0 0.9638671875 0.93091425625 0.9794921875 0.9439888953125 0.9853515625 0.946603821875 0.9990234375 0.946603821875 1 0.8459291062500001 0.9951171875 0.842006715625 0.9794921875 0.842006715625 0.9658203125 0.8472365703125 0.955078125 0.8563888171875 0.94921875 0.8746933109375 0.947265625 0.8956127328125 0.951171875 0.9113022984375 0.955078125 0.91914708125 0.9638671875 0.93091425625
0 0.9990234375 1 1 0.9505262140624999 0.9931640625 0.951833678125 0.984375 0.9636008515625001 0.982421875 0.9740605625000001 0.984375 0.99236505625 0.9931640625 1 0.9990234375 1
0 0.9140625 0.71256779375 0.9267578125 0.729564825 0.9423828125 0.7426394625 0.9619140625 0.7504842453125 0.9912109375 0.7504842453125 1 0.7439469265625 0.9990234375 0.5935885843750001 0.9755859375 0.5778990187499999 0.9501953125 0.5778990187499999 0.9443359375 0.580513946875 0.9189453125 0.6040482953125 0.90625 0.623660253125 0.90234375 0.641964746875 0.90234375 0.6733438796875 0.904296875 0.683803590625 0.9140625 0.71256779375
0 0.7880859375 0.7138752578124999 0.8076171875 0.726949896875 0.8486328125 0.72433496875 0.8642578125 0.7138752578124999 0.8828125 0.6890334453125 0.884765625 0.683803590625 0.888671875 0.66288416875 0.888671875 0.6341199640624999 0.88671875 0.62627518125 0.87890625 0.605355759375 0.8564453125 0.5752840906250001 0.8349609375 0.5674393078125 0.8173828125 0.5674393078125 0.7958984375 0.5726691625 0.7861328125 0.5778990187499999 0.765625 0.6079706875 0.763671875 0.6576543125 0.76953125 0.6811886625 0.775390625 0.696878228125 0.7880859375 0.7138752578124999
0 0.8798828125 0.6040482953125 0.8896484375 0.6118930781249999 0.9150390625 0.6066632234375 0.9287109375 0.5962035125 0.939453125 0.5765915546875 0.94140625 0.56613184375 0.94140625 0.550442278125 0.939453125 0.5399825671875 0.93359375 0.526907928125 0.9208984375 0.5099108984375 0.9130859375 0.50468104375 0.8974609375 0.502066115625 0.8779296875 0.5072959703125 0.8662109375 0.5151407546875 0.857421875 0.5347527125 0.85546875 0.5425974953125 0.85546875 0.563516915625 0.859375 0.5739766265624999 0.8798828125 0.6040482953125
0 0.9951171875 0.5857438015625 0.9990234375 0.5857438015625 0.9990234375 0.4706869828125 0.986328125 0.4798392296875 0.97265625 0.5033735796875 0.96875 0.51644821875 0.966796875 0.5347527125 0.97265625 0.5556721328124999 0.9873046875 0.5778990187499999 0.9951171875 0.5857438015625
0 0.9306640625 0.50468104375 0.9482421875 0.50468104375 0.9541015625 0.502066115625 0.966796875 0.4850690859375 0.970703125 0.4693795203125 0.970703125 0.45368995312499993 0.96484375 0.43538545937500006 0.9521484375 0.4210033578125 0.9423828125 0.4183884296875 0.9326171875 0.4183884296875 0.91796875 0.4275406765625 0.908203125 0.477224303125 0.912109375 0.4876840140625 0.9248046875 0.502066115625 0.9306640625 0.50468104375
0 0.8837890625 0.4706869828125 0.8876953125 0.4733019109375 0.9072265625 0.4733019109375 0.9140625 0.4641496640625 0.916015625 0.45891980937500004 0.91796875 0.43538545937500006 0.9130859375 0.4262332125 0.8994140625 0.4183884296875 0.8896484375 0.4183884296875 0.8837890625 0.4210033578125 0.875 0.43277053125 0.873046875 0.4380003875 0.873046875 0.44846009843749995 0.876953125 0.4615347359375 0.8837890625 0.4706869828125
0 0.8935546875 0.4183884296875 0.9169921875 0.4262332125 0.9306640625 0.4183884296875 0.9375 0.4066212546875 0.939453125 0.398776471875 0.939453125 0.380471978125 0.9375 0.37524212343749996 0.9248046875 0.3608600203125 0.9072265625 0.35824509375 0.8994140625 0.3608600203125 0.888671875 0.3700122671875 0.884765625 0.380471978125 0.884765625 0.40139139999999995 0.888671875 0.41185111093750004 0.8935546875 0.4183884296875