0 0.12254502187500001 0.8213161921875001 0.13922091406249998 0.8348840515625 0.16041922343749998 0.8346373874999999 0.16326944375000002 0.83261746875 0.17317396875 0.81811036875 0.1764710109375 0.8076052062500001 0.176599584375 0.8039403296875 0.17509179218749998 0.77805254375 0.174643384375 0.776226071875 0.170127925 0.765811815625 0.1627589296875 0.7567391125 0.1505832734375 0.7490306875 0.138712221875 0.7465521234375 0.12549725312499999 0.754555990625 0.1209951953125 0.7611501281249999 0.116049634375 0.776907871875 0.11787726093749999 0.8082870062499999 0.12254502187500001 0.8213161921875001
0 0.139093328125 0.62641935625 0.129188803125 0.64092645625 0.1258917609375 0.6514316171875 0.131195534375 0.7089373015625 0.1355586921875 0.7167366296875 0.149091665625 0.7309710093749999 0.150927996875 0.7315529375 0.18668754375000002 0.7311368375 0.1992637078125 0.71992040625 0.2037657640625 0.7133262703125001 0.20706280625 0.7028211046874999 0.2100552421875 0.6870860875 0.2091414296875 0.6713965203125001 0.20416906406250002 0.6531374796875 0.18190977656250001 0.623304440625 0.171839546875 0.6181882187500001 0.154261421875 0.6183927578125 0.139093328125 0.62641935625
0 0.23409952031249998 0.8916317203125 0.2482579296875 0.8815978156250001 0.261916403125 0.8644303343749999 0.2680983546875 0.8447331531250001 0.26642303125 0.8159689468750001 0.2579565453125 0.7964422156250001 0.23235010156250002 0.7696944796875 0.2215612984375 0.7698200187500001 0.203407946875 0.782685096875 0.196052353125 0.7906207843749999 0.1882532546875 0.8077200859375001 0.185108515625 0.8208401765625 0.183612296875 0.8287076859375 0.1848307140625 0.8496271078125 0.189650778125 0.8652712203125 0.1941662359375 0.8756854781250001 0.2111396375 0.8918988828125001 0.23409952031249998 0.8916317203125
0 0.254113690625 0.790190646875 0.2614143140625 0.7911266125 0.2621202171875 0.7912378984374999 0.2728294515625 0.791113284375 0.2833762390625 0.7781897296875 0.2883218015625 0.76243198125 0.2872556859375 0.744127490625 0.2827402265625 0.7337132296875 0.277476659375 0.7272327296875 0.2653010015625 0.719524303125 0.2535822515625 0.7196606625 0.24412123125 0.725004153125 0.2378183515625 0.7342359421875 0.23317739531249998 0.7552235484375001 0.23393890625 0.7682981859375 0.24777648437500002 0.7877624203125 0.254113690625 0.790190646875
0 0.2091489578125 0.69501538125 0.21651795156250003 0.704088084375 0.22276833125 0.707263615625 0.24654280625 0.706986975 0.24792025468749998 0.706339384375 0.2578247796875 0.691832284375 0.26161637656250003 0.679751346875 0.260088278125 0.6535149046875001 0.2547787359375 0.6395337328124999 0.24951516875 0.63305323125 0.24139806406250003 0.62791428125 0.22577306406250003 0.6280960953125 0.22006599062499999 0.630779203125 0.2145112203125 0.6360772359375 0.20475899687500002 0.653199265625 0.203262778125 0.661066775 0.2041765921875 0.676756340625 0.2091489578125 0.69501538125
0 0.2785019484375 0.9075857218750001 0.2927830328125 0.917886346875 0.2955550859375 0.9190606812500001 0.311705484375 0.9188727546875001 0.3290606578125 0.8981404578125 0.326224175 0.8494399375 0.3110422578125 0.8287060859375 0.302925153125 0.8235671359375001 0.2930072265625 0.8210658390625 0.285347028125 0.8237716765625 0.27603830937499996 0.831730090625 0.26958312812499996 0.83834695625 0.2649421703125 0.8593345546875 0.26631289062499997 0.88286890625 0.27323838125 0.9011052203125001 0.2785019484375 0.9075857218750001
0 0.298877175 0.811112228125 0.3125624515625 0.8279615359375001 0.32017098593750004 0.8327785078125001 0.3387280828125 0.8325625765625 0.353273471875 0.82225441875 0.361224871875 0.8077700484375001 0.3637774 0.7962268671875 0.361599478125 0.7588334 0.360131953125 0.755448765625 0.35576879687499996 0.7476494375 0.3464466765625 0.7385994593749999 0.338481875 0.7360754390625 0.326763125 0.7362117984375 0.30948960468750003 0.7416461953125 0.3013859015625 0.7535156390625 0.29479181875 0.7745259671875 0.2940571109375 0.7954681156250001 0.298877175 0.811112228125
0 0.337343784375 0.6074762687499999 0.3313321078125 0.604929525 0.3078946078125 0.6052022453125 0.302187534375 0.6078853484375 0.292878815625 0.615843765625 0.282974290625 0.630350865625 0.2763802078125 0.651361196875 0.2761024078125 0.680148128125 0.278664740625 0.6905851078125 0.2831802 0.700999365625 0.292806925 0.7152792015625 0.3112988625 0.7307642265625 0.3175379484375 0.7327413734375 0.343937703125 0.732434184375 0.3484082375 0.7303324203125 0.3559161328125 0.725011659375 0.365820659375 0.710504559375 0.37256704375 0.692109159375 0.37391095937499996 0.6816267218750001 0.3725402390625 0.6580923703125 0.369825603125 0.6450404609375 0.363052415625 0.629419071875 0.3556834203125 0.62034636875 0.337343784375 0.6074762687499999
0 0.3665673109375 0.8743287390625 0.37874296875 0.8820371625 0.39436796875 0.88185535 0.40382898906250003 0.876511859375 0.41142699374999997 0.8626712390625 0.40906923281249996 0.8221900453125001 0.3977637046875 0.805931540625 0.3896466 0.800792590625 0.3740216 0.8009744031249999 0.36831452656249997 0.8036575125000001 0.3582577 0.8155496828125001 0.3533121375 0.8313074296874999 0.3528462140625 0.8501530890625 0.353181278125 0.85590593125 0.3549874625 0.8600716343749999 0.3665673109375 0.8743287390625
0 0.46857054375 0.8672914 0.4769654484375 0.8436434187499999 0.4755947296875 0.8201090687500001 0.46686841562500003 0.804510409375 0.4575462953125 0.7954604328125 0.45153461874999995 0.792913684375 0.434111021875 0.7908001625 0.431420059375 0.790831475 0.42809711874999995 0.7931864046875 0.42179423906249996 0.8024181953125 0.41144620937500004 0.8260889046875001 0.412360021875 0.8417784703125 0.41959011718749994 0.8652446406250001 0.4227482578125 0.869132940625 0.43171886718749997 0.8710892749999999 0.4442743734375 0.8813683203125 0.4590773171875 0.881196071875 0.46857054375 0.8672914
0 0.3987356453125 0.8052838234375 0.4140424875 0.8051057109374999 0.41679386249999995 0.8038121874999999 0.42504986875000006 0.7945576703125 0.4299954296875 0.7787999250000001 0.4289293140625 0.7604954312500001 0.424261553125 0.7474662453125 0.41674025625000005 0.7357786140625 0.4105762765625 0.7306169390624999 0.40456459999999994 0.728070190625 0.394798975 0.7281838234375 0.37798236093750004 0.741463003125 0.37348030312499997 0.7480571390625 0.37515562812500003 0.77682134375 0.38961666250000004 0.7858483734374999 0.3987356453125 0.8052838234375
0 0.379373496875 0.657966821875 0.3955112421875 0.6692917140625 0.4161779 0.6690512359375 0.42279915468749996 0.66531161875 0.43825845 0.645506484375 0.4399069703125 0.640253903125 0.443812084375 0.613343678125 0.44354809531250006 0.6088111359374999 0.43866174999999996 0.5853176953125 0.4228710453125 0.5658761875 0.4087422640625 0.558190490625 0.38921101406249997 0.55841775625 0.3759960453125 0.566421628125 0.36609152031250003 0.5809287265624999 0.3616178109375 0.5980765531250001 0.36360789375 0.6322449437500001 0.36553591875 0.6385025875 0.379373496875 0.657966821875
0 0.47772887031250005 0.7661480593750001 0.47649314531250003 0.7449314874999999 0.47502562187499997 0.741546853125 0.46765662656250007 0.73247415 0.46051157031249995 0.7279506062500001 0.45723706875000003 0.727988709375 0.4499261984375 0.7300637625 0.43986937187499997 0.741955934375 0.43657232968750004 0.7524610984375 0.4370292359375 0.76030588125 0.441696996875 0.773335065625 0.44906599218750004 0.78240776875 0.45357846406249996 0.784319403125 0.45844921406249994 0.7842627265625 0.46859724218750004 0.7821805015625001 0.47772887031250005 0.7661480593750001
0 0.48058440625000004 0.7681964921875 0.4764003546875 0.797028875 0.479571896875 0.81792556875 0.48649738749999993 0.8361618828124999 0.5001826640625 0.8530111890625 0.5091049921875 0.86028768125 0.5368204390625 0.8599651828124999 0.5472099671875 0.855080678125 0.55531366875 0.8432112328124999 0.5619077515625001 0.82220090625 0.56203325 0.7907990468749999 0.5569085828125 0.769925078125 0.5409655765625 0.7478686437500001 0.5268367953124999 0.740182946875 0.5112117953124999 0.740364759375 0.494242878125 0.7510290109375 0.48058440625000004 0.7681964921875
0 0.49186761093750003 0.7446427515625 0.5016332359375 0.7445291171874999 0.509293434375 0.7418232859375 0.515026771875 0.7353965375 0.512834465625 0.6977561062500001 0.512563671875 0.697301334375 0.5002357140625 0.686977984375 0.49437633906249995 0.687046165625 0.488669265625 0.6897292703125 0.48236638593750003 0.6989610609375 0.47757312656249995 0.717333734375 0.47803003281249995 0.7251785203125001 0.4825454921875 0.735592775 0.48780905937499996 0.7420732796875 0.49186761093750003 0.7446427515625
0 0.1771063484375 0.59116765625 0.1858326625 0.6067663171875 0.197260209375 0.61840849375 0.21325896093750002 0.62450564375 0.22847806249999997 0.624328553125 0.2364750109375 0.6205688890625 0.250133484375 0.603401409375 0.2601769109375 0.57450084375 0.2585015859375 0.5457366390625 0.25383382499999996 0.532707453125 0.23593769375 0.5106737453125 0.22586746406249997 0.5055575234374999 0.20438308906249997 0.5058075171875 0.19492206875 0.51115100625 0.1794627734375 0.5309561406250001 0.1745172109375 0.5467138859375 0.1730209921875 0.5545813953125001 0.1746963171875 0.5833456 0.1771063484375 0.59116765625
0 0.28228628125 0.600920996875 0.30212213593750004 0.6059235859375 0.3078292078125 0.603240478125 0.323136203125 0.5808204156250001 0.32573262187499996 0.572547596875 0.32467983437500003 0.5544719140625001 0.321003971875 0.544211428125 0.3092718203125 0.5273393937499999 0.29920159062499996 0.522223171875 0.27967034062499996 0.5224504375000001 0.2721624453125 0.5277712015625 0.262410221875 0.5448932281250001 0.2616755140625 0.5658353765624999 0.2642378484375 0.5762723609375 0.26875330625 0.58668661875 0.28228628125 0.600920996875
0 0.34949357187499996 0.561049996875 0.3615169265625 0.566143490625 0.3673763015625 0.5660753109375001 0.38254439375 0.558048715625 0.388847275 0.548816925 0.3937928359375 0.5330591796874999 0.3927267203125 0.5147546859375 0.388058959375 0.5017254999999999 0.3764791109375 0.4874683953125 0.36640888125000004 0.48235217031250005 0.35273700625000004 0.48251125625 0.3432759859375 0.4878547484375 0.333371459375 0.502361846875 0.3302267203125 0.5154819390625 0.3312928359375 0.5337864328124999 0.335960596875 0.5468156171875 0.34949357187499996 0.561049996875
0 0.3139802203125 0.42445718593750004 0.32950621875 0.4370894703125 0.355168934375 0.43679085625 0.360411715625 0.43307535625 0.370316240625 0.41856825625000005 0.37361328125000004 0.4080630921875 0.3751095 0.4001955828125 0.3738910828125 0.3792761609375 0.3714810515625 0.3714541046875 0.3669655921875 0.361039846875 0.353280315625 0.344190540625 0.3472686390625 0.3416437921875 0.3296905140625 0.34184833281250004 0.323983440625 0.344531440625 0.3139266125 0.3564236125 0.305227103125 0.37484173906249996 0.3046446984375 0.3983988140625 0.3139802203125 0.42445718593750004
0 0.3773754671875 0.4852410359375 0.3891314890625 0.49268378906250004 0.40381308125000004 0.492512953125 0.41463714375 0.48742415625 0.42454610312499996 0.4704764265625 0.42254567187500003 0.43613036093749996 0.4106772875 0.41943603749999997 0.40256018281249994 0.41429708906249996 0.3965485046875 0.4117503390625 0.3867828796875 0.411863971875 0.3810758078125 0.4145470828125 0.37462062500000004 0.4211639421875 0.36607341875 0.442197 0.36729183593750003 0.46311641875 0.3698541703125 0.4735534046875 0.3773754671875 0.4852410359375
0 0.436124365625 0.5350411625 0.4541727984375 0.5596898 0.46634845468749997 0.5673982234375 0.480324934375 0.5724689921875 0.495949934375 0.5722871796875 0.5072117781250001 0.564306034375 0.5153154796875 0.5524365890625 0.5292651562499999 0.523490571875 0.534540421875 0.5066823125 0.531839596875 0.4603109265625 0.526649215625 0.44502001562500004 0.5129639390625 0.4281707109375 0.49282347968750007 0.41793826406249995 0.473139928125 0.415550603125 0.4444522609375 0.4263512140625 0.434395434375 0.4382433875 0.42929757031250004 0.45138620312500005 0.4248089140625 0.47498873281250004 0.42678884375 0.5089827921875 0.436124365625 0.5350411625
0 0.45439373437499997 0.6557637265625 0.45680376562499997 0.663585784375 0.4685359171875 0.680457815625 0.4790004671875 0.6870829359374999 0.5040531140625 0.686791421875 0.5154109171875 0.679912375 0.5209656875 0.674614340625 0.5307179109375 0.6574923140625 0.533061021875 0.642353609375 0.53244800625 0.631828525 0.530386503125 0.6182456703125 0.5236133140625 0.6026242875000001 0.512033465625 0.58836718125 0.4979046828125 0.580681484375 0.4824319859375 0.583478225 0.46921701718750003 0.5914820953125 0.4629141375 0.600713884375 0.4545192328125 0.6243618671875 0.4530230140625 0.632229378125 0.45439373437499997 0.6557637265625
0 0.463034725 0.406478240625 0.461222328125 0.3753606015625 0.455906125 0.36881529375 0.44251981249999994 0.35916005 0.429237425 0.35931460312499997 0.41789633750000005 0.370565928125 0.4127984734375 0.3837087453125 0.41355998437499997 0.396783384375 0.41597001718750004 0.40460544218749994 0.42965529374999994 0.4214547484375 0.4341603421875 0.4233632375 0.4468628859375 0.4232154296875 0.45684674062499997 0.4185216484375 0.46299731875 0.40667492968749996 0.463034725 0.406478240625
0 0.4479029875 0.360599590625 0.4615748625 0.360440503125 0.47674295468750005 0.35241390781250004 0.48304583437500004 0.34318211718749997 0.485477403125 0.3354345578125 0.48321381093750004 0.2965701953125 0.4774374578125 0.28044657968750003 0.45984593125 0.263642725 0.43070135781249996 0.266598553125 0.4188437078125 0.28112837968750004 0.41405044843749994 0.299501053125 0.41572577187500004 0.32826525625 0.41813580312500004 0.3360873140625 0.427762528125 0.3503671453125 0.4339265078125 0.355528821875 0.4479029875 0.360599590625
0 0.5156462140625 0.370198171875 0.5132800046875 0.36396743125 0.5080164359375 0.3574869265625 0.5029250656250001 0.355330053125 0.4918780265625 0.35545859687500003 0.4839831296875 0.36430833125 0.48233460937499995 0.36956091406249997 0.47619743281250004 0.3984160234375 0.47665433906250004 0.40626080781249996 0.4882341890625 0.4205179125 0.4916714328125 0.42269403437499997 0.5068382921875 0.42251755312499994 0.5116716890624999 0.4202451921875 0.5180195890625 0.4109474609375 0.5156462140625 0.370198171875
0 0.5181648640625001 0.35510711875 0.5442161953125 0.3704851765625 0.5502634343749999 0.3704148109375 0.5619137546874999 0.3533506546875 0.5673602859375 0.331286328125 0.5766855015625 0.317546190625 0.5738286734375 0.26849635312500003 0.5693546406250001 0.262987925 0.5573312875 0.2578944328125 0.5344736796875 0.2642875140625 0.49693671406249995 0.2612138859375 0.4924346578125 0.26780802187499997 0.4909384390625 0.27567553125 0.49200455468750004 0.29398002343749996 0.507027453125 0.3210355203125 0.5148434015625 0.3439155296875 0.5181648640625001 0.35510711875
0 0.523004665625 0.45375325625 0.5296255515625 0.46675971875 0.5412054015625001 0.48101682187500006 0.555486484375 0.49131744531250005 0.558512625 0.4922764203125 0.5787087703125 0.492041415625 0.5865841828125 0.488338890625 0.6057974265625 0.46587337812499996 0.6138745375 0.44599713906250005 0.611134621875 0.3989545921875 0.6072400375 0.3899722921875 0.58934390625 0.3679385828125 0.5791213749999999 0.360207434375 0.5592855203125 0.35520484531249996 0.5457659484375 0.357978859375 0.530902459375 0.3712353109375 0.5214548406249999 0.39358719375 0.5187670078125 0.41455206718750004 0.520594634375 0.44593119999999997 0.523004665625 0.45375325625
0 0.5531670203125 0.6352160890625 0.5561194046875 0.636151690625 0.5748032953125 0.6359342828125001 0.582159290625 0.6296453328125 0.5919115140625 0.6125233078125001 0.5934077328125 0.604655796875 0.5917324078124999 0.57589159375 0.585111521875 0.5628851328125 0.571578546875 0.54865075625 0.5675199953125001 0.5460812796875001 0.5499418703125001 0.5462858203125001 0.5361310953125 0.5608383734375 0.5295370125 0.5818487015625 0.5309077328125 0.60538305 0.5333177640625 0.6132051078125 0.5429444875 0.6274849390624999 0.5531670203125 0.6352160890625
0 0.60285760625 0.5789869796875 0.6189395125 0.5866499484375 0.6306582625 0.5865135890625 0.6456740546875 0.5758720640625 0.6572271 0.5561123828125 0.6600699156250001 0.541164115625 0.6584707421875 0.513707375 0.65418105625 0.5038138296875 0.6322263734375 0.47921064687500003 0.6048826234375 0.4795288203125 0.5973747265625 0.4848495828125 0.5837162546875 0.5020170625 0.5792299953125 0.5223050765624999 0.5794229109375 0.52561731875 0.58255144375 0.5491312140625 0.5935354859374999 0.5699370015625 0.60285760625 0.5789869796875
0 0.5970251656250001 0.6617312546874999 0.61266356875 0.6785578343750001 0.6143075015624999 0.6792542609375001 0.6403998046875 0.6789506484375 0.64196044375 0.678216934375 0.6494683390625 0.6728961734375 0.660399296875 0.654200475 0.6580989484375 0.6147050093749999 0.6543736953125 0.606113246875 0.6470047 0.59704054375 0.63482904375 0.5893321203124999 0.60943841875 0.5896275671875 0.597428465625 0.6015424656249999 0.5921782999999999 0.6120703562500001 0.59068208125 0.6199378656250001 0.5899473734375 0.6408800125 0.5947674375 0.6565241265624999 0.5970251656250001 0.6617312546874999
0 0.5781646281249999 0.7594163265625 0.5825611859375 0.757349340625 0.5900690828124999 0.7520285796875 0.6052237734375 0.7269935890625 0.6072521984375 0.7081297484375 0.6066125296875 0.6971470515625 0.604892365625 0.687746946875 0.5981191781249999 0.6721255609375001 0.5844339015625 0.6552762546875 0.57421136875 0.6475451046875 0.569105153125 0.645381940625 0.551715109375 0.6455842921875 0.54686761875 0.647863278125 0.5356057765625 0.6558444203125 0.5225565109375 0.6834716109375 0.52165878125 0.68819211875 0.523547328125 0.7206172203125 0.524993346875 0.725310453125 0.5359773890625 0.7461162421875 0.5493580609375 0.75773569375 0.5554939078125 0.759680125 0.5781646281249999 0.7594163265625
0 0.62428454375 0.7983853812499999 0.6302962203125 0.8009321281249999 0.6439680953125 0.8007730421874999 0.64967516875 0.798089934375 0.6571830640625 0.7927691703125 0.66159608125 0.7821295328125 0.6595699171875 0.7473416562499999 0.6548851296875 0.7365368640625001 0.6496215609375 0.7300563625 0.635340478125 0.7197557359375 0.623621728125 0.7198920953125 0.6161138312500001 0.725212859375 0.6027599625 0.74761019375 0.6042829843749999 0.7737594718749999 0.6066930171875 0.781581528125 0.6161674390625 0.7932464312499999 0.62428454375 0.7983853812499999
0 0.6235487296875 0.9261890421875 0.637693134375 0.9187041593749999 0.6486503734375 0.9054931609375 0.65480095 0.8936464421875 0.6565964125 0.8842054296875 0.6540681953124999 0.8407976312500001 0.6535557296875 0.8387102343749999 0.6467825406250001 0.8230888484375001 0.6290387125 0.8036700671875 0.61039955 0.7965666546875 0.6065109828125 0.7966119015625 0.583964534375 0.801577853125 0.5802105875 0.8042382328125001 0.56490359375 0.8266582953125001 0.5617588546875 0.8397783875 0.5631295734374999 0.8633127359375001 0.56553960625 0.8711347921874999 0.576828253125 0.8971704359375 0.596677509375 0.91918141875 0.6098527421875 0.926348409375 0.6235487296875 0.9261890421875
0 0.5921935890625 0.3665308484375 0.6037734375 0.38078795312499997 0.614938378125 0.386861396875 0.6288965796875 0.3866989796875 0.6408828125 0.3803561453125 0.6471856921875 0.37112435625 0.6523373203125 0.35471003749999996 0.650738146875 0.32725329687500004 0.645940471875 0.3161881515625 0.63646605 0.304523246875 0.6242903921875 0.2968148203125 0.6125716421875 0.2969511796875 0.6049114453125 0.29965701562499997 0.5894521484374999 0.3194621515625 0.5861551078125 0.3299673140625 0.58496349375 0.3430646796875 0.587525828125 0.3535016625 0.5921935890625 0.3665308484375
0 0.6523943625 0.22439465625000002 0.62567395625 0.23583930937500003 0.617570253125 0.24770875312500001 0.614425515625 0.260828846875 0.6172924531249999 0.2764956828125 0.6288857046875 0.3077611828125 0.645851940625 0.3286500046875 0.6799773703125 0.32825291874999996 0.7044617718749999 0.3134235265625 0.7119696671875 0.3081027640625 0.723675015625 0.29095801093749996 0.7269720578125 0.2804528484375 0.728163671875 0.26735548124999997 0.7254490359375 0.2543035703125 0.7122072640625 0.2282906515625 0.689643371875 0.19322775781249998 0.679877746875 0.1933413921875 0.6523943625 0.22439465625000002
0 0.7124392765625001 0.3925068703125 0.71559815625 0.393507909375 0.7347807765625001 0.39328470000000004 0.745337796875 0.38689066250000004 0.755242321875 0.3723835625 0.757673890625 0.3646360046875 0.755831034375 0.3329953796875 0.750243153125 0.3201077359375 0.7365578765625 0.3032584296875 0.724534521875 0.2981649328125 0.714768896875 0.2982785671875 0.7035070546875 0.306259709375 0.6882000609375 0.32867977187499997 0.6877699578125 0.354851775 0.690332290625 0.365288759375 0.706275296875 0.3873451953125 0.7124392765625001 0.3925068703125
0 0.63391135 0.4435441578125 0.643538075 0.45782398906250005 0.650464578125 0.4630624015625 0.6788761156249999 0.46273180312499995 0.6827528765624999 0.4599843859375 0.6890557562499999 0.45075259531249995 0.6891793953125 0.4503586515625 0.686483646875 0.4040744328125 0.6863143171874999 0.40368389843749997 0.678945321875 0.3946111953125 0.6667696656250001 0.38690276875 0.6530977906250001 0.38706185625 0.6436367703125 0.3924053453125 0.635380765625 0.40165986093750006 0.631931421875 0.40955009843749995 0.6305875046875 0.42003253437500004 0.63150131875 0.4357221015625 0.63391135 0.4435441578125
0 0.7304677953125001 0.434430803125 0.7287924718750001 0.40566659843749997 0.7214234765625 0.3965938953125 0.713306371875 0.39145494687500004 0.70369305 0.3941835078125 0.6954370437499999 0.403438025 0.6903391796875 0.4165808421875 0.6911006921875 0.42965548125 0.6933584203125001 0.434862609375 0.705889190625 0.448345446875 0.7229380609375 0.448147065625 0.7304677953125001 0.434430803125
0 0.7105123359375 0.5213331140624999 0.713657075 0.508213021875 0.7128955640625 0.495138384375 0.7083801046875 0.48472412656249997 0.69680025625 0.4704670203125 0.6821391203125 0.4658209515625 0.679961746875 0.46584628749999996 0.66945650625 0.47078519375 0.663153625 0.4800169828125 0.6582080640625 0.49577472968749997 0.6594264812499999 0.5166941515625 0.663941940625 0.5271084078125 0.6734163625 0.5387733140625001 0.676828553125 0.540933575 0.693697765625 0.540737284375 0.7043617578125 0.53317983125 0.7105123359375 0.5213331140624999
0 0.679799734375 0.58461404375 0.6843151921875 0.5950282984374999 0.6958950421875 0.609285403125 0.71628845625 0.6233430421875 0.7334566609375 0.623143271875 0.743074646875 0.6139698171875 0.7529791718750001 0.59946271875 0.756047475 0.5783189703125 0.75511335625 0.5622807484375001 0.7520385546874999 0.5497563671875 0.738353278125 0.5329070609375 0.7302361734375 0.527768115625 0.724224496875 0.5252213640625001 0.708599496875 0.5254031765625 0.7028924234375 0.5280862890625 0.6871285234375 0.5426615671875 0.6803821390625 0.5610569671875 0.6788859203125 0.568924475 0.679799734375 0.58461404375
0 0.70418261875 0.723551678125 0.7255295562499999 0.723303284375 0.7359791671875 0.7169743000000001 0.7440828703125 0.7051048546875001 0.747215059375 0.6951249500000001 0.7450219078125 0.657469990625 0.740732221875 0.64757644375 0.7291523718749999 0.6333193390625 0.715023590625 0.6256336453125 0.695492340625 0.6258609109375 0.679728440625 0.640436190625 0.6732992109375 0.660921259375 0.6747308515625 0.6855015796874999 0.6835359953125 0.7058093828125 0.6930104171875 0.7174742875 0.70418261875 0.723551678125
0 0.6754980875000001 0.8329008859375 0.680470453125 0.8511599249999999 0.6872436421875 0.8667813109375 0.6947649390625 0.8784689421874999 0.7092918 0.8876659171875 0.7455760703125 0.8872437109375 0.7572649390625 0.8777416890625 0.774220453125 0.8500690453124999 0.7769082859374999 0.8291041703124999 0.7758421703125 0.8107996765625 0.7732798375 0.8003626921875 0.7665066484375 0.7847413078125001 0.7486105171874999 0.762707596875 0.730423184375 0.752452428125 0.714798184375 0.7526342421875001 0.7090911109375 0.75531735 0.6960284453125001 0.765936146875 0.68612391875 0.7804432453125 0.6775767125 0.8014762984375 0.6754980875000001 0.8329008859375
0 0.787364609375 0.809809521875 0.7974348390625 0.8149257421874999 0.8025682828124999 0.8162203937499999 0.8267418234375 0.8159391093749999 0.8361927343750001 0.8092413546874999 0.8496989046874999 0.789458946875 0.8550538484375 0.774857596875 0.8530282281250001 0.7400790578125 0.8457390484375 0.7214708265625001 0.8320537703124999 0.70462151875 0.8200304171875 0.6995280234375 0.8063585421875 0.6996871109375 0.7892373234375001 0.707736434375 0.77557885 0.7249039140625 0.7635823 0.75382720625 0.7646484140625 0.7721317 0.7693161749999999 0.7851608859375 0.787364609375 0.809809521875
0 0.74581245625 0.6240639484375 0.7429723218750001 0.6424138953125 0.7437338312499999 0.65548853125 0.7574325109375 0.6893462328125 0.7626960781250001 0.695826734375 0.7776457375 0.6992434734375 0.7886808953125 0.6991150671875 0.7978523281250001 0.6954176546874999 0.8043075109375 0.68880079375 0.8164563640625 0.662492428125 0.8173433734375 0.6441652078125 0.8125233109375 0.6285210953125 0.8060547265625001 0.618129565625 0.794627178125 0.6064873859375 0.78455695 0.601371165625 0.7632248765625 0.6042360875 0.74581245625 0.6240639484375
0 0.856699675 0.8861679203125 0.861215134375 0.896582178125 0.872794984375 0.910839284375 0.876251696875 0.9123036640625 0.899459009375 0.9120336234374999 0.9168030453125 0.8946270046875 0.9229536234375001 0.8827802874999999 0.9237004984375 0.879664265625 0.921499096875 0.8418676640625 0.912995490625 0.8292538125 0.9027729593749999 0.8215226625 0.8967612812500001 0.8189759140625 0.8791831562500001 0.8191804546875 0.8734760843749999 0.8218635624999999 0.8659681890625001 0.8271843249999999 0.8544151421875 0.84694400625 0.8529189234375 0.854811515625 0.8541373421875 0.8757309359375001 0.856699675 0.8861679203125
0 0.828398053125 0.69806254375 0.8424013359375 0.737150096875 0.84977033125 0.7462228015625 0.8730215390625 0.754421796875 0.909885446875 0.753992846875 0.9182820078124999 0.748042296875 0.9316358765625001 0.7256449609375 0.9349329187500001 0.715139796875 0.9367472046875 0.7009885046875 0.9343585984375 0.6599777234374999 0.9225513515625 0.6367828734375001 0.9130769296875 0.6251179671875 0.8986435437500001 0.6122024171875 0.8750537421875 0.6098602109375 0.8654404187500001 0.6125887703124999 0.846366075 0.62066081875 0.8333168109375 0.6482880109375 0.82687503125 0.671913265625 0.8259880203125001 0.6902404859375 0.828398053125 0.69806254375
0 1 0.8554352125 0.9866922015625 0.8437556546874999 0.9787273984375 0.8412316359374999 0.9572430234375 0.8414816281249999 0.9515359515625 0.8441647359375001 0.9360766546875 0.8639698703124999 0.9327796140625001 0.8744750343750001 0.9344549375 0.9032392390625 0.9391227000000001 0.9162684249999999 0.9550657046875 0.938324859375 0.9627441734375 0.9441319703125 0.9956821578125 0.943748703125 1 0.9396304265625 1 0.8554352125
0 0.724142496875 0.4567003203125 0.7191969359375 0.472458065625 0.7211768640625 0.5064521265625 0.727950053125 0.5220735125 0.7375767765625 0.5363533453125 0.7492617015625 0.5447814156249999 0.7842389171875 0.54437441875 0.786861809375 0.5436299609375 0.8021688031249999 0.5212098984375 0.808762884375 0.50019956875 0.8072398625 0.47405029374999996 0.8024198 0.45840617968749997 0.7843713671875 0.4337575453125 0.7723480125 0.4286640484375 0.7567230125 0.42884586249999995 0.7340470234375001 0.44219322187500004 0.724142496875 0.4567003203125
0 0.7714412312500001 0.428195684375 0.7772597375 0.43187938593749997 0.7973094171875 0.4316460859375 0.8101991265624999 0.42251129374999996 0.81650200625 0.41327950625 0.8167264390625 0.4120993765625 0.8148607374999999 0.3800665125 0.8100066187499999 0.368871184375 0.7963213421875001 0.3520218796875 0.7862511125 0.34690565625 0.7686729875 0.347110196875 0.7649190406249999 0.34977058125 0.7550145140625 0.364277678125 0.7502212546875 0.382650353125 0.7508304640625 0.3931100609375 0.7600136828124999 0.41655350156250004 0.7714412312500001 0.428195684375
0 0.7721224953125 0.34125274375000003 0.7959587921875 0.34097538437499997 0.805486028125 0.3315235515625 0.8083709390625 0.322331534375 0.8068479171874999 0.29618225625 0.802896890625 0.28706978125 0.795527896875 0.27799707812499996 0.7835045421875 0.272903584375 0.7776451671875 0.2729717640625 0.7644301984374999 0.28097563281250004 0.75812731875 0.29020742187500004 0.757240309375 0.30853464218750004 0.7599549453125001 0.32158655468749997 0.7718393984375 0.341073515625 0.7721224953125 0.34125274375000003
0 0.7343896265625001 0.18297845625 0.7261336218750001 0.192232975 0.7198441437499999 0.2184731578125 0.7212148640625 0.24200750625 0.7236248953125 0.2498295625 0.733403921875 0.2667243203125 0.7434907875000001 0.2743528703125 0.7730727890625 0.2740086515625 0.7804312234374999 0.268793809375 0.7885349265625 0.256924365625 0.7918319687500001 0.24641920156250002 0.794672103125 0.2280692546875 0.7915005609375 0.207172559375 0.7869851015625 0.19675830156250002 0.7775106796875 0.18509339687499998 0.767288146875 0.17736224843749998 0.7534639703125 0.17490640625 0.7343896265625001 0.18297845625
0 0.8012105093749999 0.5989015 0.8066680015625 0.5909079421875 0.8067802187499999 0.5903178796875 0.804727946875 0.5550817296874999 0.8045357718749999 0.554298953125 0.8013776312499999 0.5504106531249999 0.7852957234375 0.5427476859375 0.7755300984375 0.54286131875 0.7690749171875 0.5494781796875 0.7641293546875 0.565235925 0.7651954703125 0.58354041875 0.7674532000000001 0.5887475484375 0.775939240625 0.5991955578125 0.8012105093749999 0.5989015
0 0.8354069375 0.48786805937500005 0.830156771875 0.4983959515625 0.823258084375 0.5141764265625001 0.8184648250000001 0.5325491015625 0.8178824203125 0.5561061765625 0.8205970562499999 0.5691580875 0.8251125140625 0.57957234375 0.84090321875 0.59901385 0.8521381437500001 0.6061266984375 0.8871521281250001 0.6057192734375 0.901297790625 0.595694396875 0.9146516609375 0.5732970625 0.9177964 0.5601769703125 0.9198750234374999 0.5287523828125 0.916551178125 0.5052407609375 0.900608171875 0.483184325 0.8803154109375001 0.4703369546875 0.8627372859375001 0.47054149375 0.8418621203125 0.4812512 0.8354069375 0.48786805937500005
0 0.8315457890625 0.4765909203125 0.8413802046875001 0.4696213796875 0.848978209375 0.45578075625 0.84810331875 0.44075945 0.8439023328124999 0.42903318281249997 0.8324747859375 0.4173910046875 0.8264631093749999 0.41484425625 0.8109904109375 0.41764099843749997 0.7991327609375001 0.43217082500000004 0.7983013109375 0.444740659375 0.79854499375 0.4489245421875 0.8048666375 0.4635045015625 0.8174639984375001 0.47675477656250004 0.8315457890625 0.4765909203125
0 0.8165523109375 0.27320551875 0.826110278125 0.2812093 0.8453329 0.280985625 0.8559194140624999 0.277980840625 0.86222229375 0.26874905 0.86716785625 0.2529913046875 0.8674474234374999 0.235979503125 0.8667277953125 0.22362397031249998 0.86262559375 0.2085602609375 0.853151171875 0.19689535625000001 0.8390223906250001 0.189209659375 0.8235496921875001 0.1920064 0.8103347234375 0.20001027031250002 0.8041841468750001 0.21185698749999998 0.802535625 0.21710957031250003 0.80466785625 0.25371855781249997 0.8091833156250001 0.264132815625 0.8165523109375 0.27320551875
0 0.8239020781249999 0.35745041875 0.8354819265625 0.3717075234375 0.8517161359375001 0.3819854234375 0.8550761 0.38250358281249996 0.8735223046874999 0.3822889421875 0.8751536359375001 0.381712703125 0.890765234375 0.3645224984375 0.8968974749999999 0.3389383171875 0.895755209375 0.31932635781249996 0.8913208359375 0.306948634375 0.8734247046875 0.2849149234375 0.8693661531249999 0.28234545 0.8418701000000001 0.2800486953125 0.8343622046875 0.28536945625 0.8210083359375 0.30776679375 0.816522078125 0.3280548109375 0.8166693031250001 0.330582575 0.81938661875 0.34703616406250004 0.8239020781249999 0.35745041875
0 0.8530022109375001 0.454401353125 0.8582657781249999 0.46088185781249996 0.874873275 0.47139608125 0.8993657031250001 0.4711110875 0.9055976859375001 0.4681812015625 0.9155022109375001 0.4536741 0.9195420000000001 0.432431825 0.91824743125 0.4102049390625 0.9166670218749999 0.406559946875 0.9112511515625 0.39746451875 0.894864640625 0.3845716921875 0.8828412859375 0.3794781984375 0.8691694109375 0.379637284375 0.859708390625 0.384980771875 0.8444013968749999 0.4074008328125 0.8439937125 0.4238907890625 0.8445077328125 0.43271617031250004 0.8530022109375001 0.454401353125
0 0.9263168953124999 0.8272719593750001 0.9363871250000001 0.83238818125 0.9434191000000001 0.8333441531249999 0.9587396765625 0.8331658828125 0.9617777500000001 0.832092734375 0.9673325203124999 0.8267947 0.9770847437500001 0.809672671875 0.9785809625 0.8018051625 0.9769056375 0.7730409578125 0.97013245 0.7574195718750001 0.962611153125 0.745731940625 0.9504354953125 0.7380235171875 0.9310565484375 0.7408657125 0.9160407562499999 0.7515072375 0.90808935625 0.7659916078125 0.9067454406250001 0.776474046875 0.9079638578125 0.79739346875 0.916994775 0.8182219828124999 0.9263168953124999 0.8272719593750001
0 0.9340988875 0.247806096875 0.942215184375 0.2311193984375 0.9397160437500001 0.1882108125 0.9393088484375 0.18625302500000002 0.9326879625 0.1732465671875 0.9191549875 0.15901218749999999 0.9136257296875 0.156669809375 0.8931540828125 0.15690801875 0.8879049875 0.1593758140625 0.87064486875 0.181818603125 0.8673478265625001 0.192323765625 0.868718546875 0.21585811718749998 0.8735386093749999 0.23150222812500001 0.8757963390624999 0.23670935625 0.893523515625 0.25853505 0.9175879468750001 0.2582550359375 0.9228370437500001 0.2557872390625 0.9340988875 0.247806096875
0 0.9907608171875 0.205567090625 0.9825496515625 0.19545750625 0.9725602328124999 0.19038234062499998 0.9646171203125 0.1904747671875 0.95070384375 0.202369815625 0.9460628874999999 0.2233574171875 0.94847291875 0.23117947343749998 0.9641113203125 0.248006053125 0.967042496875 0.249861784375 0.9775676687500001 0.2497393140625 0.9816894453125 0.24780151250000002 0.9897931484375 0.23593206875 0.9921010765625 0.2285784546875 0.9907608171875 0.205567090625
0 0.9876556390625 0.3166805171875 0.9904581234375 0.307751128125 0.9887523390625 0.2784639390625 0.9849142000000001 0.26961181875 0.9754397765625 0.25794691406250003 0.963824621875 0.253026346875 0.949423340625 0.2531939203125 0.9402835265625 0.25835599375 0.9323321265625 0.27284036718750004 0.9295296421874999 0.28176975625 0.931387728125 0.3136718734375 0.9352258687499999 0.3225239921875 0.944700290625 0.33418889687500003 0.9544286296875001 0.3391314203125 0.9686972921875 0.3389653890625 0.975950290625 0.33382527031250003 0.9876556390625 0.3166805171875
0 1 0.250164771875 0.98296244375 0.25036302187500004 0.98541268125 0.309210259375 0.987962253125 0.3105971609375 1 0.31045708906249997 1 0.250164771875
0 1 0.182786546875 0.9843170000000001 0.1721111609375 0.9795103375 0.1734754421875 0.9848016203125001 0.2480915796875 0.994219284375 0.24798199531249998 0.9945931375000001 0.24787588437500002 1 0.2423335984375 1 0.182786546875
0 1 0.31231606875 0.9887913390625 0.3105875125 0.988241559375 0.3105939109375 0.9807610484374999 0.3132362734375 0.9780598140625001 0.31719275625 0.9829200828125 0.3838620484375 0.9885347781249999 0.385641328125 1 0.38550791875 1 0.31231606875
0 1 0.4818398484375 0.9983993546875001 0.48268687187500003 0.977994496875 0.5182497515625 0.9735058421874999 0.54185228125 0.9760949796875 0.5863060515625 0.9827158656250001 0.599312509375 0.988131734375 0.6084079390625 1 0.6198088515625 1 0.4818398484375
0 0.9368007296875 0.5232186640625 0.9489966437499999 0.528385259375 0.9641731484375 0.5282086640625 0.9644490843750001 0.5281303453125 0.9799083796874999 0.5083252109374999 0.980196871875 0.5074060078125 0.9780456031250001 0.47047015312499996 0.977623846875 0.46910129375 0.9636339656249999 0.4470221328125 0.9595754140625001 0.444452659375 0.9400441640625001 0.4446799265625 0.9325362687500001 0.4500006890625 0.920983221875 0.4697603671875 0.9193347015625 0.47501295 0.920705421875 0.4985472984375 0.9252208796874999 0.5089615578125 0.9368007296875 0.5232186640625
0 0.9122656671874999 0.6296452546875 0.9215877875 0.63869523125 0.9239349406249999 0.6396895640625 0.9423690625000001 0.6394750625000001 0.9457733968750001 0.6344887578125 0.95642603125 0.6160479046875 0.9556645203125 0.602973265625 0.933557534375 0.5757551546874999 0.927698159375 0.575823334375 0.9144831921875 0.583827203125 0.909981134375 0.5904213375 0.905187875 0.6087940125 0.9079025109375 0.621845925 0.9122656671874999 0.6296452546875
0 1 0.6350165249999999 0.991823053125 0.629839690625 0.9819051265625 0.6273383953125 0.974244928125 0.6300442296875 0.9590902359375001 0.6550792203125 0.9603086546874999 0.6759986421875 0.96918726875 0.6942122281249999 0.9744508375000001 0.7006927328125 0.9766365734375 0.7016186828125 0.9977664765625001 0.7013728140625 0.9998414625000001 0.7003972859375 1 0.700209815625 1 0.6350165249999999
0 1 0.75550525625 0.9951225906250001 0.7577983078125 0.9799678984375 0.7828332953125 0.97847168125 0.79070080625 0.9792331921875 0.80377544375 0.9821001296875 0.8194422828124999 0.9959377078125 0.8389065171875 1 0.8411163 1 0.75550525625