0 0.193910746875 0.8612424265625 0.19466150625 0.8608855703125 0.201516590625 0.8491695281249999 0.20441457500000002 0.8353405234375 0.2003747078125 0.8107602046875 0.19854647187500002 0.8073534125 0.1589946203125 0.7744679640625 0.1511821203125 0.7744225124999999 0.1438972640625 0.7835236250000001 0.14171010625 0.7939606109375 0.1460078359375 0.8201098874999999 0.1548756234375 0.8384484703125 0.17317713125 0.860760578125 0.17404674375 0.8611268609374999 0.193910746875 0.8612424265625
0 0.182374525 0.7940520546875 0.1857546203125 0.792445403125 0.2004423234375 0.7731802296875 0.19241059062500002 0.724311646875 0.1821972796875 0.711439459375 0.17786125625 0.7088018046875 0.16614250625 0.708733628125 0.1584278765625 0.7152198125 0.1516706625 0.7334674921875 0.1503430515625 0.74913433125 0.1546407828125 0.775283609375 0.161887346875 0.7896941187500001 0.16733817499999998 0.7939645750000001 0.182374525 0.7940520546875
0 0.2465538515625 0.8614116234375 0.25036223125 0.8549027125 0.25178388281249997 0.8481186718749999 0.247851459375 0.8241920828125 0.24391563437500002 0.8156787953125001 0.21975475156250002 0.7933326 0.2104189 0.7958907140625 0.205516940625 0.8076181171875 0.2044233609375 0.8128366093749999 0.20786154687499997 0.8337560312500001 0.21586978750000002 0.8468647593749999 0.23237256718750002 0.863027196875 0.2379464796875 0.863059625 0.2465538515625 0.8614116234375
0 0.12151599531249999 0.7375017749999999 0.12779955468749998 0.73753833125 0.1347027375 0.7228311781250001 0.1351342109375 0.7177394578125 0.130084378125 0.6870140578124999 0.1226308 0.67312483125 0.11038440624999998 0.6639100874999999 0.12151599531249999 0.7375017749999999
0 0.1711317125 0.706441303125 0.17520024843749998 0.7081549875 0.193859584375 0.7082635453125 0.198807365625 0.7026836750000001 0.199298834375 0.6807421437500001 0.196397865625 0.66309138125 0.1925948015625 0.6530114109375 0.1818717609375 0.641193103125 0.16648079375 0.6306538515625 0.16062141875 0.6306197625000001 0.1536684640625 0.6358041671875 0.147243153125 0.6501351343749999 0.1465793484375 0.6579685546875 0.15001753281250002 0.6788879765625 0.155642875 0.6893704140625 0.1711317125 0.706441303125
0 0.299880409375 0.84624888125 0.3201901265625 0.8463670390625 0.32596366250000003 0.8340665843749999 0.324775615625 0.8173401374999999 0.323744159375 0.8110643109375 0.3208063859375 0.8026874515625 0.31160669687500003 0.7882655781250001 0.30055175312500004 0.7803639828125 0.28102050312500004 0.780250353125 0.2752589984375 0.7867479015625001 0.27219697656249997 0.8013596812499999 0.2760219578125 0.8246325375 0.2814715609375 0.836420165625 0.28742880625 0.8429858921875001 0.299880409375 0.84624888125
0 0.21837109375 0.673314153125 0.23082408437500002 0.728900684375 0.23644942656249998 0.7393831203125 0.2777203703125 0.7827282796875 0.2820563921875 0.78536593125 0.323501790625 0.78821948125 0.3543603109375 0.7622747390625 0.3588324953125 0.7479324078125 0.3550853828125 0.7168227203125 0.3521199484375 0.69877971875 0.348947715625 0.6877890703125 0.3372672578125 0.66420926875 0.3240634484375 0.6432330328125 0.30185568906250004 0.6208981984374999 0.272792846875 0.61027940625 0.2508786984375 0.6075394875 0.23154318906250002 0.6204891328125 0.2179308921875 0.650452853125 0.216437115625 0.6615469796875 0.21837109375 0.673314153125
0 0.36605728593750003 0.820087915625 0.376435634375 0.8264011890624999 0.38134299375 0.8264297390625 0.4053538171875 0.8098668265625 0.4085147734375 0.8044644312499999 0.40559231718750005 0.7866829234375 0.40076247656249997 0.7641226375 0.3904692078125 0.7549192578125 0.3798440375 0.7496325875000001 0.3637892640625 0.7469267546875 0.358789434375 0.7521225203124999 0.35498105468749996 0.758631434375 0.350606740625 0.779505403125 0.3520918 0.8004134625000001 0.3577171421875 0.8108958984375001 0.36605728593750003 0.820087915625
0 0.4366363765625 0.8439224921875 0.46092580625 0.844063803125 0.4651154953125 0.836903196875 0.46925577812499997 0.8264775765625 0.469541353125 0.8243566421875 0.4623918296875 0.7808558109375 0.449937275 0.7623607125 0.43931210312499996 0.7570740421875 0.42759335312499996 0.7570058656249999 0.42216375156249997 0.75958670625 0.41226196406250004 0.776509875 0.408317421875 0.7999987734375 0.4113258328125 0.8183032671875001 0.41499805 0.828774340625 0.42138506875 0.8379549953125001 0.4366363765625 0.8439224921875
0 0.359434325 0.7266623625 0.3742593578125 0.751566671875 0.39545497812499997 0.7625105953125 0.4162232046875 0.7626314203125 0.4224236765625 0.7596841671875 0.43047020937499997 0.7492812718749999 0.438418871875 0.7323467359375 0.43822313125 0.7192834609375 0.43263608124999997 0.6852894015625 0.421385396875 0.6643245296875 0.4030838890625 0.642012421875 0.3924587171875 0.6367257515625 0.38031019375 0.6340426453125 0.3690212171875 0.636589396875 0.355115309375 0.6469582046875 0.34607306875 0.6691112296874999 0.34669858124999997 0.68478943125 0.3529494375 0.7109500734374999 0.359434325 0.7266623625
0 0.5039246046875 0.767619771875 0.49593588125 0.719012884375 0.4861064265625 0.7081794328125001 0.47938750625 0.7029154906249999 0.46180938125 0.7028132234375 0.4510480484375 0.714506540625 0.4466737328125 0.735380509375 0.44968214375000004 0.753685003125 0.46407740156250005 0.775974384375 0.469869875 0.78011459375 0.49525784687499996 0.7802622968749999 0.5039246046875 0.767619771875
0 0.5278209953124999 0.7776716046875001 0.5293060546875 0.7985796640625 0.5394631609375 0.824763028125 0.5601475671875 0.8497014265624999 0.56675505625 0.8524845296875 0.5946304890625 0.8526467046875 0.602256771875 0.84472155625 0.6091118546875001 0.8330055156249999 0.6093458875 0.8225571671875 0.607860828125 0.801649109375 0.597703721875 0.7754657421875 0.5794022140624999 0.7531536359375 0.5683472703125 0.7452520390624999 0.5488160203125 0.745138409375 0.5403397140624999 0.7529263765625 0.5278209953124999 0.7776716046875001
0 0.440445378125 0.6597459484375 0.46301844374999995 0.6598772734375 0.46576645625 0.6589208578125 0.47805114218750006 0.644623978125 0.48122252187500003 0.629490353125 0.47628013124999996 0.5994186828125 0.47011948593749997 0.584492003125 0.45029462656249997 0.5647834640625 0.44009922812499996 0.5621117203125 0.42447422812499996 0.5620208156250001 0.4136150234375 0.567182490625 0.4048864765625 0.60192924375 0.4067688828125 0.6133826265625 0.42336364218750006 0.644305815625 0.4317037859375 0.653497834375 0.440445378125 0.6597459484375
0 0.362482925 0.6276755546875 0.364904115625 0.606790221875 0.3623254765625 0.59110065625 0.35302791718750004 0.5701471453125 0.33515618125 0.550449965625 0.3315910078125 0.548281228125 0.3200892703125 0.5482143125000001 0.30476572812499997 0.5554980140625 0.30128925 0.5580902156249999 0.29181723593750003 0.5776283140625 0.29568519375 0.6011626640625 0.3073656515625 0.6247424640625 0.318518465625 0.6391757 0.3362678390625 0.6466518125 0.3458164515625 0.646707365625 0.35215136406249997 0.641983796875 0.362482925 0.6276755546875
0 0.21795903437500003 0.554458409375 0.218584546875 0.570136609375 0.22182699062500003 0.5779927578125 0.2274523328125 0.5884751921875 0.24326687656249998 0.6039635875 0.2614431828125 0.604069334375 0.26889773125 0.59132874375 0.272608240625 0.57828819375 0.271982728125 0.5626099875 0.26788073749999997 0.5495239890625 0.26225539531250003 0.5390415515625 0.24524320624999998 0.5245742265625 0.23547758124999998 0.5245174125000001 0.2265715015625 0.5296904515625 0.21971641874999998 0.5414064953125 0.21795903437500003 0.554458409375
0 0.23180001093749997 0.6134443328125 0.2318820296875 0.613052946875 0.2259941390625 0.5772284375 0.2257831890625 0.5768353453125 0.2087709984375 0.562368021875 0.1970522484375 0.56229984375 0.19324386875 0.5688087546875 0.187775975 0.5949012171875 0.1927375109375 0.613217075 0.207308609375 0.625608471875 0.22020035 0.625683475 0.222991803125 0.6251490125 0.23180001093749997 0.6134443328125
0 0.11253467187499999 0.5386808921874999 0.10667529687499999 0.538646803125 0.09581609375 0.5438084828124999 0.0907890328125 0.552400246875 0.09871008125 0.6005953749999999 0.1134458078125 0.6188183703125001 0.130261328125 0.6189161999999999 0.136618971875 0.6080503359375 0.138477628125 0.5861167593750001 0.1353832609375 0.5672892796875 0.1295468625 0.5531482171875 0.12077694531250001 0.5413412734375 0.11253467187499999 0.5386808921874999
0 0.104035796875 0.471536009375 0.09340534218749999 0.47393419843749995 0.0868821609375 0.48173352812500003 0.083269521875 0.5013057171875 0.086277934375 0.5196102109375 0.094286175 0.5327189359375 0.097860521875 0.5366583734375 0.1037779515625 0.5391508203125001 0.1151594234375 0.5392170359375 0.104035796875 0.471536009375
0 0.17947223437499998 0.560108425 0.17211237031249998 0.5153277875 0.1703544515625 0.5120520265625 0.16006118281249998 0.502848646875 0.14638930781249998 0.5027691062499999 0.13758109999999998 0.5144737859374999 0.133832296875 0.551025959375 0.1394576390625 0.561508396875 0.1491547109375 0.572195940625 0.16925562031250002 0.5723128843749999 0.174711759375 0.5682445656249999 0.17947223437499998 0.560108425
0 0.210637121875 0.5538215625 0.214997371875 0.54890428125 0.21609095156250002 0.5436857890625 0.21580712812499997 0.524744040625 0.211707753125 0.499801653125 0.19958511875 0.48481014531250005 0.1952490953125 0.4821724921875 0.1815772203125 0.4820929515625 0.1697223078125 0.499004759375 0.1686287296875 0.5042232515625 0.16730111718750001 0.5198900906249999 0.17183288125 0.535591021875 0.1849388203125 0.5500356187500001 0.1909744578125 0.55370716875 0.210637121875 0.5538215625
0 0.13256111718750002 0.4892725578125 0.138850265625 0.49192157343750004 0.154475265625 0.4920124765625 0.16728759375 0.4868621609375 0.172189553125 0.47513475781250003 0.173944915625 0.459992890625 0.1700232359375 0.43613167500000005 0.1635940921875 0.422836203125 0.15287105 0.41101789687499996 0.1441990046875 0.40574259062499995 0.1285740046875 0.4056516859375 0.1250975265625 0.4082438875 0.117148865625 0.425178421875 0.11406386875 0.4538971734375 0.11621273437499999 0.4669718125 0.12183807656250001 0.4774542484375 0.13256111718750002 0.4892725578125
0 0.1203910515625 0.40187894843749994 0.13354523125 0.38514470156249997 0.12310853125000001 0.321643246875 0.119020584375 0.319921384375 0.103395584375 0.31983048125 0.09296615312499999 0.3276070875 0.0891577734375 0.3341160015625 0.08654084375 0.34193805781250003 0.09169812031249999 0.373317190625 0.0953703375 0.38378826250000003 0.1065231515625 0.3982215 0.11245975781249999 0.40183280468750004 0.1203910515625 0.40187894843749994
0 0.087153225 0.28095998906249997 0.090825440625 0.29143105937499997 0.101646353125 0.3097810046875 0.1058171609375 0.314377825 0.1319169171875 0.31452966875 0.13746640937500001 0.3021521203125 0.13879402031250002 0.28648527968750004 0.13363674375 0.255106146875 0.1251987296875 0.23938249374999998 0.119241484375 0.23281676562500003 0.10275693906250001 0.22749600781249998 0.095803984375 0.23268040937499998 0.085902196875 0.24960358125 0.0841448125 0.26265549374999997 0.087153225 0.28095998906249997
0 0.0882849421875 0.28547139375 0.092757128125 0.2711290625 0.0888891703125 0.24759471249999998 0.08607649843750001 0.2423534953125 0.0753534578125 0.2305351875 0.0616815828125 0.230455646875 0.057443429687500006 0.23434963125000002 0.0774257390625 0.2906330734375 0.0832851140625 0.2906671625 0.0882849421875 0.28547139375
0 0.2014731 0.33366640625 0.205417371875 0.3300424375 0.210749103125 0.3209299609375 0.211432590625 0.3176684046875 0.2026222421875 0.26406238593750003 0.1980516515625 0.25554540625 0.1810394625 0.24107808125000002 0.1673675875 0.240998540625 0.158559378125 0.25270321875 0.1533255171875 0.2683473328125 0.1526617109375 0.276180753125 0.15524035 0.29187032031250004 0.17102279843749998 0.328536121875 0.177021984375 0.33352415468749996 0.2014731 0.33366640625
0 0.179344103125 0.4365640578125 0.1990553953125 0.43667873437500004 0.2042554171875 0.4319009921875 0.211086746875 0.41054258125 0.2073438140625 0.3877689375 0.2050936765625 0.3835759640625 0.1919877375 0.36913136406249997 0.1794094421875 0.36383333125 0.1700735890625 0.3663914453125 0.15616768281249999 0.37676025156250004 0.1562264046875 0.380679234375 0.157257859375 0.3869550609375 0.166188625 0.419923603125 0.17138419375 0.4277911109375 0.179344103125 0.4365640578125
0 0.23495995625 0.4446926515625 0.250080396875 0.44478061875 0.2537906265625 0.443017046875 0.2571452203125 0.42484287343749993 0.252724696875 0.3979464734375 0.2502928640625 0.39205436250000003 0.2352338 0.3775984015625 0.2289446515625 0.3749493875 0.21570255 0.37748477343750003 0.2103708171875 0.38659725 0.208183659375 0.3970342328125 0.212481390625 0.42318351249999997 0.2152940625 0.4284247296875 0.226017103125 0.4402430375 0.23495995625 0.4446926515625
0 0.196386234375 0.470689265625 0.2020115765625 0.48117170312499996 0.207968821875 0.4877374296875 0.216703746875 0.49141661875000003 0.2232684203125 0.4914548109375 0.229453196875 0.48786242187499995 0.23173822500000002 0.4839570734375 0.23740185937499997 0.4709278875 0.23677634531249997 0.45524968593750004 0.23353390156249998 0.4473935390625 0.2247639859375 0.4355865953125 0.2032796109375 0.4354616015625 0.1964245265625 0.4471776421875 0.19423736875 0.457614628125 0.196386234375 0.470689265625
0 0.296287121875 0.5122210765624999 0.29284893749999996 0.49130165625 0.2872235953125 0.48081921875000005 0.26544805781249997 0.4589190796875 0.249138825 0.4588241953125 0.24405910468749997 0.46750595937500006 0.2401145625 0.49099485625000006 0.24398252031249998 0.5145292046875001 0.2472249640625 0.52238535 0.2646669265625 0.5394676015625001 0.278065721875 0.5417258031250001 0.28161993125 0.5417464812499999 0.2861513015625 0.53959259375 0.29519354375 0.51743956875 0.296287121875 0.5122210765624999
0 0.24722711249999998 0.3796339484375 0.2652350109375 0.3823511421875 0.28109404375 0.3719937 0.2859960015625 0.3602662953125 0.2883745359375 0.3489160734375 0.28420036406250004 0.3235185890625 0.280642984375 0.3158238875 0.272302840625 0.3066318703125 0.250622725 0.2934436015625 0.238903975 0.2933754234375 0.2315212484375 0.2959449 0.22595548437500002 0.315505725 0.22658099843750001 0.331183928125 0.22830009062499998 0.3416436390625 0.239746515625 0.3756717859375 0.24722711249999998 0.3796339484375
0 0.220690971875 0.2744599859375 0.23839208437499998 0.27456296875 0.2410214109375 0.273313178125 0.24982961874999998 0.2616084984375 0.2520167765625 0.25117151249999997 0.251860184375 0.24072089375 0.2486798640625 0.2213704296875 0.2464297265625 0.2171774546875 0.24004270781249998 0.2079968 0.2270346390625 0.200083840625 0.2137925375 0.20261922656250003 0.2099841578125 0.20912813749999998 0.2073672265625 0.2169501953125 0.20924291093749997 0.2378605265625 0.210962003125 0.2483202359375 0.21596268749999997 0.2692487484375 0.220690971875 0.2744599859375
0 0.3094407625 0.35614862812500003 0.31773250625 0.3561968671875 0.33074218593750004 0.352632090625 0.335214371875 0.338289759375 0.3353781953125 0.330975915625 0.3290390421875 0.29240573125 0.3266189109375 0.2859912046875 0.32304456406250004 0.28205176875000004 0.3085131421875 0.276742371875 0.2967943921875 0.2766741953125 0.286794734375 0.28706572812500003 0.2829863546875 0.2935746390625 0.2809949375 0.3170749 0.2859564734375 0.3353907578125 0.294726390625 0.347197703125 0.3094407625 0.35614862812500003
0 0.29260166718749997 0.44913451093749995 0.3157668421875 0.48323083906250003 0.32233525625000004 0.49047015937499994 0.36112197031250004 0.4906958140625 0.36926289375 0.48223585625 0.37764132968749997 0.4679162484375 0.3785859234375 0.4609008453125 0.3704309796875 0.41128259375000004 0.370139446875 0.41039920468749996 0.3645141046875 0.3999167671875 0.34468924375 0.3802082234375 0.323868675 0.3722498125 0.312149925 0.372181634375 0.2943377671875 0.38252771406249997 0.2844359796875 0.3994508859375 0.282248821875 0.409887871875 0.28568700625 0.43080729218749997 0.29260166718749997 0.44913451093749995
0 0.37367911875000004 0.41798615781250004 0.383329890625 0.419018740625 0.4004534921875 0.4191183625 0.40787795156250006 0.4064292 0.4142053921875 0.385566590625 0.4148691984375 0.37773317500000003 0.41143101406250004 0.3568137515625 0.393031634375 0.32797000625 0.38035546875000004 0.3161403359375 0.3740663203125 0.3134913171875 0.3603944453125 0.3134117765625 0.3484416625 0.3237919484375 0.340493 0.34072648125 0.33982919375 0.3485599015625 0.344986471875 0.379939034375 0.3558073828125 0.3982889796875 0.37367911875000004 0.41798615781250004
0 0.31064605312500004 0.5366638874999999 0.32078059531249997 0.549779340625 0.3404221828125 0.5498936125 0.34666185 0.5420982750000001 0.3488490078125 0.5316612890625 0.345410821875 0.510741865625 0.342168378125 0.5028857203125 0.3294922125 0.4910560515625 0.3197265875 0.4909992359375 0.314296984375 0.49358007343750004 0.3074419015625 0.5052961171875 0.3067780953125 0.5131295375 0.31064605312500004 0.5366638874999999
0 0.374635209375 0.6016058546874999 0.381931090625 0.6016483015625 0.39234210625 0.5980248640625 0.3996269625 0.58892375 0.4018141203125 0.578486765625 0.4026106875 0.5690866609375 0.4002039578125 0.554443065625 0.399469515625 0.5523488515625 0.38831669999999996 0.537915615625 0.3729257328125 0.527376365625 0.35968363124999997 0.529911753125 0.3528285484375 0.5416277921875 0.3491180390625 0.55466834375 0.35103287031249997 0.578191328125 0.3566582125 0.5886737656250001 0.3626154578125 0.5952394921875 0.374635209375 0.6016058546874999
0 0.41141957968750004 0.55498968125 0.42003984843750003 0.5550398328124999 0.43506129375 0.5486735609375 0.4414866046875 0.53434259375 0.4444939453125 0.5199917390625 0.4397912375 0.49137839687499996 0.42283190625 0.4623923109375 0.4024411109375 0.45704882500000005 0.391152134375 0.4595955765625 0.3841991796875 0.464779978125 0.3736335859375 0.4895365703125 0.3733995546875 0.49998491874999995 0.3787908640625 0.5209157015625 0.38441620625 0.5313981390625 0.40662396406249995 0.5537329718749999 0.41141957968750004 0.55498968125
0 0.43872090156250004 0.4634958546875 0.4542097390625 0.48056674531250004 0.47097138281250006 0.4882128859375 0.49516148906249996 0.48835362031249996 0.49999115937500005 0.48605794687500004 0.507276015625 0.47695683437499997 0.5114162984374999 0.4665312109375 0.5128738328125 0.4421570359375 0.5118137265625 0.4357068796875 0.5071568609375 0.41687031093750004 0.48885535156250004 0.394558203125 0.4758472828125 0.38664524375 0.4652221109375 0.381358571875 0.4593627359375 0.38132448281250003 0.4465504078125 0.3864748 0.436218846875 0.4007830421875 0.4286297484375 0.42346700937500004 0.43249770625000006 0.4470013578125 0.43872090156250004 0.4634958546875
0 0.48124529374999997 0.5812492687499999 0.4919683359375 0.593067578125 0.505406178125 0.603595465625 0.524937428125 0.6037090953125 0.53189038125 0.598524690625 0.5356987609375 0.5920157796875001 0.540209775 0.5704894984375 0.5357911703125 0.5436047734375 0.5273373328125001 0.529268878125 0.5189971890625 0.5200768609375 0.51032514375 0.5148015531250001 0.5001297453125 0.5121298125 0.4884109953125 0.512061634375 0.47798156406250003 0.5198382390625 0.47264983281250006 0.528950715625 0.46936909687500006 0.54460619375 0.47280728125 0.565525615625 0.48124529374999997 0.5812492687499999
0 0.5023085078125 0.696644359375 0.5051211796875 0.701885578125 0.5225631421875 0.7189678328125 0.523515996875 0.719547465625 0.5510960484375 0.719707921875 0.5553364937499999 0.7165460718750001 0.564144703125 0.704841396875 0.5645761765625 0.699749671875 0.5589461484375 0.6654941203125 0.556838559375 0.6603876234375 0.5468771953125 0.6472675375 0.5365839265625 0.6380641578125 0.5200993796875 0.63274339375 0.5103337546875 0.6326865796875001 0.5018574484375 0.6404745468749999 0.4958619125 0.657420446875 0.49519810625 0.665253865625 0.49906606406250004 0.6887882171874999 0.5023085078125 0.696644359375
0 0.5545064359375 0.532407046875 0.56552833125 0.5324711703125 0.5757644140625 0.5309713281249999 0.583049271875 0.5218702140625 0.5856626546875 0.50512234375 0.577138821875 0.4532596125 0.56462860625 0.4394715859375 0.544901615625 0.4262946796875 0.5258001390625 0.428795978125 0.5193748296875 0.4431269484375 0.5143367078125001 0.4718343390625 0.5186344390625 0.49798361562500004 0.52425978125 0.5084660515625 0.53974861875 0.525536940625 0.5484206640625 0.530812246875 0.5545064359375 0.532407046875
0 0.591467146875 0.6559415484375 0.5994411515625 0.6486150890625 0.6093429390625 0.63169191875 0.6112293625 0.6226900203125 0.6044926703125 0.5817010296875 0.59988793125 0.574163509375 0.587211765625 0.5623338390625 0.5775310546875 0.5575170953125 0.5616022328125 0.5574244234375 0.5555319921875 0.5595371046875 0.5470556859375 0.567325071875 0.53867725 0.5816446796875 0.5364900921875 0.5920816624999999 0.53906873125 0.6077712296875 0.5427409484375 0.618242303125 0.5511789625 0.6339659578125 0.5670975734375 0.6536517749999999 0.570662746875 0.6558205125 0.591467146875 0.6559415484375
0 0.628826509375 0.776356359375 0.6315531812499999 0.776372221875 0.6440424640625 0.75568313125 0.6440514828125 0.7274157390625 0.64101684375 0.7089516609375 0.6330364375 0.6909665640625 0.6155741484374999 0.6612355640625001 0.60221013125 0.6528820375 0.6017225265625 0.6528792015625 0.5900013359375 0.658538615625 0.5828211234375 0.6763060703125 0.56987263125 0.69843636875 0.568779053125 0.7036548625 0.5722172375000001 0.7245742828124999 0.58432746875 0.7507690124999999 0.5899528109375 0.7612514499999999 0.5982929546875 0.7704434671875 0.61868375 0.7757869515625 0.628826509375 0.776356359375
0 0.6661230687499999 0.8525078984375 0.674795115625 0.85778320625 0.684560740625 0.8578400203125 0.706279146875 0.8475166656249999 0.7174702546875 0.838438278125 0.718880840625 0.8217922578125 0.71366984375 0.7900862609375 0.7095385984375 0.778306303125 0.6954752421875 0.7521002125 0.689517996875 0.7455344859374999 0.660884928125 0.7375306203124999 0.640689871875 0.7452504125 0.62512445 0.77520276875 0.6237968390625 0.790869609375 0.626375478125 0.806559175 0.629617921875 0.8144153203125001 0.6661230687499999 0.8525078984375
0 0.6813834328125 0.7435294484375 0.6976722375 0.73578693125 0.7049570953125001 0.7266858187499999 0.705594146875 0.7219545 0.700861271875 0.6931576109375001 0.6985104984375 0.6874619046875 0.6858343328125 0.6756322328125 0.675638934375 0.672960490625 0.6682562078125 0.675529965625 0.6578267765625 0.683306571875 0.6509716937500001 0.6950226125000001 0.6492143078125 0.708074525 0.6513631734375 0.7211491640625 0.6735709328125 0.743483996875 0.6813834328125 0.7435294484375
0 0.6253296515625 0.647933596875 0.6431083906249999 0.6656080249999999 0.679142425 0.6658176640625 0.690016809375 0.6378602265625 0.6890670515624999 0.6213964109375001 0.6886157890625 0.6186507359375 0.6820468609375 0.6012398765625 0.6685111484374999 0.5841803515625 0.6515968296875 0.576244665625 0.6457374546875 0.5762105765625 0.625972171875 0.58654529375 0.6171639625 0.598249971875 0.6150861625 0.60816510625 0.6188251890625 0.6309149796875 0.6225169796875 0.642692378125 0.6253296515625 0.647933596875
0 0.6119095515625 0.5686441453125 0.6351066671875001 0.5687791015625 0.6367757671875001 0.5679857328125 0.64551785625 0.555878759375 0.642360678125 0.5366690984375 0.637614028125 0.5196607046875 0.6193125187499999 0.49734859687500005 0.6115000187499999 0.49730314531250003 0.5991174625 0.5050683874999999 0.588785903125 0.51937663125 0.5876923234375 0.5245951234375 0.5902709625 0.5402846890624999 0.59351340625 0.548140834375 0.5963260781249999 0.553382053125 0.6119095515625 0.5686441453125
0 0.6618265 0.5452888625 0.6683113875 0.5610011546875 0.6790344296875 0.5728194609374999 0.6918531078125 0.581597290625 0.7130273359375 0.5817204796875 0.7189564749999999 0.5782765765625 0.72938590625 0.570499971875 0.73203985625 0.559935078125 0.7263668515624999 0.5254180359375 0.72393501875 0.5195259265625001 0.7183096765625 0.5090434890625 0.7056335093749999 0.497213815625 0.6871958390625 0.49188169375 0.6778599875 0.49443980937500004 0.6709070328125 0.4996242140625 0.6640519484375 0.51134025 0.6603414390625 0.5243808015625 0.659677634375 0.5322142234375 0.6618265 0.5452888625
0 0.7467441406249999 0.5247431796875001 0.736842353125 0.541666353125 0.7346551953125 0.5521033375 0.73571048125 0.57039646875 0.74457826875 0.58873505 0.7557310828125 0.6031682875000001 0.7671813937499999 0.6101336453124999 0.78576501875 0.6102417625000001 0.791746878125 0.6086026734375001 0.7986998328125 0.6034182718750001 0.80707826875 0.589098665625 0.8099292312499999 0.570828259375 0.8049676953124999 0.5525124031249999 0.7960999078125 0.53417381875 0.7877597656249999 0.5249818015625001 0.7810408437499999 0.519717859375 0.764986071875 0.517012028125 0.7467441406249999 0.5247431796875001
0 0.72893585625 0.6848394265625 0.7512219703125 0.6849690828125 0.753802709375 0.6837423874999999 0.76218114375 0.66942278125 0.7620716796875 0.6666790953125 0.7587033328125 0.6461845984375 0.75464096875 0.6354173578125 0.7494454 0.6275498484375001 0.73915213125 0.61834646875 0.72743338125 0.618278290625 0.715050825 0.62604353125 0.70971909375 0.6351560093749999 0.7075319359375001 0.6455929953124999 0.71139989375 0.6691273453125001 0.7182166859375 0.680922925 0.72893585625 0.6848394265625
0 0.7260642453124999 0.8307727453125 0.7415530828125 0.847843634375 0.7834703515625 0.867794396875 0.8313408265625 0.8680728984374999 0.8437410968749999 0.8641127109375001 0.8556938796875 0.853732540625 0.8610256109375 0.8446200640624999 0.8769296640625001 0.786156896875 0.8664278515625 0.7222592703124999 0.8634042296875 0.7166249625 0.8411964718749999 0.6942901296875 0.8010786859374999 0.6757697406250001 0.7795943109375 0.675644746875 0.7470166984375 0.6911297796875 0.735063915625 0.7015099499999999 0.7221154249999999 0.7236402515625 0.7199282671875 0.734077234375 0.7198516828125 0.78110048125 0.7260642453124999 0.8307727453125
0 0.8280972953125 0.6410048796875001 0.8141991234375 0.623817646875 0.810077225 0.6213102484374999 0.794066421875 0.6212171 0.7838086703125 0.6288656953125 0.7784769375 0.637978171875 0.7791024515625 0.653656375 0.7860171125 0.6719835953125 0.7939274828125 0.6785606843750001 0.80238540625 0.6837057375 0.8242362906249999 0.6838328609375 0.831798534375 0.677474796875 0.8330834890625001 0.6713430671875 0.8280972953125 0.6410048796875001
0 0.85863969375 0.718206625 0.871873934375 0.7262571703125 0.8982454921875 0.7264105953125 0.91332719375 0.7185247875 0.920846084375 0.698975328125 0.92203231875 0.6901652875 0.915918796875 0.6529679421875 0.9109613031249999 0.6388319921875001 0.895472465625 0.621761103125 0.8761752484375 0.611199125 0.8585971234375 0.6110968578125 0.84969104375 0.616269896875 0.8347894281249999 0.6383888375 0.8321724984375001 0.6462108953125 0.83170443125 0.6671075875 0.8399084125 0.6932795921875 0.85863969375 0.718206625
0 0.9345319671875 0.817863146875 0.9414849203125 0.81267874375 0.9501554562500001 0.7947938703124999 0.9426674875 0.749233784375 0.930544853125 0.7342422765625 0.92187280625 0.72896696875 0.9124326234375 0.726493134375 0.895650215625 0.726395496875 0.89062280625 0.7287851609375 0.8787678937500001 0.7456969703125 0.8765807359375 0.756133953125 0.877401990625 0.7848754328124999 0.8810742078124999 0.79534650625 0.8874612265625 0.8045271609375 0.8985161703125 0.8124287578124999 0.9245373499999999 0.820223915625 0.925887659375 0.8202317703125 0.9345319671875 0.817863146875
0 1 0.7113925265625001 0.9800625625 0.7112765343749999 0.9698734796874999 0.7188739234375 0.956495215625 0.7383892984375 0.9521209 0.7592632671875 0.9559888578125 0.782797615625 0.9633332921875001 0.8037397640625 0.9816348015624999 0.826051871875 1 0.8361037250000001 1 0.7113925265625001