0 0.48320518710076377 0.5239052885900944 0.041968339840007474 0.04893741825469285
0 0.051771411304579254 0.31524264465309154 0.05871448094373122 0.058393166340107605
0 0.20435703535497435 0.23002166530077423 0.03788887362906097 0.04391831417090888
0 0.016665637438260023 0.552206842655955 0.033331274876520045 0.06952952467576097
0 0.30273519932586546 0.060426233290911034 0.06588917642091499 0.06325332059098261
0 0.25575183005486524 0.1537767912953654 0.035184269362823616 0.04408180933720436
0 0.21949663860245328 0.2688387172979107 0.0374423126226219 0.04098862667090888
0 0.6958679464456802 0.21338431723427725 0.044096947304033664 0.06290226200469302
0 0.16986460107165477 0.35910063796945596 0.044995683590007475 0.04897264458843722
0 0.22049957309964618 0.46691259062700186 0.04869286884966604 0.0534024021721816
0 0.17134427818588194 0.21636824530554674 0.04523384946010829 0.05053514458843722
0 0.1977967602631509 0.18096654730268322 0.041296695599805755 0.045810145587999784
0 0.3630822306058059 0.4473166112746846 0.05101452256061254 0.058401052255727136
0 0.09837775309405851 0.16808583398313715 0.06602180551484046 0.07563521034074401
0 0.23287142515227638 0.5034222552912292 0.042410831862823614 0.04416589800485191
0 0.35708111013995697 0.5378507046069573 0.05675842008664826 0.055153465089908774
0 0.3829760862429823 0.49075752860441196 0.0327548126226219 0.04093408267027261
0 0.23381543449719291 0.19536485463081982 0.04174505933678789 0.04747257450469298
0 0.2630084727323524 0.26989213995863826 0.03393863713242027 0.03782840033716459
0 0.0859173104467978 0.2805312899825008 0.03991462273292443 0.04569658067114748
0 0.3072475776651678 0.14849839795513842 0.040278412856244825 0.04872278808780095
0 0.046661558761461365 0.44086026265118256 0.047672319853025294 0.04734657833883489
0 0.5554790527872177 0.4232416699156857 0.040278412856244825 0.04872278808780095
0 0.34909225070436106 0.16048932061586596 0.05931823966769549 0.061714615173454224
0 0.41763663670324347 0.09964217994113908 0.03928583186282353 0.044129535337761164
0 0.2720443539518399 0.2003790712921837 0.05282827106705153 0.06134664842257927
0 0.1771233032777054 0.26543245397041043 0.04971115159322696 0.05048975967238043
0 0.23968099065508347 0.3052574752944109 0.04491291270688871 0.04906916450509069
0 0.4839868479775962 0.18621493193032138 0.054936791054033665 0.06302839500616449
0 0.15173679990703254 0.5854722339672287 0.05436280306383203 0.059902258672817864
0 0.20335698728441062 0.6254245246260474 0.052323971323630404 0.056759077339272504
0 0.3521228924008728 0.6010774106063209 0.04051657872634564 0.05028528808780095
0 0.29542045839416764 0.24143987595482025 0.041647403086787896 0.04747143817134632
0 0.4586872865498231 0.22940185793286672 0.03948114436282353 0.044131808004454334
0 0.19443524304478094 0.31046314330045605 0.05267467881061254 0.05842036992261903
0 0.16298333722395766 0.16889380864100118 0.04757466360302529 0.04734544200548836
0 0.24613495600447016 0.2373341786282745 0.04487005933678789 0.04750893717178384
0 0.006254211347871741 0.42201990332590944 0.012508422695743482 0.04565233208843722
0 0.16227749374914197 0.47538870930141053 0.045106422476345685 0.05033869575509069
0 0.24570930615789055 0.10710178596436526 0.04442169559980576 0.04584650825509069
0 0.1641898261937047 0.6367983766311379 0.04067197371332783 0.051944308004454244
0 0.026285395664609017 0.27344604332431854 0.05257079132921803 0.05992044000636341
0 0.2192044935352686 0.14796314330045607 0.047827714840007474 0.049005598255488406
0 0.4858414930447809 0.3070723245942306 0.03718926138563976 0.03932847042090888
0 0.1929934746315622 0.4375978079646835 0.04878825884658626 0.04443507217238043
0 0.137115145281058 0.4460466546387741 0.04713036884966608 0.05338422083863605
0 0.12076328535497435 0.23099436664545553 0.07090461801484049 0.07569202700807347
0 0.47778547034265495 0.26271379726291233 0.04198142247634564 0.050302333087999786
0 0.3249798104467978 0.27774954595004775 0.03170449289221855 0.0346829463369259
0 0.06222516320378901 0.4820119739815463 0.04781282947312615 0.048907942005488356
0 0.08261512925753674 0.5784778939767738 0.04919897132363036 0.056722714672181596
0 0.3767211402877897 0.1071370539465479 0.04943713719373122 0.05828521467218155
0 0.06387419426985613 0.5428222046467281 0.05228111795352952 0.055198850005965736
0 0.03370335704589846 0.3723829826543642 0.05970706193715243 0.06298641909014738
0 0.17737753964388162 0.40190575596754696 0.04125384222970494 0.04424991825469302
0 0.4219722447301174 0.14794331993954823 0.04897388808986776 0.0565251295054884
0 0.040508803491578725 0.5937852679821827 0.04489983007055052 0.047704249671783924
0 0.6036858032777054 0.260468949912504 0.05259417418057364 0.0674853561724202
0 0.3891560365498231 0.23021092727563905 0.044226383099805845 0.04584423558839745
0 0.3894679602933774 0.4072365039385938 0.03846059536618283 0.03807598417110771
0 0.27466582717468013 0.31108930462286566 0.03621563474272271 0.042534081670710044
0 0.2287756316472342 0.581456348623502 0.03164675415523641 0.03302506275361914
0 0.13643319953973876 0.38912449264004667 0.05789151070017029 0.06130808150660201
0 0.12968132141430977 0.6278415473026833 0.03669196648292443 0.04565908167071005
0 0.38476397892046943 0.6069365119350939 0.037344656372621896 0.04098749033756235
0 0.3425154942396297 0.3110796666136388 0.04531662034322696 0.05043862467178384
0 0.44330951743224334 0.1921473059357302 0.04945202256061236 0.05838287092218155
0 0.41583720860804096 0.5668018605983668 0.05284315643393285 0.06144430467257926
0 0.15207427003581414 0.5269784813017286 0.04454731985302529 0.04731021567174416
0 0.230621622578932 0.40050634062700186 0.0603816420344371 0.06933066634010761
0 0.09915323538520082 0.4597460753103192 0.041043644362823616 0.04414998933799978
0 0.14018080925194906 0.27756028397518295 0.03489130061282362 0.04407840033716459
0 0.19459017515227636 0.5038676979630926 0.04486825660624483 0.04877619575509069
0 0.3286565487121838 0.5810739932765936 0.04509153710946441 0.05024103950509069
0 0.21436494785440235 0.54808986529282 0.03842474683678789 0.04743393917090888
0 0.4078446409921508 0.2713262759389119 0.05986719551176058 0.06659515500676108
0 0.7185963056674028 0.2638110312301411 0.05291984952141924 0.07090105225572704
0 0.4542919316170077 0.3503319759309577 0.05539823742735415 0.06605573875616448
0 0.26328949325865425 0.6364251119510023 0.048036109976345644 0.050372785755488356
0 0.5112687915430915 0.5649115492520946 0.04188376622634564 0.050301196754653076
0 0.06459445958901636 0.24646537265277338 0.050187483333428665 0.05361475967238043
0 0.407067099172445 0.1894495672740482 0.039762163603025334 0.04725453533776114
0 0.3090536003672938 0.19292965062063847 0.03058855389865762 0.03759445250338054
0 0.0477835761937047 0.6381528859802736 0.04069293687584147 0.042488696754653076
0 0.6630554464456802 0.2137661252387316 0.03012710752533714 0.03456710875338054
0 0.5098706995397387 0.3847791539226854 0.043208100356244825 0.04875687808819862
0 0.284838558547588 0.11132566195895643 0.039325749375841476 0.04247278808780095
0 0.03312401286672173 0.5143250346515007 0.04369231262262192 0.04106135200509069
0 0.19188546816683086 0.5881245192950473 0.03645380061282362 0.044096581670710046
0 0.4665698362429823 0.4897848272597306 0.033898719619402405 0.039485147587124916
0 0.020049598909111198 0.47806081799013683 0.040099197818222396 0.08038982242599957
0 0.008049301464580084 0.3230193293284548 0.01609860292916017 0.059760353840107604
0 0.09866083314892375 0.32483527331318274 0.04407098811282362 0.04418521567174407
0 0.24813011133480573 0.5414580572883657 0.03842474683678798 0.04743393917090888
0 0.7589015546864275 0.587765604551278 0.032047319853025336 0.047164765003380536
0 0.07545243400670522 0.35941935864895536 0.04149020536926269 0.04707967683799978
0 0.12434978437399898 0.5553762013049104 0.04161763235302529 0.047276125671346314
0 0.3041040367636964 0.5579637572804115 0.04367134946010829 0.050516963254891856
0 0.3282667480380492 0.6450274052753209 0.04367134946010829 0.050516963254891856
0 0.5390258290738899 0.4749041672501857 0.045134390479565314 0.051801266838397454
0 0.7422484846808398 0.2877116078930958 0.041324663603025155 0.047272716671306635
0 0.3284422805755794 0.2192194306174568 0.04500876622634564 0.050337559421744074
0 0.49809426216236063 0.344363239258458 0.046901010550814345 0.06147264458843722
0 0.28069002362036033 0.5325006806174568 0.03681352175252108 0.039421581337522583
0 0.3393925537681931 0.1013324966184113 0.043208100356244825 0.04875687808819862
0 0.005094092616104715 0.37762501332750026 0.01018818523220943 0.05048975967238043
0 0.39481227052630186 0.36194218527213917 0.039578800612823706 0.04413294433780095
0 0.3878498324445627 0.15691887794400258 0.0395429520834286 0.053490899337602114
0 0.5881329124994279 0.31134110658023123 0.04724291046654727 0.053483013421982764
0 0.5621312157771333 0.5791371339115494 0.03901181746332796 0.05192499033756235
0 0.5940095931982012 0.17557632924891298 0.03438519813885925 0.04075808783716459
0 0.8969269196685203 0.32178552120468773 0.04089525421654727 0.053409151754454334
0 0.3304790527872177 0.4258597819462297 0.03928583186282362 0.044129535337761185
0 0.27068911660468836 0.38834214795513844 0.04461520536926269 0.04711603950509069
0 0.012360946433114748 0.5996721886537278 0.024721892866229497 0.04893741825469285
0 0.6010354863661762 0.129482579248913 0.04966222042749387 0.05848279983887474
0 0.6631563993560918 0.2847326059039135 0.030099139522117825 0.03310453767007369
0 0.08701584102237721 0.5035597099777283 0.039882585746082014 0.036532801837999784
0 0.12665933385328482 0.48906085797263765 0.03378324214543808 0.03616938042051121
0 0.5390892841601256 0.22378710992204906 0.039242978492722715 0.04256930800445442
0 0.36346502579618445 0.20945353194622976 0.03585004188885925 0.04077513283736343
0 0.29480114598541907 0.608763188613957 0.0374423126226219 0.04098862667090888
0 0.34934113023851215 0.250950688613957 0.038571334252521086 0.03944203533776118
0 0.45448106424521734 0.6100246019255489 0.037316688369402405 0.03952491925425541
0 0.8607458969663945 0.27775425787718744 0.04251549295352959 0.055085216671306544
0 0.01380507178253304 0.6393977599856825 0.02761014356506608 0.04413294433780095
0 0.6661532514087221 0.32135135856941355 0.03480852972970503 0.04417492025381797
0 0.08922979442327654 0.4122898199793191 0.0698542982844371 0.06944089067472703
0 0.5453335164512679 0.515383716581822 0.0345126251226219 0.04095453667051121
0 0.24191431185551987 0.6078188539545021 0.033581851849805756 0.04572037525361914
0 0.7279531756427641 0.33544967389405034 0.039734195599805844 0.04579196425445433
0 0.44155541439863777 0.47993765993000326 0.030798751765538944 0.0376943814200736
0 0.5203104404714366 0.20372914859168528 0.035598793382420266 0.03784771800405666
0 0.11553434987680604 0.35739323464354655 0.040537541888859344 0.04082967683799978
0 0.46012864408620924 0.4399484592616396 0.038113956862823525 0.04411589933760211
0 0.8191501034613523 0.3562247032145509 0.039556034719766944 0.05485581417090888
0 0.5936519335162175 0.5156013452419133 0.049450219830069385 0.059650129505488356
0 0.47558387925753676 0.5739052885900945 0.031051803002521083 0.039354537670073596
0 0.35885458097309963 0.6438916192711848 0.0280673126226219 0.04087953866963616
0 0.2722351352317804 0.5879694306174568 0.04048454173950322 0.04112150925465326
0 0.2355942621623607 0.3474177032940927 0.036727815012319365 0.03630112667090888
0 0.45605139148263846 0.10855355593573024 0.0347079376226219 0.04095680933720436
0 0.5086493778488146 0.24441778325909436 0.033364649142218636 0.03470226400381797
0 0.567125693565495 0.37241496658182205 0.033826095515538765 0.03772960775381797
0 0.5195761641847645 0.15226664592618522 0.038141924866043196 0.04557847042090888
0 0.5302767360895618 0.6192808759150493 0.031734263625981106 0.03487825883692608
0 0.429436150060453 0.45200356393223035 0.03166637810974375 0.03507243500357937
0 0.3929914151029988 0.6450541299331849 0.04496591285624483 0.04877733208843722
0 0.5176992700358142 0.5227240492520947 0.028709186129061058 0.0438114988363294
0 0.2064786899809489 0.3695926952975926 0.03720414675252108 0.039426126670908876
0 0.542380340808504 0.17149790392268538 0.037279037109464494 0.05015013283736343
0 0.5000824120089403 0.4745774505888217 0.04315916919051155 0.05674991825469302
0 0.586083367095176 0.22246041991568571 0.03600723960638454 0.041166894170710046
0 0.6574490726091584 0.6240400065643229 0.03635614436282353 0.044095445337363516
0 0.6436898422172259 0.4994218145687773 0.03390660014557767 0.02866462150401681
0 0.30406283075922624 0.3177660186187295 0.0372470001226219 0.04098635400421573
0 0.5439552031242849 0.3914013239179129 0.033281878259099784 0.03479878392047144
0 0.7189407812799404 0.3792269458943685 0.0341220001226219 0.040949991337124826
0 0.6288337299014449 0.27967293590868597 0.03321625899594238 0.043961426420272606
0 0.9252196249686294 0.39710314719927886 0.0335739713236304 0.05654090133672707
0 0.2815021768376128 0.34298419462127483 0.029878794875981107 0.03485666850334077
0 0.4015979382956124 0.5271944679344576 0.03406606411618292 0.03802484917051121
0 0.2671129203728814 0.49366544728677486 0.04322298572312615 0.04885453433819862
0 0.5591401314333609 0.25084904925209467 0.034287541888859255 0.04075695150381797
0 0.4559014053303356 0.2988422012651395 0.03247379338242027 0.03781135533696576
0 0.47431929203357903 0.40312971192713976 0.03077552234994556 0.03818152633672707
0 0.6806793099563102 0.43582239123173194 0.035212237366043196 0.04554438042051121
0 0.5594879043493602 0.622060430577686 0.02848183664221864 0.034645447336488645
0 0.18041394904925107 0.5508245139640471 0.0408054784927228 0.04258748933799979
0 0.6534311560346966 0.46109511123491365 0.0375399688726219 0.04098976300425541
0 0.08010532260915848 0.6307580093093648 0.03623752495030996 0.053549920253817974
0 0.5691538116416466 0.27724791725018566 0.027129534509099783 0.03472719491963625
0 0.32543966081409154 0.47427000994591156 0.04440681023292452 0.04574885200509069
0 0.6538572167581087 0.2536462379058225 0.0305903566292006 0.036327193920073775
0 0.3592897067088312 0.40056888060950263 0.03670685184980575 0.04575673792071004
0 0.6446338515621426 0.19136441390836784 0.033715356629200596 0.03636355658716459
0 0.4644646629899157 0.1505683332670485 0.03599235423950322 0.041069237920710044
0 0.6283701713538569 0.16503827124445863 0.031066688369402407 0.03945219392007369
0 0.5969557633572095 0.3455524745783222 0.034465702768898154 0.03169310158736351
0 0.377195412499428 0.3137955866088663 0.03428754188885934 0.04075695150381797
0 0.5182839710470161 0.42679393125400367 0.03438993672648536 0.042707803837124914
0 0.021275466267621064 0.4232187766550005 0.03354687900588031 0.033339621837204444
0 0.3023775396438816 0.40045124928391135 0.034453083655096695 0.04056391167051121
0 0.2975169775117474 0.2788489692870931 0.03336464914221855 0.03470226400381797
0 0.5573501792273102 0.34445359858373104 0.03071598088242027 0.037790901336727065
0 0.5093548104467978 0.27560414859168525 0.03600543687584157 0.04243415275401689
0 0.26391581115115886 0.443011466621593 0.05332736870030992 0.05374877858947134
0 0.30191192156773017 0.4956001172820024 0.030449847009099872 0.0347658302534203
0 0.3654857275117474 0.2780580812778662 0.034332197989503224 0.04104992025381797
0 0.8288044753359232 0.5947508538749603 0.03720414675252108 0.039426126670908876
0 0.808578917278823 0.3181343572167781 0.033456227596586174 0.04425666783696567
0 0.8290195652261927 0.2812428845480964 0.024227815012319454 0.036155676002545344
0 0.683629599172445 0.18623147123650446 0.030448044278556807 0.03603308883672711
0 0.8348364990190247 0.31470936521327825 0.027561210148657624 0.03755922616963616
0 0.14740325140872207 0.32738756130650126 0.05036791046654736 0.053519376089073575
0 0.4502356954647048 0.5406660745942306 0.0356845001226219 0.04096817267067028
0 0.6851232872541841 0.39131841323205013 0.028987939116182915 0.037965759836488464
0 0.6470439430750075 0.5336968172342773 0.035003842229705026 0.04417719292051121
0 0.335980354656201 0.3641864852800934 0.06635062279423547 0.06628066434098265
0 0.5640604404714366 0.20322007125241281 0.03602032224272271 0.042531809004016895
0 0.6738643876214778 0.5879752372295048 0.032180824632420266 0.03780794633692608
0 0.37556945741319225 0.5649308252705483 0.038214548969906656 0.047334010254215644
0 0.46625750162259544 0.6504405165897763 0.033386539349805844 0.04571810258692608
0 0.6353668099563101 0.4363496499045498 0.03653250251231945 0.03629885400421564
0 0.49250848875587366 0.13542459126354867 0.037344656372621896 0.040987490337562306
0 0.29536606832025125 0.456683067950366 0.03677066838242027 0.03786135400421564
0 0.6390476672788229 0.32010703190645884 0.031094656372621897 0.04091476500338054
0 0.5852691543493602 0.6217604385741862 0.031026770856384545 0.04110894117003383
0 0.5406369514389485 0.5513121259150494 0.031185307781916017 0.02999771900361914
0 0.8863969394904612 0.523892913868597 0.03235110498628373 0.03956462250357937
0 0.6102258888163267 0.5910553312380953 0.02386402488899897 0.03312946858589179
0 0.7052932174624698 0.41759910256209576 0.029875859018898155 0.0316396939200736
0 0.5319261780324616 0.34240984058723095 0.03247379338242027 0.03781135533696576
0 0.356056337437831 0.4934103612746846 0.033379534509099786 0.03479992025381797
0 0.6921001471802677 0.6064797892266413 0.03526997610302516 0.047202264003817974
0 0.4121205021130831 0.4888586739338212 0.036547387879200775 0.03639651025421564
0 0.8195164172788229 0.31800708788195997 0.03163887362906124 0.04384558883672707
0 0.4290463493863184 0.5159569759309577 0.03699575161618292 0.03805893917090888
0 0.4160593039820665 0.42720355860123027 0.04295504911926269 0.047096721838198616
0 0.5944892222418647 0.4282467959102769 0.02619175639557785 0.02857485116963616
0 0.5681376930750075 0.5346149745783222 0.02765660014557767 0.028591896169834995
0 0.5305008909921508 0.2698990412555945 0.033313915245942384 0.043962562753619136
0 0.5231033271746801 0.3081984725891399 0.025313983272117823 0.033048857336090795
0 0.8508855002138734 0.31686221121105107 0.02147448566181538 0.028324994668999893
0 0.6522226075363862 0.20297407590709518 0.03456856112906106 0.043879678837124826
0 0.9381275556674028 0.26125655386700614 0.026696056138998968 0.0331624222529431
0 0.6322867241410746 0.5946979519016864 0.029972639583428596 0.05337953866963616
0 0.42493283673347 0.32805753393541204 0.04583580545352959 0.05512385200509069
0 0.41788139718026773 0.6096706132638668 0.03379024698614401 0.04708756275361914
0 0.4512460463224864 0.5749683492600488 0.027144419875981284 0.03482485116963616
0 0.7847586220884443 0.5562701565484145 0.03768047849272271 0.04255112667090888
0 0.8456207155632601 0.24907527454650555 0.031817034509099784 0.03478173892027261
0 0.8136129524199239 0.2237121952180508 0.029629812622621897 0.0408977200031817
0 0.5478651613045793 0.3094700712524128 0.029629812622621897 0.0408977200031817
0 0.7319224698521672 0.42196842922505046 0.03931786884966613 0.05329331417090888
0 0.6715478326584361 0.48038091323205007 0.032180824632420266 0.03780794633692608
0 0.8210768577502595 0.5277724392107329 0.04486825660624483 0.04877619575509069
0 0.6245537497233856 0.48170760323841344 0.036132863859604035 0.042630601587363516
0 0.891450753307932 0.4856207545353697 0.033364649142218636 0.03470226400381797
0 0.2964736639081501 0.6438376226130025 0.026094100145577847 0.02857371483628963
0 0.5784328046864274 0.589865548575777 0.027850109915034692 0.029861427419834996
0 0.9221939292273102 0.3402082572008697 0.03321625899594238 0.043961426420272606
0 0.6536606677693106 0.15772521057450423 0.04046357857698961 0.05057712050445433
0 0.764208367095176 0.220387747891505 0.03219570999930159 0.0379056025869259
0 0.34410312974802443 0.41322342194463885 0.030672251826849895 0.05796938241963616
0 0.8386648720884444 0.5556429005410968 0.0321021227329247 0.045605674003420305
0 0.6152133611209324 0.2104234965786404 0.022547571285275226 0.023853261169238492
0 0.7132680659305538 0.44714115189373216 0.03270789026889816 0.031672647587124916
0 0.48007647892046956 0.6058274505888217 0.027114649142218637 0.03462953866963616
0 0.04567634341207468 0.5087199246499099 0.05410568284322699 0.050540894672976934
0 0.856159349876806 0.3487752825430057 0.038983849460108286 0.05046241925425541
0 0.9491606517457892 0.28608383119832437 0.015364995281915839 0.02981363300147155
0 0.8097553247849826 0.3001837885503235 0.033484195599805845 0.04571923892027261
0 0.7013816106304447 0.3716326218969138 0.027746375869402408 0.03941355858628963
0 0.7643381636942767 0.31163036588959603 0.02949538079815355 0.02978308883672707
0 0.6054032353852008 0.45385532324159517 0.03876664675252108 0.03944430800445424
0 0.7326423242944949 0.46329286322409596 0.03014199289221864 0.03466476500338054
0 0.8992360582709736 0.5931514438654153 0.024726036960108288 0.05029651458565336
0 0.49370797224186475 0.42941949192395795 0.028564607525337314 0.03454892741983499
0 0.24901231424521733 0.6124154472867749 0.026281532119402408 0.039396513586090795
0 0.7708065508880079 0.25384513788991414 0.02683362990201683 0.0315068113363294
0 0.9428348343437726 0.31735201253186984 0.019427773395437952 0.03600233941856246
0 0.8782527370705374 0.2908082412078694 0.023364927255740752 0.04072733841899989
0 0.6049829423706463 0.3696348645767314 0.02363600579815337 0.029714908835931732
0 0.6538135403482427 0.5609132978994592 0.024588669278556807 0.03596490883593173
0 0.6094936720582178 0.32980929591027686 0.04341041769695071 0.05967733308799979
0 0.4431360444232766 0.408171747931276 0.03444473960638454 0.04114871283716468
0 0.577173574294495 0.4651019059118677 0.034170725206888616 0.04894416783696567
0 0.9132322167581087 0.25062813653727867 0.0312899688726219 0.04091703767007378
0 0.7123549598028897 0.5656911572247323 0.030926178749301415 0.037890830253420306
0 0.7083386918801586 0.5306439952260049 0.04318713719373122 0.05821248933799979
0 0.2791077449439907 0.4763688592855022 0.036832476103025334 0.04722044533736351
0 0.7877987396741081 0.6233031152132782 0.04534458834644663 0.05190119575509069
0 0.5418442621623607 0.34385416191918555 0.0398825857460821 0.036532801837999784
0 0.14157519307500738 0.5395784786362287 0.04533758350574062 0.04098301342198276
0 0.9124831077502595 0.5267088311983243 0.01725543687584157 0.042215976751471554
0 0.8780289930447809 0.30250880987432394 0.02086464914221864 0.03455681333545444
0 0.6057332891533939 0.559133169239368 0.02672402414221864 0.03462499333624987
0 0.6158046567390577 0.6260843119032773 0.03301574438577948 0.03177371283716468
0 0.6548024638779235 0.41116783656909545 0.0273677003792006 0.03628969491963616
0 0.8487741483751166 0.606996315205324 0.025410763836648087 0.05478870208565336
0 0.3677425355688477 0.554883663271821 0.034949039349805755 0.045736283920471445
0 0.7637246189943858 0.38728434655477784 0.039859819853025336 0.04725567167110771
0 0.693984046812974 0.4099320532304592 0.03061920031788965 0.01605105658716468
0 0.30655656691152916 0.12745010128900205 0.03402521955809146 0.019210146587562305
0 0.5316101352317804 0.584951329248913 0.02907678779493388 0.02831597242003401
0 0.5886578666046883 0.38464224657864043 0.027197420025337316 0.03453301875298278
0 0.585234953828646 0.5554723672422315 0.024725109915034692 0.029825064752744268
0 0.8999942322911423 0.2811968838717786 0.024344631694290086 0.02796845966939756
0 0.6351307036147726 0.22812861724223144 0.03386194404493388 0.028371652754016808
0 0.4195361959551926 0.3788115119350939 0.037708446495942384 0.04401369775421573
0 0.5988211220884443 0.5584337352403225 0.027337929645437953 0.03609438241963616
0 0.4969120869473433 0.6539831399188675 0.04215958335638455 0.041238483171545326
0 0.7907111201892346 0.38930992321773256 0.030365273395438132 0.03612960875338054
0 0.4462449739272012 0.2700995832670485 0.029012971262319453 0.036211356336528236
0 0.42028118590591496 0.522297882598685 0.032950125122621896 0.040936355336965845
0 0.6074025097726632 0.3384121365770496 0.03241899050252108 0.0393704463369259
0 0.4021682174624698 0.42112628126991203 0.034107114755740575 0.040852335087124915