0 0.6831281023202523 0.3389350040538945 0.04030786113517095 0.052213655742439344
0 0.40216434158514713 0.5533388287312306 0.03371379305346807 0.041172175375191244
0 0.38858695997276377 0.5882223433417272 0.03362847562065063 0.039707331625191244
0 0.4534776706513993 0.42936158644186834 0.045463689420186526 0.05698638555165925
0 0.3047433100151161 0.5422728693163095 0.03701511574795724 0.04425406620309182
0 0.3107742311606255 0.44482117085843703 0.038758663111827296 0.04906479139585791
0 0.15503100732781042 0.5981938124991762 0.04675124731622367 0.055643062398240774
0 0.3513306127024217 0.48455187256272036 0.05005257001071293 0.05872495322614135
0 0.471930810015116 0.5451911379839959 0.05373217888801953 0.06327680159259526
0 0.08466602844508499 0.5290659370937867 0.061537064740217653 0.0666324163449783
0 0.5393850785721419 0.4035451546230873 0.05842440355740024 0.06511473011326192
0 0.18496913630935788 0.5628154200476582 0.053913226251889504 0.06806025324641088
0 0.3812302153050228 0.5155115462638264 0.033798147326811724 0.04429547077900686
0 0.49235816012805556 0.4269184249156268 0.03877100192901004 0.04760165224204229
0 0.536698236281123 0.5986121927725343 0.04398650685300396 0.05842395576270896
0 0.2625565390390158 0.4611495543815013 0.036825491076811726 0.04434831326072306
0 0.5503078970444631 0.34988436647364046 0.03886297035015538 0.047505700588226674
0 0.1022700283744978 0.6035165121748646 0.05997456474021767 0.06660514280602783
0 0.45516199701622817 0.37788090705871935 0.035640314100155376 0.04744944891414153
0 0.39002211540384485 0.4118643948838547 0.03516533482681181 0.04431933512558839
0 0.7248535997600036 0.26473957345292953 0.04620407033074407 0.06802324639784363
0 0.4213855074689848 0.454556455354436 0.040412168373499216 0.0506545649348082
0 0.27646639157102976 0.565973422076253 0.030321465097306977 0.036527784547290484
0 0.48273326017040785 0.3822644439903503 0.027098808847306977 0.03647153287320544
0 0.2765056469738759 0.4192484265404799 0.03912933514684287 0.053753995992042294
0 0.34013477844508494 0.5335251607121674 0.03390149140566621 0.04439483162519124
0 0.3741919890531333 0.44826949918592585 0.036850168711177037 0.041422034953091824
0 0.789014081273565 0.33453960470251765 0.03701222626953608 0.04922942116453868
0 0.5222038258001316 0.5507513912304067 0.046928533170186526 0.05701195449442516
0 0.05316539946353751 0.5644170560063545 0.04315984535015547 0.047580702820340194
0 0.2684039916133821 0.5213467146899269 0.04869203349904101 0.05714029347574421
0 0.73717637841685 0.5701128660666033 0.03105615817901004 0.047466989143475045
0 0.4274597441736308 0.5990467950460105 0.031907679572198686 0.035287231432425334
0 0.2198376889966635 0.5048898717519414 0.07631623117588351 0.07918256569553125
0 0.4194898075254545 0.3952087288933864 0.0433485068618273 0.04914490741652448
0 0.8845933498305907 0.19338454504271524 0.042350065077895495 0.05712715097375849
0 0.9837572586131749 0.2544368676881611 0.032485482773650175 0.03843268658663801
0 0.30504714690328877 0.4938899163942102 0.04353524205455184 0.054026015320340015
0 0.7888753863093578 0.5733566428519646 0.03416216837349921 0.05054547077900686
0 0.39885035480991393 0.4830399655007058 0.03866765785015547 0.04750229139585791
0 0.41583272845920244 0.520017814120734 0.027269443712941665 0.03940122037320535
0 0.5280219153191402 0.5032451456946336 0.031883965097306975 0.03655505808624078
0 0.8336069734798792 0.2291759947184037 0.036204372316223754 0.05545896601032592
0 0.3459381864364148 0.4321672122542949 0.035075292724613585 0.04109838347177277
0 0.6118725415286775 0.6163139358726755 0.02710545983563506 0.03491073746938973
0 0.5935573681052679 0.34205427556424994 0.029190276930774674 0.045580837662155815
0 0.8217950311465081 0.4685697313257231 0.037099470021301074 0.04737736160690744
0 0.4676003548099139 0.4842400012145207 0.038855356202353517 0.05072494764585791
0 0.938541457341928 0.5970413790522469 0.030952814100155733 0.047367628297290486
0 0.6633300837632266 0.48141283035278837 0.05106885618470684 0.06947395911087888
0 0.6128387181476203 0.29790485510955467 0.049044678888019534 0.0631949809757442
0 0.8520160682605595 0.18345043749423326 0.030770803576811546 0.04424262829729049
0 0.9602226813865045 0.2188987881428564 0.040685184158514784 0.0553420649348082
0 0.9701554783886153 0.6038368498312536 0.027178438451269927 0.03783872037320535
0 0.5874193021226083 0.544865629866321 0.02801840193077467 0.04556038250794305
0 0.23399962855802445 0.41304329098882075 0.04352579271579016 0.050513799512708776
0 0.8396496600574684 0.5071237167152265 0.030400131541796327 0.03955342370110611
0 0.4320793547393268 0.557763275971287 0.030660808509629156 0.04570406285492172
0 0.9310896472562245 0.1341010482891261 0.03204129798628515 0.042606336393872055
0 0.8561946050216754 0.2685930507247581 0.03371851772284913 0.042928283279006774
0 0.7149982705525773 0.537727060060249 0.037196163111827475 0.049037517856907444
0 0.8332925152203181 0.6123742784036237 0.043268877257864345 0.047777719916524575
0 0.4059131549369709 0.34970531412073397 0.030557464430774672 0.04560470200873734
0 0.6376258865211194 0.34828668465485946 0.03583370028120818 0.05076976141414154
0 0.21160098379146142 0.44387055113509055 0.03378677166910275 0.04410015827900686
0 0.7840598127165391 0.4772765296214397 0.03509235621117703 0.04139135222177259
0 0.6731747915992645 0.5432406745085897 0.05024219468185827 0.05863070616851011
0 0.6791910312170952 0.391937273128618 0.039317996658514785 0.05531820058822658
0 0.13125260210849088 0.5517318697233465 0.04526837692018657 0.056982976359290304
0 0.6160903336926393 0.5547315535674272 0.0335061417362855 0.0426319053366381
0 0.7086517470868154 0.30816229098552544 0.02864897003012441 0.03796194556597143
0 0.8043569021649606 0.5041663120888439 0.03221289601139361 0.043877572240056395
0 0.21173603363616963 0.6069881599013884 0.03701415258848364 0.04591251785690744
0 0.7999677208490433 0.22780836363097134 0.027919782521300895 0.0472171295655742
0 0.5540460890248984 0.48106618262626455 0.03663779272461358 0.04112565701072306
0 0.8133168602833474 0.26940552840362375 0.030777454565139806 0.04268183289347496
0 0.05056331520620076 0.6135403486200282 0.03268498580631651 0.05198304099005639
0 0.7978647074831022 0.4462992650109431 0.035069604895759096 0.04100072722177277
0 0.8375370683311469 0.10905440949105602 0.04693518415851443 0.055451159090609534
0 0.8164011468327017 0.5769589297835955 0.025803636803468068 0.04103410308425506
0 0.7065179126177171 0.5797236452875966 0.03078314239399447 0.04277948914347505
0 0.31175144418774825 0.5821984399331604 0.03343316312065072 0.03970392243282248
0 0.5753890099586464 0.6063116444768177 0.027262792724613582 0.040962015777020966
0 0.748176978670964 0.3033890162287591 0.030412470358978892 0.038090284547290486
0 0.8925731788262556 0.1427942098153676 0.04519067363517095 0.05229888555165916
0 0.3657186073701627 0.5573854005658976 0.02884428253012441 0.037965354758340196
0 0.9466438417263217 0.41455616151965097 0.0305158144378332 0.03818964539347487
0 0.7041623971856374 0.20428331452447573 0.0444358453325087 0.06613879951270878
0 0.5959899362952404 0.5848184740221225 0.033884427919102934 0.044101862875191244
0 0.9503919260542455 0.2913095762923033 0.0475912107957285 0.0633647245329783
0 0.3444274362952405 0.5804274342511176 0.030680761474613582 0.041021676643475044
0 0.5291070022073129 0.4548758295420095 0.03700750160015538 0.04747331326072306
0 0.9286974785297897 0.45482660551329646 0.04021685587349921 0.05065115574243926
0 0.46625912073610387 0.34061273213979726 0.027262792724613582 0.040962015777021056
0 0.9899795288686078 0.21407096630818936 0.020040942262784255 0.06301819724005649
0 0.24250862052434236 0.5591370409888208 0.03737248580631656 0.052064861606907445
0 0.47396301785115413 0.6068826144450455 0.05382887197854593 0.06493695784259526
0 0.7811847126741869 0.5217123222351135 0.030686449303468068 0.041119332893475045
0 0.9288585602974649 0.25659365705542403 0.03362182463232273 0.04126812702900677
0 0.18208778903901585 0.4597449671255588 0.03683214206513994 0.042787517856907445
0 0.8534699653756099 0.4496112256436803 0.04022350686182748 0.04909036033862364
0 0.7978067103962868 0.15050552393939687 0.029019642065139805 0.042651150162155815
0 0.9840177953925349 0.5666641322986578 0.03196440921493036 0.05372331326072306
0 0.49163084705858057 0.33403149553247785 0.03215032989399447 0.042803353490056394
0 0.6154547549087359 0.3830201948011292 0.03983953285015538 0.047522746550070584
0 0.9035022445265666 0.2366396672016938 0.030218121018452494 0.036428423701106105
0 0.7459326682323248 0.2112560633066598 0.027561449303468065 0.0410647858155742
0 0.8332359761813024 0.1558066785657795 0.03030912628012459 0.03799092370110611
0 0.9360010152909053 0.540023765821722 0.04197370521402562 0.05234029012757411
0 0.8132720866764112 0.18823734902047473 0.026988813780124233 0.03793296743083667
0 0.5602197652909053 0.5334644797041653 0.03749578285015538 0.04748183624164497
0 0.4941929468891713 0.5120201278377261 0.031883965097306975 0.03655505808624078
0 0.5020740653473751 0.4731349058409034 0.04013915258848364 0.045967064934808025
0 0.7757075283744979 0.6152714074624612 0.030582142065139983 0.042678423701106104
0 0.5143626917686739 0.3625246883083074 0.030503475620650634 0.03965278454729049
0 0.7157332888978415 0.617346376212873 0.028661308847307155 0.03649880641215582
0 0.8278167889684287 0.5451595048646733 0.02754245949795724 0.044088720373205346
0 0.9003288258001316 0.557351587656389 0.034359407192446415 0.04723197666374439
0 0.9604964261954198 0.1431993587597074 0.03305680325678075 0.03491706158663801
0 0.6014223469879934 0.4100912094116258 0.033154459506780753 0.0349187661828223
0 0.9018696680205632 0.4364078421206159 0.028837631541796326 0.03952615016215581
0 0.7855180839749881 0.2611157414719928 0.025257605233436918 0.031659103084255055
0 0.7766729759695409 0.3772492560824894 0.03213230324795724 0.044168836393872014
0 0.5745490338479312 0.3908911960189452 0.029099271669102932 0.044018337662155724
0 0.7576947337914615 0.45340265299823435 0.03362182463232255 0.04126812702900686
0 0.9258818336220521 0.6342822804322186 0.040042459497957594 0.04430690868480802
0 0.9966070208393376 0.4826982353829129 0.006785958321324869 0.03456492623767353
0 0.7195206286286115 0.3473747954497523 0.027002115756780753 0.03481137662320544
0 0.895530120806691 0.27396238919851656 0.028753277268452494 0.036402854758340195
0 0.6305924494494202 0.58932474187903 0.02368845424510866 0.03319262494912038
0 0.8753897389825461 0.5311612345721339 0.02681914207396332 0.03334482827702097
0 0.70905210744075 0.4892350129823482 0.04006048614399447 0.04294142578099258
0 0.9928538998870605 0.2804908530776645 0.014292200225878914 0.052053423701106105
0 0.3827864680770331 0.36803257426700375 0.02883763154179624 0.03952615016215581
0 0.5816859706372818 0.446428129866321 0.05704015257083679 0.0647978970166804
0 0.15664744425833538 0.5053477934244527 0.053463887772384755 0.06034540949641087
0 0.7453752862670056 0.6170833234529296 0.02286064732681172 0.0441045560063543
0 0.7746036998023559 0.22112198700776592 0.027268480553468068 0.04105967202702106
0 0.9914754015788503 0.5200345941492108 0.01704919684229935 0.03789156285492172
0 0.9405780393213646 0.17641127921440264 0.03407116311182747 0.048982970779006776
0 0.9161695735222317 0.1861311525911972 0.03140311573913408 0.053424020393474866
0 0.3587343180487982 0.3972700608743231 0.027367099962941666 0.03940292496938982
0 0.6614582286709639 0.30187533481701523 0.04042354403120818 0.0508498774348082
0 0.7840983390954855 0.4109384634688156 0.030224772006780753 0.03486762829729049
0 0.8001537915286775 0.6196003973161914 0.019540334826811546 0.044046599736084956
0 0.721727141712204 0.4254588851413268 0.048601028237369094 0.05557779347574421
0 0.7858373314147393 0.1861975620888438 0.02726375588408736 0.03930356412320544
0 0.7996917889684287 0.5446685811635673 0.020776793391145888 0.031776004159772955
0 0.9171823968327015 0.5787180730458925 0.030126152597306798 0.03652437535492172
0 0.7553733705949295 0.4939458323813833 0.024983626288947746 0.028630054738070676
0 0.9828460830243154 0.6329749249123315 0.0343078339513692 0.04906649599204229
0 0.6028553153473751 0.47489404910320027 0.0354649545651398 0.04276365351032592
0 0.843995525814249 0.541539627023652 0.025620663120650988 0.03956755473807068
0 0.6577996915569123 0.5874582788106608 0.02562162628012423 0.037909103084255234
0 0.4371616968891713 0.5110246436660387 0.024788131532972813 0.04872337789148915
0 0.7235241311182732 0.49651172483290135 0.027645803576811723 0.04418808121938973
0 0.9555238309912163 0.634019227672275 0.019189615756780753 0.034675008928453724
0 0.9367851813865045 0.21848968505860125 0.024241136803468066 0.04100682954530477
0 0.7749291944700969 0.29371005316039006 0.02626531410015538 0.04728580768043944
0 0.7952871971009328 0.2948458591667445 0.022216959506780754 0.034727851410170006
0 0.7056702312312126 0.3775708100602489 0.027170824303468066 0.04105796743083658
0 0.5210152391943076 0.30254571631148464 0.032885022975697356 0.053742558086240864
0 0.43464509968941645 0.33381726136079043 0.02170014798452069 0.044279413352141715
0 0.6066390099586464 0.6068571152558244 0.023246729913405772 0.02225853414148915