0 0.1420168308420237 0.7341009006996453 0.12331196422314453 0.14366152560030088
0 0.15542464078032983 0.3466834687254762 0.0704975881002758 0.08615378317161237
0 0.1743344300177397 0.23243911229898545 0.06631016674839837 0.07824467194503919
0 0.5453712902984142 0.4677207651102018 0.1143940069411645 0.13259720282385157
0 0.7392384778703065 0.009074505476783342 0.04964804425938692 0.018149010953566684
0 0.5601862676783304 0.9446493264721152 0.07340708893727203 0.07377880946482485
0 0.2251846947158782 0.7986514825155296 0.07251510723918386 0.09205293926490725
0 0.15965558145501166 0.16122334184501436 0.05725098476549704 0.06853901214859795
0 0.28908635693268986 0.18782764278208647 0.04660815758211774 0.05421225202885367
0 0.567534540053219 0.6960216098582099 0.07915530622252867 0.09575042069139812
0 0.09385991229703537 0.9013709687254762 0.0657463329863505 0.07491867643171127
0 0.3474685401758167 0.5879520117449895 0.0965149499429386 0.10832580278428061
0 0.2331780882735787 0.14428824294037104 0.09258734173413305 0.10538863578771548
0 0.5060893587292797 0.0919598986545812 0.07438120184150457 0.09395671362819384
0 0.6388168519107127 0.10289373548503064 0.08753163998457651 0.09930373673783918
0 0.2776959022530812 0.7465063093168494 0.06266511444559955 0.07171411424512168
0 0.21740948766906554 0.39160351214070094 0.06648358851877383 0.0798071719450392
0 0.5693774249957626 0.14618674590987188 0.07213585362065125 0.08775890577157117
0 0.8166094929362379 0.21998063242375218 0.11942984154020878 0.12359368873701451
0 0.2526814176868052 0.628088929929105 0.05363823603631603 0.0640535526853526
0 0.27309747272573187 0.051236924914540086 0.08160829686232365 0.08978666140464334
0 0.4120308566874947 0.41319605265293174 0.07888444121048081 0.09243294969806186
0 0.7121175675726825 0.403685694181377 0.07864587977205062 0.09116057694139812
0 0.7157943581162918 0.6582224299956121 0.09130697162348458 0.10525403995108462
0 0.639673736362866 0.02078790112861017 0.06909002727426809 0.04157580225722034
0 0.6730297030858401 0.9102168390085275 0.06131939165856899 0.07362177513849914
0 0.19993904662659095 0.9208674633151999 0.11456785472819533 0.13065544385050742
0 0.31921527617088985 0.9617843168386967 0.06978541842239076 0.05342652837152997
0 0.17618603180585485 0.4683395083797771 0.06604992758867137 0.07677698668837536
0 0.1558328307194261 0.8481717608870596 0.0789927233128016 0.09428557694139812
0 0.38738707259465943 0.4878921757724699 0.05552611486409766 0.06527657480530316
0 0.3895378040581459 0.32819056683869674 0.09616768038553243 0.10870506175762476
0 0.40779309974633005 0.5425880359598844 0.062242079367817914 0.07053371472512993
0 0.1419173394571807 0.6297543814993153 0.06794843226877387 0.07984979454499808
0 0.6828525455655865 0.30953252890025534 0.10258939808928727 0.12446645407749282
0 0.6008238516655175 0.33294494833801214 0.09095970206607848 0.10563329892442894
0 0.290224674873165 0.26878212608903906 0.0784616191410267 0.08950042069139794
0 0.7805725015513948 0.11667978767574397 0.09710141996375761 0.10396252810758355
0 0.581407429649947 0.5640130919115214 0.08423300520587347 0.09940243801126591
0 0.3228417967491885 0.8028184937983008 0.08426541528365501 0.10057147150460218
0 0.47865037751098855 0.0310227855595999 0.08351955747802293 0.0620455711191998
0 0.3412560296414721 0.8965086578257813 0.06501874476877383 0.07976454934508048
0 0.47611295345363275 0.5725279370552411 0.10415189808928726 0.12451191818411544
0 0.21826722415452907 0.30669731472712564 0.09306478412348458 0.10530518707103509
0 0.7723520081247667 0.33106889660951716 0.08462331069338198 0.10204199826792992
0 0.7407280960305526 0.8264806850101769 0.08836772331280152 0.09455836158113406
0 0.5389274197285904 0.3012606908161647 0.07672569737065124 0.08789245658477522
0 0.5314159499830504 0.6355531227903338 0.06804608851877383 0.07985263605166182
0 0.6027010144529432 0.7791008828194637 0.09881427945870662 0.11676402137757513
0 0.12553560191071275 0.11782869451058138 0.0688374318502758 0.08610547755832579
0 0.10326624101705024 0.4447632675509772 0.102403220383315 0.13857546320754235
0 0.2892955641021001 0.4806228965430101 0.05719689696641854 0.06717466615526177
0 0.3200694080106438 0.13319396707612358 0.07853738466140223 0.09106007918473402
0 0.6260339108682382 0.6320212943396616 0.08177087977205062 0.0912515051546432
0 0.42963251085976334 0.9632438652684863 0.06561988780013799 0.043960600158284534
0 0.19886187857199294 0.6288761916075876 0.04322291842239077 0.05265363855894449
0 0.4727668178178776 0.18170436025392142 0.07715935830075367 0.0909226418414392
0 0.09639392822114974 0.32426055093707207 0.06437893247802293 0.07663102482508873
0 0.5721445050219771 0.058110084389673966 0.07535829686232365 0.08960480497815262
0 0.38743373791426067 0.15771058227810292 0.09919502413553243 0.10879314846420626
0 0.28389989245432223 0.367864483769171 0.0875857277836551 0.10066808273117527
0 0.24640926482073605 0.44604931974169054 0.049451027692766304 0.054392311972107164
0 0.8523590865995864 0.10135265287772333 0.06032040590812535 0.07953050077521243
0 0.2328126965124681 0.7088759286754638 0.0751848750919482 0.08804230497815269
0 0.294526334312606 0.665028988783736 0.07976387998129972 0.08807819954135673
0 0.15067599089445266 0.557856649446004 0.04495884019276621 0.05426160266556703
0 0.08826355381295076 0.5659024816575999 0.09649284620498648 0.11163474925762476
0 0.7760194263019622 0.508511935010177 0.07114941079747687 0.07974825176490725
0 0.35946852715167055 0.051217856030779316 0.15918794569665895 0.10243571206155863
0 0.19748453229624524 0.013146495812397898 0.06118327915750954 0.026292991624795797
0 0.6780655541807434 0.20532240201979352 0.08246456685355259 0.09750150515464337
0 0.43707345835301226 0.7628945242814018 0.0840287709201732 0.08352993336788864
0 0.19480160705528746 0.07609818408574012 0.08359361893177768 0.09276465451792992
0 0.6081891647066133 0.22448759065788013 0.07915530622252867 0.09575042069139794
0 0.4363448379057859 0.48179528846716674 0.048159605713141575 0.05591218937214855
0 0.48700549220065226 0.9164083176966266 0.08269207642300672 0.10042835114797946
0 0.6192934667229741 0.8821887789002554 0.08062014997252867 0.09579304329135674
0 0.5556447278703065 0.011913619754846273 0.07610204914873844 0.023827239509692545
0 0.131455995548637 0.9765922775801071 0.07571216967788504 0.03490953191797104
0 0.6258129717449512 0.9567568698873398 0.08608413184921648 0.045918821044379145
0 0.2489903390893879 0.970057469583406 0.06683554425938691 0.04088106426490725
0 0.7623998530943148 0.5821085593833563 0.05277091417611111 0.05799318217202476
0 0.5336218670992416 0.21575509982908017 0.05766328748679399 0.06874569067525363
0 0.3824692611049586 0.7356704462264411 0.060853214146520965 0.07029862113183505
0 0.4318793255748514 0.8798547037482883 0.08664114934478154 0.10531296013121647
0 0.619844208720805 0.4141578444188038 0.06641866185904685 0.07834516970170302
0 0.6755935401758167 0.5784045493542265 0.06368524539652114 0.07038102482508872
0 0.07353974399724221 0.8388853405913732 0.06469357894931985 0.07683486184508012
0 0.41938850142879713 0.24166203345260184 0.07959045821092428 0.08651569954135674
0 0.22619540417226874 0.5439783543814267 0.10341123442362248 0.14765749445754234
0 0.7502662934012039 0.7405431850101769 0.05929071414652096 0.07025315702521233
0 0.34120320357623035 0.46198054513108444 0.06494319225672598 0.07645276136507206
0 0.5537526215082307 0.862291467538342 0.07872164529242624 0.09272023543473402
0 0.32988733480299637 0.20610862984996273 0.053302444364541124 0.05927407944868044
0 0.46740607953582414 0.3562951832943173 0.06652715696969533 0.07844566745836704
0 0.04245722206440421 0.9754820701374021 0.08491444412880841 0.04315753389736088
0 0.2817943187562844 0.899017543877443 0.06840398392850089 0.08132316281498966
0 0.5281727138653797 0.3771101369760987 0.054386223925224006 0.06991576919201652
0 0.37876284590795495 0.9514856628403461 0.06320854853631604 0.06433202033841638
0 0.7446256291849809 0.04063176471449038 0.05309650601222025 0.05741861069868043
0 0.2579164480638629 0.8475376119032741 0.04962466247146935 0.05420268248543536
0 0.1308198537073027 0.030576398588074205 0.07586029258539458 0.06115279717614841
0 0.7852397492644144 0.6639890451975914 0.07283124476877383 0.0799918698781937
0 0.48258730071016115 0.27564457686782656 0.07843994141972992 0.08930510819139795
0 0.6135160181687208 0.4852061303121811 0.05188084955297114 0.060498146592057725
0 0.7391775244968974 0.9246454003704407 0.09398725882440609 0.10396925614433812
0 0.7394400167399237 0.2276771236482636 0.06130855279792051 0.07352411888849897
0 0.8081687159071649 0.05046375428964911 0.04391830957051326 0.04488660266556703
0 0.6492189465124681 0.6967597442605193 0.05856429747474614 0.06546231776188449
0 0.6929747142331725 0.031653488752768924 0.06360947987614551 0.06330697750553785
0 0.7389487205613492 0.47065423383567795 0.04606600154136675 0.05108156901552583
0 0.7124277736810882 0.09919442247376462 0.06972792249007079 0.0800962541649485
0 0.6755332423232498 0.796449855701575 0.07030227560027562 0.08614810015828453
0 0.046897349378537276 0.896507623977468 0.05415871435577004 0.06698892319868044
0 0.07681771696816923 0.6690274816576 0.0863159835253275 0.10238327263121647
0 0.47522880393554834 0.44017007812146786 0.05087113144604309 0.065433151235435
0 0.4006862152941769 0.634684607746639 0.060114254547476875 0.07942716151188449
0 0.4980951131382689 0.7393146202830513 0.07535829686232383 0.08960480497815268
0 0.355378827494039 0.6780541745188287 0.06927258383867141 0.07687075640828453
0 0.851741886003548 0.02890015096172146 0.05616571414652114 0.05780030192344292
0 0.690918558467135 0.966543395355876 0.038181144154232884 0.021260518202321776
0 0.838494717335962 0.30344635029129857 0.040076240701093724 0.05236739784569897
0 0.35306896231398494 0.2428130079840658 0.06049531873679399 0.0688280943685072
0 0.6998318869419548 0.738895768475414 0.039924496652015404 0.05100021034569906
0 0.7781301121998621 0.021746774809086423 0.042919643332561284 0.043493549618172846
0 0.2925166473537017 0.5568444157433401 0.06563794437986585 0.07394211393171127
0 0.6787941746279698 0.4864216378340286 0.07715914529242625 0.0926747713281113
0 0.8164955169851188 0.008695000004573013 0.04493865352976236 0.017390000009146027
0 0.38204763514536483 0.8376959474800824 0.05439706278587257 0.07001342544201634
0 0.4903804004564913 0.8298714241231172 0.04781446623901146 0.03877015347877126