0 0.6219352179756521 0.3389350040538945 0.04403814473712871 0.05221536033862382
0 0.29993279256075545 0.5533388287312306 0.03657586308834384 0.041172175375191244
0 0.27978338279680404 0.5882223433417272 0.036387346014845966 0.039707331625191244
0 0.3746133328325828 0.42936158644186834 0.04942655562232225 0.05698638555165925
0 0.20426430183114253 0.5422728693163095 0.04009046504023965 0.04425406620309182
0 0.22855085673100764 0.44482117085843703 0.042171131230333 0.04906479139585791
0 0.04359861889122346 0.5981938124991762 0.05061779385372418 0.055643062398240774
0 0.26180498477106157 0.48455187256272036 0.05394965111051988 0.05881920028377259
0 0.3714518018311425 0.5451911379839959 0.058128483581013767 0.06327680159259526
0 0.009485468648942121 0.5290659370937867 0.018970937297884242 0.06663071174879391
0 0.46563231820454504 0.4035451546230873 0.0629445478192114 0.06511473011326192
0 0.08025482109437382 0.5628154200476582 0.05864664977110719 0.06806025324641088
0 0.2860088296423037 0.5155115462638264 0.03688037659513963 0.04429547077900686
0 0.41407800258937844 0.4269184249156268 0.04208027040683504 0.04760165224204229
0 0.4264342084048149 0.5986121927725343 0.048052572695820216 0.05842395576270896
0 0.17712017306863137 0.4611495543815013 0.03990772034513954 0.04434831326072306
0 0.4866322465092706 0.34988436647364046 0.042165358851935154 0.047505700588226674
0 0.010984116849493384 0.6035165121748646 0.021968233698986768 0.06660514280602783
0 0.38593663381971155 0.37788090705871935 0.03894270260193524 0.04744944891414153
0 0.31422472405576013 0.4118643948838547 0.03834522034513954 0.04432103972177277
0 0.6776810421387486 0.26473957345292953 0.0509443738260071 0.06802324639784363
0 0.33770168233901837 0.454556455354436 0.043934716108730856 0.0506545649348082
0 0.17145998621597597 0.565973422076253 0.032860176258050225 0.036527784547290484
0 0.412777671623717 0.3822644439903503 0.02963752000805009 0.03647153287320544
0 0.19895571478537305 0.4192484265404799 0.042969698365526644 0.05375570058822667
0 0.24140831110152958 0.5335251607121674 0.03699060065003943 0.04439483162519124
0 0.29153047941341087 0.44826949918592585 0.03972599869814362 0.041422034953091824
0 0.7289895574892435 0.3345396047025176 0.04052354278523289 0.04913346951072306
0 0.420848547195949 0.5507513912304067 0.05089139937232225 0.05701195449442516
0 0.17172215525031445 0.5213467146899269 0.05277200373212203 0.05723965432192859
0 0.6329001984119706 0.5701128660666033 0.03436542665683504 0.047466989143475045
0 0.316757581087218 0.5990467950460105 0.034234159184552304 0.03509021433624078
0 0.1260767540342929 0.5048898717519414 0.08180645206009234 0.07918256569553125
0 0.3469054077181364 0.3952087288933864 0.04676097498033309 0.04914490741652448
0 0.8512950738626461 0.19338454504271524 0.04632669123212203 0.05712715097375849
0 0.9397475984835282 0.2544368676881611 0.03600351644134818 0.03823907868282239
0 0.21362293306147562 0.4938899163942102 0.04737679742042644 0.0539300636665244
0 0.6841610710943739 0.5733566428519646 0.03768471610873085 0.05054547077900686
0 0.30976286208865833 0.4830399655007058 0.04197004635193524 0.04750229139585791
0 0.3198811174463091 0.520017814120734 0.030001986350146302 0.03930356412320535
0 0.4355753859870831 0.5032451456946336 0.03442267625805027 0.03655505808624078
0 0.7934445792202969 0.22917599471840364 0.03996069479882429 0.05535960516414153
0 0.26619757819738926 0.4321672122542949 0.03782025872854415 0.04099902262558839
0 0.49854156718163745 0.6163139358726755 0.029534091379652416 0.03491073746938973
0 0.5314882133404587 0.34205427556424994 0.03238139366863759 0.04567849391215582
0 0.7367968003862281 0.4685697313257231 0.04039497854703526 0.04737736160690744
0 0.3785128620886583 0.4842400012145207 0.04238478391363074 0.05072494764585791
0 0.8298839252360029 0.5970413790522469 0.03425520260193551 0.047367628297290486
0 0.5754109516022498 0.48141283035278837 0.05590547934460517 0.06947395911087888
0 0.5590941323747971 0.29790485510955467 0.05344098358101377 0.0631949809757442
0 0.8204703331330332 0.18345043749423326 0.03385303284513981 0.04424262829729049
0 0.9223970082474796 0.2188987881428564 0.044537970743924404 0.0553420649348082
0 0.8603295857224115 0.6038368498312536 0.029813469276648165 0.03783872037320535
0 0.4873784291487393 0.544865629866321 0.031014206168637416 0.04565462956557429
0 0.15747201185976553 0.41304329098882075 0.04700944488913148 0.05031848701270878
0 0.747495220865481 0.5071237167152265 0.03315212195994608 0.03955342370110611
0 0.3291175803647609 0.557763275971287 0.03384623741863759 0.04570406285492172
0 0.9090368416809629 0.1341010482891261 0.03500656766184207 0.042606336393872055
0 0.8087299572603508 0.2685930507247581 0.03669185952164149 0.04283062702900677
0 0.6167099384191264 0.537727060060249 0.040608631230333 0.049037517856907444
0 0.7214219915736267 0.6123742784036237 0.046512505071534704 0.04797132782034019
0 0.3417993691916738 0.34970531412073397 0.03384623741863759 0.04570406285492172
0 0.5745344162660662 0.34828668465485946 0.03937000796853063 0.05076976141414154
0 0.1292315642918087 0.44387055113509055 0.036855240985339856 0.04410015827900686
0 0.6973090411158411 0.4772765296214397 0.03796818619814353 0.04139135222177259
0 0.573718098905535 0.5432406745085897 0.0543151405007201 0.05863070616851011
0 0.6080670821101256 0.391937273128618 0.043170783243924406 0.05531820058822658
0 0.02843687280395979 0.5517318697233465 0.0493288993723223 0.05698468095547469
0 0.5142969198783522 0.5547315535674272 0.036471411411841716 0.0426319053366381
0 0.6533006655436091 0.30816229098552544 0.031290880831548226 0.03796194556597143
0 0.7126405981830778 0.5041663120888439 0.035292740985339854 0.0440728847400564
0 0.09884319449923426 0.6069881599013884 0.040206461473537417 0.04591251785690744
0 0.7599513716594958 0.22780836363097134 0.031215291047035264 0.0472171295655742
0 0.4658348667238519 0.48106618262626455 0.03949298278344404 0.04112565701072306
0 0.7655601223819529 0.26940552840362375 0.03374960421674178 0.04268183289347496
0 0.7169557386837979 0.4462992650109431 0.03791791497854415 0.04100072722177277
0 0.8198656148569305 0.10905440949105602 0.0507879707439244 0.055451159090609534
0 0.7111026513375782 0.5769589297835955 0.02866570683834375 0.04103410308425506
0 0.6003431467023846 0.5797236452875966 0.03376217202164149 0.04277948914347505
0 0.20382413743199757 0.5821984399331604 0.03619203351484588 0.03970392243282248
0 0.46381057645202456 0.6063116444768177 0.03011798278344404 0.040962015777020966
0 0.6938482126180014 0.3033890162287591 0.03306126113644794 0.038090284547290486
0 0.8687678324105759 0.1427942098153676 0.048823300987128705 0.05229888555165916
0 0.262610787925562 0.5573854005658976 0.03148619333154823 0.037965354758340196
0 0.8721608560085503 0.41455616151965097 0.03317148519134818 0.03818964539347487
0 0.6682353099570655 0.20428331452447573 0.049020293673109804 0.06594348701270877
0 0.4885007647495943 0.5848184740221225 0.03695289723533986 0.044101862875191244
0 0.89898406140198 0.29130957629230336 0.05220915574571343 0.06346578997534706
0 0.23693826474959429 0.5804274342511176 0.03353595153344404 0.041021676643475044
0 0.4457152672174162 0.4548758295420095 0.040309890101935156 0.04747331326072306
0 0.8466201491702066 0.45482660551329646 0.043739403608730854 0.05065115574243926
0 0.40404392090125973 0.34061273213979726 0.030007758728544155 0.04086265493083667
0 0.9598195553218719 0.21407096630818936 0.037730895135913656 0.06301819724005649
0 0.13867057572956734 0.5591370409888208 0.04098566537732902 0.051967205356907444
0 0.3619464491344278 0.6068826144450455 0.058342136264311506 0.06493695784259526
0 0.6861093720815026 0.5217123222351135 0.03354851933834393 0.041119332893475045
0 0.8838766787267325 0.25659365705542403 0.03649077464324364 0.04126812702900677
0 0.09665142306863135 0.4597449671255588 0.039804291716741734 0.042787517856907445
0 0.7721228613662012 0.4496112256436803 0.043635974980333 0.04909036033862364
0 0.7722488231401888 0.15050552393939687 0.0319917917167416 0.042651150162155815
0 0.8839056228039599 0.5666641322986578 0.04111422961552691 0.05372331326072306
0 0.43073005285404997 0.33403149553247785 0.03512935952164149 0.042803353490056394
0 0.5457912565021148 0.3830201948011292 0.04333723385193515 0.04752615574243935
0 0.8621714897067054 0.2366396672016938 0.032749952203150204 0.036428423701106105
0 0.7088372204434741 0.2112560633066598 0.030423519338343752 0.0410647858155742
0 0.8068018185049954 0.1558066785657795 0.03295103708154841 0.03799092370110611
0 0.8380047732975242 0.540023765821722 0.04552812409692848 0.052436241781389725
0 0.7807040360586407 0.18823734902047473 0.02963072458154823 0.03793296743083667
0 0.46222352329752425 0.5334644797041653 0.04060285885193515 0.047478427049276205
0 0.3999938767166961 0.5120201278377261 0.03442267625805027 0.03655505808624078
0 0.4151772486766422 0.4731349058409034 0.0433314614735373 0.045967064934808025
0 0.6631067793776321 0.6152714074624612 0.03355429171674178 0.042678423701106104
0 0.44820427504288884 0.3625246883083074 0.03326234601484579 0.03965278454729049
0 0.6025483596208364 0.617346376212873 0.031212587812949978 0.03659646266215581
0 0.7285061413447339 0.5451595048646733 0.030605240985339677 0.043991064123205345
0 0.7989735471959489 0.557351587656389 0.03746529104703526 0.047326223721375626
0 0.9368371248497749 0.1431993587597074 0.035576211074752354 0.03491876618282239
0 0.5266472711301525 0.4100912094116258 0.035478554824752526 0.03491706158663792
0 0.8231513752717816 0.4364078421206159 0.0315896219599459 0.03952615016215581
0 0.7392217967739422 0.2611157414719928 0.02745919756795683 0.031659103084255055
0 0.708615973333303 0.3772492560824894 0.03520765254023974 0.044168836393872014
0 0.5032790396709267 0.3908911960189452 0.03216774098533985 0.044018337662155724
0 0.6753253142918088 0.45340265299823435 0.03650334244814353 0.04136578327900686
0 0.8102141381544549 0.6342822804322186 0.04311780879023956 0.04430690868480802
0 0.9182017062374431 0.4826982353829129 0.02646904421495293 0.03456492623767353
0 0.656867293583663 0.3473747954497523 0.02942386732475253 0.03481137662320544
0 0.8471892026251574 0.27396238919851656 0.031285108453150204 0.036402854758340195
0 0.5223730525535998 0.58932474187903 0.026000126196354677 0.03319262494912038
0 0.7788539476895133 0.5311612345721339 0.029137694001254388 0.03334482827702097
0 0.6198185696494594 0.4892350129823482 0.04303951577164149 0.04294142578099258
0 0.9520546979899637 0.2804908530776645 0.03476080098712871 0.052053423701106105
0 0.3151676006508997 0.36803257426700375 0.03158962195994608 0.03952615016215581
0 0.5000467764878034 0.446428129866321 0.06145456845941162 0.06489384867049601
0 0.06259441915589503 0.5053477934244527 0.057653793184017844 0.06034540949641087
0 0.6323364020600353 0.6170833234529296 0.025942876595139452 0.0441045560063543
0 0.735755711173087 0.22112198700776592 0.030130550588343928 0.04105967202702106
0 0.904000669155895 0.5200345941492108 0.032840813026648166 0.03789156285492172
0 0.9106387999642213 0.17641127921440264 0.037483631230333006 0.048982970779006776
0 0.8843317482546353 0.1861311525911972 0.035046974310626665 0.05351997204729049
0 0.2855657379613407 0.3972700608743231 0.03011221040504619 0.03940292496938982
0 0.6071294626180015 0.30187533481701523 0.04395985171853063 0.0508498774348082
0 0.7097613984477493 0.4109384634688156 0.03264652357475253 0.03486762829729049
0 0.6868228171816375 0.6196003973161914 0.02272022034513945 0.04404830433226934
0 0.6444692996637709 0.4254588851413268 0.05257091885372418 0.05567715432192859
0 0.7535613709370386 0.1861975620888438 0.030001986350146302 0.03930356412320544
0 0.700381141344734 0.5446685811635673 0.022881921622856537 0.03167664331358857
0 0.8118839013375782 0.5787180730458925 0.03266486375805009 0.03652437535492172
0 0.6654096074534648 0.4939458323813833 0.026971939366061015 0.028630054738070676
0 0.9534555713948241 0.3243635840029411 0.01791672391184207 0.04230803206160268
0 0.8698907654720515 0.6329749249123315 0.042268787480333005 0.04906649599204229
0 0.5159584986766422 0.47489404910320027 0.0383394479667416 0.042761948914141534
0 0.7454151035407286 0.541539627023652 0.02837953351484579 0.03956755473807068
0 0.9313362347710615 0.4962385840029411 0.019698648973537302 0.04555455265818438
0 0.5500184298711964 0.5874582788106608 0.02826353708154805 0.037909103084255234
0 0.34296262671669614 0.5110246436660387 0.02819371967543329 0.04872337789148915
0 0.6329761876966691 0.49651172483290135 0.030728032845139454 0.04418808121938973
0 0.8400021805936536 0.634019227672275 0.021611367324752707 0.034675008928453724
0 0.8989595082474796 0.21848968505860125 0.027103206838344107 0.04100682954530477
0 0.9415141106437439 0.41106869723346584 0.020657894338344106 0.04089432619713449
0 0.7224990143275875 0.29371005316039006 0.029567702601935152 0.04728580768043944
0 0.7427109718883885 0.2948458591667445 0.024638711074752528 0.034727851410170006
0 0.6373211384549051 0.3775708100602489 0.02983758183834393 0.04105455823846782
0 0.46610229286120575 0.30254571631148464 0.03674483397532633 0.05384191893242525
0 0.3735982604148511 0.33381726136079043 0.024588256900039428 0.04417834790977286
0 0.49506057645202456 0.6068571152558244 0.024885500797569904 0.02226023873767353