0 0.0685217921875 0.84199219375 0.0949751359375 0.824839278125 0.1001418453125 0.8199850640624999 0.09925334218750001 0.7436271765625 0.0860717546875 0.730907440625 0.0548217546875 0.7301800890625 0.0257369953125 0.7477273624999999 0.0133295546875 0.772171459375 0.009574815625 0.7851013734375 0.0099384421875 0.8163513734375 0.018894167187499998 0.8308788578125 0.0287506984375 0.8389186562500001 0.033609684375 0.8411796062500001 0.0685217921875 0.84199219375
0 0.059966684375 0.7066734265625 0.0639032375 0.7093685125 0.0923114234375 0.7175797578124999 0.099489159375 0.7177468218749999 0.112701059375 0.7079008328125 0.1309375734375 0.6809889484375 0.13649392656249998 0.6550836609374999 0.138204634375 0.6342957859375 0.13808342499999998 0.6238791203125 0.133965059375 0.6055590343749999 0.1210727828125 0.5883364640625001 0.11316937499999999 0.5803421265625001 0.10175337343749999 0.5725263765624999 0.07724165937500001 0.5719558609375001 0.0643109484375 0.576601471875 0.0526831046875 0.584141215625 0.0440001 0.5930512296875 0.038261934375 0.60333151875 0.0326449765625 0.6240284734375 0.0330995109375 0.6630909734375 0.03517384375 0.6735531 0.039201303124999996 0.6840606859375 0.044159871875 0.69068475 0.059966684375 0.7066734265625
0 0.0632700625 0.5794410515624999 0.07880415625000001 0.571992228125 0.0955530671875 0.5598709875 0.0943793609375 0.45900292968749995 0.0871152734375 0.44721952500000006 0.083178721875 0.44452443906249994 0.06358686718749999 0.43886151093750003 0.05382124218749999 0.43863421406249997 0.0382871484375 0.4460830390625 0.020860534375 0.45869473593750004 0.0102547078125 0.47016345781249996 0.0065605734375 0.48830170624999997 0.0068635953125 0.5143433734375 0.0109516578125 0.5300592921875 0.0190065765625 0.5510744640625 0.025948571875 0.5603481546875 0.0535044375 0.5792137546875 0.0632700625 0.5794410515624999
0 0.1253455609375 0.4353405515625 0.1247813203125 0.386849784375 0.12348224375000001 0.3842811734375 0.1105899671875 0.36705860156250003 0.10587822499999999 0.36486616562499996 0.0855657265625 0.3643933875 0.0793399671875 0.36633125 0.0687038375 0.3751958078125 0.06311718281249999 0.39849692812500004 0.0633596 0.41933026093750003 0.0674476640625 0.43504618125 0.07042280468749999 0.43902062031250005 0.0874432546875 0.451913390625 0.108654190625 0.4524070796875 0.1173887109375 0.447924146875 0.1253455609375 0.4353405515625
0 0.1624735796875 0.8027839109375 0.1798395890625 0.7849638796875 0.18461634375 0.7759629453125 0.1855008984375 0.7722736 0.18483121875 0.7147215171875 0.1769470953125 0.704189253125 0.16148611562499998 0.691072434375 0.14502778125 0.6906893625 0.130011490625 0.6978898921875001 0.1194056640625 0.709358615625 0.10988245625 0.7299646515625 0.1080202390625 0.7377316921875 0.10838386562499999 0.7689816921875 0.11042789687500001 0.7768396515625 0.11740019374999999 0.788717509375 0.1408469671875 0.8124340453125001 0.14735738437499998 0.8125855765625 0.1624735796875 0.8027839109375
0 0.187074634375 0.5719087890625 0.17151023906250001 0.5767534484375 0.16090441093750002 0.5882221703125 0.1514721109375 0.61664070625 0.151623621875 0.6296615390625 0.153667653125 0.6375194984375 0.1677334578125 0.6716918828125 0.172692025 0.6783159484375 0.1963113390625 0.6944864625 0.209922609375 0.68959634375 0.2370239421875 0.6693994437499999 0.241800696875 0.660398509375 0.2455554359375 0.64746859375 0.24735705000000002 0.634493221875 0.2470843296875 0.611055721875 0.2410128390625 0.592690175 0.23407084375 0.583416484375 0.216371509375 0.57259068125 0.187074634375 0.5719087890625
0 0.1277322828125 0.4894297609375 0.115233934375 0.50606135625 0.11144889375 0.5163871046875 0.10982909375000001 0.544987478125 0.11590058437499999 0.5633530234374999 0.12680943281249998 0.577925965625 0.14152503125 0.589072840625 0.16541175 0.5896288109375 0.169869090625 0.586738575 0.17954380781249998 0.579153371875 0.1862736875 0.5701978984375 0.19005872968749998 0.55987215 0.1918906453125 0.54950094375 0.1856979453125 0.52071873125 0.1727753671875 0.50089199375 0.1510485734375 0.47955860625 0.1471423234375 0.4794676875 0.1277322828125 0.4894297609375
0 0.218854796875 0.4168313171875 0.212607 0.40848499531250004 0.20275046875 0.4004451984375 0.1929242390625 0.3950095671875 0.1870648640625 0.3948731890625 0.167685125 0.4074394265625 0.1609855484375 0.41899906875 0.1572914140625 0.4371373171875 0.1575035296875 0.455366484375 0.1763460875 0.4805379328125 0.1939242125 0.4809470671875 0.20170641093750002 0.4785247390625 0.20945830625 0.47349824375000005 0.21936084375 0.4603209 0.218854796875 0.4168313171875
0 0.219864534375 0.7720971234375 0.22193886875 0.78255925 0.2319469109375 0.8036198796875 0.2467923140625 0.8208879109374999 0.2665639875 0.8294188328125 0.300401871875 0.8302064171874999 0.3015707203125 0.8299732765625001 0.311275740625 0.8249922390625001 0.3170745109375 0.819920284375 0.32957285937499997 0.8032886890625001 0.3371126390625 0.7800330265625 0.33683991875 0.7565955265625 0.3347655859375 0.7461334 0.327823590625 0.736859709375 0.2983146 0.7179486500000001 0.290471796875 0.7151626453125 0.259221796875 0.7144352921875 0.23782832968749998 0.7217477390625 0.22728310624999998 0.7384247953124999 0.2215752421875 0.75130925 0.2197433265625 0.7616804578124999 0.219864534375 0.7720971234375
0 0.24967731718750003 0.586383190625 0.253553265625 0.5838699421875 0.26028314531249996 0.5749144687500001 0.2698063515625 0.5543084312500001 0.27041649687499997 0.5522073203125 0.27009375625 0.5244710312499999 0.2564595421875 0.4980233625 0.247615934375 0.49313129375000003 0.2304674984375 0.49273215937500003 0.2107277671875 0.51127798125 0.20505020468750002 0.526766603125 0.2052623203125 0.54499576875 0.20736695625 0.5580620625 0.20938068593749998 0.5633158546875 0.224256390625 0.58318805 0.22819294218750003 0.5858831375 0.232904684375 0.5880755718749999 0.2434515578125 0.5883210531249999 0.24967731718750003 0.586383190625
0 0.2931772578125 0.511374590625 0.2978405171875 0.5094003609375 0.321005296875 0.486508375 0.3257517484375 0.47490327343749994 0.3253578203125 0.44104910625000004 0.3233137890625 0.43319114687500004 0.321300059375 0.4279373546875 0.30840778125 0.4107147828125 0.29855125 0.4026749859375 0.29071450625 0.40040981562500005 0.28700357187500003 0.4003234421875 0.25372028125 0.4094419171875 0.24503727656250002 0.41835193437499996 0.2412522359375 0.42867768125000005 0.2393900171875 0.43644472187499994 0.23969304062500002 0.4624863890625 0.241737071875 0.47034434843749995 0.2497616875 0.488755353125 0.26656021406249997 0.5060688421874999 0.284192884375 0.5111654765625 0.2931772578125 0.511374590625
0 0.27840479375 0.387105996875 0.30248814999999996 0.35505818906250003 0.3019760421875 0.311047771875 0.301924940625 0.3108513234375 0.29390032499999996 0.2924403203125 0.279024621875 0.27256812343750003 0.26724526718749997 0.2670870328125 0.25943276718749997 0.26690519375 0.2380392984375 0.274217640625 0.22061268437499998 0.28682933906249997 0.2081143375 0.303460934375 0.20667635 0.3476863078125 0.20881128750000003 0.3633567671875 0.22176416875 0.385787671875 0.23392874843749997 0.397526034375 0.2504131234375 0.3979097125 0.27065289843749996 0.3921324921875 0.27840479375 0.387105996875
0 0.3553064578125 0.7158906515625 0.3722107671875 0.7087340656250001 0.3847394171875 0.6947066359375 0.4019236140625 0.6612616046875 0.40351311250000005 0.6300570640625 0.399394746875 0.6117369781249999 0.39332325625000003 0.5933714328125 0.38034007187499996 0.5683363640625 0.34904386718749997 0.53923020625 0.31301759218749997 0.5383916859375 0.28445513437500003 0.5504838484375 0.2738190046875 0.5593484046875 0.2643261 0.58255860625 0.2606925703125 0.6059051875 0.2647806328125 0.62162110625 0.2908076046875 0.6768995796875 0.3075758296875 0.691608903125 0.34102137187500003 0.713215046875 0.3463220796875 0.7156815375 0.3553064578125 0.7158906515625
0 0.35709252343750003 0.7924739875 0.3817550109375 0.7930480125 0.4013734140625 0.773392896875 0.40408827656249996 0.76338936875 0.40381681875000003 0.740060375 0.40091887968749995 0.734330396875 0.3900100296875 0.719757453125 0.3821369265625 0.71436728125 0.3665119265625 0.71400360625 0.352961259375 0.72410205625 0.3404932140625 0.7433378203125 0.34079623593749997 0.7693794859375 0.3448236953125 0.779887071875 0.3497822625 0.7865111375 0.35709252343750003 0.7924739875
0 0.40840583593749996 0.7317059390625 0.408708859375 0.7577476046875 0.40970057187500003 0.75907241875 0.45693919843749997 0.791413446875 0.46865794843749997 0.791686203125 0.4822389171875 0.7841919203125001 0.4996352296875 0.76897605625 0.5082273265625 0.7522535390625 0.51005924375 0.7418823328124999 0.509938034375 0.7314656671875001 0.5078333984375 0.7183993734375 0.5038059390625 0.7078917890625 0.4909136625 0.6906692171875 0.4830405578125 0.6852790453125001 0.46735495312499997 0.6797070374999999 0.45954245312499997 0.6795251999999999 0.45176025624999994 0.681947528125 0.4265211421875 0.6943773890625 0.41402279374999995 0.7110089828125 0.40840583593749996 0.7317059390625
0 0.39352938437499996 0.527183225 0.3810310359375 0.5438148218750001 0.3753837765625 0.5619076093750001 0.3756261953125 0.5827409421875 0.37968395625 0.595852696875 0.38767826875 0.611659534375 0.3977121328125 0.6215909671875 0.42324036249999997 0.62218514375 0.4375587125 0.6193291671875001 0.45390270624999995 0.59758015625 0.45771805 0.5898585749999999 0.45948936093750004 0.5742790359375001 0.4533269640625 0.5481009890624999 0.4423878125 0.5309238796875 0.4325312796875 0.5228840828125 0.42468847812500005 0.5200980765625001 0.40711035312500005 0.5196889421875001 0.39352938437499996 0.527183225
0 0.3648528109375 0.5630293156249999 0.3764806546875 0.5554895734375 0.38513335625 0.543975390625 0.3870258765625 0.5388125171875 0.388827490625 0.5258371421875 0.3886759796875 0.512816309375 0.384648521875 0.5023087234375 0.3776762234375 0.49043086562499993 0.3599768890625 0.47960506406250003 0.35408721249999997 0.47686451874999997 0.3463050140625 0.4792868484375 0.3337763640625 0.4933142765625 0.326145678125 0.5087574390625 0.3264183984375 0.5321949390625 0.3472746859375 0.56262018125 0.3648528109375 0.5630293156249999
0 0.40850929062499997 0.5140589734375001 0.41261085 0.5141544390624999 0.42486099531250004 0.5097533328125 0.42873694375 0.507240084375 0.4431581140625 0.48804978125 0.44694315468749996 0.477724034375 0.44758432656249997 0.4740941109375 0.44729493906249995 0.4492243203125 0.44453549687500005 0.438616075 0.4316432203125 0.42139350468750003 0.41668432187500004 0.41115217968750006 0.4026218234375 0.4108248703125 0.3963960625 0.41276273281250003 0.3828757 0.4254653515625 0.3723304765625 0.44214240625 0.3685757375 0.4550723203125 0.36875755 0.4706973203125 0.370831884375 0.481159446875 0.3728456140625 0.48641323906249995 0.38772131875000004 0.5062854359375 0.3975475484375 0.5117210671875 0.40850929062499997 0.5140589734375001
0 0.39271419218750003 0.3564422734375 0.4075898953125 0.37631446875 0.41034548125 0.378201028125 0.430267359375 0.3786647140625 0.43685646875 0.37439219375 0.44550917031250004 0.3628780109375 0.44740169218750003 0.3577151390625 0.4492336078125 0.34734393125 0.44905179375 0.33171893125 0.4470077625 0.32386097187499996 0.438082340625 0.311937653125 0.42624238124999997 0.30124823125 0.40671113124999997 0.30079363593749997 0.3970364125 0.3083788390625 0.3884140125 0.3224971859375 0.3865214921875 0.3276600609375 0.386582096875 0.33286839375 0.3886867328125 0.3459346859375 0.39271419218750003 0.3564422734375
0 0.48954249687500007 0.3882452640625 0.5013294234375001 0.39437739375 0.518419284375 0.394775165625 0.5228062265625 0.394226409375 0.5325112468750001 0.389245371875 0.539210825 0.37768573125 0.5446698421875 0.3601960359375 0.5443718703125 0.33458839687499997 0.542450425 0.320484984375 0.523668471875 0.30052186875000003 0.5138422421875 0.29508623749999996 0.5021234921875 0.2948134796875 0.49043504374999997 0.29714488906250003 0.47982921718749993 0.3086136109375 0.4724483859375 0.328748821875 0.472735246875 0.3534016 0.478633646875 0.3736723203125 0.48954249687500007 0.3882452640625
0 0.47646406093750004 0.4724882640625 0.46480591562500007 0.47742384062500004 0.45612291093749996 0.4863338578125 0.44659970312499997 0.5069398921875 0.44690272656249996 0.532981559375 0.44897705937500004 0.543443684375 0.4599465140625 0.5632249625 0.47207314375 0.5670869734374999 0.49913205781250003 0.5677167765625 0.5067912125 0.5617118234375 0.5193198625 0.54768439375 0.5230442984375 0.5321503125 0.5228927875 0.5191294796875 0.520818453125 0.508667353125 0.5188047250000001 0.5034135609375 0.505912446875 0.4861909890625 0.4940724890625 0.47550156718750003 0.48818281093750004 0.47276102187499996 0.47646406093750004 0.4724882640625
0 0.46695902499999997 0.6792422124999999 0.47588444843750005 0.6911655296875 0.4876941046875 0.6992507859375 0.49136758281250004 0.7003125875 0.5159444 0.70088461875 0.526696 0.69495164375 0.5449628171875001 0.6706439234375 0.5466251765625 0.6624817125 0.5462297328125 0.6284973390624999 0.5383761890625001 0.6080075453125 0.5323956046875 0.5974545015625 0.523500484375 0.5881353500000001 0.5156273796875 0.5827451781249999 0.49218987968750005 0.5821996656249999 0.4786392140625 0.592298115625 0.4699865109375 0.6038122984375 0.46241642812499995 0.6244637921875 0.4628709625 0.6635262921875 0.46695902499999997 0.6792422124999999
0 0.535564328125 0.7607001984374999 0.5425063234375 0.7699738890625001 0.5552649234375 0.77990365625 0.579386021875 0.7804650796875 0.5991469484375 0.771292215625 0.60494571875 0.7662202609375 0.623212534375 0.741912540625 0.630120234375 0.723068053125 0.6298736625 0.701877696875 0.6017805046875 0.662008134375 0.57623836875 0.648396328125 0.56647274375 0.6481690296875 0.5528614734375 0.653059146875 0.5442087703125 0.6645733296875 0.523178928125 0.703135775 0.5213167109375 0.710902815625 0.521468221875 0.7239236484375 0.5275700140625 0.7448933609374999 0.535564328125 0.7607001984374999
0 0.6264393984375001 0.6081046453125001 0.6100954062499999 0.62985365625 0.6044784484375 0.6505506109375 0.604629959375 0.6635714453125 0.608748325 0.6818915296875 0.62354395 0.6971407187499999 0.661534109375 0.69802495 0.6626259250000001 0.6974645828125 0.6789396156249999 0.67311140625 0.680801834375 0.665344365625 0.6785456875 0.6392572390625 0.6705513734374999 0.6234504015625 0.663609378125 0.614176709375 0.6576893984375001 0.608831996875 0.6439569203125 0.6033054484375 0.6361444203125 0.603123609375 0.6264393984375001 0.6081046453125001
0 0.5867160546875 0.6119313921875 0.5982720421875001 0.6122003609375 0.6148561140625 0.60269320625 0.6273544625 0.5860616078125 0.6330623265625 0.5731771546875 0.6345036171875 0.5627968562500001 0.6344308921875 0.55654685625 0.6326987 0.5419271546875 0.63065466875 0.5340691953125 0.6157486624999999 0.51159283125 0.6026452328125 0.5013946921875 0.590242890625 0.501106025 0.5824546296875 0.5030075203125 0.5669508390625 0.5130605109374999 0.5640666046875 0.516898571875 0.55643591875 0.532341734375 0.5530839249999999 0.5463224062500001 0.5532717984375 0.5624682390625 0.55695105625 0.5766125671875 0.566928796875 0.59506903125 0.5738707921875 0.6043427218749999 0.5867160546875 0.6119313921875
0 0.5172860265625 0.49036090468750004 0.521313484375 0.500868490625 0.5321920328124999 0.51283726875 0.5351330859375001 0.513882021875 0.5625989015624999 0.5145212953125 0.5692711046875 0.5110968312499999 0.581769453125 0.49446523593749997 0.5836619734374999 0.4893023625 0.5834498578125 0.4710731953125 0.5814058265625001 0.46321523593749997 0.5753949406250001 0.45005802343749995 0.5585661109375 0.43014036874999995 0.550723309375 0.42735436250000003 0.542910809375 0.427172525 0.529329840625 0.434666809375 0.5206771375 0.446180990625 0.5149692734375 0.45906544531250004 0.5131373578125 0.469436653125 0.5172860265625 0.49036090468750004
0 0.6005277859375 0.49561779375 0.6084311921875 0.5036121312499999 0.624116796875 0.5091841406250001 0.629976171875 0.5093205203125 0.6416343171875 0.5043849421875 0.6532318593750001 0.494241034375 0.6599617390625 0.48528555781250005 0.6616650078124999 0.48063897187500004 0.6610781546875 0.43020494375 0.65526763125 0.41748630625 0.64435878125 0.4029133609375 0.6305959999999999 0.39478264531249996 0.6149709999999999 0.39441896875000004 0.60334315625 0.40195871250000004 0.5889219859375 0.421149015625 0.58513694375 0.43147476406249996 0.5855005703125 0.46272476406249996 0.5915720609374999 0.481090309375 0.6005277859375 0.49561779375
0 0.6435789 0.57081846875 0.65448775 0.5853914125 0.660407728125 0.5907361234375 0.6741402078125 0.596262675 0.68778178125 0.5939767234375 0.699409625 0.58643698125 0.7138914 0.5724550093749999 0.7214917843750001 0.5544076828125 0.72185210625 0.5518126062500001 0.7214925203125 0.520909828125 0.71704009375 0.5074417625 0.7021643890625 0.48756956718750005 0.6903850359375 0.482088475 0.6767131609375 0.481770259375 0.6669778375 0.48414712968750007 0.6475980984375 0.4967133671875 0.6409288234375 0.5108771765625 0.6372043875 0.5264112562500001 0.6375377109375 0.5550570890625 0.6435789 0.57081846875
0 0.6568851421875 0.7117150890625 0.6609126 0.722222675 0.6848349359375 0.7644348562500001 0.6977272125 0.781657425 0.74273999375 0.79051549375 0.7700534421875 0.788547759375 0.773929390625 0.7860345125 0.7825820921875 0.7745203296875001 0.7883069671875 0.7589026359375 0.7876145609375 0.6993974281249999 0.787562703125 0.699135875 0.77944718125 0.6729123703125001 0.7586818 0.6502996296875 0.7429355906249999 0.6395192859375001 0.7331396640625 0.6366878234375 0.6940468609375 0.633174465625 0.6708517781250001 0.653462284375 0.6526455671875 0.6829783375 0.6528273796875 0.6986033375 0.6568851421875 0.7117150890625
0 0.723471834375 0.607108771875 0.7363641109375 0.6243313421875001 0.740434096875 0.6280058328125 0.7603315578125 0.6284689515624999 0.7656609859375 0.625013234375 0.7743136890625 0.6134990515625 0.7799912499999999 0.5980104296875 0.7798397390625 0.5849895968750001 0.7669474625 0.567767028125 0.755107503125 0.5570776046875 0.733623128125 0.55657755 0.7192625609375 0.5809761859375 0.7194140734375 0.5939970203125 0.723471834375 0.607108771875
0 0.8342416359374999 0.6540109000000001 0.8428943375 0.6424967171875 0.8462062484375 0.6334616875 0.8460017093750001 0.6158835625 0.835588715625 0.601973025 0.8296990390625 0.59923248125 0.8140740390625 0.5988688046874999 0.8082752687499999 0.603940759375 0.7957769203125 0.6205723546875 0.7940359109374999 0.6387560624999999 0.7960799421875 0.646614021875 0.803121109375 0.6560201953125 0.8301718906250001 0.656649809375 0.8342416359374999 0.6540109000000001
0 0.7912121390625 0.7233028328125 0.7952395984375 0.73381041875 0.8061484484375001 0.7483833609375 0.8177612796875 0.756333865625 0.8474243593749999 0.7570242828125 0.8608056453125 0.7470520609375 0.8674749203125 0.7328882531249999 0.86497635625 0.6859677937499999 0.85992688125 0.6715312265625 0.8481475265625 0.6660501375 0.8187597453125001 0.6575557453124999 0.8090850265625 0.6651409484374999 0.794633553125 0.6817270843750001 0.7908788140625 0.6946570000000001 0.7912121390625 0.7233028328125
0 0.87655138125 0.606766546875 0.864083334375 0.626002309375 0.8603285953125 0.6389322234375 0.8605407109375 0.657161390625 0.8625544406250001 0.6624151828125 0.8742070765625 0.6779817390625 0.893738325 0.678436334375 0.91240458125 0.66748065 0.9249029296875 0.650849053125 0.92865766875 0.637919140625 0.9304592828124999 0.624943765625 0.9264621265624999 0.617040346875 0.9155835781249999 0.60507156875 0.9116470265625001 0.602376484375 0.8998979734375 0.5994995609375 0.8823501515625001 0.6016945921875 0.87655138125 0.606766546875
0 0.93530634375 0.7897906031249999 0.9497578156250001 0.7732044640625 0.955435378125 0.75771584375 0.9533307421874999 0.74464955 0.94927298125 0.7315377984375 0.930460725 0.7089705171875 0.9147448171875 0.700794340625 0.9049791921875 0.70056704375 0.8874616718749999 0.705366240625 0.883585725 0.7078794890625 0.874933021875 0.719393671875 0.8692554593749999 0.7348822921875 0.869497878125 0.755715625 0.8735859406250001 0.77143154375 0.886447915625 0.7860499484375 0.8982575718750001 0.7941352046875 0.9256013218750001 0.7947716375 0.93530634375 0.7897906031249999