0 0 0.8450599671875001 0.015287659375000002 0.8447931203125 0.0191627046875 0.8423336015625 0.03134971875 0.830378921875 0.041409728125 0.811938059375 0.042576265625 0.8087865078125 0.0459796359375 0.7810682765625 0.0455836734375 0.777944 0.030079178125 0.7534260609375 0.026494 0.750879315625 0.006641678125 0.7538351624999999 0 0.7598754921875 0 0.8450599671875001
0 0 0.7527184 0.0091040671875 0.7421138468749999 0.014294607812499999 0.731585953125 0.01508590625 0.7279190890625 0.0182645265625 0.702031303125 0.01814748125 0.7002068203125 0.012582490625000001 0.68203869375 0.0032851296875 0.670459025 0 0.6681254203125 0 0.7527184
0 0 0.6189830390625 0.019101284375 0.618649625 0.022487365625 0.618036440625 0.043623978125000004 0.604620884375 0.06117541562499999 0.588658584375 0.0733369859375 0.57095881875 0.0772121109375 0.539398459375 0.0355979703125 0.47951345781250004 0.0267955640625 0.47183913437499997 0.013123689062499999 0.47207777812499996 0 0.479568690625 0 0.6189830390625
0 0.0747187375 0.5660544828125 0.0789994375 0.5946823203125 0.0888184390625 0.6258228078125 0.0928985703125 0.6322748984375 0.10000923125000001 0.6359471859375 0.1297168265625 0.6354286375 0.131639996875 0.6342079875 0.14382701250000002 0.6222533078125 0.153887021875 0.603812446875 0.1571244375 0.59331864375 0.1580609671875 0.5698183859375 0.14841584531250002 0.5451981703125 0.125620490625 0.54037741875 0.117807990625 0.5405137859375 0.078130034375 0.562080953125 0.0747187375 0.5660544828125
0 0.18206652968749998 0.5552590890625 0.18856805000000001 0.5499269578125 0.201397209375 0.532742421875 0.2073663328125 0.52063534375 0.21060916718749997 0.49422457656249996 0.1946150546875 0.46893238437500007 0.18831665 0.46445828906250003 0.1670040796875 0.46483030156250005 0.152957284375 0.47487817187500003 0.142402321875 0.4894136859375 0.13753285312500002 0.497326653125 0.134001053125 0.5260908578125 0.134990959375 0.533901546875 0.143967246875 0.5480961468750001 0.15635483125 0.5583172140625 0.166954221875 0.559939396875 0.1732584703125 0.5598293562500001 0.18206652968749998 0.5552590890625
0 0.22238378593750002 0.580071953125 0.2244739890625 0.580763503125 0.2442897671875 0.5804176171875 0.2565501296875 0.571647609375 0.2671050921875 0.5571120921875 0.269418109375 0.5485914171874999 0.2711037421875 0.534863046875 0.2719211828125 0.5178881765625001 0.2673460984375 0.5075307437500001 0.259680790625 0.498531909375 0.236243290625 0.4989410125 0.22356132343750001 0.506990346875 0.2130063609375 0.5215258625 0.20781581875000002 0.5320537578125 0.20556830937499998 0.5503582515625001 0.2095012484375 0.565945540625 0.22238378593750002 0.580071953125
0 0.16498800625 0.5848299375 0.1584864859375 0.5901620703125 0.13883473125 0.6152936640625 0.1359183890625 0.6231725390625 0.1323865890625 0.6519367421875 0.13567738125 0.6727538859375 0.1479177734375 0.6921101562499999 0.16089013593749998 0.6988097062499999 0.18976905 0.698305621875 0.1983779515625 0.6938386921874999 0.213481309375 0.6740051390625 0.2222303390625 0.6503685140625 0.2244778484375 0.6320640203125001 0.22348794062500002 0.6242533265625 0.2166119703125 0.6008894375 0.200465328125 0.5816013546875001 0.1968801515625 0.5790546109375 0.1773489015625 0.5793955296875 0.16498800625 0.5848299375
0 0.035245943749999994 0.7176952562500001 0.040160071874999995 0.7211860234375 0.05997765625 0.7208401062500001 0.062268621875 0.71983289375 0.07072326718750001 0.714466671875 0.078682959375 0.705195103125 0.0861476984375 0.6920181890625 0.089064040625 0.684139315625 0.090990478125 0.6684497484375 0.09032164375 0.6580241296875 0.087699684375 0.6476326015625 0.08035545 0.636018840625 0.0634194703125 0.6310958140625 0.048784376562499995 0.6391792390625 0.038871559374999996 0.6484848999999999 0.030764675000000002 0.666891671875 0.02624296875 0.6878451828125 0.027901709375 0.70608149375 0.035245943749999994 0.7176952562500001
0 0.07869747499999999 0.8374496921875 0.09006313125 0.8372513046875 0.107790065625 0.82805326875 0.11997708124999999 0.8160985890625 0.121599125 0.8128086218749999 0.129033965625 0.7522567015625 0.12538194062500002 0.7403338671874999 0.11803770625000001 0.7287201078125001 0.10728217343749999 0.7210798765625 0.08775092343749999 0.7214207953125 0.07311583125 0.729504221875 0.0521797859375 0.7650955265625 0.0499322765625 0.7834000203125 0.053891903124999994 0.8146427859375001 0.064821315625 0.828803290625 0.07869747499999999 0.8374496921875
0 0 0.9029540687500001 0.0017216359375 0.909777375 0.0080337484375 0.919758996875 0.0322130421875 0.9193369453125 0.045011459375 0.9064124265625001 0.050202000000000004 0.8958845296875 0.0509136984375 0.893262784375 0.0537391375 0.8702514203125 0.0537338 0.8671203265624999 0.051111840625 0.8567288 0.03986135625 0.8451832218750001 0.02618948125 0.8454218656249999 0.0157817109375 0.8508221796875001 0.0055478203125 0.8627427687500001 0.0003572796875 0.8732706640625001 0 0.876180475 0 0.9029540687500001
0 0.0889103375 0.9484833640625 0.091132496875 0.9494915265625 0.109482225 0.94917123125 0.1229028 0.93353874375 0.13748451718750002 0.8941443703124999 0.13869320000000002 0.8894591078125 0.14408641875 0.845534859375 0.1326554859375 0.8303002375 0.10726486093750001 0.8307434328125 0.0952250390625 0.8335629125 0.0802688734375 0.8442612671875 0.06061711875 0.8693928609375 0.059332828125 0.879852571875 0.063613528125 0.908480409375 0.0649245078125 0.9136761734375 0.0836931078125 0.9433557828125 0.0889103375 0.9484833640625
0 0.0900337171875 0.9286200125 0.087090684375 0.9208434140625 0.07978768750000001 0.912269921875 0.0440365046875 0.9128939609375 0.0255393125 0.9475413515625 0.024807267187500003 0.9535033859375 0.027092140625 0.9571165578124999 0.060960851562499994 0.9952335609375 0.0636679 0.995186309375 0.0757997625 0.9810549343750001 0.08618084375 0.95999914375 0.088805553125 0.95290815625 0.089190840625 0.94977024375 0.0900337171875 0.9286200125
0 0.07926905937499999 0.955935209375 0.07593346875 0.9559934312499999 0.0745053 0.9598518109375 0.07549520625 0.9676625031249999 0.083013321875 0.9857965359374999 0.0906110359375 0.9947160140625 0.1045412609375 0.9944728625 0.11053095312500001 0.991839521875 0.1204437703125 0.9825338625000001 0.125374784375 0.9725323625 0.12737185625 0.9562675125 0.07926905937499999 0.955935209375
0 0.139799946875 0.9415557874999999 0.147813015625 0.9635951687500001 0.1602006 0.973816234375 0.1651906671875 0.9747044078125 0.17660640156250001 0.9745051453125001 0.1881864953125 0.9681090921875001 0.20296878125 0.9508904656249999 0.2098221875 0.9323751078125 0.21190916093749998 0.9153780781249999 0.21201219531249998 0.9089834375000001 0.20708935 0.88558545625 0.1994240421875 0.8765866234375 0.188668509375 0.8689463921874999 0.173043509375 0.869219128125 0.1626357390625 0.8746194421875 0.1478534546875 0.8918380687499999 0.142341840625 0.9049808921875 0.13913111250000001 0.93113016875 0.139799946875 0.9415557874999999
0 0.1448366421875 0.8156155359374999 0.15040163281250002 0.8337836624999999 0.1593779203125 0.847978259375 0.17013345156249998 0.855618490625 0.1791778515625 0.8590830687500001 0.1947564375 0.85881114375 0.2033365765625 0.855038928125 0.2182927421875 0.8443405734375 0.226252434375 0.8350690046875 0.22887714374999998 0.8279780171875 0.2354912421875 0.7741105078125 0.2346003265625 0.7670808859375 0.23197836718749998 0.7566893593749999 0.219737975 0.737333090625 0.20507619375 0.7297610437500001 0.18749806875 0.7300678703125 0.1748161 0.7381172046875 0.157117471875 0.7632147078125 0.146056778125 0.791392765625 0.143945725 0.8085859140625 0.1448366421875 0.8156155359374999
0 0.232101675 0.7656056140625 0.2399168390625 0.769151246875 0.25666226875000003 0.768858953125 0.295364325 0.73449414375 0.297595071875 0.7254530406249999 0.299027859375 0.7137839234375 0.298227290625 0.69530431875 0.28662904375 0.670718196875 0.27945868906250004 0.6656247078125 0.25797431406250004 0.66599971875 0.24106502343749997 0.676732165625 0.22336639531250002 0.7018296671875001 0.21852361562499997 0.7253981078125 0.21919244999999998 0.735823728125 0.22443636718749999 0.75660678125 0.232101675 0.7656056140625
0 0.27425247656249996 0.5635831203125 0.271362821875 0.58711746875 0.2727004890625 0.6079687109374999 0.2772755734375 0.6183261421874999 0.324394534375 0.6928374234375 0.355940390625 0.6922867890625 0.40515147812499996 0.6800224859374999 0.426435284375 0.657471725 0.43681636562500004 0.6364159375 0.442970125 0.6180432609375 0.4442671140625 0.610257884375 0.4506243546875 0.5584823109375 0.451559025 0.5004737859375 0.44762608593750003 0.4848864984375 0.4435459546875 0.47843441093749994 0.43637560000000003 0.47334091875000006 0.41879747500000003 0.47364774687500005 0.408710778125 0.47643313593750003 0.3026799484375 0.5304703749999999 0.2942253015625 0.5358365984375 0.27944301718750003 0.5530552281250001 0.27425247656249996 0.5635831203125
0 0.268068934375 0.7984657328125 0.2684166953125 0.811506278125 0.272349634375 0.82709356875 0.281325921875 0.8412881656250001 0.29047254843750003 0.8477855062499999 0.321906609375 0.847236821875 0.336013421875 0.840333590625 0.35729722656249996 0.8177828328125001 0.3644342203125 0.803306978125 0.3699727265625 0.758199475 0.3692302953125 0.75234145625 0.36057508125000004 0.7355319312499999 0.3429702671875 0.7201832859375 0.3234390171875 0.7205242046875 0.311078121875 0.7259586109375 0.30034927968749997 0.733973853125 0.2901153890625 0.7458944421875 0.28037645312500004 0.7617203765625 0.27226956874999997 0.7801271468750001 0.268068934375 0.7984657328125
0 0.36275143125 0.7312988921875 0.36732651562499996 0.741656328125 0.3847841359375 0.766140175 0.3924266515625 0.7696074796875 0.410927328125 0.76928455 0.4345754796875 0.7574430921875 0.46268187968749996 0.7269452765625 0.47046769062499993 0.7111534359375 0.4711151734375 0.709054675 0.474197471875 0.6839513703125 0.4743205640625 0.6797743046875 0.467765665625 0.6537954859374999 0.454883128125 0.6396690734375 0.43826822187500003 0.6321311171875 0.41450964843750004 0.6351551468750001 0.39369410781249997 0.645955778125 0.3746845 0.6658575171875001 0.36625654218750003 0.6868792140625 0.362082596875 0.7208732734375001 0.36275143125 0.7312988921875
0 0.45257507812500003 0.5870388828124999 0.45544559375000004 0.5876459374999999 0.48320894062499997 0.5871613265625 0.48968445312500003 0.5863911359375 0.50659374375 0.5756586890625 0.514874509375 0.5637721906250001 0.5180824859375 0.5551054296875 0.5236049375 0.510128675 0.5235701609375 0.5088246187500001 0.5212692750000001 0.495818165625 0.5087078109375 0.4790768234375 0.4904608515625 0.46895803437500005 0.4748358515625 0.46923076874999997 0.466702278125 0.47198206249999997 0.44979298749999996 0.48271450937499993 0.43241543125000004 0.505197084375 0.4259406 0.526184690625 0.45257507812500003 0.5870388828124999
0 0.22955880781250002 0.90298094375 0.22538486249999998 0.9369750046875 0.22637476875 0.9447856953124999 0.23470891093750001 0.9642101468750001 0.2415581921875 0.9719185609375 0.2440981234375 0.9733270734374999 0.28140763281250003 0.9726758328124999 0.28648006718749996 0.971134446875 0.303215478125 0.9538817296875 0.3158707578125 0.93017691875 0.316275434375 0.9288651937499999 0.3214527328125 0.886699484375 0.3203390875 0.87791245625 0.30841976875 0.8559412609375 0.2996173625 0.8482669375 0.292125934375 0.8457883796875001 0.276500934375 0.846061115625 0.2703204875 0.848778315625 0.2573174453125 0.8594425781249999 0.2448093578125 0.8740121890625 0.2324751515625 0.8951020671875 0.22955880781250002 0.90298094375
0 0.3979910796875 0.949051128125 0.40135158750000005 0.934380259375 0.402057946875 0.92862741875 0.4015228796875 0.9202869234375 0.3261447234375 0.920442953125 0.3166581390625 0.9206085421875001 0.313209496875 0.9284387234375 0.310041578125 0.95423934375 0.3110903625 0.9583959546875 0.32300968124999996 0.98036715 0.3301800359375 0.9854606390624999 0.33905008593749997 0.9903794953125 0.361001040625 0.9899963390625001 0.379971378125 0.9767635578125 0.39020526875 0.96484296875 0.3979910796875 0.949051128125
0 0.3879874546875 0.7813206171875 0.38376013124999997 0.784003728125 0.36929891875 0.798607428125 0.3537272953125 0.8301911109375 0.34952666250000003 0.8485296968749999 0.34955335 0.8641851718750001 0.353165215625 0.882387390625 0.3689907859375 0.9042904015625 0.37293071875 0.905593940625 0.39894345468750003 0.9051398859375 0.4021939109375 0.9037108390625 0.42315664374999995 0.8837750078125 0.43094245468750003 0.867983165625 0.436748453125 0.8365699421875 0.4347686390625 0.8209485593749999 0.4308357 0.8053612703124999 0.4238125390625 0.7911325796875001 0.418595309375 0.7860050015625 0.41142495468750007 0.7809115140625 0.3879874546875 0.7813206171875
0 0.527739425 0.5272490453125 0.524502009375 0.5377428484375 0.5190437718750001 0.5821966187500001 0.5255986703125 0.6081754375 0.538160134375 0.624916778125 0.5676744312500001 0.6418164203125001 0.5906613703125 0.64141518125 0.6071883437500001 0.6341491796875001 0.6179171875 0.6261339359375 0.632699471875 0.6089153078125 0.6424384078125 0.593089375 0.650866365625 0.5720676765625 0.6522897609375 0.5668241859375 0.6564958140625 0.5325686328125 0.6553346953125 0.519803215625 0.6471477453125 0.49124356249999995 0.634907353125 0.47188729531250007 0.6228408421875 0.4590512984375 0.6039517375 0.4541623640625 0.5941861125 0.45433282343750003 0.5837783421875 0.45973313750000006 0.5580933328125 0.478446734375 0.5394047984375 0.49573354687500004 0.527739425 0.5272490453125
0 0.5677994625 0.679949015625 0.5652308796875001 0.7008684359374999 0.5662207859375 0.708679128125 0.5911965234375 0.751297009375 0.598366878125 0.756390496875 0.617898128125 0.7560495781250001 0.6344863468749999 0.747932059375 0.646994434375 0.733362453125 0.65352608125 0.7218326515625 0.6594418453124999 0.673652609375 0.6556633984375 0.6627594046875 0.645055059375 0.645983971875 0.6342995265625 0.638343740625 0.621269796875 0.6333525296875 0.605644796875 0.6336252640625 0.59946435 0.6363424671875 0.58678238125 0.6443918015625 0.5810968875 0.6510143515625 0.5710368781249999 0.6694552125000001 0.5677994625 0.679949015625
0 0.43714949062499997 0.8229864078125001 0.43813939843750005 0.830797096875 0.442393409375 0.843769459375 0.45690799843749996 0.8604767078125001 0.4658468453125 0.8634341515624999 0.4800286984375 0.86318660625 0.49206424843749996 0.859863053125 0.5047462171875 0.8518137187500001 0.5172543046875 0.8372441125 0.524131771875 0.8232946515625 0.52881140625 0.78518208125 0.526913175 0.77445175625 0.51499385625 0.7524805578125 0.504238325 0.7448403265625 0.49674689687500007 0.74236176875 0.47916877187500007 0.7426685953125001 0.46648680468750003 0.7507179296875 0.45170451875 0.7679365546875 0.44423977968750006 0.7811134703125 0.4410023640625 0.7916072749999999 0.43714949062499997 0.8229864078125001
0 0.4777511203125 0.9351647609375 0.48803838749999995 0.9545551218749999 0.49684079375 0.9622294453125001 0.4981309828125 0.9626563078125001 0.5239990421875 0.9622047796875 0.52809079375 0.961683975 0.5493745999999999 0.939133215625 0.5572674390625 0.9216760609374999 0.5625490859375 0.8786605015625 0.55705365625 0.8607194765624999 0.549709421875 0.8491057156249999 0.5425390671875 0.8440122296875 0.525282015625 0.8417041281250001 0.5109679953125 0.8471726265624999 0.5002391515625 0.8551878687500001 0.4877310640625 0.8697574781249999 0.4818983765625 0.8855152265624999 0.47577130624999997 0.919543378125 0.4777511203125 0.9351647609375
0 0.5759448468749999 0.8818610781249999 0.57856680625 0.8922526046874999 0.5937502296875 0.919385471875 0.6113550437499999 0.9347341203124999 0.61347635 0.935696528125 0.6357290171875001 0.9353081062499999 0.6533338875 0.92617340625 0.666336928125 0.9155091453124999 0.676891890625 0.9009736296874999 0.6790062390625 0.8952614437499999 0.686773525 0.832001984375 0.6780427390625 0.8122365468750001 0.665481275 0.7954952046875 0.6436491375 0.78282966875 0.6280241375 0.7831024046875 0.6114359203124999 0.7912199234374999 0.5924263109375 0.8111216640625001 0.5849615734375 0.8242985781250001 0.5791288859375 0.840056328125 0.5746071796875001 0.8610098421875 0.5759448468749999 0.8818610781249999
0 0.6548838265625 0.7282348140625 0.65070988125 0.7622288734375 0.6546428203125 0.7778161640625 0.6575858515624999 0.7855927625 0.6783075765625 0.8152382828125001 0.6965545359374999 0.825357075 0.7081412874999999 0.8264627093750001 0.724214784375 0.8261821453125 0.7378912343749999 0.822026215625 0.754800525 0.81129376875 0.767803565625 0.8006295078125 0.778358528125 0.7860939921875 0.7848199625000001 0.76997735625 0.78721730625 0.7504525625 0.7880174 0.7233016359375 0.7801515218749999 0.6921270546875 0.753570421875 0.6625838109375 0.7444469421875 0.657524415625 0.735002390625 0.655079946875 0.713518015625 0.6554549578125 0.6927024734375 0.6662555890624999 0.680515459375 0.67821026875 0.6578001703125 0.7203559390625001 0.6548838265625 0.7282348140625
0 0.6969993125 0.6399907109375 0.70580171875 0.647665034375 0.7266439484375 0.6525198796875 0.747138415625 0.644334178125 0.755914134375 0.6363530265625 0.7667901703125 0.6192025812499999 0.7701439640625 0.6101418765625 0.772327259375 0.59236036875 0.771579571875 0.5643231921874999 0.7674994421875 0.557871103125 0.7512056078125 0.5477182203125001 0.7323165031250001 0.542829284375 0.711822034375 0.5510149859375 0.68631090625 0.57624885625 0.6834212515625 0.5997832062499999 0.6844111578125001 0.607593896875 0.6883440968750001 0.6231811875 0.6969993125 0.6399907109375
0 0.71460829375 0.9838241015625 0.7245021 0.9786904703125 0.7332778171875 0.97070931875 0.750976446875 0.945611815625 0.7529055109375 0.941011828125 0.7589577328125 0.8917204421875 0.7567290671875 0.88288764375 0.7477527796875 0.868693046875 0.7337661609375 0.8587576015625 0.7018602984375 0.8593145203124999 0.6868848328125 0.8723648234375 0.6786040671875 0.8842513203125 0.67081825625 0.9000431624999999 0.6646644968750001 0.9184158390625001 0.6630591328125 0.931490478125 0.6722359890625 0.967860821875 0.677948171875 0.9768937484375 0.6851185265625 0.9819872359374999 0.6936302859375 0.9841902749999999 0.71460829375 0.9838241015625
0 0.632114303125 0.9851054640625 0.633419115625 0.9744786124999999 0.6327756765625 0.9694016624999999 0.628521665625 0.9564292999999999 0.6143281484374999 0.9371071234375 0.57786091875 0.932525015625 0.563225825 0.9406084421875001 0.5507177375000001 0.95517805 0.5403366562499999 0.9762338390625 0.53991265 0.9868734265624999 0.6205811 0.9854653531249999 0.632114303125 0.9851054640625
0 0.40285084375 0.9396299140625001 0.399613428125 0.9501237171874999 0.39736591875 0.9684282109375 0.39803475312500003 0.9788538296875 0.4011079546875 0.9892962703125001 0.4645612328125 0.9881886890624999 0.4732167203125 0.969713553125 0.47610637499999997 0.9461792046875 0.47511646875 0.9383685125 0.47086245781249997 0.9253961515625001 0.4618861703125 0.911201553125 0.4472243890625 0.90362950625 0.431278315625 0.90651716875 0.4228236703125 0.9118833921875 0.408041384375 0.9291020203125001 0.40285084375 0.9396299140625001
0 0.799781153125 0.57987505 0.8117004718749999 0.6018462453125 0.8237669828125 0.6146822390625 0.8309373375 0.619775728125 0.8342105359374999 0.6200133515624999 0.8775228828125 0.61925733125 0.8797654625 0.6189234296875 0.9039656109375 0.588493796875 0.9091561531250001 0.577965903125 0.9102237000000001 0.57403328125 0.9151361124999999 0.5340248875 0.9149354625000001 0.530897203125 0.912634575 0.5178907500000001 0.9080594921875 0.5075333140625 0.893865975 0.4882111375 0.873665890625 0.4781264390625 0.836556515625 0.4787741859375 0.8123563671875 0.50920381875 0.8045705546875 0.5249956609375 0.8000755375 0.5616046484375 0.799781153125 0.57987505
0 0.79103555625 0.69404708125 0.806154184375 0.693783184375 0.807991771875 0.6931615953125 0.8198577140625 0.6838218421875 0.8264515671874999 0.6721822359375 0.8289929062500001 0.6514846859375 0.8231889453125 0.6328818890625 0.8108013609375 0.622660821875 0.7971294859375 0.622899465625 0.7807151484375 0.6375372578125 0.7755246078125 0.648065153125 0.7732770984374999 0.666369646875 0.775577984375 0.6793761 0.7812901671875 0.688409025 0.788460521875 0.6935025140625 0.79103555625 0.69404708125
0 0.8030864703124999 0.703747328125 0.795126778125 0.713018896875 0.78581566875 0.7888518 0.8009990921875 0.8159846671875 0.813867734375 0.8277355500000001 0.8569184671875 0.826984096875 0.87489676875 0.8173041031249999 0.892274325 0.7948215281250001 0.9007022828125001 0.7737998312500001 0.9097190078124999 0.716237328125 0.9007427203124999 0.7020427328125 0.88704415625 0.686625903125 0.859994790625 0.6688327875 0.850229165625 0.669003246875 0.835594071875 0.677086675 0.8030864703124999 0.703747328125
0 0.7848169 0.8999635906250001 0.7989350375 0.89628638125 0.8068947296875001 0.8870148125 0.8162002390625 0.8699570156249999 0.8189052765625 0.8479262500000001 0.8172224343750001 0.8346480749999999 0.8056241890625 0.8100619515625 0.7795914171875 0.8157350015624999 0.7607290015625 0.8265015390625001 0.754722434375 0.835739015625 0.75245624375 0.8430846781250001 0.7494863203125 0.8672727578125 0.75089625 0.8827736203125 0.7635842875 0.9003342078125 0.7848169 0.8999635906250001
0 0.8241600874999999 0.940048334375 0.8331363749999999 0.9542429328124999 0.8403478671875 0.958242040625 0.8675861234375001 0.9577665953125001 0.879576884375 0.950614240625 0.892843609375 0.8425654296875 0.891864378125 0.8410169281250001 0.8755705453125 0.8308640437499999 0.8658049203125 0.8310345031249999 0.8495377749999999 0.83653709375 0.8285750406249999 0.8564729249999999 0.8181939593750001 0.8775287140625 0.8152776156250001 0.8854075890625 0.8130301062499999 0.9037120828124999 0.813698940625 0.9141377015625001 0.8241600874999999 0.940048334375
0 0.8254338000000001 0.9471348984375 0.8285241250000001 0.9219662203125001 0.8284405218750001 0.9206630171875 0.8254974890625 0.91288641875 0.7831054546875 0.9124666749999999 0.7777301999999999 0.9125605 0.768883553125 0.9295305578124999 0.766314971875 0.9504499796875001 0.7715588890625 0.9712330328125001 0.7756390203125 0.9776851234375 0.7826101984375 0.9826371249999999 0.7967161015625 0.9823909046875 0.8049358953124999 0.9771737437500001 0.8174439828125 0.9626041359374999 0.8249087218750001 0.949427221875 0.8254338000000001 0.9471348984375