0 0.180172165625 0.7432748296875 0.18235041406250002 0.7422801984375 0.18839241874999998 0.7369480671875 0.197683715625 0.72241255 0.19816565625 0.7197908046875 0.198677021875 0.7051472109375 0.1930114390625 0.6885207671875 0.17868260625000001 0.679624209375 0.1709614203125 0.67714565 0.1533832953125 0.6774524765625001 0.1422301890625 0.6894071578125 0.137958678125 0.6999350515625 0.137045525 0.726084328125 0.14914728906250002 0.7428597609375001 0.151258684375 0.7437795171875 0.180172165625 0.7432748296875
0 0.415930584375 0.6994644015625 0.416651975 0.6788064734375 0.4163146203125 0.6605190249999999 0.41472675625 0.6500934078125 0.411934040625 0.646222153125 0.40691425625 0.650229775 0.40482770781250005 0.659674196875 0.403658871875 0.6931452703125001 0.40508795 0.702528328125 0.40916185 0.7064853 0.4128233296875 0.7064213890625 0.415930584375 0.6994644015625
0 0.1924630609375 0.5560996515625 0.1980603578125 0.5618230703125 0.2357900328125 0.561164496875 0.24324431093749999 0.5552132609375 0.25448873125000004 0.5406436546875 0.2612882734375 0.5220029640625 0.262243659375 0.4946442828125 0.2619917828125 0.4934726796875 0.25184314375 0.47666315625 0.2385365296875 0.4664420890625 0.2308153453125 0.46396352656250006 0.2132372203125 0.464270353125 0.2042198703125 0.4709610890625 0.18963484218749999 0.497349009375 0.1808178734375 0.52624958125 0.182314421875 0.5392901250000001 0.1924630609375 0.5560996515625
0 0.2886062546875 0.48313633281249996 0.2990329 0.4696263328125 0.299844590625 0.44638253125 0.2922943703125 0.43341861562500006 0.284573184375 0.43094005468749996 0.2727631203125 0.43375953437500003 0.263654453125 0.44306519531250005 0.2623182109375 0.44779252031250005 0.261613778125 0.46796481874999996 0.267304509375 0.47828148906249995 0.281752190625 0.4854079390625 0.283706115625 0.485373834375 0.2886062546875 0.48313633281249996
0 0.303878584375 0.5396758875 0.3113968484375 0.531995025 0.3155770453125 0.5240820562499999 0.3159111046875 0.522900225 0.316755771875 0.49871214531249997 0.316490196875 0.49793278125 0.30429711875 0.4837722765625 0.29062524375 0.48401092031250004 0.2826301140625 0.4893771421875 0.2753832578125 0.5012636374999999 0.2744701046875 0.527412915625 0.2762405984375 0.5326086796875 0.2790333140625 0.5364799328125 0.2870445046875 0.539969728125 0.303878584375 0.5396758875
0 0.3746136484375 0.49081400156250005 0.3678056171875 0.46218616562500003 0.3594274734375 0.45057240312499997 0.3522305640625 0.44826214062499997 0.3395834796875 0.448482896875 0.3280861578125 0.45373280312500003 0.32297505625 0.46035535000000005 0.31452335 0.4787962109375 0.31342756562499996 0.5101753453125 0.32162307968750004 0.5270189625 0.3347177640625 0.5344529453125 0.3362207828125 0.534426709375 0.3526904484375 0.5317033453125 0.37006819062499996 0.5091866796875 0.3746136484375 0.49081400156250005
0 0.3946373328125 0.41488590312499996 0.3955055890625 0.3900223015625 0.3863091640625 0.3655085984375 0.38179768593749996 0.3618609265625 0.3752052859375 0.3619759984375 0.34204424843750003 0.3754279140625 0.3340491171875 0.3807941375 0.3268935765625 0.39006570625000003 0.32253075 0.40320852812499997 0.3220741734375 0.41628316718749997 0.3271117109375 0.4397152390625 0.34486816249999996 0.4561983890625 0.360890625 0.4559187171875 0.37891518125 0.437504340625 0.3946373328125 0.41488590312499996
0 0.3879557234375 0.5401070156250001 0.389743090625 0.5413002125 0.406451565625 0.5410085640625 0.41510592500000004 0.5289447390625 0.41883610625 0.520277640625 0.416416315625 0.5036893874999999 0.409877665625 0.49462805000000004 0.3994563390625 0.49025293124999997 0.3935056484375 0.49297013281249996 0.3843969828125 0.50227579375 0.3822612265625 0.5075397421875001 0.3815307046875 0.5284591640625 0.3879557234375 0.5401070156250001
0 0.3957390765625 0.489538653125 0.4054133859375 0.491983121875 0.4133172015625 0.48923182656249997 0.43264806875 0.46668106875 0.43478382499999996 0.46141712031250004 0.4353317171875 0.44572755468749997 0.431790728125 0.43533602812499994 0.42527439375 0.42630310312499997 0.41569140000000004 0.42124370781250003 0.39997508437499996 0.42413136875 0.388821978125 0.43608605 0.3844591515625 0.4492288734375 0.384002575 0.46230351093750005 0.3875435640625 0.4726950375 0.3957390765625 0.489538653125
0 0.39962190937500003 0.360182640625 0.3996775859375 0.35998566875 0.40089563124999994 0.3251054390625 0.3962458 0.3171215609375 0.3826652390625 0.3147452765625 0.374670109375 0.3201115015625 0.3695590078125 0.32673405 0.367423253125 0.3319979984375 0.36678404531250003 0.35030249062499996 0.37023371875 0.36330894687500004 0.3721319953125 0.3651527375 0.39610913124999997 0.364734215625 0.39962190937500003 0.360182640625
0 0.42281847499999997 0.40719765625 0.4249050234375 0.39775323125 0.4249579859375 0.396236575 0.4117211796875 0.36165801875 0.4039086796875 0.3617943859375 0.393960425 0.3671947015625 0.3848756015625 0.38140720625 0.3843896015625 0.3953244296875 0.387753540625 0.40519638281250003 0.396131684375 0.41681014375 0.39761526875 0.41780054375000003 0.41317999062500005 0.41752885937500006 0.42281847499999997 0.40719765625
0 0.4558029484375 0.43523791406249995 0.45647106875 0.4328742515625 0.4573002125 0.40913070781250005 0.4540147015625 0.40260245625 0.44638483281249997 0.39750896875 0.43271295781249997 0.3977476109375 0.42871539218750004 0.4004307234375 0.423604290625 0.407053271875 0.42287376875 0.42797269375 0.43359420625 0.44528038593749997 0.44597123281249995 0.44506434375000004 0.4486474078125 0.44450948281249997 0.4558029484375 0.43523791406249995
0 0.45437684218749996 0.543151546875 0.4635768234375 0.5312309578125001 0.46575823749999995 0.5246595468749999 0.4668083625 0.49458787812500005 0.46503786874999997 0.48939211406250005 0.454615284375 0.480427371875 0.444849659375 0.48059783125 0.4266323265625 0.49920915312499997 0.4234743515625 0.5057976109375 0.42069938906250004 0.5293660515624999 0.42424037812500004 0.5397575796875 0.428350175 0.5437494187499999 0.4540499171875 0.543300828125 0.45437684218749996 0.543151546875
0 0.4705594140625 0.49304312968749997 0.49093774218749997 0.492687425 0.49717838593749997 0.488498790625 0.5085141234375 0.47131425312499997 0.5100804296875 0.462793578125 0.510368071875 0.45455655781250004 0.5093359609375 0.4477799046875 0.507565465625 0.4425841421875 0.493510578125 0.4258428 0.48774251875 0.42333014999999996 0.47211751875 0.42360288593749995 0.46496197656250005 0.432874453125 0.4586460265625 0.4460513671875 0.4543745140625 0.4565792625 0.45373530781250004 0.47488375625 0.4705594140625 0.49304312968749997
0 0.514218284375 0.5231684078125001 0.5148574906250001 0.5048639125000001 0.5131783109375 0.49705322343749997 0.5085237874999999 0.490601134375 0.4968050375 0.49080568593749996 0.485560615625 0.505375290625 0.4831509140625 0.518484021875 0.4866005875 0.531490475 0.488494784375 0.5333303046875 0.5076149421875 0.5329965609375 0.512082528125 0.52843235625 0.514218284375 0.5231684078125001
0 0.45882510312499997 0.3654635578125 0.4495990671875 0.3501821734375 0.44668370468749996 0.34823595625000003 0.43321485937500004 0.34847105625 0.4250480328125 0.3545307125 0.42271493437499996 0.3710354390625 0.4226266625 0.373563203125 0.427584553125 0.39368644375 0.4299290546875 0.3969363859375 0.44524661718749997 0.3966690171875 0.4539973984375 0.39191873906249997 0.45706405937500005 0.387945209375 0.45817759375 0.3840057703125 0.45882510312499997 0.3654635578125
0 0.4501460578125 0.328928803125 0.4510333359375 0.3202893140625 0.4513072828125 0.31244453125 0.450036990625 0.304104034375 0.4433380265625 0.3003009671875 0.4335724015625 0.30047142656250003 0.42957483593749995 0.3031545390625 0.4247886140625 0.3116530171875 0.4243612578125 0.32389087656250004 0.42577765312500004 0.3280474890625 0.4317958953125 0.334441896875 0.4447900359375 0.3342150828125 0.4501460578125 0.328928803125
0 0.46448438750000004 0.365501525 0.4723415609375 0.3696497640625 0.49824125625000004 0.3691976828125 0.508749303125 0.35558220937499996 0.5125936624999999 0.346107103125 0.5137442359375 0.3131590140625 0.5020148343749999 0.29689975 0.49819990000000003 0.2943530046875 0.48843427500000003 0.294523465625 0.47653289374999996 0.2999578734375 0.46853776406250003 0.3053240953125 0.4593377828125 0.317244684375 0.45549342187499997 0.3267197890625 0.4549455296875 0.3424093546875 0.457968053125 0.3564686 0.46448438750000004 0.365501525
0 0.4752051828125 0.3711613265625 0.46671661249999996 0.3798334796875 0.46394165000000004 0.403401921875 0.472228478125 0.4176306109375 0.475134421875 0.41957053593750004 0.48862159375 0.41933511718750005 0.49677951406250004 0.41328206874999995 0.5015076015625 0.3896795359375 0.501033271875 0.37531448125 0.4943123921875 0.37082780937500004 0.4752051828125 0.3711613265625
0 0.541065434375 0.5105510140625 0.53054749375 0.51073460625 0.527063196875 0.51307321875 0.5220688765625 0.5219411968750001 0.5214899375 0.5385198390625 0.5230833828125 0.5431960250000001 0.52742299375 0.5467047390625 0.54176359375 0.546454421875 0.5464077546875 0.5404368953125 0.54707435625 0.5213479234375 0.5454809109375 0.5166717359375 0.541065434375 0.5105510140625
0 0.5403740203125 0.5074399875 0.5431353015625 0.5055866531250001 0.5545623546875 0.485787190625 0.555110246875 0.4700976234375 0.5533397515625 0.4649018609375 0.5505470375 0.46103060625000003 0.5409640421875 0.4559712109375 0.5292452921875 0.4561757625 0.5232032875 0.46150789375 0.5157738000000001 0.47862424531250003 0.51708771875 0.49689464687499996 0.5236040515625 0.505927571875 0.5275882843749999 0.5076631640625 0.5403740203125 0.5074399875
0 0.5983576390625001 0.53123841875 0.6033766640625 0.5188681421875 0.6041619765624999 0.49637976406249995 0.601771809375 0.48936548437500005 0.597117284375 0.4829133953125 0.583967465625 0.475448109375 0.58328025625 0.4754601046875 0.567911725 0.4808098453125 0.5578721546875001 0.4888250875 0.552761053125 0.4954476375 0.5484895421875 0.5059755328125 0.5533444484375 0.5346374625 0.5560458484375 0.5411236421875001 0.5691603921875 0.545976209375 0.5815301828125 0.54576029375 0.5912020984375 0.5405099875 0.5983576390625001 0.53123841875
0 0.5803496390625 0.4544214953125 0.5807110953125 0.4524551859375 0.58140965625 0.4324509890625 0.5811714765625 0.43088714687499996 0.572793334375 0.419273384375 0.5670252734375001 0.41676073281250003 0.555215209375 0.41958021093750003 0.5480596671875 0.42885177968750005 0.548917009375 0.460196821875 0.5524308875 0.46506774999999995 0.5708891265625 0.464745559375 0.5731940984375 0.4636930640625 0.5803496390625 0.4544214953125
0 0.540969121875 0.4111088921875 0.5273885625 0.408732609375 0.51818858125 0.4206531953125 0.5160528249999999 0.42591714375 0.51541361875 0.4442216359375 0.5183455015625 0.4500472359375 0.5408112593750001 0.44965509531250003 0.54666361875 0.443676165625 0.54748545625 0.4201418171875 0.540969121875 0.4111088921875
0 0.5601231078125 0.3992129765625 0.5676781531249999 0.3785011 0.568252678125 0.362048846875 0.5639025375 0.34688033125 0.5574775187500001 0.335232478125 0.5508414171875 0.3308024015625 0.5443912796875 0.3309149890625 0.5280893296875 0.338358784375 0.522978228125 0.3449813328125 0.5187067171875 0.35550922812499997 0.516702353125 0.362600215625 0.5161909875 0.3772438109375 0.519381428125 0.3920841234375 0.527759571875 0.403697884375 0.5381917703125 0.41066212812499997 0.549627865625 0.4104625109375 0.5601231078125 0.3992129765625
0 0.5507580937500001 0.3264257140625 0.5514886171875 0.3055062921875 0.549718121875 0.300310528125 0.5431104734375001 0.2938925296875 0.5313917234375001 0.29409708125 0.524327496875 0.3007537234375 0.5198733546875001 0.31651147343749997 0.5244365640625 0.325578490625 0.530113309375 0.33070606874999997 0.5376207265625 0.3357178125 0.5417329625 0.3356460328125 0.5507580937500001 0.3264257140625
0 0.6132799640625 0.32470848124999996 0.6049018203125 0.31309472031249996 0.5934570171875 0.3054544890625 0.5803841078125 0.300617328125 0.5796607265625 0.3006299546875 0.5700195171875 0.30586359218750003 0.5636817515625 0.314075553125 0.5627503359375 0.3407478140625 0.5648526046875 0.3699804578125 0.5712540125000001 0.3788540734375 0.594946821875 0.3784405140625 0.61413730625 0.356053521875 0.61569270625 0.34505037031249997 0.616039703125 0.3351136453125 0.6132799640625 0.32470848124999996
0 0.5828295375 0.2967675625 0.585056609375 0.2888886890625 0.5871269234375001 0.26872988124999997 0.5874593109374999 0.25921154375 0.5742326125 0.2382627984375 0.5640999796874999 0.2384396640625 0.5544280640625 0.2436899703125 0.5452280828125 0.25561055781249997 0.543733053125 0.259295321875 0.542892953125 0.28335265625 0.5476732875 0.2973812171875 0.556142746875 0.30638005 0.559745740625 0.30878530937500004 0.5607223015625 0.3087682640625 0.573720871875 0.3060732234375 0.5828295375 0.2967675625
0 0.5591349046875 0.3995633453125 0.5662168828125 0.4203464 0.5690243484375 0.422616325 0.5882803156249999 0.4222802109375 0.5905852875 0.4212277140625 0.601829709375 0.40665810625 0.6061012203125 0.3961302109375 0.604422040625 0.3883195203125 0.5959525828125 0.37932068750000003 0.5863695875 0.37426129218750004 0.5785570875 0.37439765937499997 0.5665643921875 0.38244699375 0.561453290625 0.3890695421875 0.5591349046875 0.3995633453125
0 0.5818780968749999 0.4358054625 0.5812388890625 0.45410995625000006 0.584779878125 0.46450148281250003 0.5953786890625 0.4768104734375 0.6193789984375 0.47639154687499996 0.620501771875 0.4756379578125 0.6256128734375 0.46901540625000004 0.6299756984375 0.4558725859375 0.6307062218749999 0.4349531640625 0.6270739171875 0.42717656406250004 0.6110659046875 0.410469315625 0.6052065296875 0.41057159218750006 0.5933051484375 0.41600599843749997 0.5841051671875 0.4279265875 0.5818780968749999 0.4358054625
0 0.6424415031249999 0.5462586296875 0.65634808125 0.522338884375 0.6578306125 0.47988476562500004 0.65201245625 0.471819653125 0.6404763375 0.4667943484375 0.62857495625 0.47222875625 0.619374975 0.4841493453125 0.6128763937499999 0.5025561140625 0.6123285015625 0.5182456796875 0.61400768125 0.526056371875 0.6175486703125 0.5364478984375001 0.6265492046875 0.5465360312499999 0.6424415031249999 0.5462586296875
0 0.61663995625 0.36556947812499996 0.6076276765624999 0.3747766671875 0.60326485 0.3879194875 0.6048527140625 0.3983451078125 0.6150237109375001 0.41244411718749996 0.6307822562500001 0.41216905156249994 0.6420534046874999 0.3950824328125 0.64232735 0.38723765 0.6369245515624999 0.3742652875 0.6304771734375 0.3653279484375 0.61663995625 0.36556947812499996
0 0.6242795203125 0.329520534375 0.6409932046875 0.32922879531250004 0.64451229375 0.324669046875 0.6533292609375 0.2957684765625 0.6536945234375 0.2853087640625 0.645499009375 0.268465146875 0.639822265625 0.2633375703125 0.633962890625 0.26343984531250003 0.622152825 0.266259325 0.6190861640625 0.270232853125 0.6145407078125 0.2886055296875 0.613992815625 0.304295096875 0.6156719953125 0.31210578906249997 0.62107479375 0.32507815 0.6242795203125 0.329520534375
0 0.654411403125 0.25560184375 0.655633446875 0.25493846875 0.657984553125 0.2518920953125 0.6596621453125 0.20385213906250002 0.6575510687499999 0.2000249859375 0.6500125140625 0.192316571875 0.6343875140625 0.1925893078125 0.6284368234375 0.195306509375 0.6193281578125001 0.20461217031249998 0.6150566468750001 0.21514006874999997 0.6123730000000001 0.2360935828125 0.6159139890625001 0.24648510625000003 0.62288773125 0.2561520921875 0.654411403125 0.25560184375
0 0.6785477921874999 0.5440668453125 0.6991480921875 0.5437072656249999 0.702827334375 0.5412378078125 0.7076738765624999 0.5282172109375 0.7084089640625 0.5071670421875 0.7070810937500001 0.5032702203125 0.69870295 0.491656459375 0.69107308125 0.4865629703125 0.68716683125 0.4866311546875 0.6791717 0.49199737812500005 0.6740606 0.49861992656250004 0.6717422125 0.5091137296875 0.670920375 0.532648078125 0.6726908703125 0.5378438421875 0.6785477921874999 0.5440668453125
0 0.694611003125 0.4551202390625 0.68809466875 0.4460873140625 0.678420359375 0.4436428484375 0.66735856875 0.4529826 0.6630870578125 0.46351049531250005 0.662721796875 0.4739702046875 0.664309659375 0.484395825 0.6680608625 0.48959572968750004 0.683838575 0.489320328125 0.6937891656249999 0.4786545875 0.694611003125 0.4551202390625
0 0.636964675 0.44578120937500004 0.63812705625 0.44639489374999997 0.6584811515625 0.4460396125 0.6696021562500001 0.433451515625 0.6719205421875001 0.42295771406249993 0.668744815625 0.40210647499999996 0.6639989749999999 0.3982693140625 0.6444677249999999 0.39861023281249996 0.6312701781250001 0.41321393281249996 0.6290431078125 0.42109280625 0.628677846875 0.4315525171875 0.630448340625 0.436748284375 0.636964675 0.44578120937500004
0 0.6664217625 0.3233001640625 0.662606828125 0.3207534171875 0.646981828125 0.321026153125 0.635646090625 0.33821069062500003 0.632871128125 0.36177913125 0.64538203125 0.37912171093749997 0.6696371671875 0.3786983359375 0.6774039000000001 0.3665478828125 0.678259421875 0.34204891718749997 0.6664217625 0.3233001640625
0 0.6810428640625 0.307058446875 0.684109525 0.30308491718749997 0.6948431937499999 0.2696036890625 0.6951500125 0.26081753281250003 0.6925434796875 0.2572043609375 0.6755132453125 0.2418216234375 0.6637944953125 0.24202617499999998 0.6546858296875 0.251331834375 0.6465344484375 0.2667621203125 0.6460459109375 0.28075198437500004 0.6529508390625 0.30101545937499996 0.6584397296875 0.308624146875 0.67750078125 0.3082914359375 0.6810428640625 0.307058446875
0 0.728879146875 0.23259842968750002 0.719113521875 0.2327688890625 0.705915975 0.2473725875 0.7034149578125 0.263096246875 0.7077955359375 0.27739311875 0.71737853125 0.2824525140625 0.727235471875 0.279667128125 0.733828790625 0.2711240390625 0.7348834828124999 0.2409216234375 0.728879146875 0.23259842968750002
0 0.7829376484374999 0.29577028437499997 0.783513471875 0.2792808578125 0.7831593734375 0.27824170625 0.77487254375 0.26401301718750003 0.771057609375 0.261466271875 0.763336425 0.2589877140625 0.757385734375 0.261704915625 0.7460499984375 0.278889453125 0.7488604640625 0.3102004 0.75106303125 0.31325359218750004 0.7680087624999999 0.312957803125 0.7829376484374999 0.29577028437499997
0 0.757958528125 0.3403256140625 0.7589675625 0.3114306625 0.7534286781249999 0.303752675 0.743845684375 0.29869327968750004 0.730739453125 0.31068205312499997 0.728603696875 0.31594599843750004 0.7281471203125001 0.3290206375 0.731505478125 0.3446420203125 0.7335185203125001 0.3494754265625 0.7497164359374999 0.34919269062499997 0.75187631875 0.348206446875 0.757958528125 0.3403256140625
0 0.7106054015625001 0.351436925 0.7139497031250001 0.34710364843749997 0.717457403125 0.3374874203125 0.7183810187499999 0.3110385171875 0.711687128125 0.30010313437499997 0.7070326046875001 0.29365104531249997 0.69540516875 0.29124066875 0.6855482296875001 0.29402605625 0.6763482484375001 0.30594664531250004 0.6737559156249999 0.32428523125000003 0.678976084375 0.3424874484375 0.6836306078125001 0.3489395375 0.6890728046875 0.3518127765625 0.7106054015625001 0.351436925
0 0.7035988843750001 0.36542925 0.6974676390625001 0.3594739828125 0.68482575 0.3596946484375 0.6741193796875 0.371170484375 0.672410775 0.3753816421875 0.6715122328125 0.40111253125 0.6755423640625 0.414265653125 0.6876320109375 0.41586137812499996 0.6941424281249999 0.4157477375 0.702046525 0.409883021875 0.706055253125 0.3957010453125 0.706867959375 0.372428190625 0.7035988843750001 0.36542925
0 0.69725305625 0.4516090359375 0.7064098390625 0.451449203125 0.70902005 0.450540596875 0.7120867093750001 0.44656706875 0.7108641078125 0.42568173906249995 0.7043477734375 0.41664881249999997 0.6964439578125 0.419400109375 0.6913328578125 0.4260226578125 0.6891057859374999 0.4339015328125 0.6906936499999999 0.44432715156249997 0.695348175 0.450779240625 0.69725305625 0.4516090359375
0 0.7310898640625 0.500987934375 0.7376448390625 0.4902362796875 0.742248 0.4771981515625 0.7427540390625 0.4627070953125 0.7409676921874999 0.45097827500000004 0.7326808640625 0.43674958437500006 0.7250509953125001 0.4316560984375 0.7113791203125001 0.4318947421875 0.6941840078125 0.449181553125 0.6920482531250001 0.45444549843750004 0.6932708546875 0.47533082968749996 0.69504135 0.4805265921875 0.7100668437500001 0.5013548937500001 0.7310898640625 0.500987934375
0 0.7231473578125 0.549052209375 0.7294028828125 0.55411 0.7449397390625 0.553838803125 0.75355776875 0.5446013921875 0.7540143453125 0.53152675625 0.7522438515625 0.5263309890625 0.7476806421875 0.517263975 0.7381889625 0.5095896515625 0.7342827125 0.509657834375 0.72117648125 0.52164660625 0.7190407265625 0.526910553125 0.7185841500000001 0.5399851921875001 0.7231473578125 0.549052209375
0 0.785745503125 0.4836650921875 0.7820043828125 0.47062016875 0.7773498578125 0.464168078125 0.7680144203125 0.4566200828125 0.7560109109375001 0.4568296046875 0.7470307625 0.46600396718750003 0.7448950078125 0.47126791562500003 0.744347115625 0.48695748125 0.7459349796875 0.49738309999999997 0.7503155578125 0.511679971875 0.7615719703125 0.5191944390625001 0.7774863234375 0.518916653125 0.784540903125 0.5097759 0.7848749640625 0.50859406875 0.785745503125 0.4836650921875
0 0.751359684375 0.46159543437500006 0.761813778125 0.4590996734375 0.76896931875 0.4498281046875 0.7711963890625 0.4419492296875 0.769699840625 0.4289086828125 0.7650453171875 0.42245659375000005 0.7512821265625 0.425310165625 0.7459883953124999 0.4371625703125 0.74357869375 0.4502713 0.7498397812500001 0.4616219640625 0.751359684375 0.46159543437500006
0 0.7953059140625001 0.5654520390625 0.7971231921874999 0.5630973546875 0.803850821875 0.5465159234375 0.80453764375 0.526847928125 0.799880403125 0.51208921875 0.7960654671875 0.509542475 0.7862998421875 0.5097129359375 0.7731022953125 0.5243166359375 0.7708752249999999 0.5321955109375 0.7704186484375 0.5452701484375 0.773868321875 0.5582766015625 0.778522846875 0.5647286921875 0.7807659796875 0.565705834375 0.7953059140625001 0.5654520390625
0 0.741196225 0.4067040875 0.734862521875 0.3924413046875 0.721190646875 0.3926799484375 0.71598823125 0.401917425 0.71321326875 0.4254858671875 0.71716329375 0.4309613828125 0.7323132718750001 0.43069693906250006 0.7407396484375 0.4197787234375 0.741196225 0.4067040875
0 0.738898240625 0.34255136406250003 0.72513505 0.3454049359375 0.719932634375 0.35464241093750004 0.7176142484375 0.365136215625 0.7192021125 0.3755618328125 0.724197153125 0.380869084375 0.737812446875 0.380631428125 0.7391309671874999 0.34287396875 0.738898240625 0.34255136406250003
0 0.778321271875 0.4000179765625 0.782866728125 0.3816453 0.78511764375 0.36749400625 0.7851841734375 0.3655888453125 0.7789427265625 0.3542737890625 0.7716504953125 0.3519329265625 0.7706739359375 0.351949971875 0.7613646015625 0.354580615625 0.7461226140624999 0.3718333359375 0.7441182515625 0.37892432343750004 0.7435155703125 0.3961828453125 0.74502683125 0.4032124671875 0.7505209453125 0.41356990156249995 0.7588559671875 0.422425896875 0.7591969890625 0.42241994375 0.7720053203125 0.413194890625 0.778321271875 0.4000179765625
0 0.798269675 0.5091845921875 0.8175163937500001 0.508848640625 0.8226589421874999 0.50539703125 0.8273611546874999 0.4993042859375 0.8286760953125001 0.46164932812500004 0.8243939328125001 0.45571340468750005 0.8148109375000001 0.450654009375 0.8050453125000001 0.45082446875000004 0.7950970578125001 0.45622478437499997 0.7879415171875 0.465496353125 0.7862329124999999 0.46970751093749996 0.78561196875 0.4874890203125 0.7887988578125 0.49684139375 0.7971770015625 0.5084551546875 0.798269675 0.5091845921875
0 0.8401268749999999 0.5683339984375 0.8452379750000001 0.5617114484375 0.848922153125 0.552631140625 0.8501845875 0.5164797671875 0.8423184421875 0.505575734375 0.8286465671875 0.505814378125 0.8226958765625 0.5085315828125 0.8134958953125 0.52045216875 0.8113601390625 0.525716115625 0.8104469859375 0.55186539375 0.8205956249999999 0.56867491875 0.822085096875 0.5696692484375 0.83399071875 0.5694614359375 0.8401268749999999 0.5683339984375
0 0.857450715625 0.54316864375 0.8591298953125 0.550979334375 0.8738668203125 0.5765731328125 0.885623003125 0.576367928125 0.89791845 0.558142278125 0.9001455203125 0.5502634046875 0.9008760421875 0.5293439828125 0.89547324375 0.5163716203125001 0.8889569093749999 0.5073386953125001 0.885141975 0.5047919515625 0.86756385 0.505098778125 0.8604083093750001 0.514370346875 0.8581812390625 0.522249221875 0.857450715625 0.54316864375
0 0.83964194375 0.4941842765625 0.8499732124999999 0.5057639484374999 0.8527995468749999 0.506671221875 0.8591361375 0.5065606171875 0.8770252640624999 0.485691746875 0.8791610203125 0.4804278 0.8798002265625 0.46212330625 0.8735578390625 0.44524559999999996 0.86788109375 0.44011802031249997 0.85030296875 0.44042484687499994 0.84323874375 0.4470814859375 0.8367401609374999 0.46548825781250003 0.8360096390624999 0.48640767812499996 0.83964194375 0.4941842765625
0 0.8143185453124999 0.431216659375 0.8269165578125 0.44622265624999996 0.8488665937500001 0.4458395171875 0.861467490625 0.4225536703125 0.8635378062499999 0.4023948625 0.8639213296875001 0.3914121671875 0.8627459046875 0.3859446828125 0.8524146359375001 0.3743650125 0.8428316406249999 0.3693056171875 0.8330660156249999 0.369476078125 0.8290684515625 0.3721591875 0.8179153453125 0.38411386875 0.8136438343749999 0.3946417625 0.8117652812499999 0.4093092234375 0.8114639406249999 0.41793848437500003 0.8143185453124999 0.431216659375
0 0.7928060453125 0.40724379375 0.7810872953125 0.40744834531249996 0.7719786296875 0.41675400625 0.7692949828125 0.43770751875 0.7805279031250001 0.4532785640625 0.789577375 0.4531206046875 0.7972043765625 0.44898036250000006 0.8012419109375 0.44235788437499995 0.8021041875 0.4176654953125 0.7928060453125 0.40724379375
0 0.8062535421874999 0.3645214234375 0.79788108125 0.362405903125 0.7959887250000001 0.36243893437499997 0.78560875625 0.36880178125 0.7846956046875 0.3949510578125 0.7864660984375 0.40014682031250004 0.7945660703125 0.4061870984375 0.8070207390625 0.4059697015625 0.8098122828125 0.40235264531250003 0.8121636437499999 0.3979016015625 0.8129797734374999 0.3745306859375 0.8127698765625 0.3735543484375 0.8062535421874999 0.3645214234375
0 0.80118681875 0.3600913796875 0.808342359375 0.3508198109375 0.8092331875 0.34766826093750003 0.8100550249999999 0.3241339125 0.809346828125 0.32205560625 0.8028304937499999 0.31302268125 0.7930648687499999 0.31319314062500003 0.783956203125 0.3224988015625 0.77977600625 0.33041176875 0.7793194296875 0.3434864078125 0.7826777890625001 0.3591077875 0.7887675 0.36256498125 0.7909878953125 0.3625262234375 0.80118681875 0.3600913796875
0 0.819083953125 0.3674181453125 0.8263939406249999 0.37127749374999997 0.8413555453124999 0.3710163390625 0.8454967984374999 0.36565044062499996 0.8494679843749999 0.358133121875 0.8497647578124999 0.34963460625 0.85011581875 0.317223140625 0.8385796984375 0.31219783749999996 0.8268609484375 0.3124023890625 0.81886581875 0.31776861093750003 0.8117102765625 0.3270401796875 0.8095415453125 0.3388380375 0.8094593625 0.3411914734375 0.8108884390625001 0.35057452968749997 0.8125676187499999 0.35838522031250003 0.819083953125 0.3674181453125
0 0.86677299375 0.26503432031249996 0.8589622703125 0.256735396875 0.8432459546875 0.2596230578125 0.8351595093749999 0.2676042125 0.82995709375 0.2768416890625 0.8276387078124999 0.28733549062499997 0.8327675593749999 0.30815263437499996 0.8411942531250001 0.3132418921875 0.851923971875 0.3130546046875 0.86586533125 0.29102636249999997 0.86677299375 0.26503432031249996
0 0.8836282234375 0.31896616718750004 0.8839700703125001 0.30917695156249997 0.879941053125 0.3015815 0.8734247187499999 0.292548575 0.8656122187499999 0.2926849421875 0.85854799375 0.2993415828125 0.8542764828125 0.30986947656249997 0.8540938515625 0.31509933125 0.8576348406250001 0.325490859375 0.8620537625000001 0.331616359375 0.8723586390625 0.3314364875 0.8836282234375 0.31896616718750004
0 0.8501605968750001 0.349478478125 0.8479335265625 0.35735735625 0.8492474453125001 0.3756277578125 0.8577169031249999 0.3846265921875 0.8635762781249999 0.384524315625 0.8711456421875001 0.376047203125 0.8770477703124999 0.36207583125 0.8793661578125 0.35158202968749996 0.86726439375 0.3348065953125 0.86140501875 0.334908871875 0.8501605968750001 0.349478478125
0 0.866441453125 0.3919102015625 0.86180468125 0.41289780781249996 0.8613481046875 0.425972446875 0.86843008125 0.4467554984375 0.8768082250000001 0.4583692609375 0.8783212484374999 0.4593793125 0.9070620249999999 0.458877640625 0.914008915625 0.4551065859375 0.927297778125 0.4378879578125 0.9294335328125 0.4326240125 0.93098589375 0.388170240625 0.9170223203125 0.3688139734375 0.9132073859375 0.366267228125 0.8937674515625 0.3639932203125 0.8878167609375 0.3667104234375 0.8736883093750001 0.3800237046875 0.866441453125 0.3919102015625
0 0.9348076890625 0.5023126718750001 0.9368120531249999 0.49522168437499997 0.937222971875 0.4834545109375 0.9338590328124999 0.47358256093750006 0.9292958234375 0.46451554218749996 0.9217572703125001 0.4568071296875 0.9121742749999999 0.45174773281249997 0.903065609375 0.46105339218749997 0.8968719187499999 0.476318840625 0.8963855125 0.49024768906249994 0.9094136484374999 0.5134907578125001 0.9249510078125001 0.5132195515625 0.9348076890625 0.5023126718750001
0 0.9340924906250001 0.5864527234375 0.9524952687500001 0.5861315015625 0.9570354249999999 0.584058375 0.96409965 0.577401734375 0.9720231265624999 0.560113428125 0.9732694921875 0.5244221796875 0.9615453781250001 0.5108063078125 0.9462856390625 0.5006193328124999 0.9366113296874999 0.49817486562499996 0.9305693234374999 0.503506996875 0.915053390625 0.5286044984375 0.9124610593750001 0.5469430843749999 0.9158194171874999 0.5625644671875001 0.923084025 0.578117665625 0.9296916749999999 0.5845356625 0.9340924906250001 0.5864527234375
0 0.979927384375 0.5231907687499999 0.980240846875 0.523185296875 0.9811621078125 0.521991603125 0.98317104375 0.46446319375 0.980470271875 0.4607193890625 0.9799880156249999 0.4607278078125 0.9724745140625 0.4633432359375 0.9551880859375 0.483244975 0.9508252593750001 0.496387796875 0.9525957546875 0.5015835609375 0.9629270234374999 0.5131632296874999 0.979927384375 0.5231907687499999
0 0.9781202562500001 0.4637689671875 0.98180025 0.459000734375 0.9838457109375 0.40042635468750004 0.9823562640624999 0.398361684375 0.9785413296875 0.39581494375 0.9531507046875 0.3962581390625 0.939022253125 0.40957142031249993 0.9357729625 0.4187748046875 0.9326327375 0.4528029578125 0.9343119171875 0.46061364843749997 0.941636184375 0.47076652656249995 0.9668057765625001 0.47032718906250004 0.9781202562500001 0.4637689671875
0 0.9723716171874999 0.3447158125 0.9621316640625001 0.33052121562500003 0.9539383625 0.32845096093750004 0.9521045109375 0.3284829703125 0.9351709265625001 0.3479784859375 0.9346230343749999 0.363668053125 0.93993451875 0.379255340625 0.948221346875 0.39348403125 0.9531063953125001 0.3956120296875 0.9601617578124999 0.3954888765625 0.9690487624999999 0.38397381875000003 0.972199003125 0.37620949531250003 0.9732126015624999 0.3471837984375 0.9723716171874999 0.3447158125
0 0.9018539109375 0.36020388593749997 0.912246578125 0.3490642984375 0.9131763328125 0.32243957968750003 0.9056333406249999 0.30787123906249997 0.90181840625 0.3053244953125 0.89205278125 0.3054949546875 0.8830354312500001 0.3121856890625 0.8766281640625 0.3279775296875 0.87598895625 0.34628202343750003 0.8842757859375 0.3605107140625 0.8859983843749999 0.360867809375 0.9009723187500001 0.3606064375 0.9018539109375 0.36020388593749997
0 0.9447008703125 0.31403238125 0.9458690546874999 0.2805799859375 0.9410043968749999 0.2717608984375 0.933374528125 0.2666674109375 0.9206335578125 0.2681964703125 0.9118165890625001 0.2970970421875 0.9132218234374999 0.31275251718749997 0.91778503125 0.3218195359375 0.9192686125 0.3228099328125 0.9384743484375001 0.3224746953125 0.9443805078124999 0.3148219734375 0.9447008703125 0.31403238125
0 0.9737351249999999 0.3218592171875 0.983052978125 0.3216965734375 0.988330215625 0.3167238171875 0.989590878125 0.2526751359375 0.9819610093750001 0.24758164843750002 0.9761016343750001 0.24768392499999997 0.9608596468749999 0.2649366421875 0.9587238921875001 0.2702005890625 0.9583586296875 0.2806603015625 0.9616256734374999 0.29889661093750003 0.968798965625 0.3170647375 0.9737351249999999 0.3218592171875
0 0.7199850515625 0.6927101 0.72714059375 0.68343853125 0.7308152609375 0.6704383875000001 0.7314067796875 0.653499465625 0.7237644828125 0.6403774546875 0.7199495484375 0.6378307078125001 0.7082307984375 0.6380352593749999 0.7042332328125 0.6407183734374999 0.692897496875 0.6579029078125 0.690670425 0.665781784375 0.689939903125 0.6867012046875 0.6942487953125 0.6952628984375 0.7136229671875001 0.694924721875 0.7199850515625 0.6927101