0 0.57890625 0.515625 0.12421875 0.16328125
0 0.83046875 0.55625 0.121875 0.1671875
0 0.69765625 0.540625 0.12109375 0.15703125
0 0.26171875 0.21015625 0.115625 0.134375
0 0.25234375 0.6265625 0.078125 0.103125
0 0.42890625 0.63515625 0.1078125 0.14453125
0 0.17421875 0.484375 0.08515625 0.11015625
0 0.9765625 0.41640625 0.046875 0.0640625
0 0.36796875 0.2640625 0.0546875 0.07109375
0 0.25625 0.771875 0.10078125 0.13359375
0 0.628125 0.7953125 0.1078125 0.1484375
0 0.3109375 0.296875 0.07265625 0.09453125
0 0.88125 0.42578125 0.09375 0.12578125
0 0.125 0.36875 0.10390625 0.1390625
0 0.43515625 0.28671875 0.0796875 0.103125
0 0.4609375 0.38203125 0.075 0.09296875
0 0.11640625 0.8046875 0.09296875 0.13125
0 0.109375 0.65078125 0.0859375 0.11640625
0 0.57734375 0.309375 0.0578125 0.0734375
0 0.3421875 0.70703125 0.09453125 0.1140625
0 0.42578125 0.190625 0.065625 0.09296875
0 0.96171875 0.290625 0.0765625 0.11875
0 0.76796875 0.44765625 0.08515625 0.1046875
0 0.325 0.43984375 0.0953125 0.1234375
0 0.6921875 0.39921875 0.09140625 0.11484375
0 0.40859375 0.8171875 0.06953125 0.0921875
0 0.68828125 0.6859375 0.10625 0.14453125
0 0.69921875 0.2234375 0.0484375 0.0578125
0 0.4359375 0.5 0.10078125 0.1359375
0 0.04296875 0.43203125 0.0859375 0.15546875
0 0.2765625 0.528125 0.07421875 0.09609375
0 0.19140625 0.28828125 0.08046875 0.0921875
0 0.62265625 0.165625 0.08125 0.09296875
0 0.23046875 0.37421875 0.06796875 0.08046875
0 0.9375 0.8296875 0.09765625 0.12109375
0 0.534375 0.25703125 0.06875 0.08828125
0 0.71171875 0.29921875 0.075 0.0890625
0 0.60078125 0.39609375 0.078125 0.09765625
0 0.5 0.1671875 0.08125 0.1015625
0 0.11171875 0.53984375 0.07734375 0.0921875
0 0.03203125 0.25078125 0.0640625 0.1015625
0 0.034375 0.5765625 0.06875 0.11015625
0 0.9390625 0.5390625 0.08203125 0.11015625
0 0.4875 0.84765625 0.0796875 0.115625
0 0.16015625 0.70859375 0.06484375 0.08125
0 0.35625 0.17890625 0.07578125 0.09921875
0 0.2453125 0.45 0.059375 0.07734375
0 0.846875 0.7703125 0.078125 0.1
0 0.77734375 0.70859375 0.07265625 0.11328125
0 0.3609375 0.3421875 0.0671875 0.0859375
0 0.4703125 0.73671875 0.06796875 0.10078125
0 0.9453125 0.6328125 0.0640625 0.0796875
0 0.8625 0.85078125 0.04453125 0.05859375
0 0.11640625 0.24921875 0.096875 0.10234375
0 0.96796875 0.73203125 0.06328125 0.13203125
0 0.54140625 0.75625 0.06484375 0.09453125
0 0.3375 0.60234375 0.07890625 0.09453125
0 0.053125 0.74765625 0.0859375 0.12109375
0 0.59609375 0.64609375 0.06875 0.0953125
0 0.9 0.7109375 0.078125 0.09921875
0 0.646875 0.24296875 0.04453125 0.0578125
0 0.64609375 0.31484375 0.06484375 0.08125
0 0.1703125 0.5796875 0.075 0.09375
0 0.559375 0.17890625 0.04921875 0.059375
0 0.28828125 0.371875 0.04140625 0.05625
0 0.396875 0.40078125 0.05 0.0640625
0 0.50078125 0.4453125 0.0640625 0.08515625
0 0.8125 0.3546875 0.059375 0.08671875
0 0.9484375 0.3734375 0.0453125 0.0546875
0 0.49375 0.56171875 0.0546875 0.06328125
0 0.3578125 0.528125 0.04921875 0.06796875
0 0.7859375 0.28828125 0.05859375 0.06640625
0 0.00703125 0.696875 0.01328125 0.0484375
0 0.99140625 0.48203125 0.015625 0.08984375
0 0.5890625 0.2453125 0.0546875 0.0671875
0 0.99140625 0.6078125 0.01640625 0.09453125
0 0.525 0.61953125 0.05390625 0.07265625
0 0.01328125 0.3265625 0.0265625 0.06953125
0 0.89765625 0.31484375 0.0515625 0.06875
0 0.0609375 0.32890625 0.04921875 0.071875
0 0.71953125 0.81484375 0.07109375 0.11953125
0 0.77265625 0.3390625 0.04375 0.05625