0 0.0726622125 0.8901488265624999 0.077849190625 0.905838390625 0.08758220312500001 0.915625 0.1051080203125 0.915625 0.1024180296875 0.8718443312499999 0.099168159375 0.8679219390625 0.079636909375 0.8679219390625 0.0715949390625 0.8770741859375001 0.0726622125 0.8901488265624999
0 0.1617431203125 0.9310498453125 0.16738904062499999 0.9284349171875 0.1717382171875 0.9218975984375 0.17200076875 0.9203286437499999 0.1696100765625 0.8910414515625 0.1687498515625 0.8852886124999999 0.16615636250000002 0.8774438281249999 0.1607399125 0.8709065078125 0.14447454843750002 0.863061725 0.1351358328125 0.8682915812499999 0.12709386250000002 0.8774438281249999 0.12404143125 0.8879035375000001 0.12638943281249998 0.9166677421875 0.1363524953125 0.9310498453125 0.1617431203125 0.9310498453125
0 0.2281199328125 0.903173425 0.2283488640625 0.9023889468749999 0.22668544218750003 0.8820111890625 0.220782390625 0.87310175625 0.21449610625 0.8678719015624999 0.19676958125 0.8578125 0.189853040625 0.8578125 0.1821628171875 0.8665644374999999 0.1791103859375 0.8770241484374999 0.17779762500000001 0.88486893125 0.178864896875 0.89794356875 0.18145838593750002 0.9057883515625 0.19142145 0.9201704546875 0.2008338171875 0.925 0.20999180156250002 0.925 0.216812075 0.9201704546875 0.2281199328125 0.903173425
0 0.1532313703125 0.8602740828125001 0.157785046875 0.8640625 0.1684892578125 0.8640625 0.1766688703125 0.8602740828125001 0.1827577171875 0.8511218359375 0.1858101484375 0.840662125 0.18388905625000002 0.8171277765625 0.1812955671875 0.8092829937499999 0.17133250312499998 0.7949008921875 0.15918684375 0.7896710359375 0.15332746875 0.7896710359375 0.14594187812499998 0.7949008921875 0.1381133625 0.806668065625 0.1368006015625 0.814512846875 0.138294784375 0.8328173421875 0.1456483421875 0.8511218359375 0.1532313703125 0.8602740828125001
0 0.11037749062499999 0.875 0.12328169687499999 0.875 0.1439486546875 0.866189953125 0.1444556453125 0.812583934375 0.1203937984375 0.7929719765625001 0.1106281734375 0.7929719765625001 0.10324258281250001 0.7982018328125 0.095414065625 0.8099690078125 0.09083541875 0.8256585734374999 0.09275651093750001 0.8491929218750001 0.0951365453125 0.8544227781249999 0.11037749062499999 0.875
0 0.08070396875 0.7589674265624999 0.07784419218750001 0.751449509375 0.0678811296875 0.73706740625 0.06376142500000001 0.7344524796874999 0.060938464062499996 0.7357599421875001 0.06906575781249999 0.8233600203125 0.074711678125 0.8207450921874999 0.0790608546875 0.8142077734375001 0.08232674062499999 0.806362990625 0.0837136796875 0.7958379078125 0.08070396875 0.7589674265624999
0 0.1446576046875 0.7977111328125 0.15422579218750002 0.78332903125 0.15445552499999998 0.7819561953124999 0.151440478125 0.745020340625 0.151023971875 0.744105115625 0.134988078125 0.7271080859375 0.1117640328125 0.7297230140625001 0.1056751875 0.7388752609375 0.101096540625 0.7545648265625 0.102804178125 0.7754842484375 0.10994428125 0.7911738140625 0.1275063890625 0.8029409890625001 0.1353188890625 0.8029409890625001 0.1446576046875 0.7977111328125
0 0.0896474703125 0.710015009375 0.0993970796875 0.7217821875 0.10526774531250001 0.725 0.1394239265625 0.725 0.1423658296875 0.7217821875 0.15541335625 0.702170228125 0.1593433625 0.68870335 0.15825474374999998 0.67536721875 0.15590433125 0.6603313843749999 0.1368640578125 0.6184925421874999 0.1177757328125 0.611955221875 0.11017668750000001 0.6145701515625 0.0936658359375 0.6276447890625 0.0840976484375 0.6420268921875001 0.07777933125 0.6603313843749999 0.0801273328125 0.689095590625 0.08272082187499999 0.696940371875 0.0896474703125 0.710015009375
0 0.0846624796875 0.55862280625 0.0779492859375 0.54816309375 0.0725328375 0.541625775 0.0608140875 0.541625775 0.05516816718749999 0.5442407031250001 0.0490793203125 0.55339295 0.0460268890625 0.563852659375 0.047094162499999995 0.5769272984375 0.05185423125000001 0.587387009375 0.0613903859375 0.59653925625 0.062420878125 0.596875 0.07603970625 0.596875 0.0770153859375 0.59653925625 0.08310423125000001 0.587387009375 0.08615666250000001 0.5769272984375 0.0846624796875 0.55862280625
0 0.131956665625 0.5685433875 0.133055971875 0.5580836765625 0.12982211875 0.5423941109375 0.11552589531249999 0.522782153125 0.102411971875 0.5203125 0.1014354109375 0.5203125 0.09425497499999999 0.5253970812500001 0.0866399140625 0.5397791828125 0.085327153125 0.5476239671875 0.08660788124999999 0.5633135328125001 0.0939614390625 0.5816180265625001 0.0993778875 0.5881553453125 0.1032687203125 0.590625 0.119243353125 0.590625 0.128904234375 0.5790030984375 0.131956665625 0.5685433875
0 0.1228903984375 0.515625 0.14730172187499999 0.515625 0.15822796249999999 0.503962746875 0.1605701171875 0.4931761671875 0.1580993796875 0.46290838125 0.1541723234375 0.45427911718749997 0.14008955625 0.43728208906250005 0.12055830625 0.43728208906250005 0.1149123859375 0.43989701718749996 0.10534419843750001 0.45427911718749997 0.1022917671875 0.4647388296875 0.104212859375 0.48827317968750006 0.1091863828125 0.5013478171875 0.118935990625 0.51311499375 0.1228903984375 0.515625
0 0.242196678125 0.8716449828125 0.2524056609375 0.878125 0.2648052953125 0.878125 0.2717070078125 0.8742599109375 0.281061740625 0.8572628812499999 0.28193611406249997 0.8506275015625 0.2795854453125 0.8218306109375 0.2754798859375 0.8128091109375 0.2657302765625 0.8010419359375 0.2533711625 0.793197153125 0.236219946875 0.7984270078125 0.22643830625 0.8101941828125 0.22143275 0.82065389375 0.21880722812500003 0.836343459375 0.21987450156250002 0.8494180984374999 0.229624109375 0.861185271875 0.242196678125 0.8716449828125
0 0.2065860390625 0.724312371875 0.1983466296875 0.719082515625 0.1846747546875 0.719082515625 0.1772891640625 0.724312371875 0.1692471921875 0.73346461875 0.1631423296875 0.7543840390625001 0.165063421875 0.7779183890625 0.169823490625 0.7883781 0.1819531328125 0.8053751296874999 0.19409879218749998 0.8106049843750001 0.2019112921875 0.8106049843750001 0.2166824734375 0.8001452734375001 0.22255786562500002 0.7883781 0.22539684218749997 0.7753034609375 0.2260692390625 0.7596138953125 0.2208822609375 0.743924328125 0.2065860390625 0.724312371875
0 0.185844128125 0.64966425625 0.18321860625 0.6653538218749999 0.186452459375 0.6810433875 0.18883249375 0.68627324375 0.2048683875 0.7032702734375 0.21875371718749997 0.7058852015625 0.22809243281249997 0.7006553453125 0.23418127812499998 0.6915030984375 0.23723370937500002 0.6810433875 0.238333015625 0.6705836781250001 0.2348857078125 0.6522791828125001 0.2301256390625 0.6418194734375 0.21646978125 0.6300522984375 0.20475103125 0.6300522984375 0.1971519859375 0.6326672265625 0.193459190625 0.635282153125 0.185844128125 0.64966425625
0 0.1982312140625 0.5908567546875 0.1848697453125 0.5725271171874999 0.1813807109375 0.5703125 0.1667719796875 0.5703125 0.15207751249999998 0.589524146875 0.1507647515625 0.59736893125 0.15204547968749998 0.613058496875 0.1544255140625 0.6182883515625 0.16243545312500002 0.6326704546874999 0.170044190625 0.6375 0.178983678125 0.6375 0.19956084375 0.6209032796875 0.20031568125 0.6163925296875 0.1982312140625 0.5908567546875
0 0.2820823953125 0.7375710234375 0.2795529578125 0.7065841296875 0.2778122234375 0.70200800625 0.2658960359375 0.6876259046875 0.256515128125 0.6828125 0.2436119828125 0.6828125 0.22877064374999997 0.6993930796875001 0.2274578828125 0.7072378625 0.22873861093749998 0.722927428125 0.2315455546875 0.7333871390625 0.24584177812500002 0.752999096875 0.2534250859375 0.7578125 0.26443492343749997 0.7578125 0.27492519843749996 0.7503841687499999 0.28101404375 0.7412319218750001 0.2820823953125 0.7375710234375
0 0.24561345937499998 0.644924296875 0.24799349375 0.6501541515625 0.25989915625000004 0.6625 0.28107214687500004 0.6625 0.29096224375 0.6501541515625 0.294014675 0.6396944421875 0.2929474015625 0.6266198015625 0.28364071874999996 0.6083153078125 0.2760576890625 0.5991630609375 0.271937984375 0.596548134375 0.256312984375 0.596548134375 0.24479167343750002 0.6109302359375001 0.241952696875 0.624004875 0.24561345937499998 0.644924296875
0 0.2564458796875 0.5957834921875 0.2527080265625 0.549992896875 0.23742047500000002 0.5337890625 0.21788922500000002 0.5337890625 0.2141964296875 0.5364039890625001 0.20136235781249998 0.558630875 0.1998361421875 0.5638607296875 0.20175723437499998 0.5873950796875 0.2182200359375 0.6096219656249999 0.22275425468750001 0.6125 0.243855734375 0.6125 0.2564458796875 0.5957834921875
0 0.20765857968749998 0.5107454171875 0.2154550640625 0.5225125890625 0.22709182656250002 0.528125 0.24630599531250003 0.528125 0.25842381406250003 0.5225125890625 0.267992 0.5081304859375 0.27038538437500004 0.49856965625000005 0.26673664375 0.45387073906250003 0.26286908750000004 0.445372225 0.2531194796875 0.433605046875 0.24488007031249998 0.4283751921875 0.230994740625 0.42576026562499997 0.2197029 0.43099012343750004 0.20992125781249998 0.44275729375 0.2022901796875 0.468906575 0.2011908734375 0.4793662828125 0.20268505625 0.49767077656250003 0.20765857968749998 0.5107454171875
0 0.22203408281249998 0.39913319999999997 0.2267941515625 0.40959291093749994 0.236543759375 0.421360084375 0.24499698749999999 0.425 0.253309825 0.425 0.263887509375 0.421360084375 0.2728153328125 0.39913319999999997 0.270894240625 0.37559885 0.2683007515625 0.36775406718750003 0.2544314390625 0.353371965625 0.2368533140625 0.353371965625 0.23316051875000002 0.35598689375000003 0.22359233125000003 0.3703689953125 0.22053989999999998 0.38082870625 0.22203408281249998 0.39913319999999997
0 0.29426920624999997 0.3371481140625 0.28251533281249996 0.3296875 0.275713153125 0.3296875 0.268008746875 0.338455578125 0.264956315625 0.34891528906249997 0.2653832234375 0.35414514375 0.26883053125 0.37244963750000004 0.27662701562500003 0.3842168125 0.28245153125 0.3890625 0.2949398015625 0.3890625 0.305665921875 0.3756730390625 0.30375095 0.3522136640625 0.29426920624999997 0.3371481140625
0 0.32260741406250004 0.4348689296875 0.324026903125 0.4283316109375 0.3222125390625 0.40610472499999994 0.3198325046875 0.40087487031249996 0.312249475 0.39172262343750003 0.296624475 0.39172262343750003 0.286842834375 0.4034898 0.28531661875 0.4087196546875 0.28659734531250003 0.42440921875 0.296560409375 0.438791321875 0.300642615625 0.4421875 0.316176675 0.4421875 0.32260741406250004 0.4348689296875
0 0.29686982500000003 0.536494384375 0.3091157875 0.5453125 0.33056490156249996 0.5453125 0.3326664390625 0.5443391656250001 0.3400520296875 0.5391093125 0.346140875 0.5299570640625 0.3487735984375 0.520935565625 0.3453369765625 0.478835228125 0.3412314171875 0.46981372656250003 0.331481809375 0.4580465546875 0.31716957031250004 0.4502017703125 0.309143615625 0.44758684375 0.29177894531250004 0.4502017703125 0.2789448734375 0.47242865624999997 0.27653280625 0.49073314999999995 0.2778135328125 0.5064227156250001 0.291453375 0.5299570640625 0.29686982500000003 0.536494384375
0 0.26036413125 0.58157444375 0.27361236093749997 0.5953125 0.292721090625 0.5953125 0.2955043640625 0.5933416203124999 0.302905971875 0.5763445890625001 0.3042187328125 0.56849980625 0.2986048453125 0.5475803859374999 0.2767095765625 0.5305833546875001 0.26911053281249997 0.5331982843749999 0.25911543593749997 0.54235053125 0.25584955 0.5501953125 0.257984096875 0.5763445890625001 0.26036413125 0.58157444375
0 0.32360422187500004 0.640625 0.3412121890625 0.640625 0.351457415625 0.633370190625 0.3586335546875 0.6225836124999999 0.355581153125 0.5851901484375001 0.3474177921875 0.571919390625 0.3378816390625 0.56276714375 0.331808809375 0.5601522140624999 0.310324434375 0.5601522140624999 0.3005427921875 0.571919390625 0.295750690625 0.584994028125 0.2978852375 0.611143303125 0.305025340625 0.626832871875 0.3145614953125 0.6359851187500001 0.32360422187500004 0.640625
0 0.3257536890625 0.700716684375 0.3314946015625 0.6920874234375 0.32961619999999997 0.669076059375 0.327541409375 0.6628002328125 0.3136720953125 0.6484181296875 0.3039064703125 0.6484181296875 0.288478909375 0.6628002328125 0.2872579359375 0.6669841171875001 0.2889228828125 0.6873805515625 0.2932069453125 0.6967942921875 0.2998032046875 0.703125 0.32235267031250003 0.703125 0.3257536890625 0.700716684375
0 0.2785447796875 0.7941277125 0.2950075828125 0.816354596875 0.31955231875 0.834375 0.33198847656249997 0.834375 0.3499085375 0.818969525 0.35578392812500004 0.8072023500000001 0.3573264234375 0.7979847312499999 0.3543487296875 0.7615064874999999 0.35389486875 0.76013365 0.351514834375 0.7549037953125 0.32659916875 0.724832128125 0.318359759375 0.7196022734375 0.302734759375 0.7196022734375 0.2897032484375 0.7274470546875 0.2744891421875 0.7444440859375 0.27186361875 0.76013365 0.2731443484375 0.77582321875 0.2785447796875 0.7941277125
0 0.28481959687499997 0.8763809078125 0.27896022187499997 0.8763809078125 0.26722545468750003 0.8881480828124999 0.26612614843750004 0.8986077937499999 0.2689330921875 0.9090675031250001 0.2704824640625 0.9109375 0.2855441921875 0.9109375 0.2882787328125 0.9091863640625 0.285686228125 0.8774268796875001 0.28481959687499997 0.8763809078125
0 0.29120783437500003 0.9115718625 0.3028945515625 0.9351062109375 0.310264125 0.9416435312500001 0.3119337203125 0.9421875 0.3320115265625 0.9421875 0.343040340625 0.9364136750000001 0.352608528125 0.9220315734375 0.35740062968749997 0.908956934375 0.3572917765625 0.8932673687499999 0.3560964296875 0.8786237734375 0.3544122640625 0.872347946875 0.34965219531249997 0.8618882359375 0.333616303125 0.84489120625 0.32342376875 0.8396613500000001 0.31170501875 0.8396613500000001 0.3080122234375 0.842276278125 0.2914853546875 0.8671180921874999 0.2877021875 0.8829819859375 0.28875523125 0.8958822953125001 0.29120783437500003 0.9115718625
0 0.4526412546875 0.9272178453125001 0.4574013234375 0.93767755625 0.469530965625 0.9546745859374999 0.48095720000000003 0.9609375 0.4929444015625 0.9609375 0.5129586578125 0.9363700921874999 0.5170943796875 0.9272178453125001 0.5177667765625 0.9115282796875 0.514746378125 0.8984536406249999 0.509986309375 0.8879939312499999 0.498070121875 0.873611828125 0.46312732656250005 0.8762267546875 0.4535591390625 0.8906088578125001 0.4505067078125 0.9010685687500001 0.4526412546875 0.9272178453125001
0 0.465204046875 0.8796875 0.4698521875 0.874866025 0.47758785625 0.8547833796875001 0.4772634046875 0.850808690625 0.474676321875 0.8382570375 0.46709329374999997 0.829104790625 0.4566873046875 0.8212600078125 0.433463259375 0.8238749359374999 0.4291140828125 0.8304122546875 0.42636689531250005 0.8398259937500001 0.42799571875 0.8597799046875 0.44185205781250003 0.8787884171875 0.44394005937500003 0.8796875 0.465204046875 0.8796875
0 0.424303778125 0.809375 0.4347568328125 0.7936628359375 0.43498656562500004 0.79229 0.4328626921875 0.7662714687500001 0.43240883124999996 0.7648986296875 0.42244576875 0.7505165296875 0.40291451875 0.7505165296875 0.3972685984375 0.7531314578125 0.392919421875 0.7596687765625 0.38986699062499997 0.7701284859374999 0.391574628125 0.791047909375 0.3939546625 0.7962777640625001 0.40631128437499997 0.809375 0.424303778125 0.809375
0 0.375717825 0.6978846515625 0.3676948109375 0.6851368796874999 0.3635751078125 0.682521953125 0.3479501078125 0.682521953125 0.340564515625 0.6877518078125 0.3344756703125 0.69690405625 0.336823671875 0.72566825625 0.3566635671875 0.740625 0.3715606125 0.740625 0.3782191265625 0.7285268515625 0.375717825 0.6978846515625
0 0.36466108125 0.6964238453125 0.3716306984375 0.7 0.38089448125 0.7 0.39395795625 0.6964238453125 0.40207415781250005 0.6762175859374999 0.4002549421875 0.6539312703125 0.3962046171875 0.6402029 0.3866684640625 0.631050653125 0.3764759296875 0.625820796875 0.363017509375 0.6284357234375 0.35758504375 0.6336655796875 0.3497565265625 0.6454327546874999 0.3485750421875 0.652493059375 0.3501759515625 0.6721050156249999 0.3546980171875 0.6820417421875 0.36466108125 0.6964238453125
0 0.4164253765625 0.653125 0.43395287656250003 0.653125 0.44809206718750005 0.646576384375 0.457873709375 0.634809209375 0.4626658109375 0.62173456875 0.4630596390625 0.619381134375 0.46048110624999994 0.587792809375 0.45079767187500003 0.5720509453125 0.430642075 0.5524389875 0.41306395 0.5524389875 0.40198556406249997 0.5602837703125 0.389151490625 0.5825106546875001 0.3878387296875 0.5903554390625 0.39018673125 0.6191196437500001 0.3949468 0.629579353125 0.4133627265625 0.6518062390625 0.4164253765625 0.653125
0 0.38729224218749997 0.5800716671874999 0.3966469734375 0.5630746390625 0.3973337703125 0.560721203125 0.3954660421875 0.537840584375 0.3845493640625 0.5225432578125 0.3743568296875 0.5173134046875 0.3645912046875 0.5173134046875 0.3572056140625 0.5225432578125 0.34785088124999997 0.5395402875 0.349131609375 0.5552298546875 0.353891678125 0.5656895640624999 0.3636412875 0.577456740625 0.373833821875 0.5826865953125 0.38729224218749997 0.5800716671874999
0 0.40309697031249997 0.5453125 0.4225902421875 0.5453125 0.429873865625 0.5412335359375 0.4359627125 0.5320812890625 0.4369610671875 0.52935740625 0.43347464062499996 0.4866469203125 0.42237091875 0.47324541875000004 0.41413150937500004 0.46801556250000004 0.396553384375 0.46801556250000004 0.3928605890625 0.47063048749999997 0.3850320734375 0.482397665625 0.38240655156250003 0.498087228125 0.3841141890625 0.5190066515625 0.3912542921875 0.53469621875 0.39667074062499996 0.5412335359375 0.40309697031249997 0.5453125
0 0.3873894515625 0.47538659218749996 0.3926776890625 0.46539902031249997 0.38882364687500004 0.418185046875 0.3798865046875 0.4073984734375 0.37164709687499997 0.40216861875000004 0.36014179999999996 0.4047835421875 0.3447142390625 0.4191656453125 0.338395921875 0.4374701390625 0.33967665 0.45315970625 0.3604726109375 0.48061644687499994 0.36147074687499997 0.48125 0.3805689796875 0.48125 0.3873894515625 0.47538659218749996
0 0.31778427656249997 0.35185627343750003 0.3147318453125 0.362315984375 0.3136325390625 0.3727756953125 0.3168663921875 0.3884652609375 0.320329715625 0.39500258125 0.33009286250000003 0.403125 0.3537811265625 0.403125 0.357866 0.40023243593749996 0.3622151765625 0.3936951171875 0.3652676078125 0.38323540624999997 0.3639868796875 0.367545840625 0.35706023125 0.3544712015625 0.3494772015625 0.3453189546875 0.343404371875 0.3427040265625 0.329732496875 0.3427040265625 0.3240865765625 0.3453189546875 0.31778427656249997 0.35185627343750003
0 0.396026871875 0.3150140453125 0.3894045421875 0.30865831718750003 0.3838115421875 0.30625 0.3674920953125 0.30625 0.362274246875 0.3112732453125 0.3544457296875 0.32304041875 0.35313296875 0.3308852 0.3542002421875 0.343959840625 0.36372037968750004 0.3648792625 0.37446396875 0.3734375 0.3877672671875 0.3734375 0.394314 0.3688016515625 0.3995079078125 0.35765849375 0.396026871875 0.3150140453125
0 0.42123635000000004 0.3803880421875 0.41365332187500004 0.3712357953125 0.40788038593750003 0.36875 0.4014905296875 0.36875 0.39238240156250004 0.37385072343750003 0.38302766875 0.390847753125 0.38473530624999996 0.41176717500000004 0.38711534062499997 0.4169970296875 0.392531790625 0.4235343484375 0.4046874625 0.43125 0.4186358296875 0.43125 0.42628619062500006 0.41772619375 0.42374881562500005 0.386642078125 0.42123635000000004 0.3803880421875
0 0.46221073749999997 0.28357760781249997 0.45681030468749995 0.2652731140625 0.44034750312500004 0.2430462296875 0.43210809375 0.2378163734375 0.41257684375 0.2378163734375 0.4069309234375 0.2404313015625 0.3938833953125 0.260043259375 0.39125787343749996 0.275732825 0.39275205625 0.29403731875 0.3981524890625 0.31234181250000004 0.40074597812499996 0.3201865953125 0.40832900624999996 0.3293388421875 0.416568415625 0.3345686984375 0.42264124531249997 0.3371836265625 0.44217249531249997 0.3371836265625 0.445865290625 0.3345686984375 0.4556469328125 0.3228015234375 0.4617517953125 0.3018821015625 0.46221073749999997 0.28357760781249997
0 0.4623091296875 0.45705569375 0.45544346874999997 0.4447281765625 0.44372471874999997 0.4447281765625 0.43568274687499997 0.4538804234375 0.43430915312499996 0.45858729374999996 0.435248353125 0.47009297656250004 0.43977041874999995 0.48002969999999995 0.4437388953125 0.4828125 0.45807349531249997 0.4828125 0.46384489375 0.4758695890625 0.4623091296875 0.45705569375
0 0.45315629687500003 0.5154070890625 0.43989531406250004 0.5324041203125 0.44096258749999995 0.5454787578125 0.44976435625000005 0.5578125 0.46930662187500005 0.5578125 0.470438034375 0.5566388953125 0.4677393578125 0.5235787390625 0.4631353765625 0.5180220171875 0.45315629687500003 0.5154070890625
0 0.4213048578125 0.6701430140625 0.41846588125000006 0.6832176546875 0.42017351875 0.7041370734375 0.4249335875 0.7145967859375 0.4303500359375 0.721134103125 0.442228378125 0.7296875 0.468787565625 0.7296875 0.47005290000000005 0.7289788890625 0.47614174687500005 0.7198266421875 0.4805069390625 0.7015221484375 0.4787993015625 0.680602725 0.47165919843750004 0.664913159375 0.4599564640625 0.6531459859375001 0.451930509375 0.6505310578125 0.440211759375 0.6505310578125 0.43087304375 0.6557609125 0.4213048578125 0.6701430140625
0 0.4489658328125 0.788877678125 0.45393935625 0.8019523187500001 0.4615223859375 0.8111045656250001 0.46618248125 0.8140625 0.48556220625 0.8140625 0.49690810625 0.8019523187500001 0.5012732984375 0.783647825 0.499779115625 0.7653433296875 0.4926390140625 0.749653765625 0.485055984375 0.74050151875 0.47681657499999996 0.7352716640625 0.45923844999999996 0.7352716640625 0.4496702640625 0.749653765625 0.44661783125000004 0.760113475 0.4489658328125 0.788877678125
0 0.4933803015625 0.8897339875 0.4987967515625 0.8962713062500001 0.5070361609375 0.9015011625 0.5304736609375 0.9015011625 0.53416645625 0.898886234375 0.5454743125 0.8818892046875 0.550052959375 0.8661996375 0.5501332750000001 0.8629963515625001 0.5482842234375 0.8403445390625001 0.5451114703125 0.8295906499999999 0.5329818265624999 0.8125936203125 0.5186695875 0.8047488375 0.5089039625 0.8047488375 0.4958724515625 0.8125936203125 0.486304265625 0.8269757234374999 0.48193907343750003 0.8452802171875 0.4838601640625 0.868814565625 0.486453653125 0.8766593484375 0.4933803015625 0.8897339875
0 0.537580128125 0.8958427484374999 0.5327880265625 0.9089173875000001 0.5323290843749999 0.92722188125 0.5370891531249999 0.9376815921875 0.5490053406250001 0.9520636937500001 0.5629856328125 0.9609375 0.5685134625 0.9609375 0.5804687953125 0.9546786234375 0.5885107671875 0.9455263765625 0.5915631984374999 0.9350666640625 0.5900690156249999 0.9167621703125001 0.5827154578125 0.8984576765625001 0.575132428125 0.8893054296875 0.5608201890625 0.881460646875 0.5549608140625 0.881460646875 0.541929303125 0.8893054296875 0.537580128125 0.8958427484374999
0 0.5208203078125 0.740625 0.5246863453125 0.7378873968749999 0.5311168421875 0.7257425093750001 0.5294186921875 0.7049393078125 0.5286406453125 0.7025858734375 0.5169379109375 0.6908186984375 0.5028391265625001 0.6855888421875 0.49524008124999996 0.6882037703125 0.4891512359375 0.6973560171875001 0.4876250203125 0.7025858734375 0.48954611249999996 0.726120221875 0.4973425953125 0.7378873968749999 0.5016555703125001 0.740625 0.5208203078125 0.740625
0 0.5468985640625 0.6128139531250001 0.5450294125 0.5899159015625 0.5343360671874999 0.5683819734375 0.5180867203124999 0.5487700156249999 0.4997866078125 0.5359375 0.48558054375 0.5359375 0.4725084640625 0.55269240625 0.46530429531250006 0.5840715390625 0.47003233125 0.6180655984375 0.475219309375 0.633755165625 0.4830157921875 0.6455223390625 0.49125520156249997 0.6507521953125 0.5127162484375 0.653125 0.51518145625 0.653125 0.543151775 0.628525309375 0.5468985640625 0.6128139531250001
0 0.47973547656250004 0.5375 0.502972240625 0.5375 0.509700575 0.5273865265625 0.5151896140625001 0.511484496875 0.5131534249999999 0.48654016406249995 0.5021816125 0.4711655796875 0.49589532812500003 0.4659357234375 0.48005687343750003 0.463320796875 0.4707181578125 0.4685506515625 0.46136342499999994 0.4855476828125 0.46026411874999995 0.4960073921875 0.4617583015625 0.5143118859375 0.46413833593750004 0.5195417421874999 0.4741014 0.53392384375 0.47973547656250004 0.5375
0 0.4718300578125 0.384375 0.4882772984375 0.384375 0.49599163281249997 0.375595621875 0.49884928281249996 0.36873143750000004 0.49675920625 0.3431269375 0.48694645468750003 0.3246045328125 0.48066017031249997 0.31937467656249996 0.46698829531249997 0.31937467656249996 0.45960270468750003 0.3246045328125 0.45351385781250003 0.33375677812500004 0.45198764375 0.3389866375 0.4536952796875 0.3599060578125 0.45866880312499997 0.37298069375 0.4619186734375 0.3769030859375 0.4718300578125 0.384375
0 0.5234212828125 0.471875 0.537510909375 0.471875 0.54677253125 0.465316696875 0.5546010484375 0.45354952187500003 0.55658833125 0.44439727656250005 0.5551154953124999 0.426354275 0.5492326484375 0.4117106796875 0.53969649375 0.40255843281250003 0.523644584375 0.3973285765625 0.51430586875 0.40255843281250003 0.5047376828125001 0.416940534375 0.5016852515625 0.4274002453125 0.5033928890625 0.44831966718749994 0.505986378125 0.45616445 0.5157359859375 0.467931625 0.5234212828125 0.471875
0 0.5301884171875 0.3584581578125 0.532317665625 0.359375 0.5562374046875 0.359375 0.5575321671875 0.3584581578125 0.56992731875 0.339826796875 0.5665654078125 0.2986416890625 0.5511285265625 0.28001032656249997 0.543102571875 0.2773953984375 0.531383821875 0.2773953984375 0.52204510625 0.2826252546875 0.512263465625 0.294392428125 0.507257909375 0.30485213906249997 0.5091790015625001 0.3283864890625 0.5117724906250001 0.336231271875 0.5260687125 0.35584323125 0.5301884171875 0.3584581578125
0 0.5282526015625 0.7672197828125 0.5300648406249999 0.7750645656249999 0.541538103125 0.7959839890625 0.546954553125 0.8025213062500001 0.5551939625 0.8077511625 0.5610533375 0.8077511625 0.5799442234375001 0.799906378125 0.5873298140625 0.7946765234375001 0.5916789890625 0.7881392046875 0.5947314203125 0.7776794953125 0.596661075 0.7630358984375001 0.595764565625 0.752053203125 0.59369618125 0.74107050625 0.5889361125 0.730610796875 0.5791865031250001 0.7188436203124999 0.57094709375 0.713613765625 0.5531555140625 0.7109988375 0.54555646875 0.713613765625 0.5320820328125 0.7279958671875 0.52728993125 0.74107050625 0.5265022734375 0.7457773765625 0.5282526015625 0.7672197828125
0 0.581086003125 0.89105759375 0.5949713328125 0.8936725203125 0.6043100484374999 0.888442665625 0.6103988953124999 0.8792904187499999 0.6116715453125 0.8703560828124999 0.607931640625 0.8245403703124999 0.607869471875 0.8243769375 0.5896669984375 0.8047649796874999 0.5720888734375 0.8047649796874999 0.5610104875 0.8126097624999999 0.5566613125 0.81914708125 0.5522961203125 0.837451575 0.5544306671875 0.8636008515625001 0.55702415625 0.8714456359374999 0.562654059375 0.8805978828125 0.581086003125 0.89105759375
0 0.5962921578125 0.934378228125 0.607551965625 0.952682721875 0.61904124375 0.9618349687500001 0.6242143984374999 0.9640625 0.6376692546875 0.9640625 0.64247874375 0.9618349687500001 0.649864334375 0.9566051140624999 0.6592190671875 0.9396080843749999 0.6615163984375 0.9258797124999999 0.66012894375 0.9088826843750001 0.6555903375 0.8951543125000001 0.6501738890625 0.8886169921875 0.6356481953124999 0.8781572828125 0.6295753656249999 0.8755423546875001 0.6122106953124999 0.8781572828125 0.5978664234375 0.8938468484375001 0.5937307015625 0.9029990953125001 0.5924179406250001 0.9108438796874999 0.59369866875 0.9265334453125 0.5962921578125 0.934378228125
0 0.648554671875 0.8759588062500001 0.656367171875 0.8759588062500001 0.667232103125 0.8654990953125001 0.6744517359375 0.8546471468749999 0.67089583125 0.8110855265625 0.653442871875 0.7922811203125 0.6376044171874999 0.78966619375 0.628052246875 0.7922811203125 0.62261978125 0.7975109765624999 0.6130515953125 0.811893078125 0.610639528125 0.8301975718750001 0.6136599265625 0.8432722109374999 0.6270863140625 0.8641916328124999 0.6385755921875 0.8733438796874999 0.648554671875 0.8759588062500001
0 0.5991387359375 0.7622837046875001 0.6045551859375 0.7688210234375 0.606904940625 0.7703125 0.6347213 0.7703125 0.63949798125 0.7662060953125 0.647326496875 0.7544389203125 0.648700090625 0.7497320515625 0.64709918125 0.73012009375 0.6447650406250001 0.7230597890625 0.64238500625 0.7178299328125 0.6263491140624999 0.700832903125 0.6068178640624999 0.700832903125 0.60312506875 0.70344783125 0.5920306656250001 0.7230597890625 0.5908491812500001 0.73012009375 0.59108398125 0.7329965140625 0.5943786671875 0.75182399375 0.5991387359375 0.7622837046875001
0 0.5994143359375 0.6914869578125 0.6009405515624999 0.686257103125 0.5992329140625 0.66533768125 0.596639425 0.6574928984375 0.59187935625 0.6470331875 0.57801004375 0.6326510843750001 0.5583364937499999 0.625 0.5574684375000001 0.625 0.54285379375 0.6326510843750001 0.536764946875 0.64180333125 0.5323997546875 0.660107825 0.5345343015624999 0.686257103125 0.5416744046875 0.70194666875 0.5533771375 0.71371384375 0.5631921703125 0.71875 0.5796128890625 0.71875 0.5848405921875 0.7163287703125001 0.5994143359375 0.6914869578125
0 0.5686989859375 0.6196765234375 0.5843239859375 0.6196765234375 0.5917095765625 0.61444666875 0.5977984234375 0.605294421875 0.597833909375 0.6051309890625001 0.5948695578125001 0.5688161796875 0.5900499890625001 0.5582257234375 0.580513834375 0.5490734765624999 0.562935709375 0.5490734765624999 0.5538104484375 0.556918259375 0.5494612734375 0.5634555781249999 0.5464088421875 0.5739152890625 0.5481164796875 0.5948347109375 0.5507099671875 0.60267949375 0.5604595765625 0.61444666875 0.5686989859375 0.6196765234375
0 0.5641780468750001 0.5296875 0.578922384375 0.5296875 0.5891667828125 0.516899375 0.5922192140625 0.5064396640625 0.5925292625 0.5018635390624999 0.5912805515625 0.4865662125 0.590298121875 0.4829053140625 0.5825016375 0.4711381375 0.576215353125 0.46590828437500004 0.556684103125 0.46590828437500004 0.5469024625000001 0.4776754578125 0.5438500312500001 0.48813517031250003 0.5449173046875 0.50120980625 0.54751079375 0.5090545890625 0.561807015625 0.528666546875 0.5641780468750001 0.5296875
0 0.56876008125 0.44217055156249996 0.5801936765625 0.4484375 0.6052246203125 0.4484375 0.61563508125 0.44217055156249996 0.6234635984375 0.43040337656250005 0.6252569015625 0.4242582953125 0.62211645 0.3857861734375 0.6191945046875 0.3781048234375 0.60294515625 0.358492865625 0.590799496875 0.353263009375 0.584940121875 0.353263009375 0.5606167703125 0.3663376484375 0.5527882546875 0.3781048234375 0.5486365171875 0.39902424375 0.5499172453125001 0.4147138109375 0.552510734375 0.42255859375 0.56876008125 0.44217055156249996
0 0.6168388515625 0.349845046875 0.6229276968749999 0.3406928 0.6231486359375 0.321865321875 0.62293518125 0.31925039375 0.61603308125 0.3040838125 0.606496928125 0.294931565625 0.5945647234375 0.2923166390625 0.58673620625 0.3040838125 0.5821038421875 0.3167226296875 0.5834597875 0.333333646875 0.5914482265625 0.349845046875 0.5990773 0.3546875 0.6081919046875 0.3546875 0.6168388515625 0.349845046875
0 0.6184677 0.284375 0.6263394703125 0.27541645 0.62960535625 0.26757166718750003 0.629638175 0.267375546875 0.6260361265625 0.2232486421875 0.6212165578125 0.2126581859375 0.6051806640625 0.19566115625 0.5878424843750001 0.190625 0.5863233859375 0.190625 0.575670334375 0.193046228125 0.5639355687500001 0.20481340312500002 0.5541379109375 0.228347753125 0.55563209375 0.246652246875 0.5584390375 0.25711195625 0.5610325265625 0.264956740625 0.570782134375 0.2767239140625 0.5790215437499999 0.2819537703125 0.584644534375 0.284375 0.6184677 0.284375
0 0.6682979921875 0.91325058125 0.6637193453125 0.928940146875 0.6658538921875 0.9550894234375 0.670827415625 0.9681640625 0.682743603125 0.9825461640625001 0.685624853125 0.984375 0.71811705625 0.984375 0.7254988984375 0.9799312375 0.7365933015625 0.9603192796875 0.739432278125 0.947244640625 0.738578459375 0.9367849296875 0.731011446875 0.9158655078125 0.7186683484375 0.8962535515625 0.706309234375 0.8884087656249999 0.692637359375 0.8884087656249999 0.6813455187499999 0.8936386234375 0.6682979921875 0.91325058125
0 0.773624453125 0.8875807078125 0.7749372140624999 0.879735925 0.7728026671875 0.8535866484374999 0.7585064453125 0.833974690625 0.7502670359375 0.8287448359375 0.7451988484375 0.8265625 0.7331714546875 0.8265625 0.7268295359375 0.8287448359375 0.71704789375 0.840512009375 0.7107295765625 0.858816503125 0.7120103046875 0.87450606875 0.716983828125 0.8875807078125 0.7310665968750001 0.9045777375 0.7386244734375 0.909375 0.7591747625 0.909375 0.7720982375000001 0.8928105625 0.773624453125 0.8875807078125
0 0.707866303125 0.8285253109375 0.7189446890625 0.820680528125 0.72236945 0.8099966796875 0.7194571390625 0.7743193984375 0.7021030265625 0.7579222624999999 0.6884311515625 0.7579222624999999 0.6756130953125 0.7683819734374999 0.673003590625 0.7723043656249999 0.6686383984375001 0.790608859375 0.6701325812500001 0.8089133531250001 0.67489265 0.8193730640625001 0.6803090984375 0.8259103828125 0.6924547578125 0.8311402375 0.707866303125 0.8285253109375
0 0.6974353328125 0.7557722124999999 0.7102533890625 0.7453125015625 0.7180819046875 0.7335453265625 0.7209208828125 0.7204706890625 0.7187863359375 0.6943214109375 0.713385903125 0.6760169171875 0.703209384375 0.6590198875 0.684777440625 0.6485601765625 0.6747983609375 0.64594525 0.6467822140624999 0.661634815625 0.6389536984374999 0.6734019906250001 0.6359012671875 0.6838617015625 0.637822359375 0.70739605 0.649935984375 0.7361602546875 0.65968559375 0.7479274296875 0.6779040828125 0.7557722124999999 0.6974353328125 0.7557722124999999
0 0.6130566468749999 0.6594218125 0.6243739140625 0.665625 0.64531214375 0.665625 0.6503794765625 0.662036740625 0.663427003125 0.6424247828125 0.6656626984375 0.632128503125 0.6629064640625 0.5983632515624999 0.659157909375 0.5901262265625 0.6494083015625 0.5783590546874999 0.6350960625 0.5705142703125 0.6192576078124999 0.56789934375 0.6099188921875001 0.5731291984375 0.598611034375 0.5901262265625 0.5931465359375 0.6188904328125 0.595740025 0.626735215625 0.607640196875 0.65288449375 0.6130566468749999 0.6594218125
0 0.694965190625 0.6561240953125 0.708637065625 0.6561240953125 0.7123298609375001 0.6535091671875 0.7194372515625 0.6400858703125001 0.7165200375 0.6043485265624999 0.707420403125 0.5933658296875 0.7013475734375 0.5907509046875 0.6915819484375 0.5907509046875 0.6787638921875 0.6012106125 0.6744147171875 0.6077479343750001 0.67310195625 0.615592715625 0.6748095937499999 0.6365121390625 0.677189628125 0.64174199375 0.6847726562500001 0.650894240625 0.694965190625 0.6561240953125
0 0.64184648125 0.5198185703125 0.63879405 0.5302782796875001 0.6407151421874999 0.5538126296875 0.647641790625 0.5668872687500001 0.65522481875 0.576039515625 0.6869064 0.59375 0.6901388796875 0.59375 0.697521171875 0.5917290796875 0.7085995578125 0.583884296875 0.71816774375 0.5695021953125 0.7168870171874999 0.5538126296875 0.7060861515625 0.5172036421875 0.6868164046875 0.4845170453125 0.6805301203125 0.479287190625 0.6670716999999999 0.4819021171875 0.650331378125 0.504129003125 0.64184648125 0.5198185703125
0 0.622175325 0.539638753125 0.6172018015625 0.5265641140625 0.6096187734375 0.5174118671875 0.60354594375 0.5147969390625 0.5822750234375 0.5174118671875 0.5837531890625 0.547483534375 0.586346678125 0.55532831875 0.5934790859375 0.5625 0.614778596875 0.5625 0.62302914375 0.5500984625 0.622175325 0.539638753125
0 0.63061096875 0.50625 0.6358925796875 0.50251000625 0.6430422765625 0.4890068125 0.6405531578125 0.45851385 0.629029996875 0.4423666703125 0.6149312124999999 0.4371368140625 0.6034259171875 0.43975174375000003 0.59169115 0.4515189171875 0.58863871875 0.46197862812499996 0.5881797765625 0.480283121875 0.590773265625 0.48812790625 0.602902909375 0.5051249359375001 0.6046753984375 0.50625 0.63061096875 0.50625
0 0.683724925 0.4741606375 0.6862090296875001 0.4627203296875 0.685541984375 0.45454868125000003 0.6813769234375 0.445396434375 0.669674190625 0.43362925937499996 0.6562157703125 0.4362441875 0.648387253125 0.44801136250000007 0.6500948906249999 0.468930784375 0.652474925 0.4741606375 0.65575956875 0.478125 0.68074268125 0.478125 0.6811154203124999 0.47808303125 0.683724925 0.4741606375
0 0.623461953125 0.38791322031250003 0.628222021875 0.3983729296875 0.6464244953125 0.41798488906250003 0.651830071875 0.4203125 0.674211865625 0.4203125 0.6855030109375 0.40621771406249996 0.688768896875 0.3983729296875 0.690869315625 0.3858212765625 0.6888628406249999 0.3612409578125 0.687306746875 0.3565340875 0.6825466796875 0.346074378125 0.66434420625 0.32646241875 0.6582713765625 0.323847490625 0.6445995015625 0.323847490625 0.633521115625 0.33169227343749996 0.6206870437500001 0.3539191609375 0.6206678234375 0.3680397703125 0.6217777875 0.3816373921875 0.623461953125 0.38791322031250003
0 0.682599140625 0.3993559515625 0.67802049375 0.41504551718749993 0.67777500625 0.435964940625 0.6851285640625 0.4542694328125 0.6974716609375 0.473881390625 0.7139504796875 0.4843411015625 0.7140545234375 0.484375 0.738650634375 0.484375 0.7447735703125 0.47911124687499995 0.7578210984375 0.459499290625 0.7639259609375 0.4385798671875 0.7602651984375 0.417660446875 0.7438023968749999 0.39543356093750004 0.7396826921875 0.39281863281249996 0.7134382484375 0.382358921875 0.7017194984375 0.382358921875 0.6904276578124999 0.3875887765625 0.682599140625 0.3993559515625
0 0.7044420578125 0.3373514984375 0.714848046875 0.34519628125 0.7153783671875 0.3453125 0.7331084046874999 0.3453125 0.7400252171874999 0.3425813546875 0.7500203140624999 0.33342910625 0.7512570328125 0.32166193125000003 0.7492025328125 0.2964932546875 0.74877161875 0.2942051921875 0.734475396875 0.274593234375 0.7262359875 0.269363378125 0.7106109875 0.269363378125 0.7049650671875 0.27197830624999997 0.695183425 0.28374548125 0.69213099375 0.2942051921875 0.6912451421875 0.3072798296875 0.6968590296875 0.32819925156249996 0.7044420578125 0.3373514984375
0 0.6677660796875 0.315625 0.678904915625 0.315625 0.684336971875 0.3117784734375 0.686946478125 0.30785608125 0.6909479046875 0.2910769625 0.6905565703125001 0.286282928125 0.688291271875 0.2764769484375 0.6742085046875 0.25947991875 0.668135675 0.256864990625 0.6622763 0.256864990625 0.6529375843749999 0.262094846875 0.6451090671874999 0.273862021875 0.64660325 0.292166515625 0.653743353125 0.30785608125 0.6630660515625 0.3143934 0.6677660796875 0.315625
0 0.6295237109375 0.20615637968749997 0.6392893359375 0.20615637968749997 0.6540605171875 0.1956966703125 0.6599359078125 0.1839294953125 0.6601984609375 0.1823605390625 0.6576370046875 0.15098140468750001 0.652400928125 0.139475725 0.6426513203125 0.12770854843749999 0.634625365625 0.1250936203125 0.6192138203125 0.12770854843749999 0.6137813546875 0.1329384046875 0.6079059625000001 0.144705578125 0.6048535312500001 0.1551652890625 0.6074149875 0.186544421875 0.6193311765625 0.200926525 0.6295237109375 0.20615637968749997
0 0.6507039031249999 0.195251971875 0.6502449609375 0.21355646562500002 0.65369226875 0.231860959375 0.6707954359375 0.2619326265625 0.6854836046874999 0.2734375 0.704158053125 0.2734375 0.7161442203124999 0.2671624828125 0.730701946875 0.2540878453125 0.7365773375 0.24232066875 0.7370362796875 0.22401617499999998 0.7273026875 0.200481825 0.7021735671875 0.1677952296875 0.6919810328125 0.1625653765625 0.6802622828125 0.1625653765625 0.6537563343749999 0.1847922609375 0.6507039031249999 0.195251971875
0 0.7070770828125 0.5054162921875001 0.7085712656250001 0.5237207859375 0.7180914031250001 0.5446402031249999 0.7278410109375 0.55640738125 0.7305794671875 0.5578125 0.7590598296875 0.5578125 0.7610441359375 0.55640738125 0.7653933125 0.549870059375 0.7684777765625 0.5158760015625 0.7678374125 0.508031215625 0.76307734375 0.49757150625 0.755494315625 0.48841925937499997 0.7494214859375 0.4858043328125 0.7314164515625 0.48057447656249996 0.72186428125 0.4831894046875 0.7070770828125 0.5054162921875001
0 0.7458763265624999 0.6546875 0.7550270765625 0.6546875 0.7614488875000001 0.6510911671875 0.7694908593750001 0.6419389203125 0.7720091140625 0.6333096578124999 0.76984255 0.6067681421875 0.7628257140625 0.5961776859375 0.752419725 0.588332903125 0.748513475 0.588332903125 0.7370081796875 0.5909478296875 0.7280963734375 0.601407540625 0.722007528125 0.6105597875 0.7239286203125 0.6340941375 0.7338916828125 0.6484762390625 0.7421310921875001 0.6537060953125 0.7458763265624999 0.6546875
0 0.7141986359375 0.6883659921875 0.7189587046875 0.698825703125 0.7263173140625 0.7046875 0.7468134984375 0.7046875 0.749552325 0.70274809375 0.7556411703125 0.693595846875 0.75695393125 0.6857510640625 0.757626328125 0.6700614984375 0.7550328390625001 0.662216715625 0.74528323125 0.650449540625 0.7372572765625 0.6478346125 0.720319515625 0.6556793953125 0.712704453125 0.6700614984375 0.7141986359375 0.6883659921875
0 0.7313991875 0.7842329546875 0.7457114265625 0.7920777375 0.7515708015625 0.7920777375 0.7628626421875 0.7868478828125001 0.7689514890625 0.7776956359375 0.770782946875 0.771419809375 0.7689472375 0.7489314312500001 0.7659631234375001 0.7410866484375 0.7538334796874999 0.72408961875 0.7455940703125 0.7188597624999999 0.7319221953125 0.7188597624999999 0.722796934375 0.7267045453125001 0.7167080890624999 0.7358567921875 0.7151818734375001 0.7410866484375 0.7168895109375 0.7620060703125 0.7240296140625 0.7776956359375 0.7313991875 0.7842329546875
0 0.7953278484374999 0.8640625 0.800506878125 0.860395146875 0.805375059375 0.8506452 0.8034600656249999 0.8271855625000001 0.8001280171875 0.819863765625 0.79275844375 0.8133264484374999 0.78103969375 0.8133264484374999 0.7753937734374999 0.8159413734375001 0.7717009781249999 0.8185563015625 0.7675652562499999 0.8277085484375 0.76646595 0.838168259375 0.7738195078125 0.856472753125 0.7833473015625 0.8640625 0.7953278484374999 0.8640625
0 0.7938341078125 0.9365670187499999 0.80268893125 0.9421875 0.8223417078124999 0.9421875 0.8344228234375001 0.9313371640625 0.840298215625 0.9195699890625001 0.8416109765625001 0.9117252062500001 0.8394764296874999 0.8855759296875 0.8347163609375 0.87511621875 0.8292999125 0.8685788999999999 0.8067482640625 0.8555042609375001 0.79719609375 0.8581191890625 0.7882842875 0.8685788999999999 0.7804557703125 0.880346075 0.7778302484374999 0.896035640625 0.7791109765625001 0.9117252062500001 0.7884176593750001 0.9300297000000001 0.7938341078125 0.9365670187499999
0 0.8764444140625001 0.9890625 0.87814950625 0.9884757562500001 0.8907701250000001 0.96363394375 0.892296340625 0.9584040875 0.8910156125 0.942714521875 0.8793288953125 0.919180171875 0.8739124453124999 0.9126428531249999 0.8656730359375 0.9074129984375 0.8500480359375 0.9074129984375 0.8444021156250001 0.9100279234374999 0.831141134375 0.92702495625 0.8295828859375 0.955789159375 0.839316478125 0.9793235093750001 0.8487082265625 0.9890625 0.8764444140625001 0.9890625
0 0.8508152875 0.875 0.860986446875 0.8619632953125 0.857236759375 0.8160277312499999 0.852632778125 0.810471009375 0.8328880734374999 0.8078560828124999 0.827242153125 0.810471009375 0.8192001828125001 0.8196232562500001 0.815934296875 0.8274680390625001 0.815475353125 0.8457725328125001 0.8182822968749999 0.8562322421875 0.82607878125 0.86799941875 0.8353649484375 0.875 0.8508152875 0.875
0 0.8195701515625 0.7948452765625 0.8173994625000001 0.7682532453124999 0.8162182515625 0.7651480171875 0.8047289718749999 0.7559957703125 0.791057096875 0.7559957703125 0.7873643015625 0.7586107 0.7795357859375 0.7703778734375 0.781456878125 0.793912221875 0.7838369125 0.7991420765624999 0.7909059093749999 0.80625 0.814989240625 0.80625 0.8195701515625 0.7948452765625
0 0.8211146140625001 0.7372000609375 0.8197271578124999 0.72020303125 0.8106841375 0.711110215625 0.7948456828125 0.7084952859375 0.78854338125 0.71503260625 0.7852774953125 0.7228773875 0.7865582234375 0.73856695625 0.7963078328125001 0.750334128125 0.8028305109374999 0.7515625 0.8121512546874999 0.7515625 0.8138859578125001 0.750334128125 0.8211146140625001 0.7372000609375
0 0.7825222359375 0.695703934375 0.7992145093749999 0.7087785734375001 0.8042283328125001 0.7109375 0.818671840625 0.7109375 0.826558259375 0.7087785734375001 0.8402461515624999 0.6970114 0.845038253125 0.6839367625 0.845912628125 0.6773013828125001 0.843363178125 0.6460693390625 0.8346963296875 0.629023278125 0.8186604375 0.6120262484375 0.8106344828125 0.6094113234375 0.7950094828125 0.6094113234375 0.7837176421875001 0.6146411781250001 0.7756756703125001 0.623793425 0.7678311375 0.6473277734375 0.76673183125 0.6577874828125 0.77234571875 0.67870690625 0.7825222359375 0.695703934375
0 0.8722002468750001 0.78878244375 0.8696761453124999 0.757860925 0.86693910625 0.751846590625 0.86152265625 0.745309271875 0.8492194874999999 0.7375 0.8489542515625 0.7375 0.833751996875 0.740079415625 0.8241838109374999 0.75446151875 0.8211313796875 0.7649212296875 0.8226255625000001 0.7832257234375 0.82738563125 0.793685434375 0.841009 0.8078125 0.8572401046874999 0.8078125 0.8679583296875 0.800222753125 0.8705678359375 0.7963003609375 0.8722002468750001 0.78878244375
0 0.8941731140625 0.9078125 0.9034249078125001 0.89853515625 0.9077901 0.8802306625 0.907363190625 0.8750008062499999 0.8913433140624999 0.8462366031249999 0.8839737390625 0.8396992828125001 0.8683487390625 0.8396992828125001 0.8609631484375001 0.8449291390625 0.854874303125 0.8540813859374999 0.8518218718749999 0.8645410968749999 0.8533160546874999 0.8828455906249999 0.86587260625 0.9050724750000001 0.8701893984375 0.9078125 0.8941731140625 0.9078125
0 0.7814759859375 0.517193959375 0.777126809375 0.5237312765625 0.7647036296875 0.562955190625 0.7659843578125 0.5786447578125 0.7720411703125001 0.5930268609375 0.7977969515625001 0.609375 0.8298860734375 0.609375 0.8393012390625 0.6034865671875 0.8453900859375001 0.5943343203125 0.8501821875 0.581259684375 0.8514949484375001 0.5734149046875 0.8478341859375 0.552495478125 0.8430741171875 0.5420357703125 0.83765766875 0.53549845 0.8272516796874999 0.52765366875 0.79102815625 0.5145790296875 0.7814759859375 0.517193959375
0 0.7954186140624999 0.5061547656250001 0.8008350625 0.512692084375 0.8149037859374999 0.51875 0.8372019625 0.51875 0.8420641421875 0.5153070125 0.8516323296874999 0.500924909375 0.8550921109375 0.4834920578125 0.8540604140625 0.470853240625 0.8523367593750001 0.46170099374999996 0.8454101109375 0.44862635624999997 0.8334939234375 0.434244253125 0.8233013890624999 0.4290143984375 0.80398359375 0.4316293265625 0.796598003125 0.43685918125 0.787029815625 0.451241284375 0.785656221875 0.45594815312500003 0.788310175 0.488460421875 0.7954186140624999 0.5061547656250001
0 0.7741750749999999 0.4259596140625 0.7751248953125 0.4265625 0.8201986828125 0.4265625 0.828435665625 0.4207297578125 0.8380038531249999 0.40634765625 0.8424397546875 0.385918534375 0.8390378203125 0.344243125 0.83636028125 0.33835953750000003 0.8266106734375 0.3265923625 0.8142515593749999 0.3187475796875 0.776715275 0.3135177234375 0.7632568546875 0.3161326515625 0.7534752124999999 0.3278998265625 0.742791703125 0.3645088140625 0.7442858859375 0.3828133078125 0.7514259890625 0.3985028734375 0.7741750749999999 0.4259596140625
0 0.7328311796875 0.244281865625 0.7358515765625 0.25735650312499997 0.7479812203125 0.2743535328125 0.7489996999999999 0.275 0.7734684359374999 0.275 0.7831534875 0.262586359375 0.7844662484375 0.25474157656249996 0.7827586109375 0.23382215468749998 0.780165121875 0.2259773703125 0.7680354781250001 0.2089803421875 0.7617491937499999 0.20375048593749998 0.7519835687499999 0.20375048593749998 0.7409051828125001 0.21159526875 0.7365560078125 0.21813258906250002 0.7328311796875 0.244281865625
0 0.7686698921875 0.191030959375 0.7712793984374999 0.1871085671875 0.7739121203125 0.1780870671875 0.77173716875 0.151442821875 0.7667808328125 0.1439622609375 0.762661128125 0.141347334375 0.750942378125 0.141347334375 0.7374679421875 0.1557294359375 0.7348424203125 0.171419003125 0.7356962390625 0.1818787140625 0.7432792671875 0.191030959375 0.7485784421874999 0.19375 0.7638146234375001 0.19375 0.7686698921875 0.191030959375
0 0.7375006125 0.0873402 0.7403075546875 0.0977999078125 0.7450676234375 0.1082596203125 0.7569838125 0.12264172343749999 0.762184665625 0.1265625 0.7935529125 0.1265625 0.8086905453125001 0.1064635796875 0.80441864375 0.054130618750000005 0.802871621875 0.0507312125 0.797455171875 0.0441938921875 0.7807628984375 0.031119253125000003 0.7631847734375 0.031119253125000003 0.757538853125 0.03373418125 0.744720796875 0.0441938921875 0.7403716218749999 0.0507312125 0.737319190625 0.0611909234375 0.736219884375 0.071650634375 0.7375006125 0.0873402
0 0.8111617000000001 0.2061240953125 0.8168076203125001 0.20350916875 0.8248495921875 0.194356921875 0.825154834375 0.1933109515625 0.8224459015625 0.1601251421875 0.8118981625 0.14336583125 0.8058253328125 0.1407509046875 0.7902003328125 0.1407509046875 0.7821583624999999 0.1499031515625 0.7775797156250001 0.16559271874999998 0.7786469890625 0.17866735625000002 0.7836205125 0.1917419953125 0.7933701203125 0.20350916875 0.797489825 0.2061240953125 0.8111617000000001 0.2061240953125
0 0.8341233390625 0.2888236046875 0.8324157015625 0.2679041828125 0.82461921875 0.2561370078125 0.8009872390625 0.2484375 0.8003361984374999 0.2484375 0.7931557640625 0.25352208125 0.7870669171875 0.262674328125 0.7824882703125 0.2783638953125 0.7839824531249999 0.29666838906250004 0.7961120968750001 0.31366541875 0.8041226328125 0.31875 0.8125861734375001 0.31875 0.8197630515625001 0.3162803453125 0.8295446921874999 0.304513171875 0.8341233390625 0.2888236046875
0 0.8358104296875 0.2578125 0.849469953125 0.2531120890625 0.85729846875 0.2413449140625 0.8581229484374999 0.23350012968749997 0.856361946875 0.21192697656249998 0.8493205640625 0.20342846093750003 0.8430342796874999 0.1981986078125 0.8311020750000001 0.195583678125 0.821763359375 0.20081353281249997 0.8174141828125 0.2073508515625 0.8143617515624999 0.217810565625 0.815429025 0.23088519999999998 0.8204025484375 0.243959840625 0.8337612984374999 0.2578125 0.8358104296875 0.2578125
0 0.8751605437500001 0.12160059375000001 0.8697601125000001 0.1032961 0.8621770828124999 0.094143853125 0.8541716328125 0.0890625 0.8340857890625 0.0890625 0.8287605031249999 0.09152892500000001 0.8209319875000001 0.1032961 0.8163533390625 0.11898566562499999 0.8174206125 0.13206030468750002 0.824987625 0.1529797265625 0.8406182765624999 0.1671875 0.8566812484374999 0.1671875 0.86751345 0.1595170453125 0.8762278171875 0.1346752328125 0.8751605437500001 0.12160059375000001
0 1 0.9278264343749999 0.9892272406249999 0.9148243796875001 0.9851075359375001 0.9122094531249999 0.9733887859375001 0.9122094531249999 0.9679563203124999 0.91743930625 0.9638206 0.926591553125 0.963148203125 0.9422811203125001 0.967908271875 0.9527408312500001 0.9776139953125 0.9625 0.9950472906250001 0.9625 1 0.9568635203125 1 0.9278264343749999
0 0.9349240796875 0.99375 0.9487984984375 0.99375 0.9560883515624999 0.9885879390625 0.9637034140624999 0.9742058374999999 0.9637919984375 0.9728983734375 0.96187090625 0.9493640234375 0.9615688671875 0.9480565593750001 0.9591888328125 0.9428267046875 0.9453195187500001 0.9284446015625001 0.9316476437500001 0.9284446015625001 0.9223089281249999 0.9336744578125 0.9146938671875 0.9480565593750001 0.9133811062499999 0.9559013437500001 0.9146618343749999 0.9715909093749999 0.9267914765624999 0.9885879390625 0.9349240796875 0.99375
0 0.9471889203125 0.8921269687500001 0.9490499953124999 0.8880084578125 0.9462644125 0.8538836515625 0.9374873609375 0.8450582703125 0.9218623609375 0.8450582703125 0.918169565625 0.847673196875 0.913820390625 0.8542105171875001 0.910767959375 0.864670228125 0.911621778125 0.8751299375 0.916381846875 0.8855896484375 0.9244376453125 0.8953125 0.9426903187500001 0.8953125 0.9471889203125 0.8921269687500001
0 0.9893343796874999 0.8844339171875 0.997162896875 0.8726667421875 0.9986397531250001 0.8638413593750001 0.9969721375 0.8434122390625 0.99417453125 0.83605775625 0.9781386375000001 0.8190607249999999 0.9720658078125 0.816445796875 0.9583939328125 0.816445796875 0.9483988374999999 0.82559804375 0.9394549984375 0.859592103125 0.9409651968749999 0.866129421875 0.970408871875 0.890625 0.9805913453124999 0.890625 0.9893343796874999 0.8844339171875
0 0.9577037734375 0.8343104359375 0.9614005734375001 0.8287537140625 0.9582521156249999 0.7901835265625 0.95798129375 0.7898566609375 0.9434556000000001 0.779396953125 0.9356431000000001 0.779396953125 0.926304384375 0.7846268078125 0.9167361984375001 0.799008909375 0.9162772562500001 0.8173134046874999 0.921037325 0.8277731140625001 0.929096465625 0.8375 0.9547876984375 0.8375 0.9577037734375 0.8343104359375
0 0.8895950453125 0.839175490625 0.895667875 0.8417904187499999 0.9110794203125 0.839175490625 0.9154285953124999 0.832638171875 0.9165279015625 0.8221784609375 0.9169868453125 0.8038739671874999 0.9122267765625001 0.79341425625 0.9068103265625 0.7868769375 0.8985709171874999 0.78164708125 0.8848990421874999 0.78164708125 0.87337773125 0.796029184375 0.8720649703125 0.8038739671874999 0.873345696875 0.8195635328125 0.87572573125 0.8247933890624999 0.8895950453125 0.839175490625
0 1 0.7620707484375 0.9972713875 0.763334515625 0.9894428718749999 0.775101690625 0.9852911343749999 0.7960211109374999 0.9859314984375 0.8038658953125 0.9932850562500001 0.8221703890625 1 0.828922309375 1 0.7620707484375
0 0.9603873625 0.778125 0.9624627609375 0.7771637734375 0.9678952265625 0.7719339140625 0.9737706171875 0.7601667421875 0.9768230484375 0.74970703125 0.9761826843750001 0.7418622484374999 0.9688291265625001 0.7235577546874999 0.96298576875 0.7117905796875 0.9506266546875001 0.703945796875 0.9389079046875001 0.703945796875 0.9315223140625 0.7091756515625 0.920641365625 0.7314025375 0.922349003125 0.7523219578125 0.9249424921875 0.7601667421875 0.9416101156250001 0.778125 0.9603873625 0.778125
0 0.930371665625 0.7740379640625 0.9287076890625 0.7536534140625 0.91712939375 0.7374289765625 0.9130096890624999 0.7348140484375 0.9012909390624999 0.7348140484375 0.893462421875 0.7465812234375 0.8934303890624999 0.770115571875 0.9012268734375001 0.781882746875 0.9094662828125 0.7871126015625001 0.9211850328125 0.7871126015625001 0.9292270031250001 0.7779603546875 0.930371665625 0.7740379640625
0 0.8625699953125 0.744979984375 0.881887790625 0.7423650578125 0.8949193015624999 0.7345202734375 0.9010081484375 0.7253680265625 0.9049763093750001 0.711770403125 0.9026709984375 0.683529184375 0.8986921796875 0.6730694734375 0.8826562875 0.6560724437500001 0.8746303328125 0.653457515625 0.8590053328125 0.653457515625 0.8459738218749999 0.6613022984375 0.836405634375 0.6756844015625 0.8343052171875 0.6882360546874999 0.8353618171875 0.7011799453124999 0.853247296875 0.7384426656249999 0.8625699953125 0.744979984375
0 0.9062468062500001 0.6938371640625001 0.9138298359375 0.7029894109375 0.9226198171875 0.70625 0.9321804874999999 0.70625 0.933574540625 0.7056043390625 0.9396633859374999 0.6964520921874999 0.9427158171875 0.68599238125 0.939268509375 0.6676878875 0.9295189015625 0.6559207125000001 0.9138939015625 0.6559207125000001 0.9112843953124999 0.6598431046875 0.903012953125 0.6781475984374999 0.903866771875 0.688607309375 0.9062468062500001 0.6938371640625001
0 0.9543651796875 0.68125 0.9762310921875 0.68125 0.9822170671875 0.677011234375 0.9917852546875 0.6626291328125 0.9939144875 0.652823153125 0.992100121875 0.63059626875 0.9883699796875 0.6207902890625 0.9786203718750001 0.609023115625 0.9684278374999999 0.603793259375 0.9510631671875001 0.6064081875 0.9436775765625001 0.6116380421875001 0.9345362984375001 0.63125 0.9333548140625 0.6383103046875 0.93474226875 0.6553073359375 0.939264334375 0.665244059375 0.9543651796875 0.68125
0 0.856469225 0.6463156953125 0.8709949187499999 0.6567754078125 0.8741780515625001 0.6578125 0.8949209609375 0.6578125 0.9000783390624999 0.654160478125 0.9129124125000001 0.6319335921875 0.9174910593750001 0.6162440265625 0.91621033125 0.6005544625 0.9088567734374999 0.58224996875 0.9012737453125 0.573097721875 0.893034334375 0.5678678640625 0.8769824265624999 0.562638009375 0.8613574265624999 0.562638009375 0.847669534375 0.574405184375 0.8398250015625001 0.5979395328125 0.8395795140625 0.6188589546875 0.8447664921875001 0.6345485203125001 0.856469225 0.6463156953125
0 0.9340074609375 0.598452028125 0.938907875 0.6015625 0.966354103125 0.6015625 0.967424040625 0.6010669546875 0.9754660124999999 0.5919147078125 0.9786710640624999 0.5809320109375 0.9765258453125 0.5546519890625 0.9737904078125 0.5474609375 0.96187421875 0.5330788359375 0.953634809375 0.5278489796875 0.943869184375 0.5278489796875 0.93453046875 0.5330788359375 0.9273583328124999 0.5409236187500001 0.9232226125 0.550075865625 0.9205970906250001 0.56576543125 0.9240443984375 0.584069925 0.9340074609375 0.598452028125
0 1 0.5584552890625 0.9939633890625 0.560107825 0.9865777984375 0.5653376796875 0.9822286218749999 0.571875 0.977649975 0.5875645656249999 0.9791441578125 0.605869059375 0.9882373859375001 0.621558625 0.9956069609375 0.6280959453125 0.9956744375 0.628125 1 0.628125 1 0.5584552890625
0 1 0.45018959374999995 0.9861124718750001 0.4447887046875 0.9782999718750001 0.4447887046875 0.963528790625 0.45524841718750003 0.9591796140625 0.461785734375 0.9561271828125 0.47224544531249996 0.9552413312500001 0.48532008437499996 0.9586886390625 0.5036245781249999 0.9775314749999999 0.53108131875 0.9851806218749999 0.534375 1 0.534375 1 0.45018959374999995
0 0.9091080078125 0.537474171875 0.9078272796875 0.52178460625 0.9030672109375001 0.5113248953125 0.8976507609375 0.5047875765625001 0.89010814375 0.5 0.8752250046875 0.5 0.8620515859375001 0.5113248953125 0.857259484375 0.524399534375 0.8587536671875 0.5427040296875 0.8635137359374999 0.5531637390624999 0.868930184375 0.5597010578125 0.8872031203124999 0.5640625 0.8920678390625 0.5640625 0.898227059375 0.5597010578125 0.9060555765625 0.5479338828125 0.9091080078125 0.537474171875
0 0.9022645406249999 0.5038844578125 0.9048580296875001 0.5117292421874999 0.9148210921875 0.52611134375 0.9204551703125 0.5296875 0.9390677296875 0.5296875 0.9441179671875 0.52611134375 0.9519464843750001 0.5143441703125 0.9532592453125 0.5064993875 0.9543585515625 0.496039678125 0.9506977890625 0.47512025468749997 0.9407347265625001 0.4607381515625 0.9285890671875 0.455508296875 0.90513555 0.46727547031250005 0.9007703578124999 0.48557996406250004 0.9022645406249999 0.5038844578125
0 0.8754979859375001 0.471875 0.8956802765624999 0.471875 0.898189575 0.470712809375 0.905575165625 0.4654829546875 0.9188361484374999 0.44848592500000006 0.920280184375 0.4398566625 0.9175611 0.4065465078125 0.9052443546875001 0.3896500515625 0.8829061609375 0.379190340625 0.8692342859375 0.379190340625 0.8581559000000001 0.3870351234375 0.8501139296875 0.3961873703125 0.8455352828124999 0.41187693750000004 0.8476698296875 0.4380262140625 0.854596478125 0.451100853125 0.87279895 0.470712809375 0.8754979859375001 0.471875
0 0.94143169375 0.40706676093749994 0.940759296875 0.422756328125 0.9455193656249999 0.4332160359375 0.9509358140625 0.43975335781249997 0.9651656140625 0.45 0.966876409375 0.45 0.982826178125 0.4475981390625 0.9926078203124999 0.43583096718750003 0.9956602515625 0.4253712546875 0.989832909375 0.40183690624999996 0.9852862953124999 0.3939921234375 0.9820364250000001 0.39006973125 0.9677241859375 0.3822249484375 0.9618648109375 0.3822249484375 0.9507864250000001 0.39006973125 0.94143169375 0.40706676093749994
0 1 0.2943319203125 0.998748109375 0.2933190234375 0.981169984375 0.2933190234375 0.9720447234374999 0.30116380625 0.960950321875 0.3207757640625 0.9596375609375001 0.328620546875 0.9609182875 0.3443101125 0.96372523125 0.35476982343749996 0.971521715625 0.3665369984375 0.9812605140624999 0.371875 1 0.371875 1 0.2943319203125
0 0.937137171875 0.3875 0.93892276875 0.3865000328125 0.946272875 0.3754519640625 0.9437984437500001 0.34513891874999997 0.9301070609375 0.326356696875 0.9218676515625001 0.3211268390625 0.9042895265625001 0.3211268390625 0.8927682140625001 0.33550894375 0.8899292375 0.3485835796875 0.891209965625 0.3642731484375 0.9003031937499999 0.37996271406250004 0.90767276875 0.3865000328125 0.9099950625 0.3875 0.937137171875 0.3875
0 0.828410940625 0.34087035 0.835977953125 0.361789771875 0.847894140625 0.3761718734375 0.8641005640625 0.378125 0.8705265640625001 0.378125 0.873284765625 0.3761718734375 0.8841977468750001 0.3304106359375 0.8792242234375 0.317336003125 0.8716411953125001 0.30818375625 0.8592820796874999 0.3003389703125 0.8456102046874999 0.3003389703125 0.8399642843749999 0.30295389687499996 0.8303960984375 0.317336003125 0.8273436671875001 0.327795709375 0.828410940625 0.34087035
0 0.8901862921875001 0.314047971875 0.8902417343750001 0.3140625 0.9253003234375001 0.3140625 0.9253425421875001 0.314047971875 0.936420928125 0.3062031890625 0.9442494453125001 0.2944360125 0.9467677015625 0.28580675312500003 0.9430535890625 0.24030701250000003 0.9415065671875 0.2369076078125 0.9295903796875 0.22252550468750001 0.9191843890625 0.21468071875 0.8957468890625 0.21468071875 0.8844550484375 0.21991057343749998 0.873360646875 0.2395225328125 0.8672557843750001 0.2604419546875 0.868963421875 0.2813613765625 0.878483559375 0.3022807984375 0.8901862921875001 0.314047971875
0 0.9741951734375001 0.2515625 0.974244421875 0.25154555312500004 0.9820729375000001 0.23977837812499997 0.9803653000000001 0.21885895781250003 0.977985265625 0.21362910156249998 0.9641159531250001 0.199247 0.9543503281250001 0.199247 0.9506575328125001 0.2018619265625 0.9413028000000001 0.21885895781250003 0.9419431640625 0.226703740625 0.9469166875000001 0.23977837812499997 0.958619421875 0.25154555312500004 0.9586714359374999 0.2515625 0.9741951734375001 0.2515625
0 0.871608821875 0.19772404375 0.8739888562499999 0.20295389843749997 0.8834826796874999 0.2125 0.9077710859374999 0.2125 0.9089156359375 0.2121061453125 0.9200100375 0.1924941890625 0.9183024 0.1715747671875 0.9044330875 0.15719266406250001 0.8868549625 0.15719266406250001 0.8812090421875001 0.15980759375 0.8757765765625001 0.165037446875 0.869901184375 0.17680462187499998 0.868801878125 0.1872643328125 0.871608821875 0.19772404375
0 0.949405565625 0.1267077734375 0.9537707578125 0.1084032796875 0.9548700640625001 0.09794356875 0.9533758812500001 0.079639075 0.9436422890625 0.0561047265625 0.9358458046875 0.0443375515625 0.923486690625 0.03649276875 0.9074959187499999 0.034375 0.9029161203125 0.034375 0.890710475 0.0417226234375 0.873970153125 0.063949509375 0.8676518359375001 0.082254003125 0.871526053125 0.1057883515625 0.8788796109374999 0.1240928453125 0.8970820828124999 0.143704803125 0.9098406125 0.1484375 0.9239730390625001 0.1484375 0.9398373781249999 0.141089875 0.949405565625 0.1267077734375
0 1 0.038282834375000005 0.9978777750000001 0.012284509374999999 0.9919356531249999 0.019047003125 0.9840911203125 0.0425813515625 0.982778359375 0.050426135937500005 0.9842725421875 0.0687306296875 0.9914126453125001 0.0844201953125 1 0.094784603125 1 0.038282834375000005