0 0.069642271875 0.729822228125 0.07023671406250001 0.721977446875 0.0719577328125 0.7198764140625 0.074044884375 0.6923325078125 0.071935140625 0.6866816046875 0.069982015625 0.6866929671875 0.0664720609375 0.6814858390625 0.06168832187499999 0.68020678125 0.052096382812499994 0.6790847734375001 0.050938971875 0.67909150625 0.0488939359375 0.6815881046875 0.0430345609375 0.68162219375 0.0333538359375 0.6934404984375 0.0314743 0.6976334750000001 0.029532454687499998 0.7232597671875001 0.030777920312500002 0.7274345609374999 0.03867531875 0.7391506 0.0422003046875 0.74161479375 0.060067782812500005 0.74151084375 0.069642271875 0.729822228125
0 0.051739767187499994 0.66206665625 0.0617884390625 0.67115640625 0.06201876562500001 0.671217990625 0.090892465625 0.6710500078125 0.0910853140625 0.6709859625 0.10144538125 0.66308436875 0.1113242546875 0.6486511312500001 0.11183376874999999 0.6470799015625001 0.11488523749999999 0.6068100171874999 0.1131359296875 0.59897886875 0.1067104609375 0.580719825 0.0966617890625 0.5716300734375 0.0910005625 0.5690492359375 0.0792818125 0.5691174140624999 0.0671667671875 0.574415446875 0.053183496875 0.5914863328125 0.045937090624999996 0.6098249171875 0.043955615625 0.635974196875 0.051739767187499994 0.66206665625
0 0.16241633125 0.62621908125 0.1677945125 0.6196533546875 0.1747427625 0.6000967453125 0.1749673296875 0.5971331609375 0.1725217015625 0.5830330046875 0.1644261546875 0.573931890625 0.14664988125 0.5766490859375 0.134817884375 0.591093684375 0.132145759375 0.60574636875 0.13178909375 0.6104532375 0.1345913875 0.619846525 0.1444419125 0.6315512046875 0.1503012875 0.631517115625 0.16241633125 0.62621908125
0 0.11941812031250001 0.7427273640625 0.13120174843750002 0.734141453125 0.1344286578125 0.7302020171875 0.13736684999999998 0.7223435968749999 0.1391898046875 0.6982862640625 0.1391558453125 0.6935816625 0.13145659375000002 0.6792506984375 0.125795365625 0.676669859375 0.1078209453125 0.6820019828125 0.09363952812500001 0.7016877984375001 0.09205435 0.722607215625 0.093214884375 0.73305556875 0.10131043125000001 0.7421566796875 0.1037849828125 0.742818315625 0.11941812031250001 0.7427273640625
0 0.1898262453125 0.742412128125 0.19134205937499998 0.7314254546875001 0.1930164046875 0.709329315625 0.18976969531250001 0.704512721875 0.182353490625 0.6993283171875 0.174540990625 0.69937376875 0.16437907031250001 0.7046604390625 0.152348925 0.7217199640625 0.15096189375 0.7400244578125 0.1525187234375 0.7452429515625 0.16041919375 0.7549833171875 0.1813050265625 0.75486180625 0.1898262453125 0.742412128125
0 0.1765707515625 0.693842378125 0.1799775859375 0.697082515625 0.2003809671875 0.6969638125000001 0.21212329687499998 0.688407990625 0.2205203390625 0.676139740625 0.2221633109375 0.6544576328125 0.22027554062500002 0.645233275 0.21588809687500002 0.638724365625 0.20496193593749998 0.6283328312500001 0.1953944578125 0.6257747203124999 0.17742003906249998 0.6311068421875 0.16773931250000002 0.6429251484375 0.16439915624999998 0.6612410046874999 0.1655596921875 0.6716893546875 0.16867335156250002 0.682126340625 0.1765707515625 0.693842378125
0 0.2039173734375 0.759343084375 0.2092479015625 0.7625082953125 0.23622535 0.7623513453124999 0.24317802031250002 0.7565008953125 0.251083946875 0.7468492796875 0.25388277812500004 0.7099134265625 0.253679684375 0.708084965625 0.2440273078125 0.6937653593750001 0.232704853125 0.6886036796874999 0.2168817046875 0.6913095109375 0.20867291093749998 0.6965848171875 0.1968409125 0.7110294171875 0.1944914921875 0.7162706359375 0.1948594390625 0.7371786953125 0.1977749515625 0.7502306078125 0.2039173734375 0.759343084375
0 0.2533212453125 0.67635226875 0.26408648437500004 0.67315875625 0.2716159375 0.6639667375 0.28058548125 0.6460755421875 0.2824431125 0.6215605937500001 0.281041965625 0.6168639515625001 0.2713895875 0.6025443453125 0.2620202578125 0.5973713046875 0.2463952578125 0.5974622078125 0.2259772359375 0.6247367421875001 0.2246871921875 0.641761296875 0.22689220937500001 0.661613159375 0.23303463125 0.6707256359375 0.24261533124999998 0.6764145546875 0.2533212453125 0.67635226875
0 0.238401346875 0.56962925625 0.23576887968750002 0.5657239093750001 0.22346848281249998 0.5609519203125 0.2213164265625 0.5609644406250001 0.214482653125 0.5632339749999999 0.2024525078125 0.5802935015624999 0.19735737343749998 0.5960057921875 0.20047103281249998 0.606442778125 0.211766534375 0.620368825 0.231923834375 0.620251553125 0.2391372390625 0.6114453734375 0.23954838750000002 0.610528159375 0.24207476562500002 0.577187834375 0.238401346875 0.56962925625
0 0.22585151250000002 0.5439517453125 0.23394705937500002 0.5530528593749999 0.25287607031250003 0.5607808328125 0.252900996875 0.5607806875 0.26675388906249997 0.5580895453125 0.2824921375 0.5436222203125001 0.2871909765625 0.5331397859375 0.289936690625 0.5226687125 0.291323721875 0.5043642187499999 0.28996503906250004 0.49653079531250005 0.28685137968749996 0.48609381406249996 0.2807089578125 0.4769813375 0.26958465 0.4692047296875 0.2578659 0.46927290624999995 0.2377402078125 0.477231321875 0.2302107546875 0.4864233390625 0.220813075 0.507388209375 0.22098287343749998 0.530911196875 0.22585151250000002 0.5439517453125
0 0.3029128703125 0.6276476078125001 0.3060925203125 0.627629109375 0.31240214375 0.62553365 0.3206109375 0.6202583421875 0.33244293593749996 0.6058137453125 0.3371417765625 0.5953313062500001 0.3400856375 0.58224530625 0.33951954375 0.563952175 0.3332922234375 0.5430782046875 0.3251966765625 0.5339770921875 0.3183115078125 0.5291639171875 0.3012879765625 0.52926295625 0.29609794843750004 0.531532609375 0.28573788125 0.5394342046875 0.278208428125 0.548626221875 0.2735095890625 0.5591086609375 0.270962021875 0.56696480625 0.269574990625 0.5852693 0.2707355265625 0.5957176468750001 0.2756041640625 0.608758196875 0.2835015625 0.6204742390625 0.3029128703125 0.6276476078125001
0 0.30917324687500003 0.6978926890625 0.32012854687500003 0.694254375 0.3242329453125 0.69161671875 0.3341118171875 0.677183484375 0.3345576421875 0.6758086578125 0.3365193 0.6499208765625 0.3364895859375 0.6458043546875001 0.32703535625 0.6288698187499999 0.3176660265625 0.623696778125 0.3079004015625 0.6237535921874999 0.2925584484375 0.6329910609375 0.2855101890625 0.6487147156249999 0.2837268625 0.6722490640625 0.294539775 0.6970170203125 0.2980567078125 0.6979573625 0.30917324687500003 0.6978926890625
0 0.275275575 0.7558769125 0.29933035625 0.7557369656249999 0.30311045625 0.75330771875 0.3084886375 0.7467419921875 0.313252590625 0.7302474953125 0.313496971875 0.7270224171875 0.3095077234375 0.7075294421875 0.30687525625 0.7036240953124999 0.2957509484375 0.6958474890625 0.2762196984375 0.69596111875 0.266340825 0.710394353125 0.2644612890625 0.714587328125 0.2632922203125 0.7300154015625 0.26591618125 0.7417621234375 0.27186045625 0.7534895265625 0.275275575 0.7558769125
0 0.331629175 0.7634065171875 0.338289853125 0.766442984375 0.35758961718750004 0.7663307015624999 0.360727903125 0.7658509984374999 0.36893669687499997 0.7605756921875 0.3807686953125 0.7461310937500001 0.3828067484375 0.7398461765625 0.3851845171875 0.7084670453124999 0.383939053125 0.7042922515625001 0.3707767203125 0.684765515625 0.363360515625 0.6795811125 0.347735515625 0.679672015625 0.32593974531250003 0.69678835625 0.32124090625 0.70727079375 0.31888581562499996 0.71773959375 0.3170567640625 0.7418773890625 0.32792107187499997 0.7608143140625 0.331629175 0.7634065171875
0 0.4064322140625 0.7552639171875 0.4172978703125 0.7628597078125 0.43646562343750006 0.7627481921875 0.4411921703125 0.7602892390625 0.45087289531249997 0.7484709296875 0.45635298593750007 0.7379839484375 0.4584929765625 0.70974273125 0.45794950312499993 0.7066093625 0.45180708125 0.6974968859375 0.42975661406250004 0.679328746875 0.42585036406250004 0.6793514734375 0.411584046875 0.6872757968750001 0.40405459375 0.6964678140625 0.399355753125 0.70695025 0.39581745 0.727881034375 0.40028979375 0.7461514390625 0.4064322140625 0.7552639171875
0 0.41813719687499995 0.6800183265624999 0.42351537656250005 0.673452603125 0.423908128125 0.6714899875 0.42523736718749994 0.65394818125 0.41935442968750003 0.6381908484375 0.41193822343750003 0.63300644375 0.39436009843750003 0.6331087109375 0.38702879375 0.6396858015625 0.3825281015625 0.647553309375 0.380942921875 0.66847273125 0.3824997515625 0.673691225 0.3929862890625 0.683348778125 0.41313717812500006 0.6832315437500001 0.41813719687499995 0.6800183265624999
0 0.3365548234375 0.6288410578125 0.346009053125 0.645775590625 0.3509554765625 0.6492334609375 0.3745628109375 0.6490961171875 0.391044175 0.6311378234375 0.3929237109375 0.6269448484375 0.395063703125 0.598703628125 0.3938182390625 0.5945288343749999 0.3861189859375 0.580197865625 0.38065590625 0.5750021000000001 0.37284340625 0.5750475515625 0.3527177140625 0.5830059640624999 0.3451882609375 0.59219798125 0.3383381484375 0.605306709375 0.3358245421875 0.617867453125 0.3354678765625 0.622574321875 0.3365548234375 0.6288410578125
0 0.407323546875 0.5502726265625 0.40890872500000003 0.5293532062499999 0.40296445 0.5176258015624999 0.3920461484375 0.5099932078125 0.3778317390625 0.5100759046875 0.3721107453125 0.512577753125 0.3557780546875 0.5348898609375 0.35283419375 0.5479758625 0.3541928765625 0.5558092828125 0.36540208281250003 0.5753473812500001 0.3726122828125 0.5803877734375 0.37358884375 0.5803820921875 0.3866883109375 0.577837315625 0.3959727421875 0.5712488625 0.407323546875 0.5502726265625
0 0.3258723625 0.42715769843749996 0.31160604531249997 0.435082021875 0.29527335625 0.4573941296875 0.2927257890625 0.46525027812499997 0.2915369046875 0.48093984375 0.297764225 0.5018138140625 0.3052653296875 0.5187597078125 0.3236076953125 0.5343356453125 0.3305543234375 0.5353399343749999 0.3434515796875 0.5352649015625001 0.36150966093750003 0.5236600375 0.37158668125 0.5066118765625001 0.3741342484375 0.4987557296875 0.37727625625 0.4830548015625 0.37611572187500003 0.4726064515625 0.3698884 0.451732484375 0.3602360234375 0.43741287656249994 0.35281981875 0.4322284734375 0.3338830109375 0.42449732031250004 0.3258723625 0.42715769843749996
0 0.3475870453125 0.359583875 0.3454074234375 0.38834807968749996 0.3483229375 0.40139999218750005 0.354465359375 0.41051246875 0.37125089375 0.4208699125 0.3844379765625 0.4225760453125 0.3915783390625 0.42253450312499996 0.39683966718749997 0.41810726562499995 0.4194280265625 0.390531215625 0.421777446875 0.385289996875 0.4245231609375 0.374818921875 0.42551389687499996 0.361744284375 0.4241552140625 0.35391086562499996 0.42259838437499997 0.348692371875 0.407681075 0.326562071875 0.40397297187500003 0.3239698703125 0.39635861875 0.32140039374999996 0.38073361875 0.321491296875 0.374676096875 0.3241403140625 0.3705717 0.32677796875 0.3499364640625 0.3543426578125 0.3475870453125 0.359583875
0 0.44272618750000003 0.3378991296875 0.4455338796875 0.337146259375 0.463582925 0.31279464687499997 0.46533128437500004 0.2897217578125 0.46288565468750004 0.275621603125 0.44912888124999994 0.26393965 0.439561403125 0.2613815390625 0.4274463578125 0.2666795703125 0.413661234375 0.28113553125 0.40671298437500003 0.300692140625 0.40556973437500005 0.3157794828125 0.41468017343749997 0.3320982140625 0.42091297499999997 0.33802603593749997 0.44272618750000003 0.3378991296875
0 0.43477433125 0.44564582656249996 0.42492380625 0.4339411484375 0.4100971859375 0.43179763125 0.40722777812500005 0.43181432500000005 0.3939908125 0.4479741171875 0.39226693125 0.4707239890625 0.3948908921875 0.4824707109375 0.3992783359375 0.488979621875 0.404107853125 0.49118130000000004 0.41897966249999996 0.491094778125 0.43239656249999997 0.4770249578125 0.43427609843750004 0.47283198281249994 0.43586127656249996 0.4519125625 0.43477433125 0.44564582656249996
0 0.41356634843749995 0.6353517875 0.41944895625 0.639464109375 0.44158303125 0.6393353375 0.4521476546875 0.6285928937499999 0.45899776562500005 0.6154841671875 0.46194162812500006 0.6023981625 0.45483681875000004 0.5802224109375 0.43590001093749997 0.572491259375 0.42222813593749997 0.5725708 0.412547409375 0.58438910625 0.4078485703125 0.5948715421874999 0.40626339062500005 0.615790965625 0.41356634843749995 0.6353517875
0 0.4171105703125 0.521593240625 0.4176766625 0.539886371875 0.4207903234375 0.5503233562500001 0.43532604375000006 0.5690902375 0.4683364296875 0.5688981875 0.471260178125 0.56701926875 0.4832903234375 0.5499597421875 0.4889799 0.526402665625 0.48841380624999997 0.5081095359375001 0.48549829375 0.495057621875 0.48111085 0.4885487109375 0.4627684828125 0.47297277343750005 0.4510497328125 0.47304095156250003 0.4267063953125 0.49801343906250006 0.4171105703125 0.521593240625
0 0.48491138593749994 0.68314956875 0.48726080468750005 0.6779083499999999 0.48904413125 0.6543740015624999 0.485930471875 0.6439370171875 0.474126821875 0.6322437 0.4632462515625 0.6298384375 0.462269690625 0.62984411875 0.45049117499999997 0.634994984375 0.44081044843750006 0.6468132921875 0.436111609375 0.6572957296874999 0.434724578125 0.6756002234375 0.4378382375 0.6860372078125 0.44222568281249997 0.6925461187499999 0.45314398437500003 0.7001787140625 0.46724988749999996 0.7000966484375 0.47523065937500003 0.694967878125 0.48491138593749994 0.68314956875
0 0.434833690625 0.36757105625 0.43013485156250003 0.3780534921875 0.42758728437500004 0.3859096390625 0.42580395781249997 0.4094439890625 0.42871947187500004 0.42249590000000004 0.4383718484375 0.43681550781249995 0.45512629843749997 0.4471537703125 0.46496305781249997 0.44709654218750006 0.4811424515625 0.43918045 0.4886719046875 0.42998843124999997 0.4959183109375 0.41164984843749997 0.49849422656250003 0.37765578906249997 0.49713554374999996 0.3698223703125 0.4927481 0.3633134578125 0.470499484375 0.34776024687499996 0.460733859375 0.34781706093750003 0.440211871875 0.3610053296875 0.434833690625 0.36757105625
0 0.4847690953125 0.355250725 0.49413842499999994 0.3604237671875 0.5078102999999999 0.3603442265625 0.5179722203125 0.3550575546875 0.5233504015625 0.34849182968750003 0.533144375 0.3222971 0.53453140625 0.30399260625 0.5281059375 0.285733565625 0.52371849375 0.279224653125 0.5143491640625 0.2740516109375 0.49872416406250003 0.2741425140625 0.486410971875 0.28205547656249996 0.4765320984375 0.296488709375 0.47143696406249996 0.3122010046875 0.47200305781249996 0.3304941359375 0.474918571875 0.343546046875 0.4847690953125 0.355250725
0 0.56493783125 0.3999638984375 0.5671372375 0.38897324843750003 0.5677019578125 0.3815207046875 0.565560621875 0.3659812015625 0.5594182015625 0.356868725 0.5448375750000001 0.34667593124999996 0.532544140625 0.34674745156250003 0.5186007234375001 0.35449241875 0.5009602890625 0.376028003125 0.49919677812499996 0.3993008578125 0.5034002203125 0.4133907875 0.5110994718749999 0.42772175625 0.5201507078125001 0.43271916875 0.5343972671875 0.432636284375 0.5568139359375001 0.4170006984375 0.5600408453125 0.41306126093750006 0.56493783125 0.3999638984375
0 0.4992636734375 0.501473253125 0.508995925 0.5030655687500001 0.5162056046875 0.5030236234375 0.5187949234375 0.5013596234375 0.5351445921875 0.48139981406250004 0.536789215625 0.4596959140625 0.5337972796875 0.44507618125 0.5237486078125 0.43598643125000003 0.5100767328125 0.436065971875 0.504019209375 0.43871498906250006 0.49991481249999997 0.441352640625 0.4900359390625 0.4557858765625 0.487290225 0.4662569515625 0.488054465625 0.48193515312499996 0.49096997968749995 0.494987065625 0.4992636734375 0.501473253125
0 0.5383197234375 0.5992335468750001 0.5391123125 0.5887738359375 0.5348381171875001 0.5678885046875 0.5253838875 0.5509539718750001 0.5075692609375 0.5436809593749999 0.505138703125 0.5436951 0.4843682625 0.55119259375 0.4725362640625 0.5656371906250001 0.4652898578125 0.5839757734375 0.46565780312499994 0.6048838328125 0.4687714640625 0.6153208171875 0.4836887734375 0.6374511171874999 0.4922252734375 0.6421643312499999 0.5051593015625 0.642089084375 0.5359703031249999 0.604474765625 0.5383197234375 0.5992335468750001
0 0.468772603125 0.7415483890625 0.4718862640625 0.7519853734375 0.4780286859375 0.76109785 0.48615166875 0.76558275 0.500468546875 0.7654994562499999 0.5092786859375 0.76091604375 0.5168081390625 0.7517240265625 0.521506978125 0.7412415890624999 0.5236866 0.7124773828125 0.5221297703125 0.707258890625 0.5085711421875 0.6929620109375 0.5007586421875 0.6930074625 0.47828353124999995 0.70620709375 0.47055592968750004 0.718014040625 0.468772603125 0.7415483890625
0 0.5234532234375 0.701331478125 0.5380484046875 0.6897669296875 0.5399539812499999 0.6858743890625 0.5426022203125 0.65092588125 0.5405394203125 0.6440113765625 0.532443875 0.6349102640625001 0.5230745437500001 0.6297372234374999 0.5133089187500001 0.6297940375 0.509204521875 0.6324316921875 0.49287183125 0.6547437984375 0.4914848 0.6730482921875 0.49615529062499997 0.6887037703125001 0.51863825625 0.701359490625 0.5234532234375 0.701331478125
0 0.53585021875 0.7664391578124999 0.5455025953125 0.7807587625 0.5532799328125 0.7839339437499999 0.5886982109375001 0.7837278859375 0.6046907874999999 0.7725730875 0.6206271828125 0.7554908390625 0.624951684375 0.738998896875 0.6273963265625 0.706737228125 0.6214764703125 0.6927553 0.6083141375000001 0.673228565625 0.5952367046875 0.6654633203125 0.587622353125 0.6628938484375 0.573950478125 0.6629733890625 0.5579291828125 0.6682941484375 0.5337839921875001 0.6906517062499999 0.5245844609375 0.7090016515625 0.5259147953125 0.7429729875 0.53585021875 0.7664391578124999
0 0.5525549062499999 0.643247690625 0.5622072828125 0.657567296875 0.5696522703125 0.660455609375 0.58251936875 0.6603807500000001 0.5834935109375 0.6600572328125 0.5970804875 0.6482161984375 0.6018444406250001 0.6317217015625001 0.6021416609375 0.6277993093750001 0.6012132328125 0.61944063125 0.596146446875 0.6090150078125001 0.5880509 0.5999138953125 0.5823896734375 0.59733305625 0.5706709234375 0.5974012328125 0.562462128125 0.6026765421875 0.554734528125 0.6144834875 0.55253795625 0.62286034375 0.55210203125 0.628613184375 0.5525549062499999 0.643247690625
0 0.6001469515625 0.6644287734375001 0.6097993296875 0.6787483796875 0.6149209671875 0.6836194109375 0.627347725 0.6835471140625 0.6489750765625 0.6641447 0.6496431078125 0.6604815281249999 0.6512282875000001 0.63956210625 0.65095655 0.6379954234375 0.647842890625 0.6275584375000001 0.637992365625 0.615853759375 0.6323311375 0.6132729218749999 0.6225655125 0.6133297359375 0.6082991953125 0.6212540609375 0.6007697421875 0.6304460781250001 0.5984203234375001 0.63568729375 0.5970332921875 0.6539917890625 0.6001469515625 0.6644287734375001
0 0.661809021875 0.7817407281250001 0.6785301953125 0.781643446875 0.6930699859375 0.7701227890625 0.703345153125 0.7504596968749999 0.7038942968749999 0.7483654828125 0.7073603515625 0.7026243640625001 0.69805201875 0.6786116828125001 0.6812664828125 0.6682542406249999 0.6636883578125 0.66835650625 0.6535264375 0.6736431765625001 0.6332874984375 0.6959780078125 0.630938078125 0.701219228125 0.628560309375 0.7325983578125 0.6343913359375 0.7587021828125 0.6459968390624999 0.7730104265625 0.661809021875 0.7817407281250001
0 0.7170010734375001 0.65526465625 0.7191155515625 0.650547559375 0.7219490578125 0.6131540953125 0.7124721796875 0.59909484375 0.70528486875 0.5940704515624999 0.689225840625 0.59416388125 0.6728152374999999 0.607166884375 0.6631345109375 0.61898519375 0.659992503125 0.6346861203125 0.6611530375 0.64513446875 0.6778253249999999 0.6698683359375 0.683137096875 0.6722898625 0.695579221875 0.6722174765625 0.7012628249999999 0.66973198125 0.7094716203125 0.6644566734375 0.7170010734375001 0.65526465625
0 0.6463098031250001 0.6194025375 0.6648717234375 0.6192945484375 0.6664070718749999 0.6183078703125 0.67588965 0.6091044906249999 0.6843284484375001 0.594352909375 0.68608700625 0.5711454265625 0.6849193828125 0.5672315593749999 0.6805319390625 0.5607226437499999 0.66940763125 0.552946040625 0.6516313593749999 0.555663234375 0.6475269609375001 0.5583008890625 0.6397993609375 0.57010783125 0.63235480625 0.5910613437500001 0.63682715 0.6093317484375 0.64121459375 0.615840659375 0.6463098031250001 0.6194025375
0 0.6014302734375 0.602406275 0.6131490234375 0.6023380984375 0.62135781875 0.5970627890625 0.63103854375 0.58524448125 0.6396139265625 0.5661140312499999 0.642397896875 0.529374296875 0.6368697171875 0.52117306875 0.625745409375 0.513396465625 0.608167284375 0.51349873125 0.5980053640625 0.5187854046875 0.5883246390625 0.5306037078125 0.57833251875 0.5594133640625001 0.5777380765625 0.56725815 0.5806535890625 0.5803100640625 0.590305965625 0.59462966875 0.6014302734375 0.602406275
0 0.59055200625 0.4741574125 0.589164975 0.49246190624999997 0.6030027734375001 0.510327709375 0.6237456015625 0.5102070296875 0.6259629546875 0.5092373578125 0.639748078125 0.4947813984375 0.6422956453124999 0.486925253125 0.6434845296875 0.471235684375 0.64037086875 0.46079870156249997 0.6270103890625001 0.4438868921875 0.6152916390625001 0.4439550703125 0.60512971875 0.44924174062500005 0.5930995734375 0.46630126718750003 0.59055200625 0.4741574125
0 0.570552628125 0.41993145 0.5488994625 0.420057425 0.5390982015625 0.43437726718749997 0.5359561921875 0.450078196875 0.5375130218749999 0.455296690625 0.5471653984375 0.46961629531250004 0.5544213765625 0.474688690625 0.566460828125 0.47461864687500005 0.5755847859375 0.46814406875000003 0.583425634375 0.441960703125 0.5820669515625 0.43412728281249996 0.570552628125 0.41993145
0 0.5946912249999999 0.4369709390625 0.606604378125 0.4369016296875 0.6107679453125 0.4347355609375 0.6180992515625 0.42815847187499995 0.6208598203125 0.4220000421875 0.622821478125 0.39611225625 0.6228264390625 0.3915381203125 0.6201939734375 0.3876327765625 0.607116540625 0.37986753125 0.595397790625 0.379935709375 0.5871889953125 0.3852110171875 0.5794613953125001 0.3970179609375 0.5780743640625 0.4153224546875 0.5794330453125001 0.42315587812500005 0.5855754671875 0.4322683546875 0.5946912249999999 0.4369709390625
0 0.6385784859375 0.5359801656250001 0.642188646875 0.5413359546875001 0.66200925 0.5412206421875 0.67217790625 0.530557140625 0.6768767453125 0.5200747046875 0.6774711875 0.512229921875 0.674753821875 0.49656307968749996 0.6664601265625001 0.4900768953125 0.6527882515625001 0.49015643593749997 0.6388049812500001 0.507227325 0.6364555625 0.5124685437500001 0.6356629734375 0.522928253125 0.6385784859375 0.5359801656250001
0 0.6951178453125 0.5097917984375 0.70091213125 0.5097580890625 0.70841263125 0.5077468609375 0.7216145375 0.493902496875 0.7238895671875001 0.46387920156250007 0.7057519625 0.43980419375 0.6979394625 0.43984964531250004 0.6836731453125 0.44777396718749995 0.6739924203125 0.45959227656249996 0.6690954328125 0.4726896421875 0.668500990625 0.4805344234375 0.67317148125 0.4961899015625 0.677558925 0.5026988109375 0.68497513125 0.5078832156249999 0.6951178453125 0.5097917984375
0 0.7040180203124999 0.5135703281249999 0.7007997515625 0.511320553125 0.6841427328125 0.5114174609375 0.6805805203124999 0.513706684375 0.6771554640625 0.5202610484375 0.6744097499999999 0.5307321218750001 0.67302271875 0.5490366156250001 0.6774101625 0.555545528125 0.6835491328125001 0.5598370609375001 0.6976705359375 0.5597549046875 0.707876859375 0.5515307796875 0.7099207796875 0.52455740625 0.7040180203124999 0.5135703281249999
0 0.651087125 0.46319362656249996 0.6662877390624999 0.46310519218749996 0.668680834375 0.46205866562500003 0.6831453 0.451519415625 0.6896585625 0.44156784531250004 0.693084625 0.396354503125 0.69073145 0.390051571875 0.6808809265625 0.3783468890625 0.6752196984375 0.3757660515625 0.6556884484375 0.37587968125 0.6334963828125 0.3982258765625 0.628599396875 0.4113232421875 0.6272123640625 0.4296277375 0.6287691953125 0.4348462265625 0.638223425 0.45178076406249995 0.651087125 0.46319362656249996
0 0.6107650765625 0.383245828125 0.6152958078124999 0.3853112953125 0.6344330140625 0.385199959375 0.6441663484375 0.38043773281250004 0.6514976546875 0.373860640625 0.65689495625 0.3586693453125 0.658311709375 0.3399726125 0.65817796875 0.337228925 0.6450156359375 0.3177021921875 0.6375994296874999 0.3125177859375 0.6200213046874999 0.31262005312499996 0.6098593859375 0.3179067265625 0.6066324765625 0.321846159375 0.5991879234375 0.34279967031249997 0.5981971859375 0.355874309375 0.6011127 0.368926221875 0.6107650765625 0.383245828125
0 0.5474859515625 0.301785878125 0.5504014640625 0.31483779375 0.5690268765625001 0.3395602921875 0.5756964890625 0.341810965625 0.5889903921874999 0.3417336234375 0.5985218999999999 0.33677491875 0.623063384375 0.30918750625 0.6269399265625 0.30053949687500003 0.629268159375 0.269814096875 0.6283850156249999 0.264722371875 0.6237145234375 0.249066896875 0.6193270796875 0.2425579859375 0.611910875 0.23737358125000002 0.604296521875 0.23480410468750001 0.580660875 0.2375553875 0.5724520796875 0.24283069687499997 0.5563175375 0.26252787187500004 0.5492692781249999 0.2782515296875 0.5474859515625 0.301785878125
0 0.64423791875 0.246141721875 0.6466123171875 0.24510337187500003 0.6562930421875001 0.233285065625 0.6590536109375 0.22712663281249998 0.661201859375 0.1987764578125 0.6550759562499999 0.184937309375 0.6461029218750001 0.1745344140625 0.6304779218750001 0.17462531718750002 0.6168909453125 0.1864663515625 0.61219210625 0.1969487890625 0.60885195 0.2152646453125 0.6133242921875001 0.23353505000000002 0.6194667140625 0.24264752656250002 0.6246283015625 0.24625580625 0.64423791875 0.246141721875
0 0.6713644390625 0.30220910624999997 0.6867216218750001 0.2870978171875 0.6911855203124999 0.2771395015625 0.6934444 0.24732932812500003 0.690486421875 0.23741419062500002 0.682192728125 0.23092800468750002 0.660708353125 0.231052996875 0.65660395625 0.2336906515625 0.6404694125 0.2533878296875 0.636005515625 0.2633461453125 0.6349157046875 0.2777282484375 0.6374972015625 0.2926117453125 0.6473262890625 0.30234895625 0.6713644390625 0.30220910624999997
0 0.66174096875 0.204543796875 0.6696383671875 0.2162598359375 0.6799159390625 0.2209451734375 0.6916041500000001 0.2208771734375 0.704992765625 0.2134403765625 0.7103709453125 0.2068746484375 0.718287503125 0.1874213140625 0.7203333734374999 0.1604221859375 0.718438290625 0.1519384421875 0.712494015625 0.14021103906250001 0.7033228328125001 0.13242306875 0.69570848125 0.12985359375 0.68594285625 0.129910409375 0.6736296640625 0.1378233703125 0.6661002109374999 0.1470153875 0.656900678125 0.16536533281250002 0.6537586703125 0.1810662609375 0.66174096875 0.204543796875
0 0.67906026875 0.3109124109375 0.6718138609375 0.32925099375 0.6698323875 0.3554002703125 0.6792866171874999 0.37233480625 0.694119028125 0.3827036109375 0.713650278125 0.38258998125 0.7300678671874999 0.3720393703125 0.7354460484375 0.3654736421875 0.7446455796875 0.3471236953125 0.74739129375 0.3366526203125 0.7489764734375 0.3157332 0.73952224375 0.298798665625 0.7283979359375 0.2910220625 0.7168773328125 0.2884753125 0.6991010609375 0.29119250625 0.68874099375 0.299094103125 0.67906026875 0.3109124109375
0 0.7085257203124999 0.28481298437499997 0.7252915515625 0.28471544375 0.7375573265625001 0.2757782234375 0.7431336546875 0.2665975703125 0.745483075 0.26135635156250003 0.746671959375 0.2456667859375 0.7439545937500001 0.22999994531249998 0.7413221265625001 0.22609459843750002 0.7247347390625001 0.2131222265625 0.7130159890625001 0.2131904046875 0.70480719375 0.21846571250000002 0.6972777406249999 0.22765772968750003 0.6913900171875 0.25382973125 0.6943055296875 0.26688164375 0.7020047828125 0.28121261406250003 0.7085257203124999 0.28481298437499997
0 0.7658762015625 0.2356985453125 0.776434415625 0.22518202031249998 0.78338925625 0.21455576875000001 0.7856388125 0.1848686484375 0.7751324312500001 0.165072771875 0.7657631 0.15989973125 0.755997475 0.159956546875 0.749939953125 0.1626055625 0.7381079546875 0.17705016093749998 0.73125784375 0.1901588890625 0.7304652546875 0.20061859843750002 0.734937596875 0.2188890046875 0.744788121875 0.23059368125000002 0.7658762015625 0.2356985453125
0 0.7435228765625 0.30268314687500003 0.755326525 0.3143764625 0.762940878125 0.3169459390625 0.782472128125 0.316832309375 0.7962572515625 0.302376346875 0.7986066703125 0.297135128125 0.8013523859375 0.2866640546875 0.8029375640625 0.2657446328125 0.80157888125 0.2579112125 0.7936814828125 0.2461951703125 0.7827553218750001 0.23580363750000002 0.7712347187499999 0.23325688906250003 0.75716655 0.238566284375 0.7433814265625001 0.2530222453125 0.7406357125 0.2634933203125 0.739446828125 0.27918288593749996 0.7406073625 0.289631234375 0.7435228765625 0.30268314687500003
0 0.7989075515625 0.374320409375 0.8086118765625001 0.3557497125 0.8103291531249999 0.3330870078125 0.801115521875 0.3194182921875 0.793699315625 0.3142338890625 0.77787616875 0.31693971875 0.7599866484375 0.334033334375 0.7570427859375 0.3471193359375 0.7578070265625 0.3627975390625 0.7672612562500001 0.3797320734375 0.7706649828125001 0.38128376249999996 0.7865375375 0.38119141875 0.7989075515625 0.374320409375
0 0.7161209296875 0.45032078125 0.7426045140624999 0.45016670468750003 0.7570614046874999 0.43833512968750005 0.7666572296874999 0.41475532968750006 0.7674498203125 0.40429561875 0.7658929890625 0.3990771265625 0.754485634375 0.3821539546875 0.7433613265625 0.37437735 0.7316425765625 0.374445528125 0.7255850546875 0.37709454375 0.7141493515625 0.3863092875 0.7049498203125 0.40465923281249994 0.7051196187500001 0.42818221875000007 0.7099882562500001 0.44122276875 0.7161209296875 0.45032078125
0 0.7269303859375 0.5474161046875 0.734346590625 0.5526005078125 0.736886103125 0.5532795109374999 0.7526678437500001 0.5531876953125 0.755830965625 0.5524755140625001 0.7683423046875 0.5419476249999999 0.7760699062499999 0.53014068125 0.7787632484375 0.5229371296875 0.7804574093750001 0.500579496875 0.7804008 0.49875018281249994 0.7772871390625 0.4883132 0.761973534375 0.4714127546875 0.740489159375 0.47153774843749996 0.7303272390625 0.47682441718749996 0.7227977859375 0.48601643437500003 0.7157495265625 0.501740090625 0.713768053125 0.5278893671875 0.7170798609375 0.535711421875 0.7269303859375 0.5474161046875
0 0.740221521875 0.549784753125 0.7328053156250001 0.54460035 0.7171803156250001 0.544691253125 0.70339519375 0.5591472140625 0.69849820625 0.5722445796875 0.6998568890625 0.580078 0.711066096875 0.5996160984375 0.718878596875 0.599570646875 0.74242934375 0.5850578703125 0.7459676484375 0.5641270859375 0.740221521875 0.549784753125
0 0.7441531359375 0.6422604703125 0.76210229375 0.64215604375 0.768705209375 0.6389254359375001 0.77887615 0.6245023828125 0.7808832921875 0.5980143531250001 0.7792068734375001 0.5905095031250001 0.7656482453125 0.5762126234375 0.7539294953125 0.5762808015625 0.7478719734375 0.57892981875 0.7383893953125 0.5881331984375 0.7315392828125 0.6012419265625 0.7303503984375 0.6169314906250001 0.73366220625 0.6247535484375 0.7431164359375 0.6416880828125 0.7441531359375 0.6422604703125
0 0.764773465625 0.46721765312499997 0.7941081765625 0.4670469875 0.796852759375 0.46584675468750003 0.8009571578125 0.4632091015625 0.814374959375 0.4445832890625 0.8161194187499999 0.4215618671875 0.8153650703125 0.4147704421875 0.809420796875 0.4030430375 0.8002496140625001 0.3952550703125 0.7846246140625001 0.3953459734375 0.778567090625 0.397994990625 0.77446269375 0.40063264375 0.76673509375 0.4124395890625 0.7588942453125 0.438622953125 0.7579035078125 0.4516975921875 0.764773465625 0.46721765312499997
0 0.806682996875 0.3812049046875 0.8216003078125 0.40333520468749995 0.82732094375 0.40594312656250003 0.8501728078124999 0.40581017812500003 0.8610591015625 0.397878090625 0.86898485 0.3834562171875 0.871656975 0.36880353125 0.8720532703125 0.3635736765625 0.8682489578125001 0.3416401 0.8599552640624999 0.3351539140625 0.840820309375 0.3300376890625 0.831054684375 0.330094503125 0.8249971609375001 0.3327435203125 0.8167883671875 0.33801882656250004 0.8114101859374999 0.34458455312499997 0.8070028984375 0.35637218125 0.8054375328125 0.3770301109375 0.806682996875 0.3812049046875
0 0.8189268765625 0.296915265625 0.8320892093750001 0.316442 0.8364469515625 0.31842860625 0.862132965625 0.31827917031249997 0.8652923343750001 0.3162488296875 0.8792756046875001 0.299177940625 0.88397444375 0.2886955046875 0.8855596218749999 0.2677760828125 0.8840027921875 0.262557590625 0.8743504156249999 0.2482379859375 0.866934209375 0.24305358125 0.8556117546875001 0.23789190312500003 0.8419398796875001 0.23797144375 0.8296266875 0.2458844046875 0.820144109375 0.255087784375 0.8154452703124999 0.265570221875 0.8144545328125 0.27864486093749996 0.8189268765625 0.296915265625
0 0.796153209375 0.21099970468749998 0.8040506078125 0.2227157453125 0.8185467828125 0.231071321875 0.84676715 0.230907140625 0.848378040625 0.2302991828125 0.8600118921875 0.21846951093750003 0.86666385625 0.2079757109375 0.8688604281250001 0.19959885156249998 0.871277825 0.167696734375 0.86847553125 0.158303446875 0.850048265625 0.1309660171875 0.8426320609375001 0.125781615625 0.8250539359375001 0.12588388125 0.81078761875 0.13380820468750002 0.8013050406250001 0.143011584375 0.7946530765625 0.153505384375 0.78864079375 0.1864739265625 0.78829998125 0.19097160156249998 0.796153209375 0.21099970468749998
0 0.7180538624999999 0.734764884375 0.7224413078125 0.7412737953125 0.733565615625 0.7490504 0.7358108875 0.7500739750000001 0.7581140875 0.74994421875 0.7710712843749999 0.74360465 0.7807520109375 0.7317863421874999 0.7874039749999999 0.7212925421875 0.791259059375 0.7084190546875 0.7930217453124999 0.6851570921875 0.7923293109375 0.6820572625 0.7774120015625 0.6599269640625 0.7641364203125 0.6547766484374999 0.7483132734375 0.6574824796875001 0.738151353125 0.66276915 0.7254418671875 0.675911965625 0.71751611875 0.6903338375 0.7139778140625 0.7112646234375 0.7149402031250001 0.7243278984375 0.7180538624999999 0.734764884375
0 0.792933178125 0.6914786687500001 0.792508534375 0.7228464390625 0.8004059328125 0.7345624796875 0.80513975625 0.7371761421875 0.82349974375 0.7370693265625 0.8236452859375 0.737041053125 0.8297028078125 0.7343920359375 0.839383534375 0.722573728125 0.841732953125 0.717332509375 0.843912575 0.6885683046875 0.8344583453125001 0.6716337718750001 0.8287971171875 0.669052934375 0.804765175 0.6770340703125 0.795282596875 0.6862374499999999 0.792933178125 0.6914786687500001
0 0.8422557796874999 0.6524642859374999 0.846459265625 0.6395016453125 0.8482277312500001 0.6161634171875 0.8458224328125 0.6053955875 0.830706975 0.5858802140625 0.8216846578125001 0.58089876875 0.809266640625 0.5809710140625 0.7953525781249999 0.588699675 0.7856718515625001 0.6005179843749999 0.775481584375 0.63194256875 0.7748871421875 0.6397873515625 0.7776045078125 0.655454190625 0.787256884375 0.6697737984375001 0.794398415625 0.6747661859375 0.8184869578124999 0.6746260421875 0.8282725093750001 0.6695351765625001 0.8422557796874999 0.6524642859374999
0 0.8657914796874999 0.74764624375 0.8794633546874999 0.7475667031250001 0.8930503312500001 0.73572566875 0.8975510218749999 0.7278581609375 0.8995324968749999 0.701708884375 0.8964188359374999 0.6912718984375 0.886766459375 0.67695229375 0.87719898125 0.6743941796875 0.8631308109375 0.679703575 0.847194415625 0.6967858296875 0.8446468484375 0.704641975 0.8434579640625 0.7203315406249999 0.8448166468749999 0.7281649609375 0.8525159 0.7424959296875 0.8657914796874999 0.74764624375
0 0.8766330578125 0.672725946875 0.9021906671875 0.6725772578125 0.9088186109375 0.6693344031249999 0.920254315625 0.6601196593750001 0.92769886875 0.63916615 0.9288877531249999 0.623476584375 0.924415409375 0.6052061796875 0.9130080546875 0.588283009375 0.8938731000000001 0.5831667828125 0.8755023859375 0.593728759375 0.861519115625 0.6107996484375 0.8587733999999999 0.6212707234375 0.859141346875 0.6421787812499999 0.863613690625 0.6604491859375 0.8662461562500001 0.6643545328125 0.8766330578125 0.672725946875
0 0.78185271875 0.582692315625 0.7986351218750001 0.582594678125 0.8022808546875 0.5810003625 0.8096121609375 0.5744232703125001 0.8198726046875 0.5575308703124999 0.8217272640625 0.533055146875 0.820793165625 0.5299240515625 0.8164057218749999 0.5234151375 0.8035264375000001 0.513034965625 0.7898545625 0.51311450625 0.7857501640625 0.5157521640625 0.7690211796875001 0.5432941265625 0.7674926390625 0.5480078109375001 0.7669378265625 0.5553296078125001 0.767634146875 0.5615986203125 0.78185271875 0.582692315625
0 0.8487161999999999 0.5865297265625 0.8524243031250001 0.5891219265625 0.855970765625 0.590070165625 0.8694913328125 0.5899915046875 0.8739086781250001 0.588996934375 0.8840705968749999 0.5837102625 0.8980538671874999 0.5666393765625 0.9027527078125 0.5561569375000001 0.9041397390625001 0.5378524437500001 0.8996673953125001 0.5195820390625 0.88806189375 0.505273796875 0.8786925640625001 0.5001007546875 0.8628694156250001 0.5028065875000001 0.8486030984375 0.5107309109375 0.84322491875 0.5172966359375 0.8338272390625001 0.5382615093750001 0.8330346499999999 0.5487212218749999 0.8375069921874999 0.5669916265625 0.8487161999999999 0.5865297265625
0 0.9390921499999999 0.7567538671875 0.94672133125 0.6560724453125 0.9310189578125 0.6584726328125 0.9228101625 0.663747940625 0.9174319828125 0.6703136671875 0.9058830312499999 0.69390483125 0.9019484312499999 0.720065471875 0.9033071156249999 0.727898890625 0.9127613453125001 0.7448334234375 0.9199794015625 0.7526327578124999 0.9293487328125 0.7578057968749999 0.9390921499999999 0.7567538671875
0 0.949635090625 0.6305018109375 0.9521826578124999 0.6226456640625 0.9537678359375 0.6017262437500001 0.95221100625 0.59650775 0.9410017984374999 0.5769696515625 0.9355387187499999 0.5717738859375 0.9344630828125 0.5730870296874999 0.9298692671875 0.6458654390625 0.9370846734375 0.6458234609375 0.949635090625 0.6305018109375
0 0.9472846546874999 0.5784319859375 0.9501506671875 0.5695938203125 0.951669796875 0.5495460421875 0.9485018875 0.53660450625 0.9389470109375001 0.5224295421875 0.9230260796875 0.52252216875 0.9035800125 0.536865853125 0.9008342984375 0.5473369296875 0.9015985390625 0.5630151296875 0.9043159046874999 0.5786819703125 0.9069483703125 0.5825873171875 0.9180726796875 0.5903639234375 0.92710863125 0.59277991875 0.9279224312500001 0.592775184375 0.9378020765624999 0.587635365625 0.9472846546874999 0.5784319859375
0 0.8963177671875 0.512942853125 0.90599639375 0.5179358109375001 0.9270341640625 0.5178134156249999 0.9323515046875 0.5140401046874999 0.94608875 0.49627211562499995 0.94489119375 0.47737430156249994 0.9415793859375 0.46955224375000004 0.926463928125 0.45003687187499997 0.908885803125 0.4501391375 0.8972519531250001 0.46196880937499996 0.8925531124999999 0.47245124687500006 0.889014809375 0.4933820296875 0.8963177671875 0.512942853125
0 0.8665590968749999 0.45991114531250005 0.8738688671875 0.4650211421875 0.9024414593750001 0.4648549125 0.907376575 0.4622874515625 0.9213598453125 0.4452165625 0.9241204140624999 0.4390581296875 0.927021290625 0.4007755890625 0.911282971875 0.37208949062499996 0.9066973812500001 0.36819550625 0.893223653125 0.36566011875000004 0.8750510859375 0.37360716875 0.866842290625 0.37888247656249996 0.857161565625 0.3907007828125 0.852264578125 0.4037981484375 0.85107569375 0.41948771249999994 0.8551517437499999 0.44298797343749996 0.8665590968749999 0.45991114531250005
0 0.970267171875 0.34534075 0.966458578125 0.3453629078125 0.9582497828125 0.3506382140625 0.9296039015625001 0.3808632828125 0.9234896812500001 0.4357881265625 0.9248483640625 0.44362154687500005 0.9487387093749999 0.47615474375 0.9500514234375 0.477072415625 0.96028965625 0.4770128515625 0.970267171875 0.34534075
0 0.8213090421875 0.51842850625 0.8338175968750001 0.518355734375 0.845456615625 0.5058798484375 0.8544579999999999 0.49014482968750006 0.856750809375 0.4830742984375 0.8568498828125 0.4817668359375 0.8554487359375 0.4770701921875 0.8372196187500001 0.4471178359375 0.8255008687500001 0.4471860140625 0.8172920734375 0.45246132031249997 0.805460075 0.4669059203125 0.800996178125 0.476864234375 0.7995298875 0.4962147 0.800931034375 0.500911340625 0.8107815593750001 0.512616021875 0.8213090421875 0.51842850625
0 0.568653203125 0.5744335406250001 0.5768619968750001 0.5691582296875 0.592404940625 0.5501832796875 0.5955198171875 0.5090766171875 0.5847595437499999 0.4906990390625 0.570323428125 0.4751003734375 0.5421870890625 0.48571916562500006 0.5260525453125 0.5054163484374999 0.516258571875 0.531611075 0.516824665625 0.5499042046875 0.531543828125 0.5746494359375001 0.5318216437500001 0.5747760859375 0.567109934375 0.5745707859375 0.568653203125 0.5744335406250001
0 0.9462738546875 0.363117671875 0.958304 0.34605814687500003 0.9613582453125 0.3392445625 0.9621904656250001 0.3282618671875 0.96068176875 0.314679015625 0.9529825171875 0.3003480453125 0.9438113343750001 0.2925600765625 0.9255680953125 0.28511208125 0.9239943453125001 0.2851212359375 0.90885323125 0.29014968125 0.8944736656250001 0.3124504265625 0.8919260984375 0.3203065734375 0.8889822374999999 0.333392575 0.889944625 0.34645585 0.8948132640625 0.3594964 0.912278140625 0.373770553125 0.9181158109374999 0.37574048437499996 0.9304335203124999 0.375668821875 0.9462738546875 0.363117671875
0 0.92490488125 0.281851946875 0.9303484296875 0.28508426875000004 0.958599015625 0.28491991250000004 0.9598629843750001 0.284262340625 0.9652411656250001 0.2776966140625 0.976790115625 0.2541054515625 0.9772996296875001 0.252534221875 0.9790433265624999 0.2295228578125 0.9789697374999999 0.22534124531250002 0.9710723375000001 0.21362520312500002 0.9560417796875 0.205871325 0.9421717578125 0.20856579218750002 0.9318116906249999 0.2164673921875 0.9195833984374999 0.236141846875 0.91703583125 0.243997990625 0.91604509375 0.2570726296875 0.9205174375 0.27534303437499996 0.92490488125 0.281851946875
0 0.9035050015625 0.2540042171875 0.9170724531250001 0.244802884375 0.9278557171875 0.22487545937500003 0.9301010859375 0.195243575 0.9231017734375 0.178116546875 0.9082693624999999 0.1677477390625 0.8887381124999999 0.16786136875 0.8826805906249999 0.1705103859375 0.8728017171875001 0.18494362343749998 0.8630077437500001 0.2111383515625 0.8635738375 0.2294314828125 0.8714712359375 0.241147525 0.8834775703125001 0.2541207328125 0.9035050015625 0.2540042171875
0 0.9782748531250001 0.28088639375 0.9753593390624999 0.26783448125 0.9727268734375001 0.263929134375 0.9716512375 0.26524227968749997 0.968271596875 0.3223471078125 0.9690162499999999 0.32234277499999997 0.9739439593749999 0.3122768890625 0.97708596875 0.2965759609375 0.9782748531250001 0.28088639375