0 0.7170379434529062 0.29725304654020895 0.10484311437841676 0.10845470356402354
0 0.6715308014193029 0.5712717747887159 0.08323296677957011 0.08604790919430556
0 0.8176398447904196 0.6851738866803132 0.17917060575937818 0.1847550082513239
0 0.44953504370405095 0.3341302250174657 0.12101642683679988 0.1353104172679167
0 0.3265329065413175 0.1941202080156253 0.12864109961378115 0.1463911146581902
0 0.7719661642565695 0.4364623233256951 0.08410058924189841 0.09249322169430556
0 0.7812507946268408 0.344202088143334 0.07447394471585049 0.08895924959611978
0 0.5213350667737939 0.3945787221676741 0.12347099129772801 0.13040268370027785
0 0.6233935071253967 0.45729888734590335 0.0689507743611923 0.07179439768930998
0 0.7872164782619943 0.8122085121552786 0.07863563775258893 0.07503767401194424
0 0.19752188749566776 0.35491027801975716 0.10360174914144053 0.11008076519729171
0 0.09653020544917248 0.3133747818194793 0.12061826689564097 0.14464677670228737
0 0.4125915615699899 0.5911069236306948 0.1168397632460989 0.12742518208555573
0 0.8925341817895742 0.48393934821132023 0.08639927858747783 0.08787391092776922
0 0.7298690338862984 0.5279588390932645 0.07284386615026399 0.07684987459611996
0 0.5599165224798875 0.28262423603538245 0.09593763897980807 0.09870709905701833
0 0.6078289853113776 0.6136761739150354 0.07656230134328972 0.08277743882958326
0 0.8308903093914761 0.3829749538346535 0.07291897965700969 0.07957743067277345
0 0.893014729441705 0.3930415912774661 0.07093393979747269 0.07495576528049055
0 0.641797421305953 0.23907556420763942 0.09450283566608846 0.10178891254249134
0 0.32677422331511136 0.5765703385245837 0.0945291272558558 0.10198422504249152
0 0.7621408060332515 0.5851362126683688 0.06716479584816834 0.07009787384812931
0 0.2994903555309619 0.4881611487450698 0.09513195939725243 0.10501611474138883
0 0.2947733614006346 0.715323713999549 0.09778743479586112 0.11461824888367182
0 0.7121703994919341 0.397453068291702 0.10203176386445918 0.09914099222284296
0 0.4860889437858404 0.5050434434823268 0.08136996308841127 0.0953501740119446
0 0.6224317165226492 0.35382839522968806 0.11058227796911772 0.11637630633756517
0 0.4408063352295882 0.43972626158659767 0.07654915554840613 0.08267978257958344
0 0.6828286873263124 0.49316495858430615 0.07614163590700933 0.07965243882958326
0 0.6804705379103915 0.7493792442035077 0.08526871539538554 0.08959990178548623
0 0.503832564338359 0.6002838615103477 0.0925816255256251 0.10631965895682302
0 0.05761765930968665 0.1949144161281598 0.09589626509167833 0.12226490340020843
0 0.5400857620722794 0.6802811392457644 0.08915995759328972 0.08307065253347652
0 0.6232434539365274 0.5340977766885769 0.07061280503444856 0.07329333605604163
0 0.7908365246584013 0.5058669399669451 0.07608905272747446 0.07926181382958326
0 0.348513569542163 0.39760953713781283 0.08803314324771047 0.08771723899339853
0 0.5794188743196906 0.7548642183679519 0.0792759956072473 0.09208887719631509
0 0.8437210025114481 0.45067160011118135 0.06109135169955948 0.06041618560013902
0 0.5599922940369852 0.5498669406325353 0.07125694898375308 0.0780784923060418
0 0.9371251153487146 0.31569849448784804 0.0584432994977103 0.08702852773541672
0 0.12267233799795738 0.43937489057694457 0.09951895570609359 0.11446384992375017
0 0.8384327931141955 0.5539966218626743 0.08783595632445404 0.08625239524339853
0 0.8990090132519903 0.2670057681392022 0.09314879396097205 0.10185474715020834
0 0.5638675599813316 0.16594522910152826 0.08794297227469165 0.09861837140221796
0 0.05202944286305076 0.492589503134132 0.07406829949771039 0.08739220364722229
0 0.02475897830698319 0.31033874116628474 0.04951795661396638 0.12672989685812075
0 0.20614602558119094 0.49460921086541687 0.1393794513549576 0.1791560454973613
0 0.3518036181170837 0.30912826538631977 0.08428275594701465 0.09240011139320323
0 0.2591052817077847 0.2991337099154864 0.08219814816608836 0.1015025177619445
0 0.8286063422789717 0.2543953589448965 0.0922229526332952 0.09570013042575969
0 0.35673233556252254 0.6509352120996879 0.0650708283670042 0.06683657703249998
0 0.8994905541876722 0.5836308768966675 0.06388195939725279 0.10428876291777786
0 0.020573991556027793 0.4199683143045487 0.041147983112055586 0.10490473899339854
0 0.0037496239136888586 0.203452308320625 0.007499247827377717 0.10045930414125
0 0.7074539020033821 0.828377066391841 0.06800612672072895 0.07634787384812966
0 0.6380425157634384 0.6919654812857298 0.07916144471585067 0.0890683523696616
0 0.46567187339690086 0.7498656342117713 0.08825096124283185 0.10018314437666671
0 0.3799746968871439 0.7227926815144796 0.09689164632050887 0.1065173260825695
0 0.2690369982304337 0.6387060094023961 0.0676136272974727 0.07487848414923182
0 0.4323171556185278 0.1942312704203129 0.1018063240158682 0.13145603742375006
0 0.4349925920220505 0.6692143930454865 0.06089416477630323 0.05895134185013902
0 0.18807151325199034 0.2504585141520488 0.07450777124677695 0.07980911076395403
0 0.6368408983122233 0.8173291571975353 0.08908480683841127 0.09552973899339853
0 0.3814164391718919 0.49085169728204897 0.09242762483353291 0.10806837955902786
0 0.5065960858194437 0.230442833774931 0.0765773215614299 0.08433539288068585
0 0.11092379588256471 0.5441169419637154 0.07843279031143 0.08437857939521258
0 0.1484539853113777 0.6029841021079516 0.06518911568886923 0.077839911640217
0 0.009958222189320805 0.512046711531007 0.01991644437864161 0.08903888535312507
0 0.7122461710490319 0.6646957728888548 0.07792761442003346 0.08134896267076393
0 0.0284864785189154 0.797331554520903 0.0569729570378308 0.11573540919430556
0 0.13162746718851767 0.7687363886770835 0.0651140145981683 0.07005014138470482
0 0.866317966265728 0.7834854065319452 0.07291897965700933 0.07957743067277345
0 0.0040690550739281425 0.7180609753987154 0.008138110147856285 0.08089907703249999
0 0.02569983995266183 0.6625201434267363 0.05139967990532366 0.09048773663068595
0 0.2716956513375135 0.39190309137437523 0.08655702812608305 0.08904578592776913
0 0.24325465561852777 0.1898307918874655 0.07174897908026594 0.08101045278049054
0 0.1415581904276159 0.7007858224726738 0.06090165005328459 0.06985474723340719
0 0.029580639350178527 0.5773275258355557 0.059161278700357055 0.07967963287167112
0 0.2131026959643542 0.71655759925816 0.09485774729586112 0.11455005965020852
0 0.005638447584651501 0.6035620643045487 0.011276895169303002 0.09843426047186625
0 0.06735423715695714 0.6057986711621529 0.05590616108514437 0.06818087148541671
0 0.9635521602324765 0.2183513690128828 0.0304084704707293 0.07547277868534721
0 0.9043585947904198 0.6871922879908341 0.022175305034448912 0.0721659407294446
0 0.7286813192092287 0.19329224515343812 0.08357478227863684 0.0784625433365886
0 0.12767474110503713 0.19262652393569457 0.0671873013432898 0.08255923328250007
0 0.07074984940436826 0.6795452956871876 0.05655030503444869 0.07296602773541672
0 0.5419031836351536 0.4804805077868755 0.06215428666188796 0.06686604404903651
0 0.21009765905276553 0.6224439233463543 0.07955581856236345 0.0919980398696616
0 0.9410015732333218 0.42080422178642446 0.018629639598168525 0.06896820554708327