0 0.21947628912736325 0.4600057381943392 0.1341888538403185 0.13203000132841378
0 0.6664325355150773 0.664591681601922 0.13367116183298844 0.15378802806536954
0 0.18812135576543731 0.696302307377984 0.10690607972372312 0.12855344828173293
0 0.5078566179256532 0.5380751542781672 0.10352804343974462 0.1129204942175381
0 0.30077626161665244 0.684701211165172 0.0952408530427487 0.1099447867746978
0 0.6595070850572916 0.799107582167656 0.14109256265022516 0.12728859243148455
0 0.35856041500004565 0.5444165787498105 0.08550259270387048 0.09417724687674216
0 0.5252326274964905 0.8006706030485032 0.09938234800877037 0.09435558006357354
0 0.37724640356228695 0.6592376028521115 0.07749580325197467 0.09110558762622886
0 0.3752489962661575 0.753069416083828 0.11475748914164052 0.11601090233365312
0 0.6005327911731783 0.881543353146699 0.10821554343974463 0.11294776529477701
0 0.2853932684192175 0.565169961165172 0.08727874538716822 0.09584649348582168
0 0.883833098240415 0.8533127722555893 0.13815180457619292 0.15069143543749347
0 0.5670521589199378 0.6213871031466991 0.09333036374285567 0.10495693210794546
0 0.32185131302578807 0.44142793413600484 0.10213301709585973 0.10208065046753809
0 0.42925871598717436 0.5956063740275462 0.10344975042114654 0.11155387486498078
0 0.46765394991422227 0.7056217234618121 0.10420111548105311 0.10677667267917527
0 0.21278319744640029 0.5781017532214537 0.10493563758852957 0.1238579942175381
0 0.12683458577974882 0.760769328357027 0.06952569416667424 0.09135196828594587
0 0.12732532012880352 0.5762534277912931 0.08521912261445781 0.10334841216510497
0 0.5028347530687226 0.632706398228043 0.07116769318849023 0.07984671150410509
0 0.6224449196352391 0.547572353244895 0.08060144002057275 0.09248981954950324
0 0.2615261182261035 0.792822783373879 0.09815899578595308 0.10683910378774186
0 0.5583482184549963 0.7238581181738137 0.08932170816256199 0.10034720319745886
0 0.08176701986413196 0.48348012051150474 0.05453346783173392 0.12044210272699055
0 0.6987379323963556 0.8973905460633025 0.08315511642168101 0.08655210531254731
0 0.5026985458083718 0.8868035457687149 0.07189373968348338 0.08473009215154761
0 0.1795097733548614 0.8237915031232579 0.11235853563663376 0.12087610226293606
0 0.09992574307587834 0.6671056867682834 0.040190092703870486 0.09391362646343318
0 0.4125835762089114 0.49641034992524524 0.08278385465308294 0.08518378151766245
0 0.7653169206581467 0.7586184166730032 0.13323538085391 0.13826977467444923
0 0.41490510287560856 0.8607319251590143 0.0935681289878488 0.10983747201817558
0 0.33637793311881287 0.8580614431129951 0.086294364412562 0.10032959062674181
0 0.9793318265853346 0.8479889471200159 0.04133634682933085 0.0694837860552557
0 0.13038338140922687 0.8490960301524251 0.051236319527902904 0.07055793969514994
0 0.9944559672572801 0.9267679320929012 0.011088065485439813 0.06911418251062713