0 0.3672327351082946 0.6996322126646273 0.1254094150633799 0.15343315807548824
0 0.07439887985544565 0.8251539586041421 0.06938894633955454 0.08405394028972993
0 0.4596684840748373 0.6026287532497061 0.11270392871110371 0.13623300984099201
0 0.28206152253568206 0.7511595308458462 0.07951202564056317 0.0981841298696164
0 0.14011161703516406 0.7755300596598024 0.09469102639004516 0.12030629631635374
0 0.3220742847367911 0.5526441643689106 0.12915700912352984 0.1584749922881265
0 0.10632731430629568 0.6377260965914333 0.11661366457226227 0.1552311648227082
0 0.3920444522290211 0.8798145905056487 0.08790217408446592 0.11072284131436802
0 0.31210847166884054 0.40582371144681123 0.0974272717116218 0.11410913879807012
0 0.11087561145359279 0.4499942715103554 0.1047892240481596 0.13599728130005584
0 0.07829232133560901 0.9087477086041421 0.05686138660529287 0.07905400492049566
0 0.5708864280362 0.7242252893705582 0.08300089867609248 0.10605117694751698
0 0.16887877997928014 0.8727635698060722 0.0862853623857335 0.1137195023330488
0 0.6246428207164365 0.6529173051988708 0.09560578143040406 0.11271126856675089
0 0.25797551323005713 0.8383692045469523 0.05969983658981359 0.07295620824839659
0 0.4977378724118475 0.6981361221622738 0.07127197482381628 0.0888680746748646
0 0.20092918486062555 0.6040175239459874 0.09739784165578343 0.11557227795188574
0 0.0743088728261323 0.5546232702925394 0.05605444719260775 0.06801373488194287
0 0.3362995663732103 0.8244918908299603 0.08136107565604248 0.10436374715856651
0 0.4838081131062227 0.7851685178602028 0.07323446590630134 0.09329328865618383
0 0.49516072022109847 0.458142367698047 0.10308572324689216 0.13294266401110555
0 0.6816698784077035 0.8700678490303606 0.09590811626288928 0.11710750441293527
0 0.6138830649254683 0.8751604979747004 0.04839391514134021 0.06485513722574439
0 0.518407899085868 0.8901190706201463 0.09283555764004525 0.1202739089888503
0 0.6413830186067406 0.7605252536567433 0.08440875263599246 0.10275813798646745
0 0.7650281879609976 0.8803411014659925 0.07038210142635144 0.09490230702065183
0 0.21361758353671806 0.7085686562512358 0.08424741860477489 0.10138924589028306
0 0.5834291617012617 0.5402633465947286 0.0837372030598452 0.11347987033225451
0 0.0673076637681764 0.7400522556820428 0.06356809822128104 0.08268383786485049
0 0.5680761052483397 0.8149730202958347 0.04341344639134022 0.0647682028203402
0 0.03948441666366053 0.6295102219968228 0.02598891935425688 0.1222295560063543
0 0.043255887713328486 0.7944221558441986 0.015629308105551874 0.06740568831160268
0 0.21832639247083946 0.4739209208617323 0.06483522063651045 0.08055926471143202
0 0.7471257504097755 0.7813541765470704 0.08933277010908647 0.10791808360331849
0 0.04983983560363264 0.9022073823052483 0.019457172533716306 0.08464603079331923
0 0.028793011577427297 0.5006857926136739 0.013964603442607748 0.067279053926468
0 0.9557794664970448 0.8629375929445761 0.06828342721213972 0.09174321509696384
0 0.41923607505966265 0.48996115787608885 0.0648718771966605 0.08553632426906325