0 0 0.571988590625 0.0009043140625 0.5722730953124999 0.030588198437500002 0.5726184984375 0.034210831250000004 0.57032500625 0.0394743984375 0.5638445015625 0.0462475859375 0.5482231171875 0.0468567953125 0.5377634046875001 0.0438643578125 0.5220283875 0.040415015625 0.5141381484374999 0.0285573640625 0.4996083234375 0.001670521875 0.49144536875 0 0.4921530578125 0 0.571988590625
0 0 0.4423416859375 0.012600459375000001 0.4287838671875 0.016396259375 0.4164641265625 0.0172415359375 0.40195127812500003 0.014884992187500001 0.3895599515625 0.0103829359375 0.38296581406249997 0.0046758625 0.3802827078125 0 0.3802283 0 0.4423416859375
0 0.066178509375 0.4677637625 0.0649868953125 0.454666396875 0.061689854687500004 0.44416123281250003 0.0478790796875 0.42960868124999996 0.0430809109375 0.42735288281250006 0.0279574546875 0.42717690625 0.018277599999999998 0.4344976359375 0.0084985734375 0.4513923953125 0.0078893640625 0.46185210625 0.0107294984375 0.48020205312500003 0.017032379687499998 0.48943384375 0.0314224375 0.502268053125 0.033319862500000005 0.5022901328125 0.049778596875 0.4976649796875 0.0636161765625 0.4782007453125 0.066178509375 0.4677637625
0 0.062560209375 0.5525382703124999 0.074278959375 0.55267463125 0.0823960640625 0.547535684375 0.088975525 0.5394350546875 0.0913362078125 0.4989036765625 0.0837935875 0.48998454843749994 0.07613339062499999 0.48727871250000004 0.0642623375 0.48975728125 0.0602037859375 0.49232675625000005 0.048471634375 0.5091987890625 0.0460616015625 0.5170208453125 0.0451477890625 0.5327104109375 0.0466440078125 0.540577921875 0.0568531375 0.549855165625 0.062560209375 0.5525382703124999
0 0.1902325828125 0.6800874296874999 0.19239527343750001 0.6429554546875 0.191241309375 0.639278646875 0.1774506140625 0.6274884015625 0.1594384625 0.6272788109375 0.145571325 0.6348221796875 0.133991475 0.6490792843750001 0.13158144375 0.6569013421875 0.130515328125 0.6752058359374999 0.13501738593749998 0.6817999718750001 0.15733251875 0.697614459375 0.167604509375 0.697733984375 0.1833886046875 0.6902129218749999 0.188652171875 0.68373241875 0.1902325828125 0.6800874296874999
0 0.1354592 0.5198540031250001 0.134140384375 0.5156519375 0.12597174375 0.5064953515624999 0.11213452343750001 0.5063343421875001 0.1010537390625 0.5199769984375 0.10046700312500001 0.5300508703125 0.100271003125 0.5413570078125 0.1051996046875 0.54787336875 0.11216993593749999 0.552475778125 0.12191019218750002 0.553354859375 0.1232570859375 0.5533705328125 0.12930691875 0.54830444375 0.1341494015625 0.54234238125 0.1354592 0.5198540031250001
0 0.1447505203125 0.548245090625 0.150305290625 0.553543125 0.154211540625 0.5535885781250001 0.16022321875 0.55104183125 0.16969764062499998 0.5393769265625 0.17195537031250002 0.534169796875 0.1731737875 0.5132503749999999 0.1652223875 0.4987660046875 0.1595153140625 0.49608289531249994 0.1497496890625 0.49596926249999995 0.1383221421875 0.5076114406250001 0.1360644125 0.51281856875 0.1353029015625 0.5258932078125 0.1402484625 0.541650953125 0.1447505203125 0.548245090625
0 0.1011145765625 0.48537588749999994 0.1042727171875 0.48148758750000004 0.10683998593749999 0.4743215375 0.10780156562500001 0.45781183593749997 0.0996451609375 0.44349159218749995 0.09018414062499999 0.4381481046875 0.08432476562499999 0.438079925 0.07019598437499999 0.44576562031250005 0.06703784375 0.4496539234375 0.06597172812499999 0.4679584171875 0.0775247734375 0.4877180984375 0.08276569375000001 0.48879345625 0.09412757499999999 0.4889256640625 0.1011145765625 0.48537588749999994
0 0.057042879687500006 0.43846025781250003 0.081201953125 0.4387413734375 0.0875020609375 0.435540578125 0.09487105625 0.4264678734375 0.10163825312500001 0.4025602015625 0.1030267421875 0.378720778125 0.09011800156250001 0.357070021875 0.07104365781250001 0.348997971875 0.05917260625 0.3514765375 0.053160929687500004 0.3540232859375 0.03932335 0.3734875203125 0.0346555890625 0.38651670625 0.033894078125 0.39959134375 0.036886515625 0.4153263625 0.048591864062500004 0.43247111718750003 0.057042879687500006 0.43846025781250003
0 0 0.3660779953125 0.0084492125 0.3878609328125 0.0286379375 0.38809585 0.0353477859375 0.3830212890625 0.042869084375 0.3713336578125 0.0473845421875 0.360919403125 0.046192928125 0.34782203749999996 0.038241528125 0.333337665625 0.0307336328125 0.3280169046875 0.0151086328125 0.3278350921875 0.006991528125 0.3329740390625 0.0017279593749999999 0.33945454375 0 0.3425433453125 0 0.3660779953125
0 0 0.2950417421875 0.008916128125 0.30328558125 0.0152455265625 0.30663494999999996 0.0387457265625 0.3069084 0.050084056249999995 0.3011479125 0.060015384375 0.28163822656250004 0.0665481375 0.2533666609375 0.067068503125 0.244432325 0.0647099484375 0.23459225468749997 0.054957726562499996 0.2174702265625 0.051203778125 0.21480984531249997 0.0435435796875 0.2121040125 0.0201060796875 0.2118312921875 0.004467678125 0.228657871875 0 0.239845890625 0 0.2950417421875
0 0 0.2320497296875 0.001709575 0.234553734375 0.00883773125 0.234636678125 0.0131167234375 0.17747361718750002 0.008310060937499999 0.1761093359375 0 0.18239411249999998 0 0.2320497296875
0 0 0.1771192296875 0.0044354671875 0.1872651828125 0.011855678125000001 0.19558282031250002 0.024587162500000002 0.195730965625 0.028468775 0.19408658437499998 0.0393768875 0.182973596875 0.0410706734375 0.1538924328125 0.038274604687500005 0.1431750390625 0.031819421875 0.1365581765625 0.02611235 0.13387506875 0.018147546875 0.136399090625 0.007925015625 0.1441302390625 0.0005560203125 0.15320294375000001 0 0.1565696953125 0 0.1771192296875
0 0.0710360796875 0.34637310625 0.0867020734375 0.34655539687500003 0.0896822296875 0.3460958078125 0.09930895468749999 0.331815975 0.09958041875 0.3305107828125 0.10114913125 0.30357703125 0.09933575781250001 0.29779918906249997 0.0894312328125 0.283292090625 0.0837241609375 0.28060898125 0.0720054109375 0.280472621875 0.0659937328125 0.2830193703125 0.060730165625 0.28949987187500004 0.0520038515625 0.3050985328125 0.0510900390625 0.3207881 0.057988725 0.3365685703125 0.0710360796875 0.34637310625
0 0.107324128125 0.2378243421875 0.099220425 0.22595489687499998 0.0885100875 0.21836460156249998 0.07781987500000001 0.218240209375 0.066765409375 0.2295023 0.0645076796875 0.234709428125 0.063136959375 0.25824377656249997 0.066586303125 0.266134015625 0.0748423078125 0.2753885328125 0.0797109328125 0.27767745312500003 0.0945747171875 0.277850409375 0.1098596578125 0.26140414375 0.11062116875000001 0.24832950625 0.107324128125 0.2378243421875
0 0.050479103125 0.205440253125 0.0671342390625 0.21967942968749998 0.08233680625 0.21985632812499997 0.0964536921875 0.204666865625 0.10096915 0.1942526078125 0.10137634531249999 0.192294821875 0.1026061859375 0.17117928124999998 0.10114825624999998 0.15762089375 0.0909391265625 0.14834365 0.083278928125 0.1456378171875 0.069607053125 0.1454787296875 0.0614899484375 0.150617678125 0.0499101 0.16487478125 0.045394640624999996 0.17528903906249999 0.044328525 0.193593534375 0.045977046875 0.19884611562500001 0.050479103125 0.205440253125
0 0.12272985781250001 0.18136901562500002 0.128249146875 0.187555828125 0.1503484015625 0.1878129765625 0.169161353125 0.1727508453125 0.1750809875 0.161717440625 0.176825934375 0.131757840625 0.17655715156250001 0.129661353125 0.1734124125 0.11654126406250001 0.16891035625 0.10994712499999999 0.159449334375 0.1046036390625 0.136011834375 0.10433091875 0.12984785625 0.1094925921875 0.1224788609375 0.1185652953125 0.115705671875 0.13418668281249999 0.1159834734375 0.1629736125 0.12272985781250001 0.18136901562500002
0 0.12956394531249998 0.2418821859375 0.1397864765625 0.2341510375 0.144628959375 0.228188975 0.1448269515625 0.22478956874999997 0.14281911875 0.1988608765625 0.13456311406250002 0.189606359375 0.12479748906250002 0.1894927265625 0.1187858109375 0.19203947500000002 0.10326795156249999 0.2135077375 0.10271560312500001 0.222991209375 0.10568294062500001 0.23244585624999997 0.11018499687500001 0.23903999374999998 0.1158920703125 0.24172310000000002 0.12956394531249998 0.2418821859375
0 0.20796000937499998 0.2364594109375 0.20836720625 0.2345016234375 0.2094028609375 0.216720115625 0.207682209375 0.20767247968749997 0.183013690625 0.188193071875 0.1798472109375 0.1881562265625 0.1666799859375 0.190186825 0.1522466 0.20310237656250002 0.144725303125 0.214790009375 0.144546196875 0.2514217234375 0.1488959515625 0.2606307859375 0.15820467031250002 0.268589203125 0.1645976234375 0.2708474046875 0.1837912984375 0.27107074375 0.2013391234375 0.24946586874999999 0.20796000937499998 0.2364594109375
0 0.138131484375 0.29696164999999997 0.1545179953125 0.2840688265625 0.167166121875 0.2707651546875 0.16747980625 0.2653794109375 0.166707053125 0.259352009375 0.162204996875 0.2527578734375 0.1564979234375 0.25007476562500003 0.1429783515625 0.247300753125 0.1389197984375 0.249870225 0.131550803125 0.2589429296875 0.1268830421875 0.271972115625 0.1265784390625 0.277201971875 0.1298754796875 0.287707134375 0.138131484375 0.29696164999999997
0 0.1442263359375 0.387877284375 0.154691115625 0.38344405312499996 0.174540371875 0.361433075 0.17617722656249998 0.35765790468750003 0.17843510625 0.3188916046875 0.16902580625000002 0.30510985625 0.15581083906249998 0.2971059859375 0.128619390625 0.2941728859375 0.1245608390625 0.296742359375 0.1086178328125 0.3187987984375 0.1069425078125 0.347563 0.11158346562499999 0.3685506015625 0.119534865625 0.3830349734375 0.1294694078125 0.387705571875 0.1442263359375 0.387877284375
0 0.1074144359375 0.4562455328125 0.1310482765625 0.4565205375 0.1449595625 0.43727489531249997 0.14699178125 0.40238304375 0.1442514359375 0.396581334375 0.1349427171875 0.3886229171875 0.11931771718749999 0.388441103125 0.10924748749999999 0.3935573265625 0.099773065625 0.40522223124999995 0.097363034375 0.4130442875 0.096144615625 0.43396370781250004 0.097640834375 0.44183121875 0.10379141249999999 0.4536779359375 0.1074144359375 0.4562455328125
0 0.156056709375 0.49170732812500006 0.167318553125 0.49968847031249997 0.17343123124999998 0.5007933578125 0.1858371828125 0.5009377140625 0.1928614796875 0.49736899062499995 0.20459363125 0.4804969578125 0.2070036640625 0.4726749 0.20837438281249998 0.4491405515625 0.20522964375 0.436020459375 0.19727824375 0.4215360875 0.18211015 0.4135094921875 0.1703914 0.41337313125 0.1624265984375 0.41589715156249996 0.148741321875 0.4327464609375 0.14633128906249998 0.440568515625 0.1449605703125 0.46410286406249995 0.1478007046875 0.4824528109375 0.156056709375 0.49170732812500006
0 0.193137290625 0.41545334218749996 0.19925483593749999 0.41978877812500004 0.22363272968749998 0.420072440625 0.23430521875000002 0.41331567500000005 0.239873390625 0.4016053171875 0.2471569328125 0.373865825 0.24770014375 0.36453925 0.2412709140625 0.34405417968749996 0.23512033593749998 0.3322074640625 0.21979994062500002 0.32679579375 0.20808119062500002 0.326659434375 0.19801096093749998 0.33177565625 0.1864311125 0.34603276250000004 0.17581600625 0.3638598046875 0.1748351796875 0.3806999390625 0.1776779953125 0.3956482078125 0.193137290625 0.41545334218749996
0 0.17694114218749998 0.3143410296875 0.1814432 0.320935165625 0.19270504375 0.32891630781250003 0.20652922031249998 0.32646046875 0.214646325 0.32132151875 0.2208103046875 0.31615984375 0.22833160156250001 0.3044722125 0.23104623750000003 0.2914203 0.2280538 0.27568528125 0.22370404531250002 0.26647621718750003 0.20868825468750002 0.25583469375 0.1888524 0.26083728281249996 0.1795302796875 0.269887259375 0.175014821875 0.280301515625 0.173796403125 0.3012209375 0.17694114218749998 0.3143410296875
0 0.236847175 0.158265471875 0.22874347187500002 0.1463960265625 0.21385626875 0.13851807031250002 0.21302438437500001 0.138508390625 0.20365745156249998 0.140870725 0.1920776015625 0.1551278296875 0.187409840625 0.16815701562500002 0.18783994375 0.19432901875 0.2015112140625 0.20873457499999998 0.21945432031249998 0.20894336249999998 0.2273459484375 0.2039471625 0.2369726734375 0.18966733125 0.23999191406249998 0.1713855640625 0.236847175 0.158265471875
0 0.2546434578125 0.1580800421875 0.247565665625 0.178931284375 0.24695645625 0.1893909953125 0.249796590625 0.2077409421875 0.254742153125 0.2234986890625 0.2610450328125 0.2327304796875 0.26350363906249996 0.234472865625 0.2915900546875 0.23479968125 0.3023652625 0.2279778828125 0.3139451109375 0.2137207765625 0.317116653125 0.192824084375 0.3171434578125 0.15880729531249999 0.310840578125 0.1495755046875 0.2958247859375 0.13893398125 0.2860591609375 0.1388203484375 0.27012955625 0.143868390625 0.262012453125 0.14900733906250002 0.2546434578125 0.1580800421875
0 0.271028165625 0.28447801250000004 0.27487906875 0.2737289328125 0.2761622140625 0.251698165625 0.2707637671875 0.23868268593750003 0.2632558703125 0.233361925 0.2543311328125 0.23123901562500002 0.25053943125 0.23119489531249998 0.24161919375 0.23572685937500001 0.23003934374999999 0.2499839625 0.22732470781249997 0.2630358765625 0.2303171453125 0.2787708953125 0.23196566562499998 0.284023478125 0.23842084687499998 0.290640340625 0.2449045140625 0.29523524375 0.255026209375 0.2953530203125 0.267870025 0.2883663109375 0.271028165625 0.28447801250000004
0 0.28179560000000003 0.31604828125 0.27044908125 0.3017867171875 0.2555852984375 0.3016137625 0.25045681875 0.3037863578125 0.23661923906250001 0.3232505921875 0.2357054265625 0.33894015781250003 0.2390024671875 0.349445321875 0.247258471875 0.35869983906249997 0.25712565 0.361046925 0.2599950578125 0.36108031406249996 0.266789721875 0.35892710625 0.2803944203125 0.3401056140625 0.28179560000000003 0.31604828125
0 0.2865594796875 0.417677540625 0.291498640625 0.4145505515625 0.30701649999999997 0.3930822875 0.30756885 0.3835988171875 0.30775965312500003 0.37025586875 0.2891422171875 0.35433903437500003 0.2793765921875 0.35422540156250004 0.2693063625 0.35934162187499996 0.2619373671875 0.36841432812499997 0.2577363828125 0.38014059375000003 0.25665503749999996 0.39870658125 0.2578520109375 0.4050005890625 0.2680215140625 0.4174618328125 0.2865594796875 0.417677540625
0 0.25332254062500004 0.46850704062500004 0.2689609421875 0.4516804625 0.269243159375 0.45102957187500003 0.2708613703125 0.42324596249999996 0.25893091875 0.405771503125 0.24946989843749998 0.400428015625 0.24165739843749998 0.40033710781250004 0.23158716875000002 0.40545332968750003 0.222112746875 0.417118234375 0.21878890156250003 0.44062985781249997 0.22043742187499998 0.44588243906249997 0.2321427703125 0.463027190625 0.245510040625 0.46841613437499996 0.25332254062500004 0.46850704062500004
0 0.18378693125 0.5491475515625 0.190855703125 0.5541571140625 0.20348833125 0.5543041078125001 0.21113068125 0.549465725 0.21669885312499998 0.53775536875 0.21776496875 0.519450875 0.214467928125 0.5089457109375 0.2042587984375 0.4996684671875 0.19321233124999998 0.5004123078125 0.1835612203125 0.508696753125 0.17795588281250002 0.5137987265625 0.17583553125 0.53466318125 0.18378693125 0.5491475515625
0 0.2577807578125 0.540450325 0.2647062484375 0.5222140109375 0.2657723625 0.5039095171875 0.2597740875 0.48944787187500005 0.25046536875 0.48148945468750004 0.23874661874999997 0.48135309531250003 0.230629515625 0.48649204218750003 0.22310821718749999 0.4981796765625 0.2215851953125 0.5243289515625 0.23043700781249998 0.5401321515624999 0.23689218906249998 0.5467490125000001 0.2505640640625 0.5469080984375 0.2577807578125 0.540450325
0 0.2935974734375 0.462406475 0.29030043125 0.45190131093749997 0.283692946875 0.447899375 0.270021071875 0.4477402890625 0.2659625203125 0.45030976093749997 0.2564880984375 0.46197466875000004 0.255574284375 0.4776642328125 0.2664005453125 0.490930240625 0.281986453125 0.4911116 0.29281253125 0.475883409375 0.2935974734375 0.462406475
0 0.320740096875 0.5307742703125 0.3251032546875 0.5229749406249999 0.32621184687500004 0.519880509375 0.3281346625 0.48686704687500004 0.3273877875 0.483751025 0.32288572968749996 0.477156890625 0.313424709375 0.4718134015625 0.2976474078125 0.474246515625 0.286219859375 0.48588869375000004 0.281856703125 0.49368802343749996 0.28048598281250003 0.5172223734375 0.2926337546875 0.5350151421875 0.3157008859375 0.535283553125 0.320740096875 0.5307742703125
0 0.319035090625 0.4712164328125 0.3261826484375 0.466691303125 0.33355164375 0.4576186 0.336684684375 0.4474499265625 0.3377279546875 0.4295376734375 0.3356838734375 0.4210096140625 0.32742786874999996 0.411755096875 0.3199199734375 0.4064343359375 0.3082012234375 0.40629797500000003 0.2979786921875 0.414029125 0.290609696875 0.42310182812499997 0.288199665625 0.430923884375 0.287438153125 0.4439985234375 0.300190528125 0.47099715625 0.319035090625 0.4712164328125
0 0.290776834375 0.3270401953125 0.3021435328125 0.327172459375 0.3181895203125 0.3203748421875 0.3276639421875 0.30870993750000003 0.32935723906250003 0.3048045921875 0.3314894703125 0.2681956046875 0.3302530796875 0.2642561671875 0.3201962515625 0.2523639953125 0.3105829296875 0.2496354359375 0.2928525015625 0.252045821875 0.2794718296875 0.2636652734375 0.27480406875 0.276694459375 0.2719371296875 0.2923613 0.27312874374999996 0.3054586640625 0.2828809671875 0.32258069218749996 0.290776834375 0.3270401953125
0 0.3340989984375 0.2462392296875 0.3514781921875 0.2464414546875 0.3586232484375 0.241917909375 0.36641332968749996 0.2323267671875 0.3685151 0.19624076562499998 0.3682767765625 0.1936212921875 0.3669328609375 0.1831388546875 0.3570283359375 0.1686317546875 0.3394502109375 0.1684272140625 0.32742685625 0.1735207109375 0.3200578609375 0.18259341406250001 0.3155424015625 0.193007671875 0.31386707812500003 0.2217718765625 0.32181847812500003 0.2362562484375 0.3340989984375 0.2462392296875
0 0.33787050937499996 0.1552817234375 0.34313407812499996 0.1488012203125 0.3446063328125 0.12352358593749999 0.34120775625 0.11476170781249999 0.334752575 0.10814484531249999 0.3210807 0.10798575937499999 0.3149167203125 0.11314743281249999 0.30950085 0.1222428640625 0.3067862140625 0.1352947765625 0.30993095312499996 0.14841486718750002 0.314649775 0.1553264984375 0.33691178437499997 0.15558554062500002 0.33787050937499996 0.1552817234375
0 0.3606644765625 0.1573754140625 0.36486192968750003 0.1691994046875 0.3780768984375 0.1772032734375 0.3937721578125 0.1812641140625 0.40135859375000005 0.181352390625 0.40737377343750003 0.1775441734375 0.412637340625 0.171063671875 0.41715280000000005 0.1606494140625 0.41762786093750004 0.15836533125000002 0.4187587046875 0.13894949375 0.41852351875 0.137115065625 0.41342565625 0.123972246875 0.4035211296875 0.10946514843749999 0.39601323437499997 0.1041443859375 0.38624760937499997 0.10403075312500001 0.3781305046875 0.10916970156250001 0.37076150937499996 0.11824240625 0.36188289375 0.13645599218749999 0.3593205609375 0.1468929765625 0.3606644765625 0.1573754140625
0 0.38925885781249997 0.253669146875 0.3945790671875 0.25476077343750003 0.40997799687500003 0.25493995625 0.4146494828125 0.25396459375 0.42592472812500004 0.24493734374999998 0.43372387031250004 0.230996040625 0.43543225156250004 0.201664275 0.4265741421875 0.18345245 0.4114060484375 0.17542585625 0.40344124687500005 0.1779498765625 0.37893763125 0.19598165 0.3735217609375 0.20507708125000002 0.37095942656249997 0.2155140640625 0.37004561406250003 0.2312036328125 0.371694134375 0.2364562109375 0.3797978375 0.24832565624999997 0.38925885781249997 0.253669146875
0 0.3797702390625 0.3050067734375 0.38713923437500003 0.29593406875 0.3914289203125 0.286040525 0.392708259375 0.26407513125 0.3895760703125 0.25409522500000004 0.383273190625 0.2448634359375 0.37075975625 0.2372844625 0.3633969578125 0.23719878906249997 0.3541286171875 0.24190760937500003 0.344806496875 0.2509575859375 0.33788100625 0.2691939 0.335437834375 0.28094061875 0.3353312234375 0.28277106875 0.3401119328125 0.2980035578125 0.3464148125 0.307235346875 0.35512245625 0.3121533359375 0.3682409453125 0.3123059828125 0.3797702390625 0.3050067734375
0 0.36676415 0.3605297609375 0.3678607265625 0.34170228125 0.3676833234375 0.3380368375 0.361532746875 0.3261901203125 0.3559779765625 0.320892084375 0.3468868578125 0.318311740625 0.3458259015625 0.3182993953125 0.3364467265625 0.32066481874999997 0.32622419375 0.32839596718749997 0.316749771875 0.3400608734375 0.31388283437500003 0.3557277109375 0.3170275734375 0.3688478046875 0.32693209843750004 0.3833549015625 0.32974060625 0.3853452609375 0.34888386250000003 0.3855680125 0.3617971453125 0.3719854453125 0.36676415 0.3605297609375
0 0.38276148125 0.3984706859375 0.416171284375 0.3988594453125 0.4228409796875 0.393519515625 0.42442262499999994 0.3906922578125 0.4270958 0.34479560781249996 0.423185790625 0.33726448124999997 0.411923946875 0.3292833375 0.392392696875 0.3290560703125 0.38638101874999997 0.3316028171875 0.37705890000000003 0.34065279375 0.3748011703125 0.3458599234375 0.37117272031250004 0.3746014015625 0.3761182828125 0.3903591484375 0.3806203390625 0.39695328281250003 0.38276148125 0.3984706859375
0 0.34453394843749996 0.4267756484375 0.343924740625 0.4372353578125 0.3515715359375 0.45694958437500005 0.3630652953125 0.4639109765625 0.3774975234375 0.46407891093750003 0.3879328015625 0.45344763749999994 0.3924482609375 0.4430333796875 0.395162896875 0.42998146718749997 0.3905219390625 0.4089938671875 0.3860198828125 0.40239973124999995 0.3767111640625 0.3944413140625 0.3708517890625 0.394373134375 0.3546175796875 0.40465103124999996 0.34920171093749997 0.41374646249999997 0.34453394843749996 0.4267756484375
0 0.3562208765625 0.5076109843750001 0.3571064921875 0.5070503000000001 0.36337013906250004 0.4993385 0.365053078125 0.47044355 0.3578948078125 0.459958875 0.350234609375 0.45725304062500005 0.344375234375 0.45718485937500003 0.334152703125 0.4649160109375 0.33099456250000003 0.4688043109375 0.3263268015625 0.4818334953125 0.3257175921875 0.4922932078125 0.3291669359375 0.5001834421875 0.3352417296875 0.5073668703124999 0.3562208765625 0.5076109843750001
0 0.36904220468750004 0.5361792296875 0.3695 0.52831919375 0.3566155078125 0.5121245375 0.3466975796875 0.5146258296874999 0.3394808875 0.5210836078125001 0.3372231578125 0.5262907359375 0.336461646875 0.5393653765625 0.340963703125 0.5459595109375 0.341771265625 0.546531821875 0.36103805 0.5467560109375 0.3656062203125 0.5423212000000001 0.36904220468750004 0.5361792296875
0 0.419584315625 0.5140307234375 0.4229081609375 0.4905191015625 0.42156424374999996 0.48003666406249995 0.41541366718750006 0.4681899453125 0.39669026875 0.454920884375 0.392687575 0.45487430937499995 0.3805620203125 0.462551009375 0.3667244421875 0.48201524687499997 0.3643144109375 0.48983730156250005 0.362943690625 0.5133716500000001 0.376297559375 0.5357689859375 0.3801868203125 0.5375974734375 0.40087548437500004 0.5378382078125 0.4076998609375 0.5335176859375 0.41506885625 0.52444498125 0.419584315625 0.5140307234375
0 0.44729195156249996 0.4485382828125 0.44771370624999995 0.4471694234375 0.44884455 0.4277535859375 0.4486626703125 0.425003934375 0.436361515625 0.401310496875 0.43187954062499995 0.3974786671875 0.42160754999999994 0.3973591421875 0.4159298546875 0.399764403125 0.409765875 0.4049260796875 0.40013915000000005 0.41920591093750004 0.3974245140625 0.4322578234375 0.3987684296875 0.4427402609375 0.40551481562499997 0.4611356609375 0.41373627031250004 0.4676277046875 0.42782047187499994 0.4677915890625 0.43977065312499997 0.46022591406249996 0.44729195156249996 0.4485382828125
0 0.4682749171875 0.2854196109375 0.46256784531250006 0.28273650156249996 0.44303659531250006 0.28250923437500003 0.4295036203125 0.29674361562499996 0.4227304328125 0.312365 0.4213597125 0.33589935 0.42285593125 0.34376685937499996 0.43276045625000004 0.35827395625 0.445823121875 0.36889275625 0.461600425 0.36645964062499997 0.46971752968749997 0.36132069218749996 0.48160198281250005 0.34183373281249996 0.48401201406250005 0.334011675 0.483429609375 0.3104545984375 0.47668322500000004 0.2920591984375 0.4682749171875 0.2854196109375
0 0.41712102656249994 0.2694149265625 0.40344915156249994 0.26925584062499996 0.39412703125 0.2783058171875 0.38540071875000004 0.293904475 0.3861354265625 0.3148466234375 0.3948265109375 0.32512380625000004 0.41332091875000004 0.32533900781249997 0.42253953437499997 0.31564259843750003 0.4247093609375 0.27838810937499997 0.41712102656249994 0.2694149265625
0 0.45165535312499994 0.28217986562499997 0.45902434843749995 0.2731071609375 0.46143437968749995 0.26528510625 0.4623481921875 0.24959553906249998 0.45439679218749995 0.23511116875 0.441029521875 0.2297222265625 0.43501784375 0.232268975 0.42554342187499994 0.243933878125 0.4232856921875 0.24914100625 0.4222195765625 0.2674455015625 0.42821785312499994 0.2819071453125 0.43245378749999996 0.28490910625 0.44597375625 0.285066425 0.45165535312499994 0.28217986562499997
0 0.4833376828125 0.204196128125 0.4713416375 0.20405654218749997 0.4621346046875 0.21299479062499999 0.45761914687500005 0.22340904843749998 0.45655303125 0.2417135421875 0.47012070625 0.2587668984375 0.48015249843749996 0.258883628125 0.48403568124999996 0.25642518281250004 0.49561553125 0.242168075 0.49668164687500005 0.22386358125 0.4869294234375 0.20674155624999999 0.4833376828125 0.204196128125
0 0.43863977031249995 0.206156234375 0.4395678296875 0.20681393906249998 0.46588308906250003 0.20712014375 0.4732002140625 0.20001662812499998 0.47966879687499997 0.1896250984375 0.4799700515625 0.18864734218749998 0.48200709374999995 0.15367268437499998 0.48180102812500003 0.1530161125 0.473697325 0.14114666874999998 0.46423630468750005 0.135803178125 0.45447067968750005 0.13568954375 0.44440045 0.14080576875 0.43492602812500003 0.15247067187500002 0.43041056875 0.16288492968749999 0.42888754687499997 0.1890342046875 0.43053606718750004 0.19428678906250002 0.43863977031249995 0.206156234375
0 0.471618396875 0.43690405468750004 0.48304594375 0.42526187968749996 0.48756140312499996 0.414847621875 0.4892098921875 0.4058391890625 0.4897924484375 0.3958370890625 0.488932121875 0.3913132703125 0.47917989843750003 0.3741912453125 0.4676134515625 0.3714399578125 0.45964864843750003 0.3739639796875 0.450326528125 0.38301395625 0.4480688 0.38822108593750004 0.441143309375 0.4064574 0.442487225 0.4169398359375 0.457946521875 0.43674496874999996 0.471618396875 0.43690405468750004
0 0.43189520625 0.52077871875 0.443428165625 0.5289520000000001 0.47006662656250003 0.529261965625 0.47050080000000005 0.5290780359375 0.4757643671875 0.52259753125 0.483311190625 0.507115984375 0.48468343281250004 0.4835554859375 0.477161890625 0.46504639687499993 0.4689058859375 0.45579187968749996 0.459444865625 0.450448390625 0.449679240625 0.4503347578125 0.43945670937500003 0.45806590468749997 0.427876859375 0.4723230140625 0.425466828125 0.48014506875 0.4225998890625 0.49581190781249995 0.425744628125 0.5089319999999999 0.43189520625 0.52077871875
0 0.4727453640625 0.1430940765625 0.49270527187499996 0.14332633125 0.499066175 0.1392992375 0.5044820453125001 0.13020380781250002 0.5075012859375 0.1119220390625 0.49970218749999995 0.094822740625 0.4921942921875 0.089501978125 0.4843817921875 0.0894110703125 0.46498944218749994 0.1035772703125 0.4639233265625 0.1218817625 0.4654195453125 0.1297492734375 0.4727453640625 0.1430940765625
0 0.4838700046875 0.18208959375 0.4871670453125 0.1925947578125 0.49691926875 0.209716784375 0.5156890078125 0.22301869062500002 0.5254546328125 0.2231323234375 0.5415365390625 0.2154693515625 0.5510109625 0.20380444843749998 0.5555264203125 0.193390190625 0.559307171875 0.162033784375 0.5564670375 0.1436838375 0.5503164593750001 0.1318371203125 0.533195240625 0.123787796875 0.5056991890625 0.1260845515625 0.5016406375 0.1286540265625 0.48810766250000004 0.1428884046875 0.4858499328125 0.148095534375 0.4838700046875 0.18208959375
0 0.549564653125 0.280017578125 0.553920415625 0.27465476093749996 0.558435875 0.26424050781249997 0.5593496874999999 0.24855094218749998 0.5563572515625 0.2328159171875 0.5443472984375 0.220901021875 0.534733975 0.21817246250000003 0.5287222984375 0.22071920781249998 0.5127792921875 0.2427756453125 0.5117131765625 0.2610801359375 0.513361696875 0.266332721875 0.519664578125 0.2755645125 0.52657524375 0.279750071875 0.549564653125 0.280017578125
0 0.48958606875 0.3137179609375 0.511069440625 0.3139679421875 0.519698884375 0.305176421875 0.5219566125 0.2999692921875 0.52317503125 0.27904987187499997 0.5134228078125 0.2619278453125 0.5039617875 0.25658435625 0.49810241250000004 0.25651617656250003 0.49013760937499995 0.25904019843750004 0.48081548906249993 0.268090175 0.47630003125 0.27850443281250004 0.4758431234375 0.286349215625 0.4807886859375 0.3021069609375 0.487091565625 0.3113387515625 0.48958606875 0.3137179609375
0 0.5219342171875 0.37417831874999996 0.5225380656249999 0.370521965625 0.523634640625 0.351694484375 0.518359375 0.334886221875 0.5138573171874999 0.3282920859375 0.5081502453125 0.3256089796875 0.4925252453125 0.32542716562499996 0.48109769687500004 0.3370693421875 0.47883996875 0.342276471875 0.47762155 0.36319589375 0.4912204 0.3856606890625 0.5108010296875001 0.38588853125 0.5219342171875 0.37417831874999996
0 0.5285836859375 0.4328277734375 0.5365484875 0.4303037515625 0.5446655921875 0.42516480312500005 0.5495007125 0.41765132656250004 0.5517634874999999 0.3788009734375 0.544109990625 0.36759094062500003 0.5384029171875 0.36490783437499996 0.524578740625 0.3673636734375 0.5205201890625 0.3699331484375 0.5108934640625 0.3842129796875 0.508635734375 0.389420109375 0.5074173171874999 0.41033953125 0.5099662484375 0.41691094062499995 0.5228766125 0.43014466406249996 0.5285836859375 0.4328277734375
0 0.49339493125 0.47637241093749993 0.5029865250000001 0.47466848281249996 0.5111036296875 0.469529534375 0.5186249265625 0.457841903125 0.5210349578125 0.45001984687499996 0.521948771875 0.43433027968750004 0.5203002515625 0.42907769843750004 0.5102434234375 0.417185528125 0.50453635 0.41450241875 0.4907121734375 0.41695826093750005 0.477026896875 0.433807565625 0.474616865625 0.44162962187500004 0.47355074999999996 0.45993411718750005 0.483455275 0.474441215625 0.4874149984375 0.476302828125 0.49339493125 0.47637241093749993
0 0.5120155468750001 0.5250594093750001 0.5179008656249999 0.5206084296875 0.5254221640625001 0.5089207984375 0.5274720296875001 0.5005712109375 0.527746175 0.49586434218750003 0.5267928828125 0.4853864484375 0.5167360546875 0.4734942796875 0.5032164828125001 0.4707202640625 0.4938943625 0.479770240625 0.487425778125 0.490161771875 0.485132228125 0.5026952453125 0.48491030156250003 0.506505565625 0.49070941875 0.517675328125 0.499615415625 0.5249151203125 0.5120155468750001 0.5250594093750001
0 0.535539059375 0.33770605625 0.541904803125 0.3377801296875 0.5502543531249999 0.3342429796875 0.559728775 0.322578075 0.5616568 0.3163204296875 0.5619614046875 0.3110905734375 0.5612517968749999 0.2964287984375 0.5549489171875 0.2871970078125 0.543534771875 0.28183079375000003 0.5336168453125001 0.2843320859375 0.525499740625 0.2894710359375 0.5205171390625 0.29783883125 0.5194693 0.3158295328125 0.520666275 0.322123540625 0.5250160296875 0.3313326046875 0.535539059375 0.33770605625
0 0.582086221875 0.2608587875 0.57645865 0.25261611875 0.566693025 0.2525024859375 0.5554177796875 0.2615297328125 0.55316005 0.266736865625 0.5522462375 0.282426428125 0.558396815625 0.29427315 0.5621507625 0.29693352968750003 0.5719163875 0.2970471625 0.580461665625 0.28875134999999996 0.582086221875 0.2608587875
0 0.5875072109375 0.2398065484375 0.59115338125 0.23940801406249998 0.5992704859375 0.234269065625 0.6045340546875 0.2277885625 0.6122412203125001 0.19948705 0.6134855296875 0.17812308906250002 0.601734125 0.15841343593749999 0.5865660312500001 0.1503868390625 0.5786012296874999 0.15291085937499999 0.562962828125 0.1697374390625 0.55844736875 0.180151696875 0.5555804296875 0.1958185375 0.5560105328125 0.221990540625 0.56576275625 0.23911256718749999 0.5663953640625 0.2395608890625 0.5875072109375 0.2398065484375
0 0.6374234109375 0.19348060625000002 0.62714129375 0.1933609640625 0.6201491203125 0.19961783125000002 0.617891390625 0.2048249609375 0.616825275 0.2231294546875 0.6211750296874999 0.2323385171875 0.6279645781250001 0.23715019375000002 0.6350282468749999 0.23723238750000003 0.643372678125 0.22873123125 0.6449372375 0.20186879218749998 0.6408853859375 0.1959340703125 0.6374234109375 0.19348060625000002
0 0.680140684375 0.237540875 0.6804419375 0.2365631171875 0.6816413171875 0.2159705625 0.681511403125 0.21400652656250002 0.669653753125 0.1994767 0.659888128125 0.199363065625 0.6462028515625 0.21621237187500003 0.646937559375 0.2371545203125 0.649486490625 0.2437259296875 0.6583569312499999 0.2500123125 0.66724003125 0.2501156765625 0.6727716890625 0.246613578125 0.680140684375 0.237540875
0 0.6488030390625 0.25317040468749996 0.6418698234375 0.248256909375 0.6191894578125 0.2479929984375 0.6116936640625 0.252738596875 0.5990875796874999 0.27125765625 0.5980349453125 0.28933068125 0.5978292828125 0.3062196171875 0.6038564796875 0.31504761718749996 0.6415638515625 0.31548638281249997 0.6486105328125 0.3068105109375 0.65327829375 0.2937813234375 0.65315279375 0.2623794671875 0.6488030390625 0.25317040468749996
0 0.5724742359375 0.352065725 0.5781813078125 0.3547488328125 0.5957594328125 0.3549533734375 0.605081553125 0.345903396875 0.607113509375 0.34121697968750003 0.6079587875 0.32670413125 0.6052606593750001 0.3092716828125 0.6009109046875001 0.30006261875 0.5896490609375 0.292081475 0.5798834359375 0.29196784062500003 0.57176633125 0.297106790625 0.5643973359375 0.30617949375000003 0.5598182765625 0.3210414015625 0.5592902953125 0.330106484375 0.56421823125 0.34281120781249996 0.5724742359375 0.352065725
0 0.6049165859375 0.4192046109375 0.6092797421875 0.41140528125 0.61230434375 0.38632015468750003 0.6127003296875 0.3795213421875 0.60315596875 0.36554177656250003 0.587187378125 0.35550618749999996 0.5735112875 0.3553470515625 0.5663511984375 0.3598801140625 0.558982203125 0.3689528171875 0.5547812171875 0.3806790828125 0.5532734265625 0.406566865625 0.5562407640625 0.4160215140625 0.5661452890625001 0.43052861406250004 0.5809130828125 0.43517468593749997 0.5848796140625 0.435220840625 0.5934890390625001 0.4308467875 0.6049165859375 0.4192046109375
0 0.56722343125 0.4782918921875 0.569660571875 0.4741989484375 0.5714873515625001 0.4428343453125 0.5657540156249999 0.43640759687499997 0.5620000671875001 0.4337472171875 0.5444219421875001 0.4335426765625 0.5393106765625 0.437408253125 0.53479521875 0.4478225109375 0.533729103125 0.4661270046875 0.53987968125 0.47797371875000005 0.545087703125 0.48166458749999996 0.5629476453125 0.4818724078125 0.56722343125 0.4782918921875
0 0.562932990625 0.5343386859375 0.5665325953125 0.5279042375 0.568179190625 0.49963330156249997 0.5587623421875 0.48849790625 0.55305526875 0.4858147984375 0.539078790625 0.4908855671875 0.5338152218750001 0.49736607031249996 0.5291474609375 0.51039525625 0.5301867734375 0.5261075484375 0.5346888296875 0.5327016859375 0.5398053234375 0.536327684375 0.5599924359374999 0.5365625828125 0.562932990625 0.5343386859375
0 0.57954133125 0.521154465625 0.605871384375 0.52146084375 0.6132671890625 0.5174377140625 0.6225310687500001 0.506032028125 0.6245566890625 0.47125348906250003 0.6230730203125 0.4665261671875 0.6149693171874999 0.454656721875 0.6112153703125001 0.45199634218750007 0.5955903703125001 0.451814528125 0.5915318171874999 0.45438400156250003 0.5736356859375 0.47641771093749996 0.57137795625 0.4816248390625 0.5701595390625 0.5025442609375 0.5751051015625 0.51830200625 0.57954133125 0.521154465625
0 0.6468802375 0.5158194671875 0.6561889546875 0.5237778859375 0.6654827390625 0.525281603125 0.6755087640624999 0.525398265625 0.685790434375 0.5188889296875 0.6931594296875 0.5098162265624999 0.7018543687500001 0.4863671015625 0.7037581453125 0.4536805078125 0.7025217546875 0.44974107031250005 0.6944180531249999 0.4378716234375 0.6906641046875001 0.43521124375 0.66933203125 0.432346321875 0.6592618031249999 0.43746254375 0.645728828125 0.451696921875 0.6366979109375001 0.47252543906250005 0.6354794921875 0.493444859375 0.638776534375 0.503950025 0.6468802375 0.5158194671875
0 0.6241516390624999 0.4622583140625 0.634767234375 0.46037247031249995 0.6388257859375 0.4578029984375 0.646347084375 0.446115365625 0.647717803125 0.42258101562499994 0.6444207625 0.41207585468749997 0.6361647578125 0.4028213375 0.6206920593749999 0.40002459687499997 0.6113699390625 0.409074571875 0.604749053125 0.42208102968750005 0.602339021875 0.42990308749999995 0.60127290625 0.44820758125 0.615235984375 0.460145203125 0.61961845 0.462205565625 0.6241516390624999 0.4622583140625
0 0.63027660625 0.396660109375 0.651804390625 0.3969106078125 0.65598166875 0.3947883234375 0.6612452375 0.388307821875 0.668087103125 0.368151621875 0.6681848312499999 0.366473709375 0.6627950625000001 0.328141759375 0.6600938281250001 0.3241852765625 0.646878859375 0.3161814078125 0.631253859375 0.31599959375000003 0.6199786140625 0.32502684375 0.613578425 0.337599753125 0.611999559375 0.3647078375 0.61678026875 0.379940325 0.62473166875 0.394424696875 0.63027660625 0.396660109375
0 0.6589329640625 0.28707035625 0.6685194828125 0.323815703125 0.6746700609375 0.335662421875 0.6812913125 0.33940203750000003 0.7018016421875 0.339640696875 0.7099786124999999 0.3334565734375 0.7320855984375 0.3062384625 0.736375284375 0.29634492031250004 0.7366037375000001 0.292422528125 0.7366278609375 0.26180741875 0.731529996875 0.2486645984375 0.72147316875 0.23677242812500002 0.7063050750000001 0.228745834375 0.6945863250000001 0.22860947343750002 0.67850441875 0.2362724421875 0.6628660171874999 0.2530990203125 0.65843164375 0.26547675000000004 0.6582717265625 0.2682224203125 0.6589329640625 0.28707035625
0 0.7173077343750001 0.3686920484375 0.7189562546875 0.37394463125 0.7342632484375 0.39636469218750003 0.7443668796875 0.40111478749999996 0.747954846875 0.4011565375 0.7555953203125 0.3992296140625 0.76506974375 0.387564709375 0.7722998375000001 0.364098540625 0.773822859375 0.33794926406250003 0.75671504375 0.312891546875 0.74499629375 0.3127551875 0.7329729390625 0.3178486828125 0.7213930890625 0.3321057875 0.7189830578125 0.33992784375 0.7173077343750001 0.3686920484375
0 0.693159234375 0.43179011093749997 0.6959501171875 0.43002320000000005 0.702114096875 0.42486152343750005 0.711740821875 0.4105816921875 0.712704834375 0.40745286875 0.7141567828125 0.3825238921875 0.70726556875 0.36997076875 0.6961560265625 0.35937469843750003 0.6746716515625 0.3591247046875 0.669408084375 0.365605209375 0.6626348953125001 0.38122659375 0.6602248640624999 0.38904865 0.6591587484375 0.40735314375 0.6744657421875 0.42977320625 0.6770471625 0.4316026296875 0.693159234375 0.43179011093749997
0 0.74289594375 0.5157608125 0.747462446875 0.5086647531249999 0.7499210390625 0.46645234843749994 0.7478951125 0.4634849859375 0.7267153421875 0.4580051390625 0.7169497171875 0.4578915046875 0.71168615 0.4643720078125 0.7049129609375 0.4799933921875 0.70369454375 0.5009128140625 0.7053430640625 0.506165396875 0.71374589375 0.5164618421875 0.740506115625 0.516773225 0.74289594375 0.5157608125
0 0.7293346234375 0.46035511093750003 0.7339144875 0.4593988765625 0.7412834828125 0.45032617343750003 0.7425018999999999 0.429406753125 0.7361990203125 0.42017496249999997 0.7244802703125 0.42003860312499997 0.7130527234375 0.43168077812499994 0.712138909375 0.44737034531250003 0.71378743125 0.452622928125 0.720594628125 0.4602534125 0.7293346234375 0.46035511093750003
0 0.772952203125 0.5249685640624999 0.7738984875 0.5245676875 0.7856306390625 0.5076956515625 0.78691180625 0.5024771609375 0.787597165625 0.4907099875 0.787001359375 0.48416130312499994 0.7824993015625 0.47756716875 0.7691320312500001 0.47217822500000006 0.7533547281249999 0.474611340625 0.750928615625 0.50284346875 0.750471709375 0.5106882515625 0.7518183046875 0.517769009375 0.7582734875 0.5243858734375 0.7597866984375 0.5248153703125 0.772952203125 0.5249685640624999
0 0.7542407203125 0.4392655125 0.762344421875 0.4511349546875 0.78107379375 0.465647828125 0.80036994375 0.46587235781249997 0.808762515625 0.45952518124999997 0.8182369375 0.4478602734375 0.8248578234374999 0.4348538171875 0.82726785625 0.42703176093749995 0.8281816687499999 0.4113421953125 0.826837753125 0.40085975781250005 0.8217398890625001 0.38771693749999997 0.8098822374999999 0.3731871140625 0.7965149671875 0.3677981703125 0.7808899671875 0.3676163578125 0.774878290625 0.37016310625000004 0.7592398890625 0.386989684375 0.7524667 0.402611071875 0.7495997625 0.418277909375 0.7542407203125 0.4392655125
0 0.787846628125 0.3320665765625 0.787389721875 0.339911359375 0.7906867625 0.35041652343749996 0.7986381625 0.364900896875 0.8080218765625 0.3705843015625 0.8220918156250001 0.3707480203125 0.8277827359375 0.367856725 0.8330463046875 0.3613762203125 0.8375617625 0.3509619625 0.8393893890624999 0.31958283125000003 0.8378931703125 0.311715321875 0.8317425937499999 0.2998686046875 0.8240823953125 0.29716276875 0.8102582187499999 0.2996186109375 0.7965729406250001 0.3164679171875 0.787846628125 0.3320665765625
0 0.8646150703125001 0.47707056875 0.8674820078125001 0.4614037265625 0.8662903937499999 0.4483063625 0.8526319203125 0.43113888593749994 0.8272412953125 0.4308434390625 0.82318274375 0.433412909375 0.8116028937499999 0.447670015625 0.804220496875 0.47375111406250003 0.807212934375 0.48948613124999996 0.8171174593750001 0.5039932296875 0.8304847296875 0.5093821734375 0.84430890625 0.506926334375 0.8646150703125001 0.47707056875
0 0.8491576656250001 0.371062959375 0.83728218125 0.3709247765625 0.8313669890625001 0.37343065000000003 0.8259511187499999 0.38252607968749996 0.8211310562499999 0.3981701921875 0.82067415 0.406014975 0.8321187968749999 0.42558925781249995 0.8480003546875 0.42577405625000003 0.8510103359375 0.42206816875 0.8609550671875 0.3855500875 0.8528513640625001 0.37368064218749997 0.8491576656250001 0.371062959375
0 0.9199969703124999 0.4120939734375 0.9224070015624999 0.40427191718750005 0.9233208156250001 0.3885823515625 0.918375253125 0.3728246046875 0.908470728125 0.35831750625000003 0.9036725593750001 0.3560617078125 0.882897096875 0.3558199640625 0.869547128125 0.37225643750000004 0.868176409375 0.3957907875 0.8696726265624999 0.4036582984375 0.8776240281250001 0.41814266875 0.88678044375 0.4287160140625 0.893220684375 0.43099091874999995 0.8963312171875 0.4310271140625 0.90631169375 0.4289432796875 0.917739240625 0.41730110312499996 0.9199969703124999 0.4120939734375
0 0.8666690703125 0.48207265781249997 0.8699661109375001 0.492577821875 0.8818237609375 0.507107646875 0.8896362609375 0.5071985531250001 0.907518990625 0.5021732390625 0.9157883968749999 0.49441936249999996 0.9212042671875 0.48532393125000006 0.92602433125 0.46967981875 0.9267858421874999 0.45660518124999994 0.9234888 0.446100015625 0.9116311500000001 0.431570190625 0.8960061500000001 0.43138837656250006 0.88383049375 0.43909680156249997 0.8722506437499999 0.45335390625 0.8672782781249999 0.471612946875 0.8666690703125 0.48207265781249997
0 0.9507928437500001 0.4457328625 0.936310778125 0.4455643484375 0.92745794375 0.451776953125 0.923524890625 0.48574828593749997 0.9312773203125 0.4971032234375 0.944900975 0.49726175 0.9513121453125001 0.49523006875000003 0.955370696875 0.49266059218749997 0.9616026296875001 0.48297655781250004 0.9628979234375 0.46073722031250003 0.956006709375 0.44818409687500005 0.9507928437500001 0.4457328625
0 0.810113278125 0.6839600625 0.8153768453125 0.6774795609375001 0.8220978890625 0.6500230203124999 0.8225360328125 0.6425003593749999 0.8221768375 0.6278413859375 0.8176747796875 0.6212472531250001 0.8103986078125001 0.6160907109375 0.7923382328125 0.6158805593750001 0.7885302078125 0.6182914234375 0.7769503578125 0.6325485296875 0.7724349 0.6429627890625 0.7705565859375 0.6490590859375 0.76889915625 0.677516059375 0.774804725 0.6861659109375 0.78392190625 0.6939605734375001 0.7849667890625 0.6939727328124999 0.797937621875 0.6916684859375 0.810113278125 0.6839600625