0 0.0157632546875 0.9018748671875001 0.019054046875 0.9226238 0.026719354687500002 0.9315203109375 0.027570234375000002 0.931791496875 0.063570425 0.930743996875 0.0672400265625 0.9264329 0.072751640625 0.913244603125 0.07435700468749999 0.9001699640625 0.07336709687500001 0.8923820109375 0.07074513906249999 0.8820359609375 0.0666650078125 0.8756407171875 0.053635278125 0.870808671875 0.039963403125000005 0.8712064828124999 0.018358525 0.8965881828125 0.0157632546875 0.9018748671875001
0 0 0.8465675703125 0.00276195625 0.84648720625 0.006936437500000001 0.8437927249999999 0.012652459375 0.79723946875 0.0042872546875 0.786514359375 0 0.78663910625 0 0.8465675703125
0 0.0283764359375 0.8508083171875 0.0506836546875 0.85015924375 0.06329540156249999 0.839683571875 0.0780776875 0.8223171468749999 0.0835359234375 0.7778633765625 0.08222494375 0.77269035 0.06934240625 0.758734475 0.055991604687499995 0.7565173578125 0.0264003453125 0.7756174734375 0.0158453828125 0.7902553109375 0.0129290390625 0.798156925 0.0103604578125 0.819076346875 0.0113503640625 0.8268642984374999 0.02163763125 0.8461068609375 0.0283764359375 0.8508083171875
0 0.1159570234375 0.865686846875 0.11647607812500001 0.864629509375 0.1197510203125 0.8379572468750001 0.1194888234375 0.836922640625 0.10855941093749999 0.8229099359375001 0.0948875359375 0.8233077468750001 0.0887070890625 0.8260931625 0.08220556875 0.831493509375 0.07392480312500001 0.843459590625 0.07167729375000001 0.861764084375 0.08157941875 0.8772847875 0.10526286874999999 0.87659566875 0.1159570234375 0.865686846875
0 0.11350159374999999 0.9245174609375001 0.12131409374999999 0.9242901390625 0.1395343640625 0.9185488140625001 0.1452198578125 0.9118694187499999 0.14711548125 0.90673336875 0.148014484375 0.8994115718750001 0.14778844062500002 0.890949996875 0.1448454078125 0.8832188734375 0.138812153125 0.8768804609374999 0.12968867343749998 0.8719347562499999 0.12382929843749998 0.8721052468750001 0.11146840312499999 0.8776760828124999 0.1057829078125 0.8843554765625001 0.1005923671875 0.894928846875 0.09916088437500001 0.9145123906249999 0.11350159374999999 0.9245174609375001
0 0.1181298453125 0.840412171875 0.1380308796875 0.8398331109375 0.149853040625 0.8277736375 0.1524483125 0.82248695 0.15301485937499998 0.8206465546875 0.15513394062500002 0.8033880312499999 0.15501689375 0.8015675281249999 0.152394934375 0.7912214796875 0.1483148046875 0.7848262359375 0.14114445 0.7798237 0.1372382 0.7799373609375 0.12260310625 0.7881799546875 0.11691761249999999 0.7948593484375001 0.111084925 0.8106625765625 0.10947956249999999 0.8237372140625 0.1181298453125 0.840412171875
0 0 0.7713298203125001 0.0085345078125 0.7750966906250001 0.0307583375 0.77445004375 0.043217740625 0.7674328140625 0.053772703125 0.7527949765625 0.054003468750000005 0.7521042953125 0.0594381984375 0.7078419734375 0.0554718828125 0.6993310312500001 0.039820193749999996 0.6841529390625001 0.02028894375 0.684721240625 0.0121553703125 0.6875634890625 0.002242553125 0.696971471875 0 0.7012513125 0 0.7713298203125001
0 0 0.6978227203125 0.0081400359375 0.6897543359375 0.0130710484375 0.6797096328125 0.0162978296875 0.653429609375 0.015551396875000002 0.6452437343749999 0.0082071625 0.6337322953125 0 0.6280064109375 0 0.6978227203125
0 0.038190259375 0.6029728484375 0.067523303125 0.60211934375 0.075958378125 0.5966748 0.08391807031250001 0.587323646875 0.0856070046875 0.5834746921875 0.0911588875 0.538258234375 0.090339525 0.5350250937500001 0.0777780609375 0.518454290625 0.056293685937500004 0.519079421875 0.0335250203125 0.5301642640625001 0.0301137234375 0.5341719 0.025244254687500002 0.54213034375 0.0220068390625 0.552646884375 0.01943825625 0.5735663062499999 0.03462168125 0.6004831609375 0.038190259375 0.6029728484375
0 0.101862971875 0.5731262015625 0.110389940625 0.5790752046875001 0.12891810312500002 0.5785360890625 0.13897234687499999 0.5720464296875 0.14693203906250002 0.5626952765625 0.1516035265625 0.55317924375 0.15410789375 0.5327828078125 0.15043715156249998 0.5182983375 0.13723354062499998 0.5069573875 0.1297421140625 0.5045697796875 0.1258358640625 0.504683440625 0.10892657343750001 0.5155977921875 0.10096688125 0.5249489453125 0.09571746249999999 0.5391718484375 0.0944117671875 0.5498058890624999 0.0977828421875 0.5667309578124999 0.101862971875 0.5731262015625
0 0 0.5246812671875001 0.016414203125 0.5242036640625 0.0248701484375 0.5142695093749999 0.0277309609375 0.509593921875 0.029765759375 0.49302181875000006 0.0264488234375 0.485562134375 0.018783515625 0.47666562343749996 0.0054327140625 0.4744485046875 0 0.4779551296875 0 0.5246812671875001
0 0.117549590625 0.5071843296874999 0.12937541875 0.49329119062500004 0.1318706125 0.47296946562500003 0.12723515000000002 0.46000197343749993 0.1184327421875 0.4524413390625 0.1106202421875 0.452668659375 0.0917578265625 0.46363983906249995 0.08902879062499999 0.4668459484375 0.0884187515625 0.47181431093750004 0.089068740625 0.50931583125 0.090243415625 0.5111570296875 0.1123933015625 0.5105125328125 0.117549590625 0.5071843296874999
0 0.1672727703125 0.518257209375 0.179641603125 0.5102735640625 0.18987549374999999 0.49825065312500005 0.200347559375 0.47319288593750003 0.2008933828125 0.468747509375 0.20087203125 0.4562413203125 0.1966180203125 0.443337171875 0.1873206609375 0.4318825640625 0.1730208984375 0.42467489374999995 0.1717670390625 0.42471137812500004 0.16061905625 0.4274483296875 0.1479370875 0.43563409374999995 0.1380242703125 0.4450420765625 0.1275522046875 0.4700998453125 0.12687795156249998 0.47559119375 0.1263855859375 0.49228126562499996 0.1290075453125 0.5026273156250001 0.13993695781249998 0.5166400234374999 0.14506501562500002 0.5189033890625 0.1672727703125 0.518257209375
0 0 0.46852286093749995 0.0049616765625000005 0.468378490625 0.017001498437500002 0.46542258125 0.029188514062499997 0.45334284062499997 0.0347001265625 0.44015454218750005 0.036305490625 0.427079903125 0.0340046046875 0.414118925 0.028292421875 0.4051655828125 0.011998587500000001 0.39521734531249997 0.0041860874999999995 0.395444665625 0 0.39873158124999997 0 0.46852286093749995
0 0 0.3852306484375 0.0040537937500000005 0.3905783234375 0.009592096875000001 0.39302275937500003 0.019357721875 0.39273860781250003 0.0317186171875 0.3871677734375 0.07594496875 0.3598250640625 0.09567363437500001 0.3366475671875 0.1085933734375 0.23142474375000002 0.0999316109375 0.204094790625 0.0909553234375 0.1900252546875 0.0671700625 0.1776894078125 0.0359200625 0.178598690625 0.015746665625 0.184396846875 0.0030646984375 0.1925826109375 0 0.19589194999999998 0 0.3852306484375
0 0 0.20687823593750002 0.043219778125000004 0.1789813921875 0.048905271875 0.172301996875 0.049520728125 0.15143940625000002 0.045908862499999994 0.13330540156249998 0.036611503125 0.12185079218749999 0.0255348984375 0.11696191874999999 0.0040505234375 0.11758705 0 0.1206560140625 0 0.20687823593750002
0 0 0.1323380046875 0.0026503453125 0.1322608875 0.010483940625 0.127204578125 0.0239317375 0.1094134890625 0.02661754375 0.08753935 0 0.07643563125 0 0.1323380046875
0 0.0143485375 0 0.00684870625 0.0088109015625 0 0.02736695625 0 0.060439774999999994 0.006139434375 0.070062796875 0.009065846875 0.071354425 0.0253901125 0.0708794375 0.0360784546875 0.0639804890625 0.044038146875 0.0546293375 0.051328990625 0.0384416984375 0.0549952390625 0.00858249375 0.0540447796875 0.00483205 0.049445365625 0 0.0143485375 0
0 0.061407559375 0.1465594953125 0.069679284375 0.1536643109375 0.094717753125 0.152935765625 0.10128608593749999 0.146701940625 0.11161738125000001 0.13071570937500002 0.11495011718749999 0.1035727578125 0.1145568234375 0.10202085000000001 0.11030281093750001 0.089116703125 0.1013265234375 0.075047165625 0.09415616875 0.07004463125 0.07462491875 0.0706129328125 0.0638960765625 0.0787418640625 0.053020040625 0.0959946296875 0.0491404796875 0.111741028125 0.052431271875 0.1324899609375 0.061407559375 0.1465594953125
0 0.0707852078125 0 0.0652233546875 0.002946653125 0.0572636625 0.0122978046875 0.049798923437499996 0.025542934375 0.0478724875 0.0412325 0.0496058 0.049934903125 0.06594176406249999 0.049459575 0.10745614375000001 0.0473155484375 0.1080394125 0.045735226562499995 0.10966618125000001 0.032486259375 0.107723840625 0.013435150000000002 0.1003796046875 0.0019237109374999999 0.09683088125 0 0.0707852078125 0
0 0.1401814640625 0 0.1384532546875 0.0009155999999999999 0.1148952515625 0.026354131250000003 0.10646729375 0.04744404375 0.10421978437499999 0.06574853750000001 0.11777115625000001 0.09010729375 0.126252490625 0.100282853125 0.1559251109375 0.11690262343749999 0.1607011453125 0.11676365625 0.18128775156250002 0.1117094171875 0.206330615625 0.09795281875 0.21429030781249997 0.088601665625 0.2269455875 0.064783165625 0.22951416875000002 0.0438637453125 0.22686552187500003 0.017884957812499998 0.2233032609375 0 0.1401814640625 0
0 0.1022430078125 0.22132894687500002 0.107505903125 0.2241818828125 0.1349958953125 0.22338200625 0.1518604703125 0.20555450312499998 0.15461627656250002 0.1989603546875 0.1595929046875 0.158428975 0.158281925 0.15325595 0.1440884078125 0.1341270484375 0.129105553125 0.1293518359375 0.11706573125 0.13230774218750002 0.10861108593749999 0.13776491875000002 0.0935077265625 0.157746271875 0.090591384375 0.1656478859375 0.088343875 0.18395238125 0.0932667203125 0.2072594078125 0.1022430078125 0.22132894687500002
0 0.1355411421875 0.307439696875 0.1390586515625 0.30585441874999997 0.14474414687499998 0.2991750234375 0.153647040625 0.27025453593750004 0.1557996875 0.25272263437500003 0.14935966875 0.23780946875 0.1366510125 0.2303624953125 0.1229791375 0.23076030625000002 0.11029716875 0.2389460703125 0.09974220624999999 0.2535839078125 0.09586264531250001 0.26933030156250004 0.10209646875 0.297810359375 0.10454454843750001 0.30164750156250003 0.11208273906249999 0.3081222671875 0.1355411421875 0.307439696875
0 0.07253603125 0.449395553125 0.10611635156250002 0.448418465625 0.10752221718749999 0.4477848671875 0.11402373750000001 0.44238452187500005 0.1336754921875 0.4170596515625 0.136591834375 0.40915803906250003 0.1381971984375 0.39608340000000003 0.1345853328125 0.377949396875 0.12397699375 0.3613217625 0.11158940937499999 0.35125986249999996 0.09369021093749999 0.35438626093750003 0.08100824375 0.362572025 0.070774353125 0.3745949359375 0.06071434375 0.39312675 0.0575036171875 0.4192760265625 0.059804503125 0.43223700625 0.07253603125 0.449395553125
0 0.2407692296875 0.143984790625 0.24393840781249998 0.11817391562499999 0.23134360312500002 0.0955346 0.21571860312500002 0.0959892421875 0.2069428859375 0.10406134375000001 0.20093631875 0.11335566562499999 0.1960935375 0.136946846875 0.200842503125 0.153744971875 0.22097224375 0.160160559375 0.22455245937499999 0.1600563859375 0.2371358515625 0.15138615 0.2407692296875 0.143984790625
0 0.1721257953125 0.2332000609375 0.2023236109375 0.23232139375 0.2046094953125 0.2308459359375 0.214843384375 0.218823028125 0.2205529796875 0.20719231875 0.2241489953125 0.17790513125000001 0.22257582031249998 0.17169749843749998 0.2135995328125 0.1576279625 0.204476053125 0.152682259375 0.192757303125 0.15302323906249998 0.1803964078125 0.158594075 0.1701625171875 0.17061698593750002 0.1620556328125 0.1890919703125 0.1598081234375 0.2073964625 0.162109009375 0.2203574421875 0.1721257953125 0.2332000609375
0 0.1450285046875 0.325785534375 0.1569478234375 0.3475861953125 0.1736875046875 0.359264953125 0.1977567546875 0.3585646109375 0.2132673765625 0.3485530484375 0.2329191296875 0.32322817812500004 0.2350334796875 0.31749950937500004 0.2402910453125 0.27468006875 0.23540764687500002 0.25541055 0.22969546406250002 0.246457209375 0.2173078796875 0.2363953125 0.1922383265625 0.2345191734375 0.1841047546875 0.23736142343750002 0.1714227859375 0.24554718437499998 0.1540452296875 0.2682002984375 0.14529620000000001 0.2919051390625 0.1430486921875 0.31020963125 0.1450285046875 0.325785534375
0 0.1607384734375 0.4248907375 0.1665978484375 0.4247202484375 0.17700561875 0.41920624218749997 0.1849653109375 0.409855090625 0.1867820015625 0.406154409375 0.189318475 0.38549648125 0.1791997515625 0.3696362765625 0.17366145 0.3671918390625 0.1619427 0.36753281875 0.154625153125 0.37165411718749997 0.1471604140625 0.384899246875 0.144669471875 0.3940912734375 0.143898896875 0.40036709843749996 0.14459183281250002 0.40581866718750004 0.15161499375 0.41994503437499997 0.1607384734375 0.4248907375
0 0.1775520328125 0.5320467718749999 0.17757872187499998 0.5476795078125 0.18020068125 0.5580255578125 0.18591286406250002 0.5669788984374999 0.1888219484375 0.5690084765625001 0.2192907515625 0.568121925 0.233256128125 0.553876215625 0.2358514 0.54858953125 0.24037310625 0.5276132796875 0.23970427187499999 0.5172103984375 0.2290959328125 0.5005827640625 0.22192557812499997 0.49558023125000006 0.20434745312499997 0.496091703125 0.1958928078125 0.5015488765625 0.1833847203125 0.5162435453125 0.1775520328125 0.5320467718749999
0 0.165708953125 0.5714405734375 0.140318328125 0.572179365625 0.13218475624999998 0.5750216109374999 0.11999774062499999 0.587101353125 0.07095529687499999 0.653667978125 0.0602531421875 0.6774296468750001 0.0567213421875 0.7061938515625 0.057711248437499994 0.71398180625 0.08563001718749999 0.7639783671875 0.094432425 0.771539 0.1297998796875 0.7793528171874999 0.151345271875 0.7787259109375 0.176784746875 0.7665372078125 0.2136668640625 0.727683059375 0.22372687343750003 0.7091512453125 0.2266432171875 0.7012496296874999 0.22889072656249998 0.6829451359375 0.2274729921875 0.61524116875 0.22044982968750002 0.6011148015625001 0.2031660890625 0.583378609375 0.1924105578125 0.57587480625 0.165708953125 0.5714405734375
0 0.154181628125 0.8911869781249999 0.16446889375 0.9104295421874999 0.1749887625 0.9134897953125 0.21393713124999997 0.9123565140625001 0.21688219687500002 0.9115100546875 0.2248418890625 0.902158903125 0.22801106718750003 0.8945756296875 0.2336378671875 0.8487490234375 0.23353754218749997 0.8471885921875 0.229604603125 0.8316695140625001 0.22552447187500002 0.8252742734374999 0.20955171093749997 0.812711103125 0.1958798359375 0.8131089140625001 0.17929161875 0.8214083375 0.16742567656250001 0.8308731515625001 0.151854053125 0.8625932640625 0.150890834375 0.8704380468749999 0.154181628125 0.8911869781249999
0 0.172249453125 0.76701899375 0.1742292671875 0.782594896875 0.1861485859375 0.8043955578125 0.1879953953125 0.8056840187500001 0.21324817343750002 0.8049492390624999 0.22162590781249997 0.8007576875 0.2373714125 0.775546478125 0.24092989999999997 0.762415009375 0.2389500875 0.74683910625 0.231926925 0.7327127375 0.2247565703125 0.727710203125 0.2052253203125 0.7282785031250001 0.1863629046875 0.7392496875 0.18067740937500001 0.7459290796875 0.172249453125 0.76701899375
0 0.252865415625 0.8843356234374999 0.2624151828125 0.8891490984375 0.2777348109375 0.8887033437499999 0.2920751078125 0.8740751890625 0.2951245515625 0.8678633328125 0.2986964859375 0.8387722625 0.2985232515625 0.837409371875 0.291179015625 0.8258979312499999 0.2820555359375 0.8209522296875 0.2722899109375 0.8212363796875 0.259929015625 0.8268072140625 0.2519693234375 0.8361583671874999 0.2467787828125 0.8467317375000001 0.24453127343749997 0.8650362312500001 0.24715323281249998 0.8753822828125 0.252865415625 0.8843356234374999
0 0.26599989062499996 0.812630371875 0.2764076609375 0.8071163671875 0.2866415515625 0.7950934562499999 0.28703084218749997 0.794300453125 0.29046014531250003 0.7663710140625 0.2815181375 0.7496447875000001 0.277932959375 0.7471435203125 0.262307959375 0.7475981625 0.2538533140625 0.7530553375 0.2481678203125 0.75973473125 0.2397398625 0.78082464375 0.24040869687500002 0.791227525 0.245478734375 0.8054107203124999 0.2526490890625 0.81041325625 0.26599989062499996 0.812630371875
0 0.250928878125 0.6952449640625 0.2534892375 0.7203577906249999 0.2605124 0.7344841546875001 0.2742109625 0.7497190828125 0.27570925 0.7501966046875 0.3003186203125 0.7494805453125 0.3139156078125 0.7433526234375 0.32869789374999997 0.7259862015625 0.336224178125 0.7106548109374999 0.3396275484375 0.682936578125 0.338356765625 0.6631711015625 0.331333603125 0.6490447359375 0.3261163734375 0.643985371875 0.3078694140625 0.6340939640625 0.2906123625 0.6319905046875001 0.27597726875 0.6402331015625 0.265743378125 0.6522560109375 0.25795756718749996 0.6681160671875 0.2521114953125 0.6856133140625 0.250928878125 0.6952449640625
0 0.27266910625 0.6428577421874999 0.27282343125 0.6428532515625001 0.28937068906249996 0.63457431875 0.304152975 0.6172078937500001 0.3168082546875 0.59338939375 0.31866976875 0.5873423828125001 0.3235460609375 0.54762816875 0.322239803125 0.5333028875 0.31163146249999996 0.5166752531250001 0.29892280625 0.50922828125 0.2895482140625 0.50691476875 0.28936013125 0.5069202421875 0.2575861078125 0.5130366421875 0.24913146249999998 0.5184938171875 0.234349178125 0.53586024375 0.22819541875 0.554278396875 0.224984690625 0.5804276749999999 0.231218515625 0.6089077281249999 0.233840475 0.619253778125 0.23792060468749998 0.6256490234375 0.25747854375 0.6407134578125 0.27266910625 0.6428577421874999
0 0.2285560796875 0.452674196875 0.22563973593750003 0.46057581093750005 0.22275008125 0.484110159375 0.22373998906249998 0.4918981109375 0.22913109843749999 0.5034663828125 0.23278476874999998 0.5070094984375 0.2622379921875 0.5061524984375 0.2738790921875 0.49565038437500003 0.2816649046875 0.479790328125 0.2832702671875 0.46671569062499996 0.28228036093750003 0.4589277359375 0.27802635000000003 0.44602358750000004 0.2687289890625 0.43456897968749997 0.26319068749999996 0.4321245421875 0.25147193749999996 0.4324655234375 0.24529148906249998 0.43525094218750005 0.2285560796875 0.452674196875
0 0.1944895671875 0.3814215578125 0.1886568796875 0.3972247828125 0.18673044375 0.41291434843749997 0.1906633828125 0.428433421875 0.19963967031250002 0.44250295937499995 0.20403483125 0.44556932812500005 0.2330785265625 0.44472424374999997 0.23447484687500003 0.44409494687500006 0.2515313296875 0.42405676249999996 0.2573640171875 0.408253534375 0.2579794734375 0.3873909453125 0.2556785875 0.37442996562499997 0.2467023 0.36036043125 0.2395319453125 0.3553578953125 0.2200006953125 0.355926196875 0.2050445296875 0.3667837171875 0.1944895671875 0.3814215578125
0 0.3172085515625 0.375756678125 0.308282184375 0.370917825 0.30015555 0.3711542859375 0.2880855578125 0.3831180359375 0.2854902875 0.3884047203125 0.283242778125 0.40670921406250005 0.290265940625 0.42083558125 0.2972813796875 0.4257300359375 0.3053952875 0.4254939453125 0.3171147359375 0.41614598281250004 0.3200364171875 0.41137091562499994 0.3229831515625 0.387371690625 0.3172085515625 0.375756678125
0 0.25255823906249997 0.36418044374999997 0.2595814015625 0.37830681093749996 0.2667435890625 0.38146798125000003 0.28731771093749997 0.3808693359375 0.2927845265625 0.37734070000000003 0.30074421875 0.36798954687499996 0.30253549375 0.36370335 0.3065890359375 0.33068988906249996 0.3042493296875 0.32359260624999997 0.29331991875 0.3095799 0.28778161562500004 0.3071354625 0.27801599062500004 0.3074196125 0.27183554375 0.31020503125 0.2676082203125 0.31293361875 0.254779059375 0.3302432140625 0.2518627171875 0.338144828125 0.25025735312499997 0.3512194671875 0.25255823906249997 0.36418044374999997
0 0.257986821875 0.26339703124999997 0.2543283625 0.26575843906249996 0.24149920156250002 0.283068034375 0.24085705625 0.2882978890625 0.2451110671875 0.3012020375 0.25081957187500004 0.30719927343750003 0.26316910625 0.30683993906249996 0.270026796875 0.29878343281249997 0.2735861171875 0.2697950921875 0.27043564999999997 0.2630348078125 0.257986821875 0.26339703124999997
0 0.2240517046875 0.20405765312500002 0.2340224390625 0.22270813750000001 0.23923966874999997 0.2277675046875 0.2440276484375 0.2311079296875 0.262458359375 0.23057165156249998 0.2761751640625 0.22017882656249999 0.29060699218749997 0.1945715765625 0.2937963140625 0.1685966296875 0.2930043890625 0.1623662671875 0.2859812265625 0.1482399 0.27881087187500003 0.143237365625 0.27327257031249996 0.1407929265625 0.25960069531249996 0.1411907375 0.25342024687500003 0.1439761578125 0.24073827812499998 0.1521619203125 0.23245751406249998 0.16412800156250001 0.22634120000000002 0.185411209375 0.2240517046875 0.20405765312500002
0 0.2910296015625 0.3044578875 0.2910603703125 0.3044714671875 0.3183498640625 0.303677425 0.32682799687499997 0.298205090625 0.346158678125 0.275495146875 0.34810513125 0.271530134375 0.35161017499999997 0.242983840625 0.343456653125 0.2182508875 0.3357913453125 0.20935437656250003 0.326667865625 0.204408671875 0.307136615625 0.2049769734375 0.294454646875 0.21316274062499999 0.28649495625 0.22251388906249997 0.2761138734375 0.2436606328125 0.27322421874999997 0.2671949828125 0.2771571578125 0.2827140578125 0.2910296015625 0.3044578875
0 0.257044946875 0.12119164062500001 0.2620907484375 0.12471194375000001 0.2866374375 0.1239977078125 0.29838164375 0.11738328125 0.3040671390625 0.1107038859375 0.3120522703125 0.095994259375 0.3174844203125 0.051752953125 0.3173111859375 0.0503900625 0.3083348984375 0.0363205234375 0.30116454375 0.0313179890625 0.28944579375 0.0316589703125 0.2751317734375 0.0372866359375 0.25384796875000004 0.06005340625 0.247694209375 0.0784715640625 0.24576777187499999 0.0941611296875 0.24806865937499997 0.10712210625 0.257044946875 0.12119164062500001
0 0.325415046875 0.1929306921875 0.3291991078125 0.19092590625 0.3348846015625 0.1842465125 0.3401206359375 0.1717176265625 0.3421915546875 0.15485134375 0.341011671875 0.15019562343749998 0.3317143125 0.1387410140625 0.3199955625 0.13908199375000002 0.3115409171875 0.14453917031250002 0.301220509375 0.1588517234375 0.29886954375 0.1779988046875 0.300049425 0.1826545265625 0.3057616078125 0.19160786875 0.308368609375 0.1934266921875 0.325415046875 0.1929306921875
0 0.3269622359375 0.0617378734375 0.318534278125 0.0828277859375 0.3166078421875 0.0985173515625 0.32217283281250003 0.116594525 0.32951706718749996 0.12810596406250002 0.338640546875 0.1330516703125 0.358171796875 0.13248336875 0.368900640625 0.12435443125000001 0.37686033281250003 0.11500328124999999 0.38464614375 0.099143225 0.3862515078125 0.0860685875 0.38328178749999997 0.06270472656250001 0.375937553125 0.0511932875 0.35573746875 0.0413587078125 0.34987809375 0.0415291984375 0.337196125 0.0497149640625 0.3269622359375 0.0617378734375
0 0.38580462031249996 0.103973275 0.385250709375 0.1227496078125 0.3895047203125 0.13565375625 0.4001130609375 0.1522813890625 0.4056513625 0.154725828125 0.4212763625 0.1542711859375 0.4294099359375 0.1514289375 0.44582427343750003 0.13662060781250002 0.453610084375 0.120760553125 0.4579685859375 0.099528490625 0.4583538734375 0.096390578125 0.45647304999999994 0.0815934671875 0.4474967625 0.06752393125 0.43674123125 0.0600201296875 0.4312029296875 0.057575692187500006 0.4175310546875 0.057973503125000006 0.41135060625 0.0607589203125 0.394615196875 0.07818217656250001 0.3894246546875 0.0887555484375 0.38622201562499997 0.10057386875 0.38580462031249996 0.103973275
0 0.3752081859375 0.22355950937500002 0.39162252343750004 0.20875117968749998 0.39967053125 0.193925728125 0.4034591890625 0.1630695828125 0.403261209375 0.1615119921875 0.3959169734375 0.150000553125 0.3839091234375 0.1429642390625 0.37242024375 0.14329853125 0.361081796875 0.1484085671875 0.3511689796875 0.15781655 0.3462995109375 0.16577499375 0.34014575156250004 0.184193146875 0.340172440625 0.19982588437499998 0.34279439843750004 0.210171934375 0.35013863437500004 0.22168337500000002 0.360299025 0.22616786093750002 0.3635301234375 0.22607384531250002 0.3752081859375 0.22355950937500002
0 0.4190797953125 0.3160004171875 0.43176176406250005 0.307814653125 0.43744725781250005 0.3011352578125 0.4401074109375 0.2957164046875 0.4455335390625 0.251524125 0.4415678265625 0.235875725 0.4329126125 0.2191912625 0.42246690937500003 0.21190361875 0.41168855468750004 0.2122172359375 0.4042578828125 0.21481385937500003 0.387348590625 0.2257282109375 0.3702921078125 0.24576639375 0.3647804953125 0.2589546921875 0.3644861109375 0.27720235625 0.367776903125 0.2979512875 0.37643211875000004 0.3146357515625 0.3830840953125 0.32203378125 0.3997780890625 0.3215480359375 0.4190797953125 0.3160004171875
0 0.3176473140625 0.35197437656249997 0.329185846875 0.36719575625 0.3539307625 0.3664757515625 0.3601477984375 0.36246287499999996 0.36810749062500003 0.353111721875 0.37375220468750003 0.34161317812499997 0.3773803265625 0.3120644984375 0.375839925 0.30598619375 0.368495690625 0.2944747546875 0.3613253359375 0.289472221875 0.3476534609375 0.2898700328125 0.3395198875 0.2927122796875 0.3273328734375 0.30479202031249997 0.32018920624999997 0.315422221875 0.3172728640625 0.323323834375 0.3153464265625 0.3390134 0.3176473140625 0.35197437656249997
0 0.33976284687499997 0.41872306562499995 0.3438429765625 0.42511831093749997 0.34924729375 0.4288887359375 0.36481443750000003 0.428435778125 0.37541405 0.42159409999999997 0.38109954375 0.4149147078125 0.38836630156249996 0.40011198593749997 0.38888001875 0.39592810156249997 0.3888586671875 0.3834219125 0.38460465625 0.370517765625 0.3785714 0.3641793515625 0.3749862234375 0.361678084375 0.3613143484375 0.3620758953125 0.3505855046875 0.370204828125 0.3426258125 0.37955598125 0.3402927390625 0.385877271875 0.337403084375 0.4094116203125 0.33976284687499997 0.41872306562499995
0 0.348017934375 0.5129980625 0.3642185421875 0.49613158906250004 0.37239364531249997 0.47947852968750004 0.375411728125 0.45489820937500003 0.3725931234375 0.4437762046875 0.35839960625 0.424647303125 0.34277460625 0.4251019453125 0.3323668359375 0.4306159515625 0.31271508125 0.4559408203125 0.3097987390625 0.4638424328125 0.3065880109375 0.48999170937500003 0.307898990625 0.49516473593750004 0.3216994125 0.5137638531250001 0.348017934375 0.5129980625
0 0.38357132968749996 0.541397028125 0.39529007968749996 0.5410560484375 0.40147052656250004 0.53827063125 0.41138334375 0.5288626484375001 0.41566554062499994 0.520139615625 0.41923382656249997 0.49107826093750007 0.4111293984375 0.475455534375 0.40559109531250004 0.4730110984375 0.38996609531250004 0.473465740625 0.38151145 0.478922915625 0.373230684375 0.49088899531249996 0.37031434218750003 0.49879060781250006 0.369698884375 0.5196532 0.3706887921875 0.5274411531250001 0.3780330265625 0.5389525921875 0.38357132968749996 0.541397028125
0 0.41643739531249996 0.3739985015625 0.42850382343750004 0.361689859375 0.43109909531249996 0.3564031703125 0.43366767656249994 0.3354837484375 0.42632344062499994 0.3239723109375 0.4227382640625 0.3214710453125 0.4071132640625 0.32192568593750004 0.39687937500000003 0.3339485953125 0.394284103125 0.33923528125 0.3920365953125 0.3575397734375 0.39302650156249996 0.365327728125 0.398738684375 0.37428106875 0.3990584734375 0.3745041765625 0.41643739531249996 0.3739985015625
0 0.455563953125 0.21342072656250002 0.47002516562499996 0.198669228125 0.4730097265625 0.1925895421875 0.4767787640625 0.16189319687499998 0.47108219843750004 0.15043514375 0.4642329171875 0.1428176796875 0.4505610421875 0.143215490625 0.44438059531249996 0.1460009078125 0.43219357968749994 0.158080646875 0.42700303906250003 0.1686540203125 0.42443445625000004 0.18957344375000001 0.4257454359375 0.19474646874999998 0.437985828125 0.2139321984375 0.455563953125 0.21342072656250002
0 0.4835568109375 0.247492109375 0.4920092484375 0.2375620734375 0.49588880937499996 0.22181567812499997 0.49457783125 0.2166426515625 0.4852804703125 0.20518804375 0.4677023453125 0.20569951406250003 0.45942158125 0.21766559375 0.45650523749999994 0.2255672078125 0.45717407187500003 0.2359700875 0.463196965625 0.2480845203125 0.4835568109375 0.247492109375
0 0.45294561875 0.3106595125 0.47664085156249997 0.3099700515625 0.48518700625 0.30263483281250003 0.48830133125 0.29629080937499996 0.4911909859375 0.272756459375 0.49000309687500004 0.26341091875 0.4842909140625 0.254457578125 0.4807057375 0.2519563078125 0.4631276125 0.2524677796875 0.45094059687500004 0.264547521875 0.445428984375 0.27773581875 0.4441446921875 0.28819553125 0.4451346 0.2959834828125 0.4521577625 0.3101098484375 0.45294561875 0.3106595125
0 0.5239499249999999 0.28927678125 0.5338627421875 0.2798687984375 0.5379061421875 0.2726943546875 0.5427115312499999 0.233557603125 0.53978924375 0.22367626875000002 0.5306657640625 0.2187305640625 0.524367415625 0.2167232046875 0.5212568828124999 0.21681371249999998 0.5111345140625 0.21929886562499998 0.5069071921875 0.222027453125 0.491803834375 0.24200880625 0.48824534531249997 0.25514027499999997 0.48859310625 0.268158084375 0.49121506562499995 0.278504134375 0.5005124249999999 0.2899587421875 0.5051687031250001 0.29201388125 0.5187537718749999 0.2916185953125 0.5239499249999999 0.28927678125
0 0.3907656453125 0.399591015625 0.387849303125 0.40749262656249996 0.3852807203125 0.4284120484375 0.386270628125 0.4362000015625 0.3916617375 0.4477682703125 0.3995817859375 0.45544867031249997 0.4257021109375 0.45468864687500005 0.42585476875 0.4545901109375 0.4357675859375 0.445182128125 0.443232325 0.4319369984375 0.446443053125 0.405787721875 0.4454531453125 0.397999771875 0.43516587968750003 0.3787572078125 0.42962757656250006 0.3763127703125 0.41009632656250006 0.37688107187500003 0.39563511406249996 0.3916325703125 0.3907656453125 0.399591015625
0 0.45978281406250004 0.39453412656250003 0.47491048906250005 0.39409395625 0.48758068593750004 0.38695800468749997 0.4909919828125 0.3829503671875 0.4941611609375 0.3753670953125 0.4982307578125 0.3422228875 0.498082271875 0.3410546953125 0.4926911625 0.32948642499999997 0.4855208078125 0.324483890625 0.4718489328125 0.32488170156249996 0.4633942875 0.33033887812499996 0.4486120015625 0.3477053046875 0.44636449218749996 0.36600979843750003 0.44703332656250006 0.376412678125 0.4540564890625 0.39053904375 0.45978281406250004 0.39453412656250003
0 0.3802042 0.866009409375 0.385394740625 0.8554360375 0.387000103125 0.8423614 0.38225113906249997 0.825563275 0.3630409625 0.8235166484375 0.350853946875 0.8355963890625 0.3482586765625 0.840883075 0.3456900953125 0.861802496875 0.3510812046875 0.8733707640624999 0.3571776859375 0.8786072031250001 0.369489609375 0.8782489625000001 0.36997030937500003 0.8780323187500001 0.3802042 0.866009409375
0 0.292424409375 0.8106037390624999 0.306296853125 0.83234756875 0.316776596875 0.8408598125 0.34224699687500004 0.8401186984375 0.35935230156250003 0.828198228125 0.374455659375 0.8082168734374999 0.3804007078125 0.7946685515625 0.382669621875 0.7761897296875 0.3828302390625 0.755861490625 0.37907118125 0.7468513203125 0.357881190625 0.7292287875000001 0.3448514609375 0.7243967437500001 0.3253202109375 0.7249650437499999 0.312959315625 0.7305358796875 0.29817702968750004 0.7479023046875 0.2926654171875 0.761090603125 0.2884914703125 0.7950846640625 0.292424409375 0.8106037390624999
0 0.4281581359375 0.8158220921874999 0.45478365312499996 0.804644328125 0.4737932609375 0.7845493140625 0.4755845359375 0.7802631171875001 0.48289696718749997 0.7207081390625001 0.482462225 0.7139462671875 0.4716800046875 0.690809728125 0.46206157187499997 0.681970046875 0.431361753125 0.6802770359375 0.43110374062499995 0.68028454375 0.4077218328125 0.6965791 0.399762140625 0.7059302515625 0.39197632968749996 0.7217903078125001 0.388417840625 0.7349217765625 0.3855281859375 0.758456125 0.385554875 0.7740888609375001 0.391119865625 0.792166034375 0.40531338281249996 0.8112949359374999 0.4280243078125 0.8158259859375001 0.4281581359375 0.8158220921874999
0 0.38680653125000003 0.6723606281250001 0.39773594375 0.686373334375 0.414992996875 0.6884767890625 0.4293070171875 0.6828491234375 0.4377616625 0.6773919453125 0.44967007968750006 0.66163741875 0.45523636874999995 0.616303625 0.45441700625000003 0.6130704828125 0.4438086671875 0.5964428515625 0.43273206249999996 0.5915539765625 0.42101331249999996 0.5918949578125 0.41483286562500005 0.594680371875 0.3998766984375 0.6055378953125 0.39191700625000003 0.6148890484375 0.386726465625 0.6254624203125 0.3828735921875 0.6568415515625 0.38680653125000003 0.6723606281250001
0 0.393692015625 0.550108703125 0.3908023609375 0.5736430515625 0.39211334062500003 0.5788160796875 0.4026560609375 0.590811059375 0.4194429421875 0.5903226109374999 0.43557704375000006 0.5814597906250001 0.441904684375 0.5695505421875 0.44415219375000003 0.5512460484374999 0.4402192546875 0.5357269734375001 0.43613912343749994 0.5293317281250001 0.42896877031249997 0.5243291921875 0.41725002031249997 0.5246701734375 0.40456805156250003 0.5328559390625001 0.39888255625 0.5395353328125 0.393692015625 0.550108703125
0 0.4933775265625 0.533775715625 0.49755198125 0.5252721593749999 0.5012236265625 0.495369015625 0.49752478437500003 0.48414892031249995 0.482904459375 0.47326415781250003 0.467711878125 0.47370621718750006 0.4625157265625 0.47604803125000006 0.44887286406250004 0.49279543437499995 0.446295846875 0.50574745 0.44417324375 0.5190164375 0.444193925 0.530902328125 0.44781350625 0.540312665625 0.456994275 0.5487501171875 0.47568330468750003 0.548206321875 0.4876920328125 0.5404551109375 0.4933775265625 0.533775715625
0 0.5453987296875 0.51440896875 0.5480234390625001 0.50729751875 0.550431484375 0.48768556093750004 0.549251603125 0.4830298375 0.5435394203125 0.474076496875 0.533567315625 0.46711926718749996 0.5201413921875 0.46750992187499996 0.516837815625 0.46964226406250004 0.509199196875 0.4763784875 0.5013625421875 0.4942376390625 0.49958593906250004 0.50870690625 0.5004768546875 0.5157160625 0.5114062671874999 0.5297287671875 0.5237844796875 0.53123754375 0.52985845 0.531060809375 0.5328906421874999 0.5291036359375 0.5453987296875 0.51440896875
0 0.45561637031249996 0.48165296093750004 0.4604253765625 0.47260192968750003 0.46212064062499997 0.45879511093750003 0.46223839531250005 0.45149604375 0.45489415937500005 0.4399846078125 0.4493558578125 0.4375401671875 0.43731603437500005 0.44049607812499997 0.424807946875 0.45519074843749996 0.42223936562500003 0.476110165625 0.42355034375 0.48128319218750004 0.4300394953125 0.48881463125 0.4403941515625 0.48851334218750003 0.45561637031249996 0.48165296093750004
0 0.49950623906249997 0.37621520468749997 0.49105159374999996 0.3816723796875 0.475948234375 0.40165373437499996 0.47303189218749997 0.40955534531250004 0.4695000921875 0.43831955 0.47048999843750006 0.4461075015625 0.478824140625 0.4654068953125 0.4919410234375 0.47455813906250005 0.5180453796875 0.4737985796875 0.5292843171875 0.46654424062500005 0.5349698109375 0.45986484687500007 0.5427556234375001 0.44400478750000005 0.5456719671875 0.43610317500000007 0.5492037671875 0.4073389703125 0.5478927875 0.40216594531250005 0.5343414156249999 0.3778071890625 0.5271710609375 0.372804653125 0.5076398109375 0.37337295312499996 0.49950623906249997 0.37621520468749997
0 0.508714978125 0.58651778125 0.5113047296875 0.565425946875 0.506683778125 0.5555102875 0.5030986000000001 0.553009021875 0.49137985000000006 0.553350003125 0.48374123124999996 0.5600862265625 0.47855068906250003 0.5706595984375 0.47726639843749996 0.5811193078125 0.47988835781250005 0.591465359375 0.4839221453125 0.5977879640625 0.4980701390625 0.5973762984375 0.508714978125 0.58651778125
0 0.48164159218749997 0.6659469546875 0.49155440937500006 0.656538971875 0.49674494999999996 0.6459656 0.49802924062500004 0.6355058890625 0.497039334375 0.6277179359375 0.4916482234375 0.6161496671875 0.48806304687499996 0.6136483984375001 0.47243804687499996 0.6141030390625 0.46902675 0.6181106765625 0.45960888593749993 0.6314126359375 0.45768244999999996 0.6471022015625 0.46030440937500006 0.6574482546875 0.46992284218749997 0.6662879359375 0.48164159218749997 0.6659469546875
0 0.506758528125 0.361530321875 0.5144238359375 0.3704268328125 0.5239843015625001 0.3770968765625 0.528541615625 0.37696427187500003 0.5453527625000001 0.37213247968749996 0.5538074078124999 0.3666753046875 0.56858969375 0.349308878125 0.5691729624999999 0.3477285546875 0.5729616203125001 0.3168724078125 0.5727636390625 0.3153148171875 0.5685096281249999 0.30241066875 0.5559481625 0.28583986562499997 0.5504098609375 0.2833954296875 0.5367379859375 0.283793240625 0.526330215625 0.28930724531249996 0.5118690031249999 0.3040587421875 0.50376211875 0.3225337265625 0.501514609375 0.340838221875 0.506758528125 0.361530321875
0 0.5451715859374999 0.25829859375 0.5538268000000001 0.274983059375 0.556032128125 0.27652164687499997 0.5844296 0.27569536562499997 0.5912572484374999 0.2712883578125 0.6018122109374999 0.25665051875 0.602715884375 0.2520644515625 0.606159390625 0.22401935312500001 0.60598615625 0.222656459375 0.5956988890625 0.20341389843750002 0.5921137125 0.20091262968749998 0.578762909375 0.1986955140625 0.5706293375 0.20153776250000002 0.5599004937500001 0.209666696875 0.54934553125 0.224304534375 0.5464291875 0.232206146875 0.5441816796875 0.250510640625 0.5451715859374999 0.25829859375
0 0.6215498562499999 0.316652053125 0.6235526124999999 0.315359346875 0.62923810625 0.30867995000000004 0.6347497203125 0.2954916515625 0.6369972296874999 0.277187159375 0.6343752703125001 0.26684110625 0.6234458578125001 0.252828403125 0.6133591609375 0.2557274796875 0.6049045140625 0.26118465468749996 0.596944821875 0.27053580781250003 0.59175428125 0.2811091796875 0.58819579375 0.29424064687499996 0.59212873125 0.30975972343749997 0.600301003125 0.3172703328125 0.6215498562499999 0.316652053125
0 0.6326800718750001 0.36306789687499996 0.6336166015625 0.339590378125 0.632305621875 0.334417353125 0.62005193125 0.31825255625 0.6034459171875 0.3187357421875 0.5956645109375 0.323758365625 0.585430621875 0.3357812765625 0.58024008125 0.346354646875 0.5776714984375 0.36727406875 0.5802934578125 0.37762011875 0.5925471484375 0.3937849140625 0.6090753999999999 0.393303990625 0.6234360890625 0.382878759375 0.629763728125 0.3709695109375 0.6326800718750001 0.36306789687499996
0 0.64398976875 0.385078496875 0.64962535625 0.38901027187500004 0.672501034375 0.3883446578125 0.67914601875 0.3840555546875 0.687426784375 0.372089475 0.6900514921875 0.3649780234375 0.69342275625 0.33752128125 0.6909318953125 0.327692534375 0.6819556078125 0.313622996875 0.6783704312500001 0.3111217296875 0.6627454312500001 0.31157637031249996 0.6542907859375 0.31703354687499996 0.6440568953125 0.32905645781250004 0.6362202406249999 0.346915609375 0.6344596921875 0.361254128125 0.636645534375 0.3735670578125 0.64398976875 0.385078496875
0 0.6536314328125 0.43018419375 0.6558789421875 0.4118797015625 0.6545679625 0.406706675 0.647223728125 0.39519523749999996 0.636667375 0.38783039375 0.6264677187500001 0.3881271734375 0.618247925 0.3934327609375 0.6102882328125 0.4027839125 0.6050976921875 0.4133572859375 0.601886965625 0.4395065609375 0.6045089234375001 0.44985261093749995 0.6105421796875 0.45619102500000003 0.6249958906249999 0.4582312953125 0.626108084375 0.45819893437500003 0.6447085234375 0.4473801296875 0.6536314328125 0.43018419375
0 0.555697946875 0.4733238390625 0.5628683015625 0.47832637343749995 0.5745870515625 0.47798539375000004 0.5867740671874999 0.465905653125 0.59170508125 0.45586095000000004 0.5940810187500001 0.436510484375 0.5929011375 0.4318547625 0.5855569015625 0.42034332343749997 0.5800186 0.4178988859375 0.570252975 0.41818303593749995 0.5660256515625 0.420911625 0.558065959375 0.430262778125 0.553134946875 0.4403074796875 0.550437934375 0.4622728734375 0.5516178171874999 0.46692859531249997 0.555697946875 0.4733238390625
0 0.5899006296875 0.5246430078125 0.5905086374999999 0.524250559375 0.59619413125 0.5175711656249999 0.6011545828125 0.505701696875 0.60208569375 0.49811840781249994 0.59972593125 0.4888069609375 0.5940137484375 0.4798536203125 0.5803418734375 0.48025143124999997 0.5761145515625 0.4829800171875 0.57042905625 0.4896594140625 0.56809598125 0.49598070625 0.566811690625 0.506440415625 0.569171453125 0.515751859375 0.5766998937500001 0.5250271093750001 0.5899006296875 0.5246430078125
0 0.5706284562499999 0.5767959703125001 0.576102746875 0.532211453125 0.575250609375 0.5288489875 0.5692173546875 0.522510571875 0.5622683078125 0.5176624375000001 0.546040490625 0.51813461875 0.5340611046875 0.5235335140624999 0.5235061421875 0.538171353125 0.520910871875 0.5434580375 0.5186633625 0.5617625312500001 0.519332196875 0.5721654125 0.5315725875 0.5913511437500001 0.5385216359375 0.59619928125 0.5468565765625 0.595956759375 0.5611905359375 0.5878837640625 0.5706284562499999 0.5767959703125001
0 0.5237608203125 0.675578015625 0.5341952796875 0.68569674375 0.54693623125 0.6878125859375 0.54776891875 0.6877883578125 0.562181175 0.6796712671875 0.5812549359375 0.6550912484375 0.585317921875 0.622000875 0.5797997374999999 0.6075050203125001 0.5721344296875001 0.598608509375 0.566596128125 0.596164071875 0.550971128125 0.5966187125 0.5295134406249999 0.6128765796875 0.520911603125 0.6274575890625 0.5179952609375 0.6353592015625 0.5160688234374999 0.6510487671875 0.518369709375 0.6640097453125 0.5237608203125 0.675578015625
0 0.543860628125 0.7187219703125 0.543777025 0.717421609375 0.5408339921875001 0.7096904875 0.5295835078125 0.698292709375 0.5216430875 0.6963331296875 0.5134508140625 0.6965715 0.503871809375 0.701646428125 0.491363721875 0.716341096875 0.48585210781250004 0.72952939375 0.4803671828125 0.7583504296875 0.483310215625 0.7660815515625 0.48895912968750005 0.7720161859375 0.5287681578125001 0.7708578609375001 0.5363656625 0.7619322109375 0.5392853421875 0.755984690625 0.543860628125 0.7187219703125
0 0.5284342343749999 0.8300947859375001 0.53068174375 0.8117902921875 0.52838085625 0.7988293140625 0.51940456875 0.7847597765625001 0.510281090625 0.7798140734375 0.4941303125 0.7780933906249999 0.4903976734375 0.7782020000000001 0.48684359062500004 0.780496034375 0.4740144296875 0.7978056296875 0.4688505765625 0.8240117375 0.47278351562500004 0.8395308125 0.47849569843750006 0.848484153125 0.488690278125 0.8529837296875 0.50782366875 0.8524270046875 0.5156050734375001 0.84740438125 0.523564765625 0.8380532281249999 0.5284342343749999 0.8300947859375001
0 0.54445901875 0.7962689765625 0.541542675 0.804170590625 0.53897409375 0.8250900109374999 0.5415960531249999 0.8354360625 0.5489402875 0.8469475015624999 0.575702603125 0.8504519296874999 0.5830069234375 0.8502393953125 0.5899559125 0.84575406875 0.602464 0.8310594015625 0.605701415625 0.8205428593749999 0.607948925 0.802238365625 0.6066112578125 0.7814326046875 0.600899075 0.7724792640625 0.5901435421875 0.7649754609375 0.5823310421875 0.76520278125 0.561836575 0.773615865625 0.54445901875 0.7962689765625
0 0.6319453140625 0.8457015984374999 0.6378983171875 0.84045185625 0.641669775 0.809735796875 0.640719315625 0.8059853531250001 0.6382712374999999 0.8021482046875 0.6206931124999999 0.8026596749999999 0.6150076171875 0.809339071875 0.6098170765625001 0.81991244375 0.6085327859375 0.830372153125 0.6095226921875 0.8381601078124999 0.6136028234375 0.8445553515625001 0.6159143765625 0.8461680515625 0.6319453140625 0.8457015984374999
0 0.70375438125 0.830320465625 0.706001890625 0.812015971875 0.7037010031250001 0.79905499375 0.6911395390624999 0.7824841890625 0.6791567781250001 0.7804942593749999 0.67735556875 0.78054666875 0.6651067687500001 0.7884528375000001 0.6516354625 0.8109922890625001 0.649387953125 0.8292967828125001 0.6520099125 0.8396428312499999 0.6593541484375 0.851154271875 0.6657499265625 0.8556164078125 0.6793675515625 0.8552201765625 0.6886510234375 0.85030181875 0.6962896421875 0.8435655953125 0.70375438125 0.830320465625
0 0.6235708343749999 0.7431887015624999 0.614315375 0.7519728046874999 0.609124834375 0.762546175 0.6097936671874999 0.77294905625 0.6186114921875 0.7838128640625001 0.6275608859374999 0.7835524640625 0.6365960609375 0.7749774281249999 0.6389791328125 0.7555688546875 0.6336727437499999 0.7448955984375 0.6264202625 0.7431057921875001 0.6235708343749999 0.7431887015624999
0 0.562967775 0.6914925359375 0.5551819625000001 0.707352590625 0.55261338125 0.7282720140625 0.5565463203125 0.7437910875 0.5638905546874999 0.7553025265625 0.5688921015624999 0.75879195 0.5898339375 0.7581826046875 0.5970936796874999 0.7543364140625 0.611875965625 0.7369699890625 0.61706650625 0.7263966203125001 0.620277234375 0.7002473421875 0.6173342015625 0.6925162171875 0.6047727375 0.675945415625 0.5936961328125 0.6710565390625 0.5878367578125 0.6712270296875 0.5732016640625 0.6794696234375001 0.562967775 0.6914925359375
0 0.7012456312500001 0.704931709375 0.7012168703125 0.704769696875 0.6936597140625 0.695998709375 0.6777178046875 0.6964625718749999 0.669471915625 0.7017850015625 0.663786421875 0.7084643984375 0.65859588125 0.71903776875 0.65666944375 0.734727334375 0.660749575 0.7411225796875 0.67403269375 0.75884650625 0.674432271875 0.7588348796875 0.6864879609375001 0.7534015953125001 0.6970428609375 0.7391605203125 0.7012456312500001 0.704931709375
0 0.69711026875 0.7417815437499999 0.6981001765625 0.749569496875 0.7051233390625 0.7636958625 0.7126696796875 0.7701776265625 0.732755025 0.769593203125 0.7461389640625 0.7625024296875 0.7518244578125 0.7558230359375 0.7585936734375001 0.716542290625 0.7483064078125 0.697299728125 0.741136053125 0.6922971953125 0.725511053125 0.6927518375 0.712829084375 0.7009375999999999 0.7048693921875 0.7102887531250001 0.6996788515625 0.7208621234375 0.69711026875 0.7417815437499999
0 0.6724714921875 0.7126218828125 0.6784780593749999 0.7033275609375 0.6843107453124999 0.687524334375 0.6852472749999999 0.664046815625 0.67332795625 0.6422461562499999 0.6697427796875 0.6397448890625 0.655084934375 0.6379582484374999 0.6515548453125 0.6380609640625 0.6463052796875 0.64042685 0.6378506328125 0.645884025 0.6298909421875 0.655235178125 0.6224262031250001 0.6684803078125 0.61822556875 0.68684163125 0.618894403125 0.6972445125 0.6275496171875 0.7139289765625 0.6376589328125 0.7209819328125 0.6495368265625 0.7206363203125 0.6724714921875 0.7126218828125
0 0.63617198125 0.62627035 0.633832275 0.61917306875 0.62584589375 0.612891484375 0.61022089375 0.6133461265625 0.6022612015625 0.622697278125 0.5970706609375 0.6332706499999999 0.5967762765625 0.6515183140625 0.606726825 0.664276009375 0.6241943828125 0.6637677546874999 0.6332531375 0.6500424171875 0.63617198125 0.62627035
0 0.7367094078124999 0.6823840375 0.738119453125 0.670900146875 0.7332970203125 0.6285477078125 0.7308489421875 0.6247105609375 0.7203368484375 0.6173765999999999 0.7060681859375 0.6177917749999999 0.696013765625 0.6231185781249999 0.681552553125 0.6378700765625 0.6760409390625 0.6510583750000001 0.674114503125 0.6667479390625 0.6798533734375 0.6913340156250001 0.6956092218750001 0.7037265734375 0.71382391875 0.7031965796875 0.72576515625 0.6978148765625 0.7337248484375001 0.6884637234375 0.7367094078124999 0.6823840375
0 0.655579084375 0.6395007875000001 0.669739171875 0.63739675 0.6816787109375 0.6233700203125 0.6857723874999999 0.59002969375 0.684789153125 0.5861499265625 0.67549179375 0.5746953140625 0.669953490625 0.572250878125 0.654328490625 0.5727055187500001 0.6458738453125 0.578162696875 0.63954620625 0.5900719421875 0.6330713734375 0.611105028125 0.6370043125 0.6266241015625 0.6472369921875 0.63974351875 0.655579084375 0.6395007875000001
0 0.5841427140625 0.6213394437499999 0.599086396875 0.6209046265625 0.6161821015625 0.59887369375 0.618067459375 0.5835186859375 0.6180627890625 0.58078295625 0.6143037312499999 0.571772784375 0.6090865015625 0.5667134203125 0.59964195 0.5643826421875 0.5915083765625 0.567224890625 0.5830537312499999 0.572682065625 0.5770471640625 0.5819763890625 0.573167603125 0.5977227859375 0.5738364375 0.608125665625 0.5841427140625 0.6213394437499999
0 0.6004864265625 0.5632579359375 0.618424103125 0.5627360015625 0.6298327671874999 0.5510983265625 0.6332509578125001 0.523259403125 0.62810999375 0.515201396875 0.6209396390624999 0.5101988625 0.6131271390624999 0.5104261828125 0.60467249375 0.5158833578124999 0.5967128015625 0.5252345109375 0.5941175296875 0.530521196875 0.59219109375 0.5462107625 0.592859928125 0.55661364375 0.59530800625 0.560450790625 0.6004864265625 0.5632579359375
0 0.653586053125 0.5046529875 0.656144525 0.501647259375 0.6608803484375 0.463077075 0.659044290625 0.460199215625 0.6499208109375 0.45525351093750005 0.635606790625 0.4608811765625 0.6276470984375 0.4702323296875 0.62245655625 0.4808057 0.62085119375 0.4938803390625 0.6221621734375 0.4990533640625 0.6341423203125001 0.509343446875 0.6484400203125 0.5089274265625 0.653586053125 0.5046529875
0 0.6879736578125 0.440942240625 0.69593335 0.4315910875 0.7000209015625 0.42326455625000003 0.70274600625 0.4010703578125 0.70042836875 0.3949821 0.6908099359375 0.38614241875 0.6794122578125 0.383868471875 0.6669041703125 0.3985631390625 0.66139255625 0.4117514390625 0.6604293390625 0.419596221875 0.662730225 0.43255720000000003 0.66681035625 0.43895244375000003 0.675933834375 0.4438981484375 0.6879736578125 0.440942240625
0 0.7161568968750001 0.40002432343749994 0.7094814953124999 0.39891576562500003 0.6972944812499999 0.4109955046875 0.6973211703125 0.4266282421875 0.703033353125 0.43558158281250003 0.70332906875 0.435712103125 0.713189540625 0.4354251921875 0.7141643515625 0.43487617187499994 0.715999625 0.41992905937499997 0.7161568968750001 0.40002432343749994
0 0.717866671875 0.4934837265625 0.7199428890624999 0.48925437812499994 0.722718384375 0.46664978125 0.7160073625 0.45315125156249997 0.7088370078125 0.44814871875 0.692890934375 0.45121828593749996 0.687205440625 0.45789768124999997 0.6799386828125 0.4727004015625 0.679360753125 0.4774072703125 0.6791252453125 0.49200540156250006 0.6900546578125 0.5060181078125 0.7056796578125 0.5055634671875 0.717866671875 0.4934837265625
0 0.6830941421875 0.5104016375 0.6771244546874999 0.4983942265625 0.6699541 0.4933916921875 0.652375975 0.4939031625 0.6379147625 0.5086546609375 0.630797784375 0.534917596875 0.6317876906250001 0.54270555 0.6501425640625 0.5571423359375001 0.6680761453125 0.556620521875 0.67878855625 0.5454678171875 0.6830941421875 0.5104016375
0 0.7397210796875 0.5580003312499999 0.7416501453125 0.5533844265625001 0.7460648953125 0.517429171875 0.73783508125 0.502035121875 0.730886034375 0.49718698593750005 0.716762046875 0.49759795156250003 0.7020366859375 0.50828791875 0.69603011875 0.517582240625 0.6931137765625001 0.5254838546875 0.6908662671875 0.5437883484375 0.6918561734375 0.5515763015624999 0.6941570593749999 0.5645372796875 0.7052532171875 0.575778709375 0.72153461875 0.5753049703124999 0.7291661171875 0.57263816875 0.7397210796875 0.5580003312499999
0 0.7945050203124999 0.7786948859375 0.8066789609375 0.770306771875 0.8128995765625 0.759269165625 0.8163778640625001 0.73094078125 0.8144113953125001 0.72318124375 0.807067159375 0.7116698031250001 0.792405378125 0.704279665625 0.7758171593750001 0.7125790859375 0.7678574671875 0.7219302375 0.765232759375 0.7290416890625 0.7621871546875 0.753846146875 0.766800434375 0.770164328125 0.77964731875 0.7791272 0.7945050203124999 0.7786948859375
0 0.83931571875 0.7851756156249999 0.8474363515625001 0.7799340328125 0.8553960437500001 0.7705828796875 0.8572916671874999 0.76544683125 0.85983616875 0.74472353125 0.8579379375 0.734030721875 0.855489859375 0.7301935765625001 0.843102275 0.7201316765625 0.831383525 0.7204726578125 0.8209757546875001 0.7259866625 0.8175644578125001 0.7299943 0.8085210437500001 0.771946803125 0.8158652796875 0.7834582421875 0.8209659859375 0.7857095390625 0.83931571875 0.7851756156249999
0 0.8908421359375 0.72440410625 0.9043018921874999 0.712261278125 0.9100064796874999 0.66580114375 0.905049403125 0.656245496875 0.8978790484375001 0.6512429625 0.8842071734375001 0.6516407734375 0.8674717624999999 0.669064028125 0.8619601484375 0.6822523281249999 0.860354784375 0.695326965625 0.862655671875 0.70828794375 0.86999990625 0.719799384375 0.8771702609375 0.7248019171875 0.8908421359375 0.72440410625
0 0.84567110625 0.7149293953125 0.859858853125 0.7001585140625 0.8610253906249999 0.69699786875 0.864749834375 0.6666647078125 0.8643538718749999 0.663549525 0.8570096359375 0.6520380875 0.8439799062500001 0.64720604375 0.8312979390624999 0.65539180625 0.8233382468749999 0.6647429578125 0.8181477046875001 0.67531633125 0.8159001968749999 0.6936208234375 0.823913265625 0.71553514375 0.82397138125 0.71556079375 0.84567110625 0.7149293953125
0 0.8770376484375 0.650183096875 0.8844145359375 0.6491594328125 0.894648425 0.637136521875 0.903477703125 0.6175331453124999 0.9065091656250001 0.5928438703125 0.9039862234375 0.57693635625 0.892414665625 0.56815350625 0.875799759375 0.5608201937499999 0.869940384375 0.560990684375 0.8583955140624999 0.56784056875 0.8376600390625001 0.6257667890625 0.8463152546874999 0.6424512531250001 0.8551176609375 0.6500118859375 0.85683726875 0.6507708671875 0.8770376484375 0.650183096875
0 0.7943223734375 0.6252666062500001 0.799860675 0.6277110421875001 0.8229771015624999 0.629644009375 0.83988639375 0.61872965625 0.85279753125 0.599167396875 0.8573299109375 0.562254125 0.8519666546875 0.5441189718749999 0.8462544718749999 0.53516563125 0.8351778671875 0.5302767562499999 0.8215059921875 0.5306745671875001 0.8130513468749999 0.5361317437500001 0.793720665625 0.558841684375 0.7882090515625 0.5720299828125001 0.784998325 0.5981792609375 0.7876202828125 0.6085253109375001 0.7943223734375 0.6252666062500001
0 0.7244281953125 0.5922053328125 0.7250970296875 0.6026082125000001 0.732441265625 0.61411965 0.740252540625 0.6183540296875 0.7436234875000001 0.6182559453125 0.755878765625 0.6134376890625 0.768707925 0.59612809375 0.7732296328125 0.57515184375 0.771918653125 0.5699788171875 0.7662064703125 0.561025475 0.7590361156250001 0.5560229421875 0.7473173656250001 0.556363921875 0.7411369171875 0.5591493390625 0.7286288296875 0.5738440078125 0.7244281953125 0.5922053328125
0 0.7899546875000001 0.5229427140625 0.7948241546875 0.5149842703124999 0.7982141015625001 0.49847044531250007 0.799466284375 0.48827222812500004 0.7989981015625001 0.4809902109375 0.785472215625 0.4597895828125 0.770556128125 0.460223596875 0.7629991359375 0.4651013671875 0.752765246875 0.47712427812499997 0.7478074625 0.49055702187500005 0.74684424375 0.49840180468749995 0.746638175 0.51117516875 0.7492601343749999 0.52152121875 0.76157988125 0.5321029937499999 0.779362159375 0.53158558125 0.7823160671875 0.5296789375000001 0.7899546875000001 0.5229427140625
0 0.8104653828125 0.527566734375 0.8350978 0.5268500046875 0.8406751046875 0.5187905453125 0.8432998140624999 0.51167909375 0.8457399671875001 0.4918056453125 0.8448490515625 0.4847964875 0.8414110656249999 0.47317138593749997 0.8342407109375 0.4681688515625 0.8264282109375 0.468396171875 0.8160204406249999 0.47391017812499997 0.8103349468750001 0.48058957500000005 0.8050989124999999 0.4931184578125 0.8033330140625001 0.5075005578125 0.8055188546875 0.5198134875 0.8104653828125 0.527566734375
0 0.8604164015625001 0.50224646875 0.8607641625 0.515264278125 0.8640549562500001 0.5360132046875 0.8696199468750001 0.554090378125 0.8743579390624999 0.561516759375 0.8954335999999999 0.5609035203125 0.9140468687500001 0.5488893109374999 0.9246018312500001 0.5342514703125001 0.9323876421874999 0.5183914171875 0.9362138265625 0.47137954843749996 0.9285485187500001 0.4624830375 0.9093383421875 0.4604364078125 0.8992516437500001 0.463335490625 0.8823423531250001 0.47424984062500003 0.8656069421874999 0.49167309687499994 0.8604164015625001 0.50224646875
0 0.8211674468749999 0.441897484375 0.8281906093750001 0.45602384999999995 0.8338634609375 0.45682462343749997 0.8479985921875001 0.4564133328125 0.8578085578125 0.4525564734375 0.8722697703125 0.43780497343749997 0.8789525921875001 0.42419175625000005 0.8816977640625 0.40183412656249995 0.881313184375 0.395852471875 0.8773802453125 0.3803333921875 0.8716680625000001 0.371380053125 0.8644977078125 0.36637751875 0.8410602078125 0.36705948125 0.8265989953125 0.3818109765625 0.818813184375 0.39767103593750003 0.8162446015624999 0.41859045625 0.817234509375 0.4263784078125 0.8211674468749999 0.441897484375
0 0.922245009375 0.5788064 0.9303181796875 0.5130557 0.9095432828125001 0.5610004156249999 0.91493439375 0.572568684375 0.9221981906250001 0.5788077625 0.922245009375 0.5788064