0 0 0.737146990625 0.0039834578125 0.73861760625 0.033491612500000004 0.7381025390625 0.0474679609375 0.7369252656249999 0.0753443171875 0.7181434875 0.08650498125 0.7035738765625 0.0948500875 0.6851330156250001 0.101242021875 0.6533097703124999 0.1019623078125 0.6285551203125 0.100582415625 0.62230656875 0.0896245328125 0.5963618421875 0.08102568593750001 0.5899779390625 0.0400100609375 0.5906938687500001 0.024308975 0.59358153125 0 0.6121892796874999 0 0.737146990625
0 0 0.56813436875 0.006817057812500001 0.5775074906250001 0.0202606734375 0.585113628125 0.034466796875 0.5865999937499999 0.0433372296875 0.586445159375 0.051586759375 0.58195323125 0.060642125000000005 0.5726475703125 0.064903446875 0.560376390625 0.0657875 0.529993421875 0.06114925156249999 0.521673528125 0.0172925890625 0.485848653125 0.013386339062499999 0.4859168359375 0.0054216671875 0.491283059375 0 0.4993888359375 0 0.56813436875
0 0.0242036515625 0.40934799218749995 0.0171014109375 0.41861956093749997 0.0128147265625 0.4317623828125 0.0122821203125 0.4500668765625 0.0139308984375 0.46049249531249997 0.0173806296875 0.47611387812499995 0.03138233125 0.4980850734375 0.048656109375 0.5082379578125 0.060374859375 0.50803340625 0.07427499374999999 0.4999499796875 0.09159937968750001 0.47481838437499996 0.0938568515625 0.46432458125 0.09454163125000001 0.4407902328125 0.0911679875 0.4225539234375 0.0732600359375 0.4006509109375 0.06364658437500001 0.395591515625 0.046068459374999995 0.39589834218750003 0.0242036515625 0.40934799218749995
0 0 0.46635240937500005 0.0069616703124999995 0.47307552968750005 0.012662490625 0.4729760203125 0.0127897828125 0.47287393125 0.0152146640625 0.3895361859375 0.0059911109375 0.39455848125 0 0.40237953437499996 0 0.46635240937500005
0 0.1295946203125 0.5646373484375 0.14714966406250002 0.5515565515625 0.15222269375 0.5449340046875 0.15458036875 0.537705453125 0.15563797343750002 0.50135795625 0.1463884453125 0.47708225000000004 0.13786568593749998 0.4680834171875 0.1265775671875 0.46317909375 0.1162477015625 0.46335940156250005 0.1105980234375 0.46594577812500004 0.094592590625 0.47929315 0.08538505156250001 0.49382866875 0.083203665625 0.5017075421875 0.0825188859375 0.525241890625 0.086044703125 0.5382483453125 0.0934767703125 0.55118661875 0.10199952968749999 0.5601854515625 0.112916378125 0.56492846875 0.1295946203125 0.5646373484375
0 0.0949363421875 0.34671634687499997 0.11081508124999999 0.3712683765625 0.137930571875 0.3786358734375 0.161900678125 0.3599222765625 0.1711082171875 0.3453867609375 0.177652371875 0.321750134375 0.17788063125 0.3139053515625 0.170828996875 0.2878924421875 0.1624584109375 0.2736637546875 0.14526071875 0.26089594374999997 0.11799305625 0.2587583015625 0.1008969296875 0.27604511249999997 0.090446525 0.299749921875 0.08803688125 0.3154735796875 0.0949363421875 0.34671634687499997
0 0.14518388124999998 0.437971884375 0.1486336125 0.453593265625 0.157156371875 0.4625920984375 0.1743177421875 0.47640114375 0.198556984375 0.475978046875 0.2095864 0.47213132812499997 0.21871785156249998 0.4602107390625 0.22089923749999998 0.4523318640625 0.22354726249999998 0.421706528125 0.22366900156249997 0.41752264375000003 0.2203917578125 0.40268232968750006 0.21295969062500003 0.389744059375 0.20255989375 0.37816439062499996 0.190993315625 0.3731390875 0.169508940625 0.3735140984375 0.1535795953125 0.3842465453125 0.148506565625 0.39086909375 0.14450649843750002 0.40087059375 0.1443847609375 0.405054478125 0.14518388124999998 0.437971884375
0 0.1932373328125 0.5039976953124999 0.17809433125000002 0.5212504171875 0.173959821875 0.5291633828125 0.17170235 0.5396571859375 0.170941484375 0.5658064625 0.1725902625 0.5762320796875 0.1846388390625 0.59823736875 0.196129328125 0.6058776015625 0.2059751984375 0.6101553125 0.21294857500000003 0.6100335921875 0.2253501171875 0.6079811484375 0.2393263390625 0.5972827953125 0.252440128125 0.5826790953125001 0.26514800312500003 0.548480484375 0.263803571875 0.5275951546875 0.2566758515625 0.504197171875 0.25010621718750004 0.49516424687500005 0.2328324390625 0.48501136406249995 0.2172074390625 0.4852841 0.1932373328125 0.5039976953124999
0 0.1656883515625 0.58532778125 0.1485019765625 0.56430731875 0.124565203125 0.5647251375 0.11100828125 0.572608971875 0.099923703125 0.584563653125 0.091502509375 0.6056194421875001 0.089016778125 0.623958028125 0.09246650937499999 0.6395794109375 0.1027141328125 0.656388934375 0.146046459375 0.658052565625 0.14960548906249999 0.6579904421875 0.1644885859375 0.6265610609375 0.1656883515625 0.58532778125
0 0.155036771875 0.7232912875 0.155488265625 0.721192528125 0.15652304374999998 0.6856295125 0.1563302453125 0.6788375156249999 0.1460065328125 0.6646429203124999 0.1267796296875 0.6545241296875 0.1209202546875 0.65462640625 0.10608160156249999 0.6614194125 0.103900215625 0.6692982890625 0.111129503125 0.722750890625 0.1386945859375 0.7284576828125 0.15124703281250002 0.728238578125 0.155036771875 0.7232912875
0 0.15578837343750002 0.7142330171875 0.164158959375 0.72846170625 0.1911983640625 0.7384441296875 0.2068233640625 0.7381713953125 0.2226766234375 0.7300538765625 0.2398488359375 0.7101521375 0.24016462968750002 0.7093625453125 0.24136806718749998 0.6680031046875 0.2377686640625 0.64746205625 0.23307606875000003 0.6410099671875 0.21970854062499998 0.6307889 0.20814196406250002 0.6257635968749999 0.1904877515625 0.6286853515625 0.17057606875 0.6421009078125001 0.15738619375000001 0.6593195359374999 0.1530234234375 0.6750772859375 0.1524908171875 0.6933817796875 0.15578837343750002 0.7142330171875
0 0.255886440625 0.6822809765625 0.2786417734375 0.694780765625 0.29867143125 0.694431146875 0.3104978546875 0.68394133125 0.3257169421875 0.664073684375 0.329190684375 0.6553881703125 0.329525465625 0.643882490625 0.3247529421875 0.6301137156250001 0.3051962125 0.597785084375 0.2741744734375 0.590485771875 0.2543388765625 0.601286403125 0.24926584687500003 0.6079089515625 0.24505525156250002 0.618436846875 0.2427977796875 0.6289306484375 0.24211299999999997 0.652464996875 0.24743976875 0.670667215625 0.255886440625 0.6822809765625
0 0.305876671875 0.5743992390625 0.322550859375 0.58938 0.3496257546875 0.5889074062499999 0.3562774890625 0.5865874875 0.3633797296875 0.57731591875 0.3791942296875 0.547048821875 0.3798267 0.5253122343750001 0.37332265468750003 0.503961575 0.3667530203125 0.49492865 0.349631415625 0.4795459125 0.3418950015625 0.4770673515625 0.3243168765625 0.4773741796875 0.300270684375 0.49870270312500004 0.2949693953125 0.5131700359375 0.29233149062499997 0.5367384765625001 0.2975060859375 0.5601705499999999 0.305876671875 0.5743992390625
0 0.2365158765625 0.492600721875 0.24082343437499998 0.493980759375 0.2822556046875 0.4932575578125 0.3051035109375 0.4835627203125 0.310176540625 0.4769401734375 0.3155284359375 0.4271883609375 0.31606104375 0.4088838671875 0.3125352265625 0.3958774140625 0.302211515625 0.38168281875 0.28696694843750004 0.368880915625 0.269464909375 0.366572815625 0.24767618749999998 0.3774075359375 0.2344863125 0.3946261640625 0.223959821875 0.42094589843749997 0.22116974374999998 0.44974419687499995 0.22228591562500002 0.478474309375 0.2365158765625 0.492600721875
0 0.331883075 0.46389823124999996 0.3376376296875 0.46574185312500005 0.3660302796875 0.46524625625000005 0.3729747875 0.460567375 0.38616466250000003 0.44334874687500003 0.3888618921875 0.42948225781250005 0.3897264265625 0.3997701421875 0.3894112609375 0.398860884375 0.381040675 0.3846321953125 0.35805969375 0.3693517328125 0.34438781875 0.3695903765625 0.3303355109375 0.3829036578125 0.3170695484375 0.40273721250000005 0.3148881640625 0.41061608749999995 0.3142794703125 0.431535509375 0.3160043359375 0.4393462 0.331883075 0.46389823124999996
0 0.268919575 0.2511338296875 0.2556536125 0.2709673875 0.24692807343749998 0.3024828859375 0.2444423421875 0.320821471875 0.246015034375 0.3338620203125 0.2496169375 0.34425354375 0.256186571875 0.353286471875 0.2714311390625 0.366088375 0.29777831093749996 0.3727352140625 0.33411909375 0.3721008828125 0.3476030140625 0.36475878906250003 0.3588397640625 0.347574253125 0.3616298421875 0.31877595625 0.35675959375 0.2848841734375 0.35308160312500003 0.27710757343750003 0.336974603125 0.260400325 0.310163459375 0.2425731171875 0.29859688281249996 0.237547815625 0.29078438281249996 0.23768418281249998 0.268919575 0.2511338296875
0 0.366057003125 0.30080520312500003 0.3694065296875 0.3131613359375 0.37300843281249996 0.32355286250000004 0.3823175390625 0.33907196875 0.3890260171875 0.3461551765625 0.42310425937499996 0.3455603390625 0.43606651875 0.336826978125 0.44316875937500005 0.327555409375 0.45151386562500007 0.309114546875 0.4534771125 0.302023559375 0.45391080625 0.287118471875 0.45242690625000004 0.277735415625 0.4451470125 0.2595672890625 0.43099313749999996 0.2428259484375 0.415596396875 0.23525390000000002 0.399971396875 0.23552663593749998 0.3900536 0.24092695156250002 0.3748345125 0.2607945984375 0.36844253125000004 0.2792013671875 0.36613689374999997 0.2980595296875 0.366057003125 0.30080520312500003
0 0.40761227968749997 0.44255975156250005 0.4146200609375 0.44721934843750005 0.42987252187499997 0.44695311562500006 0.450733203125 0.43657987187499997 0.46290998749999995 0.40721563749999995 0.463331975 0.39271284687499997 0.46288299374999997 0.38801620468750003 0.45748013906249996 0.3724289140625 0.4432501765625 0.358302503125 0.43363672500000006 0.35324310625 0.41605860000000006 0.35354993281249997 0.4080939265625 0.3589161578125 0.392798753125 0.38139873125 0.390313021875 0.3997373171875 0.3936105796875 0.4205885546875 0.40761227968749997 0.44255975156250005
0 0.40670832968750004 0.5474260421875 0.42372176875 0.5563799265625 0.44480755624999996 0.5560118734375 0.45053951249999996 0.550581365625 0.45888461875 0.5321405046875001 0.4628795890625 0.5156050953125 0.4629734296875 0.5123800171874999 0.45807279218749997 0.49295068437499995 0.4515031578125 0.48391775781249996 0.44001266875 0.476277525 0.42251062968750003 0.47396942500000006 0.4046281578125 0.4847359640625 0.40158434062500004 0.48870949531249996 0.3976578484375 0.50289146875 0.396965459375 0.5266873109375 0.4001386953125 0.53839311875 0.40670832968750004 0.5474260421875
0 0.398776321875 0.544960584375 0.390887734375 0.547711878125 0.3869053984375 0.550394990625 0.3676278875 0.575560675 0.363417290625 0.5860885687499999 0.3610837328125 0.5991973015625 0.36790710625 0.633054990625 0.3763537796875 0.64466875625 0.4126900578125 0.658083403125 0.4194006203125 0.6579662703125 0.4248775578125 0.654276165625 0.44212585625 0.6317594984375 0.448289578125 0.6211975109375001 0.448898271875 0.60027809375 0.4472494921875 0.5898524734375 0.4363676953125 0.5612928187499999 0.4297980609375 0.55225989375 0.422137734375 0.54716640625 0.41049507187499995 0.5447560328125001 0.398776321875 0.544960584375
0 0.3185814609375 0.7449326468749999 0.3262417875 0.7500261359375 0.33873499375 0.7546383859375 0.351867465625 0.7544091578125001 0.3706055765625 0.7348769640625 0.3769214703125 0.7190851234375 0.37910285625 0.711206246875 0.3796354625 0.6929017546875 0.3778345109375 0.6877059890624999 0.36938783750000004 0.6760922328125 0.359850471875 0.6684179078125 0.352114059375 0.665939346875 0.340395309375 0.6661438984375 0.332506721875 0.6688951953125 0.3153345109375 0.68879693125 0.31120000000000003 0.6967099 0.30833383593749997 0.728123125 0.3185814609375 0.7449326468749999
0 0.404528025 0.7565391625 0.4046367828125 0.756611478125 0.42980557187499996 0.75617215625 0.441865659375 0.748046634375 0.45099711249999996 0.7361260453125 0.457033975 0.71650579375 0.4574955671875 0.7006419 0.45259493125 0.6812125640625 0.44242339375000006 0.6617881109375 0.428979778125 0.654181971875 0.39750151875 0.6625722265625 0.388370065625 0.6744928140625001 0.38611259375 0.6849866171875 0.3836370546875 0.716393021875 0.3833834328125 0.725109446875 0.38849711249999996 0.7372169859375 0.404528025 0.7565391625
0 0.5108145171875 0.39114190312499997 0.5198698828125 0.3818362421875 0.526109690625 0.3686593265625 0.52702273125 0.33728019531250003 0.523420828125 0.32688866875 0.513097115625 0.312694071875 0.499813940625 0.30517870625 0.499417684375 0.305185621875 0.47989399062500004 0.313273634375 0.466780203125 0.327877334375 0.46256960625000004 0.33840522968750003 0.46031213437499996 0.3488990328125 0.459779528125 0.3672035265625 0.46150439375 0.3750142171875 0.47753530624999996 0.39433639375 0.4828934921875 0.3960530265625 0.5040740421875001 0.3956833171875 0.5108145171875 0.39114190312499997
0 0.449058053125 0.4538967828125 0.448970553125 0.4569039453125 0.455845896875 0.482266534375 0.4642164828125 0.496495225 0.4777036296875 0.5054630640625 0.5087872390625 0.5049204984375 0.5188278953125 0.4981555734375 0.530064646875 0.4809710421875 0.5366848640625 0.44801124843749995 0.5367558781249999 0.4455706484375 0.5353404562499999 0.4338341578125 0.5317385515625 0.4234426296875 0.5196138890625 0.4040522703125 0.5119535625 0.39895878281249997 0.482732775 0.3968552328125 0.4728910625 0.399640621875 0.4649263890625 0.40500684375 0.45782414843749997 0.4142784125 0.4514321671875 0.4326851828125 0.449058053125 0.4538967828125
0 0.479435346875 0.6085054609375 0.5276396140624999 0.6076640531249999 0.5318656453124999 0.6069280140625 0.5409970984375 0.595007425 0.54520769375 0.5844795328125 0.5461968203125 0.550485471875 0.5408700515625 0.532283253125 0.524915225 0.5103461499999999 0.5172548984375 0.5052526625 0.4977236484375 0.50559358125 0.48187038906249996 0.513711096875 0.470709725 0.5282807046875 0.46018323437499997 0.55460044375 0.45957454062499997 0.5755198640625 0.46310035781250003 0.5885263187499999 0.479435346875 0.6085054609375
0 0.518677625 0.7582637953125 0.52506960625 0.7398570234374999 0.5255261265625 0.7241674578125 0.5094952140625 0.7048452796875 0.4958233390625 0.7050839234375 0.483952415625 0.7105183328125 0.47388244375 0.721148503125 0.47083862656250003 0.7251220328125 0.4700016734375 0.7538862375 0.4802492984375 0.770695759375 0.484176225 0.7724018828125 0.5063291750000001 0.7720152015624999 0.518677625 0.7582637953125
0 0.5407880234375 0.696119465625 0.5625767453125 0.68528474375 0.575690534375 0.6706810437499999 0.577217503125 0.6651658312500001 0.5778718484375001 0.642677453125 0.5730777578125 0.62629545625 0.5627540453125001 0.6121008609375 0.54735730625 0.6045288125 0.52001355625 0.6050061 0.507990459375 0.6156703625 0.49885900781250003 0.62759095 0.4952153265625 0.63876235 0.494531465625 0.6622651390625001 0.5214089468750001 0.6912305296875 0.5407880234375 0.696119465625
0 0.6259452046875 0.6006744296875001 0.6272910859375 0.5544194671875 0.6154864359375 0.5408035984375 0.5872554203125 0.528538134375 0.5851720890625 0.5285744984375 0.5747751578125 0.5310598171875001 0.5534684359375001 0.5588745234375 0.5526314828125 0.5876387281250001 0.5543563484375 0.59544941875 0.5617123281249999 0.6110026171875 0.5759422890625 0.62512903125 0.5803547234375 0.627046090625 0.6001550703125 0.6267004734375 0.6172622609375 0.6139533890625 0.6259452046875 0.6006744296875001
0 0.526482915625 0.483304328125 0.5261024828124999 0.4963789671875 0.5315053375 0.51196625625 0.5418290484375 0.5261608546875001 0.545388271875 0.527707221875 0.5647688125 0.5273689328125 0.575184346875 0.520351434375 0.5822865875 0.5110798671875 0.5866493578124999 0.49532211718749997 0.5869537031250001 0.4848624078125 0.5779489453125 0.4588835890625 0.5694261859374999 0.44988475625 0.5498949359374999 0.450225675 0.5359948 0.45830910312500006 0.530921771875 0.46493165000000003 0.526482915625 0.483304328125
0 0.641414728125 0.531945553125 0.661478584375 0.513300140625 0.6645984890625 0.50671168125 0.6654354421875001 0.47794747656250003 0.6619857109375 0.4623260953125 0.6459547984375 0.44300391875 0.636341346875 0.437944525 0.620243796875 0.43582164062500006 0.61846749375 0.435852646875 0.6049391734375 0.44371985 0.593854596875 0.45567452968750005 0.5876147890625 0.4688514421875 0.586321315625 0.513305215625 0.59187634375 0.5236626515625 0.5946919015625001 0.5275339031249999 0.6081355171875 0.535140040625 0.6206402828125 0.5373256375000001 0.63189486875 0.5371291874999999 0.641414728125 0.531945553125
0 0.660091271875 0.5207247125000001 0.65925431875 0.54948891875 0.6699839437499999 0.5832784265625001 0.6765535781249999 0.5923113515625 0.6860909421875 0.599985675 0.7079748343750001 0.6045162890625 0.7179032249999999 0.6043429890625001 0.7349951546875 0.59651845 0.750214240625 0.5766508031249999 0.762541684375 0.555526828125 0.768933665625 0.5371200593750001 0.7701384874999999 0.5292582296874999 0.7709944625 0.49984029531249996 0.7683500999999999 0.49008545468750003 0.7542723125 0.4707291859375 0.73324445625 0.45541463125000003 0.7216778796875001 0.45038932656249997 0.7060528796875001 0.4506620625 0.69621116875 0.45344745 0.6882464953125 0.45881367187500005 0.6750566203125 0.47603229999999996 0.66234874375 0.5102309109375 0.660091271875 0.5207247125000001
0 0.6966654812499999 0.706195571875 0.7147001265624999 0.6901991796875 0.7279660890625 0.670365625 0.7300713859375 0.665101678125 0.730832253125 0.6389524 0.7291073875 0.631141709375 0.722537753125 0.6221087828125 0.69407783125 0.5938559578125 0.6806397484375 0.5862529484375 0.680624478125 0.5862532140625001 0.6648570421875 0.591752409375 0.623232725 0.6133877609375 0.6078614640625 0.6384852640625 0.610854675 0.6697962109375 0.6153190109375 0.6840930843749999 0.6305635781250001 0.6968949875 0.6690866765625 0.714514534375 0.6691176765625 0.71451399375 0.6887008078125 0.711561796875 0.6966654812499999 0.706195571875
0 0.6826835531250001 0.7908895484375 0.6936481046874999 0.792171134375 0.7051552562500001 0.7919702765625 0.7159627656249999 0.78769505625 0.7230650062499999 0.7784234875 0.72910186875 0.7588032375 0.729319984375 0.7513071124999999 0.7187273640625 0.7262272109375 0.7140347671875 0.7197751203125 0.6928547390625 0.7096904203125 0.6869953640625 0.709792696875 0.6632535171875 0.7206615109375 0.656341903125 0.736799784375 0.6558216156250001 0.7546809109375 0.660793265625 0.7716696468750001 0.6673629 0.780702571875 0.6826835531250001 0.7908895484375
0 0.7742699328125 0.68300613125 0.78150010625 0.682879928125 0.7852697296875 0.6818130578125 0.84087026875 0.6494793484375 0.8439140859375 0.64550581875 0.8449502437499999 0.641763353125 0.8462586968749999 0.5967947703125 0.8347822812500001 0.556802828125 0.8167221578125 0.5401296734375001 0.7994483796875 0.5299767875 0.7778879171875 0.5329667312499999 0.76992324375 0.5383329531250001 0.7458770515625 0.5596614765625 0.7326110890625 0.5794950328125 0.7298210109375 0.6082933296874999 0.768858384375 0.6755655171875 0.7742699328125 0.68300613125
0 0.878067828125 0.7733350109375 0.8887003625000001 0.768467528125 0.8987703328125001 0.7578373578125001 0.9201531421875 0.7274077234375 0.9291232203125 0.700906065625 0.9300982031249999 0.6673980765625 0.9157139328125 0.645156825 0.90422344375 0.63751659375 0.8965555500000001 0.6355821421875001 0.8935283765625 0.6356349812500001 0.8607981734375001 0.6539561796875 0.8467458656250001 0.6672694625 0.833479903125 0.687103015625 0.8289649609374999 0.7080906234375 0.8300811328125001 0.7368207359375 0.8336830359375 0.7472122625 0.8458837859375 0.7639876953125 0.8593274 0.7715938328124999 0.8731777781250001 0.7734203671875 0.878067828125 0.7733350109375
0 0.965367 0.6981389499999999 0.961156403125 0.70866684375 0.9665592578125001 0.7242541328125001 0.9733239546875 0.7357530624999999 0.9749613 0.7357244828125 0.976307165625 0.6894701249999999 0.9704400281250001 0.6915164 0.965367 0.6981389499999999
0 0.9692625046875 0.801415625 0.9748227953124999 0.7941569859375 0.9752374671874999 0.77990563125 0.9737066578125001 0.77548923125 0.9692240968749999 0.7718823 0.9683643078124999 0.801431303125 0.9692625046875 0.801415625
0 0.6733070609375 0.4455885890625 0.687658184375 0.45182368906250003 0.6972791390624999 0.4516557546875 0.716199725 0.44745349687499997 0.7233019656249999 0.438181928125 0.7295125953125 0.42265328281250003 0.7306691125 0.38290638125 0.7289582078125 0.37797040625 0.718634496875 0.3637758109375 0.7090210453125 0.3587164125 0.6894897953125 0.35905733125 0.681525121875 0.36442355625 0.664352909375 0.38432529375 0.6581131015625 0.39750220937499997 0.65570345625 0.413225865625 0.6611063125000001 0.4288131578125 0.6733070609375 0.4455885890625
0 0.59213435 0.4519293578125 0.601064790625 0.44940187500000006 0.6141785796875 0.43479817656249997 0.6202287828124999 0.4214285515625 0.6215545921875 0.3758634390625 0.62013916875 0.364126946875 0.60989154375 0.34731741875 0.596524015625 0.337096353125 0.57887025 0.3350329015625 0.5763384312500001 0.33507709375 0.5612916796875 0.3403249359375 0.5420902546875 0.36287569375 0.5399849578125 0.3681396421875 0.5378035718749999 0.376018515625 0.537270965625 0.3943230109375 0.5388436578125 0.4073635578125 0.5440943390624999 0.4281807015625 0.558172128125 0.44753697031249995 0.5673405125000001 0.4523621359375 0.59213435 0.4519293578125