0 0.26067404887648793 0.3543858659691378 0.05430333927822088 0.06130808150660201
0 0.8191651668048607 0.4221866052275958 0.10201782391315532 0.10741921859583456
0 0.5161242108980018 0.460125146602503 0.05416535277135566 0.06296482875656224
0 0.5422169916800821 0.41289561059836677 0.05620454248120747 0.06913421750676108
0 0.09848800270336744 0.4266619499920458 0.06891190084225536 0.08508520834161892
0 0.6452072373123272 0.4437632552514583 0.05900783501449034 0.0646795290071985
0 0.29743360940065894 0.31250690129695624 0.06483228395374603 0.0758680218411815
0 0.41995873960010266 0.5191194332829567 0.06530897366359803 0.08201922925783478
0 0.29539391347709554 0.40794667063177437 0.057804746360162175 0.06642143284034638
0 0.5038306865636558 0.37032684993636655 0.056076910045684866 0.06776703000676107
0 0.38374446173019555 0.23172852128422955 0.07292739863240341 0.07898627225890867
0 0.4822918629362201 0.5082268392743663 0.07027908834225531 0.08510111700847123
0 0.4368322857732233 0.4485342132797753 0.058448161293596715 0.07540353517365297
0 0.7671563816550255 0.5017837459023227 0.060950605943147454 0.06772619042409059
0 0.39857952350215226 0.315240455283275 0.0491940006238929 0.06300453200588603
0 0.15160310295292456 0.45107105665181885 0.05361603312180483 0.07066490017305646
0 0.3853427185935219 0.4499154472867749 0.05489468097434216 0.07077732875656224
0 0.4018726116884344 0.3840268179503659 0.0638753435679261 0.08024664442432919
0 0.4566405212143768 0.24182967994113908 0.050641848637623534 0.05970467350612472
0 0.523161726081246 0.2590439045990031 0.052953147514490165 0.06460907633970994
0 0.6457264552824611 0.3655473485837311 0.07402788116150986 0.08972959609225528
0 0.6921206247916991 0.28445134257641325 0.09674067400673927 0.11672262959499946
0 0.7016439134770955 0.4032195239099587 0.06833755488240349 0.07893286459161893
0 0.535510806779804 0.516992764600594 0.04915614530463817 0.058419233589272326
0 0.26097325686332634 0.2151688246340015 0.07774546032643662 0.09611361500934619
0 0.5832153440096187 0.332644489258458 0.05616282331523692 0.06659742767345422
0 0.12051129138876386 0.5452846806572277 0.0512148056883702 0.06166234383951093
0 0.09261135503290403 0.3469562686585004 0.05754299126449021 0.06466248400699967
0 0.6202456247916992 0.2852876839195037 0.06636743414613414 0.07559323442472685
0 0.20935378140546831 0.48324720997772824 0.07384292273285267 0.0867033886756019
0 0.48781879991647764 0.2993421879376392 0.05593228187389272 0.06308293900680084
0 0.08444772524905227 0.4940858073281366 0.054718839148222155 0.06784877758990877
0 0.5949773275785889 0.4083711952578216 0.06719441859912081 0.08340687075807356
0 0.5784474344836763 0.47425982459423055 0.045730297420906396 0.055160214672181594
0 0.07000460378511832 0.2220835379933185 0.059688953826879464 0.07093066534054512
0 0.33489643344368664 0.5294944066279563 0.05456385690508751 0.06618862133990877
0 0.582479750623388 0.5258314152610033 0.04535002649224893 0.05213173458883489
0 0.42780599251227597 0.1842898999443207 0.06197166542732866 0.07866369042409058
0 0.7571534740012666 0.36112238323523177 0.0761829603264367 0.09609543367580073
0 0.34701823502455176 0.3744978239576838 0.058139434276132815 0.06896163167369282
0 0.6490777304490009 0.22551269458150394 0.04586704645896624 0.056625058422181594
0 0.23295936959175045 0.5517972153087284 0.04220679328717427 0.05190005942174416
0 0.45035092221260536 0.3420114932765935 0.0723195155209126 0.08814891475870983
0 0.4258911512060246 0.2726893286123661 0.048766757773443456 0.055293097255925794
0 0.16740124480005134 0.2600551579805918 0.06535842052300075 0.08045900192452801
0 0.15588270528246118 0.3712471966502281 0.07708257471912199 0.09005779117599957
0 0.5338297173457361 0.32305186059836677 0.04909881931150366 0.056760213672619034
0 0.5633689286603397 0.20382914592618523 0.07110607279524199 0.09291475334181776
0 0.884645512686663 0.4785178738860962 0.07677261023285276 0.08673747867599957
0 0.3526415388931924 0.2923120326225475 0.06022420699867137 0.07561930167389175
0 0.7022186878114415 0.49315418057768595 0.0889252447482285 0.10092611167747094
0 0.9414666524538102 0.3918258485439602 0.07486893209225513 0.08515452467576097
0 0.22491453681321297 0.39859948997454664 0.07422195619270466 0.09285345975890866
0 0.3583575750830174 0.16085294728677488 0.06506668924180606 0.07733400192452802
0 0.13042046277018526 0.18227560331795525 0.07022176234912073 0.08344209709181775
0 0.6240417660144282 0.5018848379217309 0.06654064959434347 0.07744870317472703
0 0.19765725395115313 0.5506437953135009 0.04407014117090622 0.05514089700528953
0 0.48974354097317185 0.18591548726927568 0.08759715003628869 0.10237391042727224
0 0.27639662728727055 0.5395602973026833 0.048411513155087516 0.06611703233907348
0 0.26717618115591113 0.45754722863622865 0.05774618289822211 0.06788400392365297
0 0.08912047940901117 0.2844289966581822 0.04603114530463821 0.0583828709221816
0 0.24346432633080317 0.2873256353039559 0.0527096256238929 0.06304544000636332
0 0.9594996470460657 0.4760826698759148 0.07648087895165787 0.08361247867599957
0 0.20285043760364557 0.32142846264322833 0.059543088186282137 0.06936816534054513
0 0.3316033452574045 0.4607080439608655 0.05467062975762484 0.0662874139232553
0 0.4788108870627701 0.42067229527372996 0.0530013569050876 0.0661704400063634
0 0.04988120299468572 0.2997454613303637 0.05252017164091396 0.0944543898392725
0 0.19161878327765178 0.20111596264322834 0.054837354981207474 0.06911830883990877
0 0.37169801601442815 0.5048211232893202 0.04402193178030896 0.053579533338636055
0 0.8697744864801334 0.6710871818905504 0.08506472920121518 0.10868520401018138
0 0.057560160149330374 0.39037955199713653 0.04790623616881819 0.06279444717238043
0 0.2324932849410295 0.680848915977092 0.06344686324867146 0.07565680067432919
0 0.12797892678815628 0.4912329799888642 0.04031346921791963 0.04729317067154533
0 0.7533844014138206 0.4464149932368226 0.03885774207045696 0.047373781921346315
0 0.4484819450913696 0.1293024079408209 0.04872766498538361 0.053829389839272455
0 0.07558446651354243 0.5583210299968183 0.05446001331106072 0.0817954400063634
0 0.29236791098152415 0.15771031329568355 0.040994588030308955 0.05354430700489181
0 0.5589434606902058 0.28209050592777607 0.03400614322478503 0.045561425420710046
0 0.3208797976287022 0.22854952462604733 0.060564147670463434 0.08030566534054513
0 0.8147607098580121 0.5090508058959593 0.04275116306150366 0.05668635200509069
0 0.8373403924705147 0.3320337725573232 0.06524253106792628 0.0802625530911815
0 0.6117755178866117 0.21968995591982185 0.039432088030308954 0.0535261256713464
0 0.38523018677145177 0.5492432852880474 0.03320650857941043 0.03804075783736351
0 0.048602957570236624 0.44523068399904553 0.01961451094523554 0.05963628825190899
0 0.8776439619379914 0.40351787388609617 0.04640229963075839 0.06131369475552813
0 0.02970224584004108 0.2092568213319546 0.026138009021355525 0.06263870108609079
0 0.12114061813616876 0.25042616665340967 0.040781042325234294 0.05334672183819862
0 0.3045414267881562 0.4891784892982288 0.042176817101651665 0.05053400825509051
0 0.9948530559546718 0.4769906418682788 0.010293888090656367 0.05845673258970994
0 0.16364691805264645 0.5549500346515007 0.03063762133418768 0.043961426420272606
0 0.15607928119767234 0.3063307213160463 0.03974823986060505 0.041238483171545236