0 0.5186383310465775 0.5223611840785873 0.1425400966017893 0.16403511793343667
0 0.7654524495532776 0.5659133787794038 0.14157621744575904 0.1699728315165448
0 0.6344662501276237 0.5487429654280411 0.1387936470006407 0.1578475478496925
0 0.2371550072750445 0.213201623368862 0.13133118493937673 0.1357204186823629
0 0.17910909696872 0.6294987853675893 0.09017858379068447 0.10403406667727229
0 0.3546671316528296 0.6401470260582245 0.12478568096282938 0.14646935576463563
0 0.11760343219526984 0.4864022186903171 0.09863536214901263 0.11047149326165276
0 0.9278915896936756 0.42776958346590294 0.05436283235481909 0.06460794000636341
0 0.33710427029355033 0.26834420404995224 0.06306565388481289 0.07231603417409058
0 0.1660307516273009 0.774856738701453 0.11579242681078714 0.135442085430255
0 0.5351663007657818 0.8026213960852688 0.12363536665603299 0.1483089158477835
0 0.27623778908742347 0.30049308537554353 0.08294187407466644 0.094685133926437
0 0.8314833093490679 0.43603552211963087 0.10852020589502445 0.12745806751272665
0 0.08189930644543122 0.3702045066836356 0.11931693006142532 0.13889641684734588
0 0.40164363446074847 0.2917822513924063 0.09174108379068446 0.10405224801081765
0 0.416284450957237 0.3873947433959062 0.08578658776723191 0.09315786026018139
0 0.03808240547921391 0.8060420093491356 0.07616481095842782 0.13232383501252798
0 0.041902422396493326 0.6520539433481811 0.08380484479298665 0.11810572576185159
0 0.5411829986279465 0.3160930027450418 0.06655591399968212 0.07547739684118149
0 0.2595473990108374 0.7110129620464524 0.1072773066927268 0.11515565267941988
0 0.4035003829929772 0.19557941339113372 0.07657138906748706 0.09441595975890867
0 0.9277495593171619 0.3018156107972213 0.09044238436503065 0.11964088534372674
0 0.7156452385449832 0.45659237543758613 0.09807605759811899 0.10568633701165293
0 0.27358963883215626 0.4436254673774525 0.10837308703733442 0.12453065267941987
0 0.6455255203254563 0.40727308076063207 0.10406606482131657 0.11521580992898244
0 0.3130782299616971 0.8219419187221337 0.0808302158383869 0.0916373361761984
0 0.6081066547862047 0.6939463774267685 0.12306337966257423 0.14508398693109026
0 0.6731026517868502 0.23157364676158654 0.055354613425335944 0.05974330883990877
0 0.3774958816209237 0.5050725920591791 0.11622110003988731 0.1382752530136017
0 0.022243092075818784 0.4325312366724997 0.04448618415163757 0.15578512959499946
0 0.21483354058710064 0.5313430960375437 0.08621399293235639 0.09764891142683467
0 0.15771100440331381 0.290508463359317 0.09065798588864218 0.09311702067751089
0 0.603297463911931 0.17287026141785974 0.09219638906748706 0.0945977730943631
0 0.18672885124441008 0.3769004966979531 0.07661070355775497 0.08056808992580074
0 0.8405234395022202 0.8405963001272669 0.11120638635131001 0.12290572276316425
0 0.5043323555520061 0.2632492660725421 0.0791484988951833 0.08976482242599956
0 0.6767450940012715 0.3075003474299501 0.08540991327377298 0.08993520401018137
0 0.5544845304403255 0.40308447274822345 0.089619279239791 0.0992489104272721
0 0.48045858385449636 0.17300552673454234 0.09328075503350508 0.1038751168443631
0 0.048620065156341034 0.5411437153484993 0.08743532963864219 0.09307952167707345
0 0.020342926324184735 0.25115396733768164 0.04068585264836947 0.1023079346753633
0 0.0038786340030669613 0.5769624893379998 0.007757268006133923 0.11027263492599956
0 0.8760551301850583 0.5499894814608124 0.09414317464901245 0.11041922192770973
0 0.3884231938417222 0.8533288260661788 0.09456931175016141 0.11656815667766977
0 0.07733351895340278 0.710457336688408 0.07375457548659992 0.08199770734205636
0 0.3353388584237368 0.1830515940483614 0.0866147642469703 0.0994089965935279
0 0.1927150434588313 0.45285446936663487 0.06849508849314105 0.07871823442472685
0 0.7568383816847355 0.7801667827816311 0.08981332367581522 0.10090906667727229
0 0.6945210189534028 0.7176389634388588 0.0865513529355475 0.11471943750994278
0 0.32094151742181964 0.3463873880489977 0.07570516435864842 0.0853362011756019
0 0.38420242791957976 0.7421913313971789 0.08051188310466025 0.10226368609265286
0 0.8713473267389815 0.6438122067949941 0.07458401912890977 0.07908165584221542
0 0.7630579337268529 0.8608173461170855 0.05061638275367031 0.05842036992261903
0 0.08727675583917915 0.25057325934913566 0.10875736811183953 0.10278739892981754
0 0.8824065680918836 0.743294586131403 0.07947698425335262 0.1334591420920166
0 0.45301330220164704 0.7625498320734966 0.07512937407466644 0.09459422725871
0 0.2670961128589565 0.606270918045816 0.08935167537492177 0.09612504676061881
0 0.008212912834032447 0.7482744153405452 0.016425825668064893 0.12142603826185176
0 0.5205762212507873 0.6530299287475871 0.07989043350351147 0.09611247867599956
0 0.8169033238672508 0.7214099481221762 0.08979049491863585 0.10071375417727228
0 0.6184760260689176 0.2504958220878141 0.05060496837508062 0.05832271367261903
0 0.6092937934269254 0.3223617314210414 0.0737545754865998 0.08199770734205636
0 0.10255674869175839 0.5816692653564535 0.0859578034460768 0.09462270401018139
0 0.5384638584237368 0.18541516740926925 0.05684228593251532 0.05995566634010765
0 0.244815296330562 0.3752294560391346 0.04866452581764609 0.05673975967238043
0 0.35003039026802163 0.405399308720543 0.05748783235481909 0.0646443026734543
0 0.44873168363113514 0.45113961740131503 0.07393593748005874 0.0852180909253633
0 0.7710429769623428 0.3641417934436313 0.06957945445915889 0.08799557817472685
0 0.9047889162731273 0.384473569462085 0.05273945446713561 0.054056519672976935
0 0.4280944943522565 0.5674640514003605 0.0633243785976397 0.06451717017424966
0 0.2960835405871006 0.5322885253819069 0.05792665189853334 0.06923301009010778
0 0.7522422544033137 0.2974264607733587 0.06711902184109882 0.06777959809138032
0 0.9350648772814217 0.4935673061345847 0.02604632765236268 0.08934196958545434
0 0.5603895809827657 0.2521668627466327 0.06101360366943318 0.06644075050723827
0 0.9203631576579353 0.6193485561345847 0.028059061574666443 0.09404651458565336
0 0.4525871822271757 0.6256401780712695 0.06179485457083729 0.07395914542389156
0 0.8608562934269255 0.325288926121858 0.05959822252712286 0.06934998400699968
0 0.025822768053004985 0.32961532200827237 0.05164553610600997 0.07245566634010761
0 0.624289675047849 0.8232162540976773 0.08454749816528598 0.12093762017623817
0 0.7330255275366888 0.34805316943822245 0.050324682067646086 0.056759077339272504