0 0.9696875591010887 0.4108282911313534 0.06062488179782264 0.07673192487867624
0 0.31012405166431833 0.17826459147128446 0.11198162697434615 0.13986389342673622
0 0.7263376956596111 0.6514585168144091 0.06674500236188088 0.07934575058159296
0 0.43894963652211577 0.29813872074597186 0.1034172461130419 0.12718660141973093
0 0.7632825112213768 0.7155567311952078 0.05495942217481904 0.06532619214222671
0 0.8267036259486609 0.591990638205312 0.13960971950581325 0.15454464247680555
0 0.8889533269836349 0.4942785303977771 0.0785956098309942 0.0890775259187544
0 0.6393112923402633 0.6597451019205204 0.064191255292533 0.08552528837368065
0 0.40242995083448135 0.17768140359163162 0.08874795036595647 0.11885148059910597
0 0.5278946599673325 0.34615668702663155 0.1056365385920639 0.11787979065319458
0 0.9383156321724382 0.5776534216403117 0.09735784185954692 0.11154560894729179
0 0.110481094405567 0.2909139810982985 0.11196828400231826 0.13840132265118496
0 0.24874180146382568 0.46300457380385396 0.1260771019230619 0.16378310070728314
0 0.9760776997205489 0.4942402031754506 0.04784460055890207 0.09093072169430556
0 0.8670387477249148 0.2670438831713187 0.065266815639853 0.07784908518930997
0 0.7354577836176863 0.29671581221725635 0.058933959286123286 0.07789665435013893
0 0.6862399562330661 0.3495148103173953 0.08016550977912935 0.08921154975993498
0 0.6844658139113803 0.4293841482732981 0.06156316276106573 0.07142642078249999
0 0.8180442180559208 0.2298354771111452 0.07046345513693844 0.08596372748840278
0 0.03686599565032246 0.2902795078837847 0.038449038592063764 0.11631598423243057
0 0.8261610195197464 0.6984406599568049 0.0614801910804136 0.06518551268029515
0 0.641309654992955 0.5415217787822565 0.06295995005360648 0.07184886742478298
0 0.9200705045733921 0.347202855435902 0.09241280059905783 0.1067512791481989
0 0.838299363701599 0.3318882863817007 0.056424265924819396 0.06536028675895836
0 0.5123307047831736 0.4506084508943399 0.07035839893880329 0.08586379826395393
0 0.8570153201351577 0.41362859565225624 0.06671831641782511 0.07642060903049046
0 0.4258156321724382 0.5895819915475344 0.05786836675465619 0.06383415435013902
0 0.18758712344986114 0.2343353663569096 0.06659991724766212 0.07485810903049046
0 0.04816850332399229 0.18123116299402775 0.07786673610255285 0.1219126740119445
0 0.7275771964848039 0.4612510909026035 0.05975792139684692 0.06690013866576834
0 0.7461244417109191 0.37551295944371466 0.06999725840442146 0.07981138373840277
0 0.6051549769789905 0.3122706898764231 0.09062684523075966 0.1050524823325695
0 0.46335948590206016 0.39305117724298577 0.06485544771968996 0.07627976626596356
0 0.2361280153705616 0.7200001094230555 0.06413910967481921 0.0655398517404123
0 0.8208894886013525 0.47394915302295076 0.06796116172376969 0.07352501614722229
0 0.9452382931654558 0.4624459957285062 0.056326609674819395 0.0653580137845097
0 0.6861243249090425 0.5029125672512494 0.06755573682749905 0.0733206117494273
0 0.7833158657761914 0.32925490207302016 0.055179963694632406 0.06952313791777787
0 0.2683052497995074 0.277066420593472 0.07283400640791662 0.0953773680540321
0 0.521747713282036 0.15142541527513848 0.06910961060896632 0.08739447662167103
0 0.6984387612213767 0.7170659862292009 0.07189275607050512 0.08424228257958326
0 0.9056187634964619 0.4250193841212493 0.04786582808740789 0.0540479092775044
0 0.9663468649994048 0.28962543835781174 0.06730627000119042 0.09087170600993497
0 0.4574100969043666 0.655369992497465 0.08391659152213542 0.10011958274339854
0 0.6814978697248836 0.6071097579806939 0.06235787106001602 0.07934112298139766
0 0.7348354346619491 0.5776937084937842 0.06316860552563419 0.07331598414923199
0 0.5989930230442314 0.6027690565176732 0.07303637287528435 0.0761777273696616
0 0.49953747470390547 0.6019533985576386 0.05069045938927239 0.05401616928651905
0 0.7551414763542905 0.21564699696277714 0.07167670065034208 0.0826775096051346
0 0.15727542926336438 0.4126974089099652 0.09265554196327645 0.11124119367374999
0 0.6706014556083661 0.2567460820688884 0.08542426270978147 0.09557292550792536
0 0.4672801591421399 0.5377460814032983 0.1007537260920639 0.11776614193075527
0 0.21139332158505017 0.3316097566495137 0.09825883262702995 0.10542508683957479
0 0.05080028631697867 0.40187097131465277 0.04810489064043353 0.10094328439624575
0 0.3423402813426012 0.5930901576756942 0.058105165094982245 0.06695915435013902
0 0.5878285348670861 0.486417357904444 0.05844556270920087 0.07145134185013902
0 0.17020332698363488 0.5110076223408332 0.07154495850815117 0.07965243882958344
0 0.11824420498366624 0.17646962139090266 0.062051559337988185 0.07787173328250008
0 0.5451944394358339 0.667414091186944 0.06934640894929238 0.09051947662167095
0 0.7732798601771138 0.4343606293715966 0.0612494510909027 0.0698593748336025
0 0.7637048732493685 0.5042373714878119 0.05608241138635783 0.062135357534509515
0 0.2968698029137182 0.3648385243169442 0.07480315757458458 0.08148298651194459
0 0.10006750312349963 0.46333449496600687 0.07304534507458457 0.08144207297186642
0 0.5379782097575511 0.2520066435236454 0.08333199561945541 0.09240473899339854
0 0.21786049959901468 0.5615518297877776 0.058669018077499135 0.07311377107458768
0 0.3528461931608115 0.2876207544653122 0.07380596748134405 0.0863339773696615
0 0.9486037819673012 0.6721119364579506 0.06968354673425878 0.07824433778950528
0 0.5479857074824659 0.5389981504574995 0.07563049484148329 0.09368774478749575
0 0.4140824589323585 0.4450689253431247 0.07631420391840571 0.10013760323639324
0 0.6261438284335273 0.4033496315557981 0.05629846680652086 0.06370013050895836
0 0.3447880072726845 0.44981228315065946 0.08391659152213533 0.10011958274339854
0 0.3855350969043667 0.6570429016917705 0.08471129982108554 0.10803428494229603
0 0.5966185813333125 0.2099451236720134 0.08153269727912935 0.08924337140221797
0 0.05984709005588945 0.5832300740881944 0.03801949561945539 0.09135007884916231
0 0.2303740002237146 0.6543932932186457 0.05508376436887481 0.06825360666777787
0 0.3776848628764063 0.53278778410059 0.0808685048519723 0.09848889350993488
0 0.4733111358974158 0.2042062295796871 0.058571361827499044 0.07311149810013892
0 0.05159503694167859 0.494985191679375 0.034293642896262536 0.0846344456923525
0 0.9869471173439408 0.6081572328107283 0.02610576531211848 0.07491712471486131
0 0.3718106033286367 0.3623116299402775 0.07476761475815116 0.07972744698639325
0 0.30175209275518183 0.6668192516155206 0.08606514434905783 0.10660353580902786
0 0.9968294769425837 0.3466196675562491 0.0063410461148325934 0.0836352350991623
0 0.08945115706754746 0.550453288468993 0.0700653148618808 0.07942303171285162
0 0.12322619628431117 0.7586288111704166 0.08378216618530435 0.11249692377446188
0 0.07475188487173054 0.686972669927882 0.05102525996036591 0.07644528514423606
0 0.09734801267126925 0.6340106708778125 0.07201855518880329 0.08590243882958344
0 0.8070502863169786 0.3842690571832632 0.04775482886538 0.0525830655275044
0 0.638088643995293 0.46802972739548565 0.05797936597668389 0.06529899810013902
0 0.8834048344568121 0.6689336914919437 0.0611606517132806 0.06868749983360231
0 0.14603304379015586 0.5741804227776736 0.05183296525057664 0.06652071523541672
0 0.9179617076829587 0.24707556886677007 0.05631920972668425 0.06526035753450961
0 0.22449420498366623 0.1739966251906248 0.06503741724766217 0.07482174143930997
0 0.1591143068624104 0.6435298348217707 0.05221036260547125 0.07150118398541672
0 0.88167974295103 0.1813966706903812 0.05671577775057664 0.06663436395785594
0 0.27830109213048193 0.5742323613229164 0.07176695695220695 0.08258212632958326
0 0.5607323159859727 0.42835093797656204 0.049679926324004066 0.05740458936868507
0 0.6653560033239924 0.1668659644777078 0.06479321895920087 0.07159908518930998