0 0.1012378875 0.7001324140625 0.0871768171875 0.680379565625 0.0685060859375 0.6644477390625 0.05938924062499999 0.659606825 0.046303304687500005 0.659378409375 0.046126201562500004 0.6596354171875001 0.0547577921875 0.783072915625 0.057106540625 0.7859750015625 0.0759867484375 0.78630455625 0.0882372828125 0.7792356234375 0.099931040625 0.7651343046875 0.10805775468750001 0.7418672640625 0.10903753125 0.7335612031250001 0.1080663265625 0.7196723140625 0.1012378875 0.7001324140625
0 0.058352965624999996 0.577137415625 0.040567746875 0.55992055 0.039682234375 0.5612055875 0.045873670312499996 0.6497472531249999 0.046941284374999996 0.651066384375 0.055275093750000004 0.6447093796875001 0.06694385625 0.616302190625 0.06785748750000001 0.6133270015625001 0.0666374109375 0.595879084375 0.058352965624999996 0.577137415625
0 0.056004217187500004 0.5742353328124999 0.06561273437500001 0.586107496875 0.07592466249999999 0.59409045625 0.08569028749999999 0.5942609156249999 0.0986337578125 0.58408289375 0.101423121875 0.5800350265625001 0.0985504765625 0.538954296875 0.09605935 0.5333186890625 0.088586059375 0.5240847828125 0.0844977078125 0.521412434375 0.0747320828125 0.5212419749999999 0.071007934375 0.52377795625 0.06374173749999999 0.5314540890624999 0.0540011046875 0.5455894984375 0.0524121828125 0.550763740625 0.0510053609375 0.5585421484374999 0.056004217187500004 0.5742353328124999
0 0.085387775 0.48462398437500004 0.08452279375 0.47225419375 0.0807736515625 0.46048430625 0.0763210984375 0.452603621875 0.06671258125 0.4407314578125 0.0626242296875 0.43805910781249996 0.0425466765625 0.4299056890625 0.031010028125 0.43230530468749995 0.03030161875 0.43333333281249997 0.0361579890625 0.5170833328125 0.0411077140625 0.520915153125 0.049102315625 0.5236556890624999 0.058867940625000004 0.5238261484375 0.0645452140625 0.52132425625 0.0719935125 0.516252290625 0.0799631203125 0.5046869546874999 0.083140965625 0.494338471875 0.085387775 0.48462398437500004
0 0.0842289375 0.395519915625 0.0855036453125 0.4137490828125 0.087820971875 0.4189915078125 0.10383516718750001 0.43877844687499995 0.11555391718750001 0.4389829984375 0.126908465625 0.4339792171875 0.1315181265625 0.430158196875 0.13628489531250002 0.41463547343749996 0.1350101875 0.39640630625 0.1282403078125 0.383283196875 0.118813890625 0.37401519843750003 0.1086840640625 0.36863640625 0.099100540625 0.3710701140625 0.09094883125 0.3800312828125 0.0842289375 0.395519915625
0 0.1900165375 0.488401028125 0.17223131875 0.47118416406249997 0.1622835921875 0.4684095359375 0.1407992171875 0.46803452500000003 0.13316881875 0.470502325 0.118272221875 0.48064625625 0.11207363906250001 0.4896415171875 0.1078531734375 0.5129767421875 0.11180940937499999 0.5416566671874999 0.1208966171875 0.5600222015625 0.12836990937499998 0.56925610625 0.13868183750000002 0.5772390656249999 0.1527179140625 0.58268604375 0.1663897890625 0.5829246875 0.17597331249999998 0.5804909796875 0.1834216109375 0.5754190140625 0.2002463390625 0.551003303125 0.20147105937499998 0.5406207296875001 0.19983215000000001 0.5171832296875001 0.19696851875000002 0.504128303125 0.1900165375 0.488401028125
0 0.1464571984375 0.65774531875 0.1581509546875 0.6436439984375 0.1613288 0.633295515625 0.1624542578125 0.6270727890625001 0.1601314578125 0.593855196875 0.1511239921875 0.5849991109375 0.1396451859375 0.5798568703125 0.12304362656250001 0.5795670890625 0.11969189218750001 0.5818494734375 0.10799813437500001 0.5959507921875 0.10371911250000002 0.6128692250000001 0.1046417578125 0.62606366875 0.109140728125 0.6401875328125 0.118931346875 0.6546638640625 0.1251549234375 0.6599744734375 0.13059225000000002 0.6624102703125 0.137525846875 0.662531296875 0.1464571984375 0.65774531875
0 0.1265531734375 0.6981033531249999 0.128556284375 0.7267491875000001 0.13587246875 0.747684796875 0.1518866640625 0.7674717359375001 0.1630242375 0.773778465625 0.19127944375 0.7742716625 0.193266490625 0.773396 0.2119527828125 0.754679221875 0.20834653125 0.703107421875 0.2041318703125 0.69165453125 0.1952267640625 0.6758931625 0.17939466875 0.658710390625 0.1712179671875 0.653365690625 0.1673117171875 0.65329750625 0.1410605734375 0.66844521875 0.137336425 0.6709812015625001 0.131137840625 0.6799764640625 0.1279599953125 0.6903249453125 0.1265531734375 0.6981033531249999
0 0.18134636875000001 0.6071148453124999 0.184415309375 0.6258955296875001 0.19368461875 0.6468652296874999 0.2032931359375 0.65873739375 0.21751131406250002 0.6667885375 0.23131065 0.6688500953125 0.2392208203125 0.66898816875 0.25053233750000004 0.6647639328125 0.261704784375 0.657155984375 0.26613234375 0.6507307984375 0.2663805015625 0.6403311765625 0.26319373281249997 0.594758259375 0.26194401875 0.5908349640624999 0.250018175 0.573720375 0.23561789531250002 0.5630650640625 0.2315295453125 0.560392715625 0.2080920453125 0.5599836125000001 0.1916065265625 0.575301784375 0.1854079421875 0.5842970453125 0.182230096875 0.5946455296875001 0.18112784843750002 0.6039898453125 0.18134636875000001 0.6071148453124999
0 0.2904914125 0.7619580781249999 0.2984610203125 0.7503927421875 0.3013646421875 0.7389123765625001 0.298332053125 0.695544321875 0.282711053125 0.678590653125 0.27453435000000004 0.6732459515625 0.26813866875 0.6710535234375 0.251732421875 0.6707671515625 0.24151332656250002 0.67527055625 0.226277521875 0.6945120250000001 0.22309967656250002 0.7048605078125 0.2251027890625 0.733506340625 0.2320547703125 0.749233615625 0.2418453890625 0.7637099468749999 0.257381121875 0.773864878125 0.2612873703125 0.7739330625 0.2736416921875 0.7720679171875 0.2904914125 0.7619580781249999
0 0.371901734375 0.743351490625 0.3702628234375 0.719913990625 0.367945496875 0.714671565625 0.356201753125 0.70016114375 0.350160278125 0.6974547015625 0.342347778125 0.697318334375 0.334717378125 0.6997861328125 0.3247946453125 0.7113173765624999 0.32356992500000004 0.7216999515625 0.325026734375 0.742533284375 0.3326821265625 0.75437135625 0.344765078125 0.7597842421875 0.356483828125 0.7599887937500001 0.3658852515625 0.75495091875 0.3703128109375 0.7485257328125 0.371901734375 0.743351490625
0 0.3587619765625 0.6765716234375 0.3637753828125 0.65503615 0.36536430625 0.649861909375 0.3640895984375 0.6316327421875 0.36168487968749996 0.6172290265625 0.3375813734375 0.6012586765625 0.3286284171875 0.5987615125 0.325698740625 0.598710375 0.3082844984375 0.6007472968750001 0.3010183015625 0.6084234296875 0.2898708484375 0.63033725 0.2870572046875 0.6458940656250001 0.2920560609375 0.66158725 0.2973941265625 0.668182896875 0.3077060546875 0.67616585625 0.3191848578125 0.6813080953124999 0.3455536 0.6817683640625 0.3587619765625 0.6765716234375
0 0.21467375937500002 0.475566384375 0.21045329375000002 0.498901609375 0.2136811265625 0.5171648671875 0.220815209375 0.5354963109375 0.23274105312499999 0.5526108984375 0.2430529828125 0.5605938578125 0.25513593437500004 0.56600674375 0.26685468437500004 0.5662112953125 0.2907885 0.5458211562499999 0.29521606093749997 0.5393959703125 0.29748340156249997 0.516026653125 0.296937096875 0.508214153125 0.28675728437500003 0.4742236203125 0.28355444531249996 0.4702662328125 0.2611595640625 0.4568703875 0.2375399625 0.45385711874999995 0.22069024218750002 0.46396695625 0.21467375937500002 0.475566384375
0 0.2955479515625 0.470215478125 0.30477727187500003 0.4682957859375 0.31594971875 0.4606878375 0.3303835640625 0.4397417265625 0.32735765156249996 0.39646915781250003 0.325772478125 0.391933109375 0.314028734375 0.3774226875 0.3015815796875 0.3668014703125 0.2864883625 0.35925525 0.2747696140625 0.35905069843750004 0.2625190796875 0.36611963125 0.251007425 0.3828251171875 0.2444696328125 0.400917915625 0.24324491093749998 0.41130048906249994 0.2441554171875 0.4243213234375 0.2512895 0.442652765625 0.26516846875 0.45980144687499996 0.28133977187500003 0.4678866828125 0.2908604546875 0.47013365625 0.2955479515625 0.470215478125
0 0.1686684734375 0.4313918796875 0.18681789531249998 0.4538170765625 0.193782153125 0.4575149984375 0.216548265625 0.45791238281249996 0.22746931875 0.44932467656249997 0.23720995 0.43518926249999995 0.2387988734375 0.4300150234375 0.24002359375 0.419632446875 0.23856678593749997 0.3987991140625 0.23588525625 0.38834835624999997 0.22911537499999998 0.3752252453125 0.21328328124999998 0.358042471875 0.20919492968750003 0.3553701234375 0.1877105546875 0.35499511093749997 0.170860834375 0.36510495 0.1628912265625 0.3766702859375 0.1600775828125 0.39222710312500003 0.16189859374999999 0.4182687703125 0.1686684734375 0.4313918796875
0 0.320131528125 0.49398845312499995 0.2974474265625 0.5183018875000001 0.2973153125 0.5443094625 0.2999968421875 0.5547602203124999 0.3119226859375 0.571874809375 0.32674295937500003 0.58156208125 0.35506327187500003 0.5820564140625 0.3611150140625 0.5779354421875 0.3690846203125 0.5663701062500001 0.3722624671875 0.556021621875 0.3736692890625 0.5482432140625 0.372030378125 0.5248057140625 0.36953095 0.516959121875 0.3597403328125 0.5024827921874999 0.347293178125 0.491861575 0.3353923265625 0.48905285625 0.320131528125 0.49398845312499995
0 0.39079777031249996 0.7764537765624999 0.40660487187500005 0.779330678125 0.41795941875000003 0.7743268953125 0.42592902656250003 0.762761559375 0.428625196875 0.751104175 0.42842488593750006 0.7482395937499999 0.42642534374999996 0.7419623203125 0.4125463734375 0.7248136374999999 0.40845802343750004 0.7221412890625001 0.39283302343750004 0.721868553125 0.3891088734375 0.724404534375 0.381139265625 0.7359698703124999 0.3782792046875 0.7452835046875 0.3791897109375 0.758304340625 0.38118925312499996 0.7645816140624999 0.39079777031249996 0.7764537765624999
0 0.4175979890625 0.6868623609375 0.41783632812500004 0.6860862234375 0.41576037499999996 0.6563987234375 0.4154127765625 0.6556123609375 0.40153380624999996 0.6384636796875001 0.3880440328125 0.640829203125 0.3781213 0.6523604484375001 0.3751255546875 0.6653130968750001 0.3760360609375 0.6783339296875 0.378717590625 0.6887846890625 0.391106128125 0.6997300078124999 0.4085214921875 0.70003399375 0.4175979890625 0.6868623609375
0 0.38209495000000004 0.576676028125 0.383023665625 0.589957278125 0.3873587453125 0.60173739375 0.410324921875 0.637251609375 0.41829720937500003 0.64246269375 0.44407845312500005 0.6429127078125 0.45506469687499995 0.63543155625 0.46285220312500003 0.6212620546875 0.4653844828125 0.6072609203125 0.46349063125 0.5801775859375 0.4613454078125 0.5718169796875 0.4520760984375 0.550847278125 0.44246758125 0.5389751140625 0.432155653125 0.5309921546874999 0.4241610515625 0.5282516203125 0.4143954265625 0.5280811609375 0.39754570624999996 0.5381910000000001 0.38957609843749996 0.5497563375000001 0.3846272296875 0.56267489375 0.38209495000000004 0.576676028125
0 0.41901124999999995 0.48459518125 0.41925744375 0.483233959375 0.41708133593749996 0.45211416875 0.41664393593750004 0.45074101562499996 0.4121913828125 0.44286033125 0.3961771875 0.4230733921875 0.384729803125 0.415590809375 0.3790006390625 0.41549080624999996 0.3649271875 0.422527921875 0.35518655625 0.43666333125 0.3507839890625 0.4573943890625 0.3518765953125 0.4730193890625 0.359010678125 0.49135083125 0.37459782812500003 0.5106101187500001 0.39217595156249996 0.510916946875 0.3982802734375 0.5089427078125001 0.40395754687499996 0.5064408171875 0.41901124999999995 0.48459518125
0 0.43798432187499997 0.52368108125 0.44991016562499997 0.5407956703125001 0.4591909 0.5479803328124999 0.47784325 0.5483059109374999 0.4891547671875 0.5440816749999999 0.49837408906249997 0.536439634375 0.5045726734375 0.5274443734375 0.5089039609375 0.5154578937500001 0.505997171875 0.473888884375 0.5019732703125 0.4623742984375 0.4841880515625 0.445157434375 0.47601135 0.4398127328125 0.454526975 0.43943772187499996 0.4451255515625 0.4444755953125 0.43361389531250005 0.46118108125 0.4306181515625 0.47413373124999997 0.429939734375 0.4923288046875 0.433167565625 0.5105920640625 0.43798432187499997 0.52368108125
0 0.52447820625 0.6175259140625 0.5324478140625 0.605960578125 0.5343767500000001 0.5896080218749999 0.5325989875 0.564184846875 0.5288057921875 0.5538772437499999 0.5211504 0.5420391718750001 0.5149268234375 0.5367285625 0.5053034859375 0.531618709375 0.4908308328125 0.5313660875 0.4764106265625 0.5438592250000001 0.47039414375 0.555458653125 0.468987321875 0.5632370609375 0.4697157265625 0.573653728125 0.47257935624999997 0.586708653125 0.474896684375 0.5919510781249999 0.4845052015625 0.6038232406249999 0.5107896000000001 0.6222288546875 0.517402325 0.62234428125 0.52447820625 0.6175259140625
0 0.4662170546875 0.6798430203125 0.4701009921875 0.6823817531249999 0.49012051718749994 0.6827311953125 0.4955139296875 0.6803543984375 0.5052545609375 0.6662189875 0.50537373125 0.66583091875 0.502878946875 0.6301538359375 0.502705146875 0.6297606546875001 0.4907793015625 0.6126460640625 0.4826026 0.6073013640625 0.472836975 0.6071309046875 0.45812247968750003 0.6198790015625 0.44819974843750005 0.6314102453125 0.4467929265625 0.6391886546875 0.44733922968749995 0.6470011546875 0.4566085375 0.66797085625 0.4662170546875 0.6798430203125
0 0.458046328125 0.7617615734375 0.4709897984375 0.75158355 0.48073043125000003 0.7374481390625001 0.48185588749999997 0.7312254125 0.48003487656250005 0.7051837453124999 0.478181015625 0.70098980625 0.470707725 0.6917559015625 0.462531021875 0.6864112 0.456489546875 0.6837047578125001 0.444770796875 0.68350020625 0.439093521875 0.686002096875 0.431645225 0.6910740625 0.4238577171875 0.705243565625 0.422877940625 0.7135496265625 0.4240798078125 0.730737125 0.42622503125 0.7390977328125 0.4338804234375 0.750935803125 0.4441923515625 0.7589187640625 0.448280703125 0.7615911140625 0.458046328125 0.7617615734375
0 0.539423978125 0.7803485484375 0.5521192874999999 0.7805701453125 0.554789928125 0.7797064140625001 0.5606243109375 0.7655028203125 0.56184903125 0.7551202453125 0.562526734375 0.7466788640625001 0.559973271875 0.710162659375 0.551280021875 0.70161550625 0.53901496875 0.6935984546875 0.5271141171875 0.6907897375000001 0.51362434375 0.693155259375 0.5040658125 0.7098948390625 0.49771012187499997 0.730591803125 0.4984385265625 0.7410084703125001 0.503801584375 0.7619099874999999 0.523357828125 0.776556778125 0.539423978125 0.7803485484375
0 0.5308091703125 0.6055418234375 0.5233608734375 0.610613790625 0.517344390625 0.62221321875 0.51593756875 0.6299916265625 0.5183048828125 0.6638457921875001 0.5252568640625 0.67957306875 0.5370006078125 0.694083490625 0.54497289375 0.6992945765624999 0.5687359109375001 0.6997093609375 0.583147203125 0.6844850296875 0.5873926625 0.6754556765624999 0.589842103125 0.654690528125 0.5892958 0.646878028125 0.58429694375 0.6311848437500001 0.5775270625 0.618061734375 0.5657833203125 0.6035513124999999 0.56169496875 0.6008789625000001 0.54606996875 0.6006062265625001 0.5308091703125 0.6055418234375
0 0.546798553125 0.5908002156250001 0.55213661875 0.5973958625 0.553056496875 0.597997140625 0.573603371875 0.5983557875 0.5906528140625 0.5902651999999999 0.5961479875 0.58515914375 0.6005744 0.5766252781250001 0.59747835625 0.53234979375 0.597297728125 0.53185895625 0.587507109375 0.517382625 0.5754241578125 0.511969740625 0.5578460328125 0.5116629140625 0.5447204609375 0.5192367703125 0.5385218765625 0.52823203125 0.53534403125 0.5385805140625 0.533937209375 0.546358921875 0.5352119171874999 0.5645880890625 0.546798553125 0.5908002156250001
0 0.5421180203125 0.5134041484375 0.5508905640624999 0.5168085062500001 0.5633417453125 0.5170258421875 0.565737621875 0.5164174171875 0.5811555265624999 0.499780115625 0.5861043968749999 0.48686155781249996 0.5873291171874999 0.4764789828125 0.5864186124999999 0.46345815 0.5833728812500001 0.44779905781249996 0.561499309375 0.4279098421875 0.5515515843750001 0.425135215625 0.538061809375 0.42750074062500004 0.5229831140625001 0.4350405046875 0.51714873125 0.4492440984375 0.5166524156250001 0.47004334062500003 0.5195160453125001 0.48309826562499997 0.5284211515624999 0.4988596328125 0.5421180203125 0.5134041484375
0 0.48916263125 0.40122254062499996 0.4900825109375 0.40182382031249997 0.5184190984375 0.40231843749999996 0.5221836546875 0.3991979359375 0.525282840625 0.392606509375 0.5229169421875 0.358772596875 0.516770609375 0.3496846796875 0.5105470328124999 0.34437406875 0.50645868125 0.34170171875 0.49065158125 0.3388248171875 0.48320328281249997 0.34389678125 0.475233675 0.35546211875 0.47364475156249997 0.36063636093749996 0.4751015609375 0.38146969375 0.479736215625 0.39195454375 0.48916263125 0.40122254062499996
0 0.6016466296874999 0.7725912875 0.618000034375 0.783280690625 0.6259946359375 0.786021225 0.6377133859375 0.7862257765625 0.6471148078125 0.7811879015625001 0.6636003265625 0.7658697296875 0.6680278859375 0.75944454375 0.67024363125 0.7471935515625 0.6689734765625001 0.7290294890625 0.6647500671875 0.71256954375 0.6528242234375 0.6954549531249999 0.6386060437500001 0.6874038109375 0.6190747937500001 0.687062890625 0.6114443953124999 0.689530690625 0.5868071687499999 0.7138100328125 0.5825867031249999 0.73714525625 0.5852682328125 0.747596015625 0.5899028859375 0.7580808671875 0.6016466296874999 0.7725912875
0 0.636029946875 0.56199121875 0.644655115625 0.5598008828125 0.6632758609375 0.5471209703125 0.6705420578125 0.5394448374999999 0.6747875171875 0.530415484375 0.6778064703125 0.520584425 0.6757305171875 0.4908969265625 0.6666929421875001 0.47045146562499995 0.6569023234375 0.4559751375 0.6393820406249999 0.448126453125 0.637428921875 0.4480923609375 0.6252881218749999 0.45022133125 0.597265953125 0.4679391203125 0.5894784468750001 0.48210862343749994 0.5885400890625 0.493796690625 0.5901607890625 0.5169737734375001 0.592574165625 0.52637945625 0.5993440453125001 0.5395025640625 0.615358240625 0.5592895046875 0.6190377578125 0.5616946203125 0.636029946875 0.56199121875
0 0.612962178125 0.615689121875 0.6144189875 0.6365224546875 0.6236882953125 0.65749215625 0.6311615859375 0.6667260609375 0.6436087406250001 0.6773472796875 0.644408203125 0.6776213328125 0.6762441375 0.67817703125 0.6768118656250001 0.6779268421875 0.6878022109375 0.6677147265625 0.69754284375 0.6535793140624999 0.7007206890625 0.6432308328125 0.7015167578125 0.6364821578125001 0.6988216609375 0.5979404921875 0.6970786671875 0.5911474984375 0.6901266859375 0.5754202234375 0.6762477171875 0.5582715421875 0.668253115625 0.5555310078125 0.658487490625 0.5553605484374999 0.6357783953125 0.5653681125000001 0.628330096875 0.5704400765625001 0.6201783875 0.5794012484375 0.6155937203125 0.5975281375 0.612962178125 0.615689121875
0 0.66819883125 0.7277154718750001 0.670516159375 0.732957896875 0.6758542234375 0.73955354375 0.706972109375 0.7661065890625001 0.716737734375 0.76627705 0.7259570562500001 0.7586350093750001 0.732155640625 0.749639746875 0.7402823546875 0.72637270625 0.7404660640625 0.724815321875 0.7383445859375 0.6944767796875 0.7379150421875 0.692518540625 0.7311451609375 0.6793954296875 0.7174482921875 0.6648509171875 0.7032301140625 0.6567997734375 0.691693465625 0.6591993875 0.68052101875 0.6668073359375 0.6707803875 0.6809427484375 0.6691914640625 0.6861169890625 0.666559921875 0.7042779718750001 0.66819883125 0.7277154718750001
0 0.7622308203125 0.74593810625 0.7712683953125 0.7663835640625 0.7828300375 0.7782898203124999 0.79266758125 0.7832083390625 0.828303971875 0.7838303734375 0.8337933890624999 0.7817803765625 0.8412416875 0.7767084093750001 0.8509823187500001 0.762573 0.857356665625 0.744932521875 0.8565417640625 0.733278875 0.85179285 0.71837035 0.8450229703125001 0.705247240625 0.8334613281250001 0.6933409859374999 0.8130195718750001 0.6799792328125001 0.7936704234375 0.6822424796875 0.773096553125 0.694888303125 0.765309046875 0.7090578046875 0.7621312015624999 0.7194062875 0.7620122984375 0.7428131062500001 0.7622308203125 0.74593810625
0 0.7398115765625 0.6652412703125 0.7554679953125001 0.6631736640625 0.774088740625 0.65049375 0.7831259609375001 0.6402475437499999 0.7856003953124999 0.633788265625 0.7864344921875001 0.623398871875 0.7848320015625 0.6004822062499999 0.782686778125 0.5921215984375 0.7759168984375 0.5789984890625 0.7705788328125001 0.5724028421875 0.7609554953125001 0.5672929890625 0.7286312796875001 0.5667287671875 0.72352173125 0.56898046875 0.7143024109375 0.576622509375 0.7098748500000001 0.583047696875 0.70510808125 0.598570421875 0.7041283046875 0.6068764828125001 0.7051298609375001 0.6211993984374999 0.7097927234375 0.6376670125 0.719401240625 0.6495391765625 0.7377607921875 0.6652054734374999 0.7398115765625 0.6652412703125
0 0.6777811171875 0.5467239125 0.684550996875 0.5598470203125 0.696294740625 0.5743574437500001 0.7046518500000001 0.5787949484375 0.7210580984375 0.5790813203125 0.7365819609375001 0.56465670625 0.7439368281250001 0.5512743984374999 0.7416049234375001 0.5179265984375 0.7375496 0.508752353125 0.7258058578125001 0.49424193125000004 0.72171750625 0.49156958125 0.7156760296875 0.4888631390625 0.7059104046875 0.48869267968749996 0.69828000625 0.491160478125 0.6908317078125 0.49623244375000003 0.6795021546875 0.5155420953125 0.6768706109375 0.5337030796875 0.6777811171875 0.5467239125
0 0.71311411875 0.44525186874999995 0.7113705 0.42031697343749996 0.704518228125 0.40322592031250004 0.6991801640624999 0.3966302734375 0.6851440859375 0.39118329687500003 0.6753784609375 0.39101283750000004 0.6659770390624999 0.3960507109375 0.661549478125 0.40247589687499996 0.6583716328125 0.4128243796875 0.6596463406249999 0.431053546875 0.6644630953124999 0.4441425625 0.6738895125 0.4534105609375 0.690060815625 0.461495796875 0.7015974640625 0.45909618124999996 0.7053216124999999 0.4565601984375 0.71311411875 0.44525186874999995
0 0.7389831140625 0.48322266718750007 0.7420171078125 0.485811590625 0.7666020671875 0.48624072187499995 0.7739572625 0.4812321546875 0.780155846875 0.47223689375 0.7813805671875 0.46185431875000005 0.7806521625 0.4514376515625 0.778152734375 0.443591059375 0.7758354078125 0.43834863593750006 0.7683621171875 0.42911473125 0.7541439375000001 0.42106358750000006 0.7349768906249999 0.425931 0.7303672296875 0.4297520203125 0.725418359375 0.442670578125 0.7261467640625 0.4530872453125 0.731327721875 0.471384596875 0.7389831140625 0.48322266718750007
0 0.78576305625 0.3153001125 0.7802678843749999 0.320406171875 0.7655783828125 0.347460140625 0.7643536625 0.3578427140625 0.7636752453125 0.3760377890625 0.7654962546874999 0.40207945624999997 0.7678135828125 0.40732188125 0.7751047734375 0.4139516203125 0.7934113015625 0.4246751125 0.7970088718749999 0.42590835312499997 0.8229854359375001 0.42636177656249996 0.8283854515625 0.4226846015625 0.8432570531250001 0.3982347984375 0.8496127453125 0.377537834375 0.848884340625 0.3671211671875 0.8442496859374999 0.3566363171875 0.8325059421875001 0.34212589531250004 0.8198766875000001 0.3289005109375 0.8076116343749999 0.32088345937499996 0.79357555625 0.31543648125 0.78576305625 0.3153001125
0 0.7873495578124999 0.49421076093750005 0.803363753125 0.5139977 0.81134099375 0.5182335 0.83265446875 0.5186055281249999 0.838520003125 0.5146113546875 0.8502137609375 0.5005100359375 0.8544695750000001 0.4804700125 0.853273778125 0.46336931875 0.8485248640625 0.44846079375 0.8387342453125 0.4339844640625 0.83269276875 0.43127802187500003 0.79930754375 0.4280942921875 0.79558339375 0.43063027500000006 0.789202709375 0.43702136874999997 0.782482815625 0.4525100015625 0.7823639124999999 0.47591681875 0.7826006453125001 0.4793022359375 0.7873495578124999 0.49421076093750005
0 0.7588988249999999 0.5588038765625 0.7748062609375 0.5784589046875 0.7970718828125001 0.5788475531249999 0.8027780796874999 0.5725747328125 0.8112689984375001 0.5545160250000001 0.809994290625 0.5362868578125 0.8073127609374999 0.5258361 0.7996573687499999 0.513998028125 0.7833039640624999 0.5033086265625 0.7774445890624999 0.5032063499999999 0.771767315625 0.5057082421875 0.7643190171875001 0.51078020625 0.7563494093750001 0.52234554375 0.7549425875 0.5301239515625 0.7565814984375 0.5535614515625 0.7588988249999999 0.5588038765625
0 0.8892056421874999 0.65640460625 0.9005102031250001 0.6227890828125 0.9007938890625 0.6073181546875001 0.8984356796874999 0.5735941984374999 0.8868954625000001 0.553625253125 0.8580470531250001 0.5455788359375 0.8255470578124999 0.5450115453125 0.80027954375 0.57032028125 0.788949990625 0.589629934375 0.78754316875 0.5974083421875 0.788321559375 0.63643675 0.7899354749999999 0.64556838125 0.8279624328124999 0.6901888406250001 0.8463332984375 0.69050950625 0.8571201171875 0.6857559140625 0.8812360343750001 0.6679699421875 0.8892056421874999 0.65640460625
0 0.8741421140625001 0.7590107500000001 0.8800702218750001 0.7628856578125001 0.8943280359375001 0.7631345281249999 0.897761715625 0.76202401875 0.9014858640625001 0.7594880374999999 0.9112264953125001 0.745352625 0.911862065625 0.7432829296875 0.9098589531249999 0.7146370953125001 0.9088591812500001 0.7114984578125 0.8971154390624999 0.6969880374999999 0.8869856109375001 0.69160924375 0.8752668609375001 0.6914046921875 0.8658654390624999 0.6964425656250001 0.8596668546874999 0.7054378265625 0.8563069078125001 0.71318214375 0.8581279187499999 0.7392238109375 0.8604452453125001 0.7444662359375 0.8741421140625001 0.7590107500000001
0 0.9345209921875 0.7604548140625 0.9359063921875 0.7607390953125 0.955242321875 0.7610766046874999 0.9712661640625001 0.7558942265625 0.9804854859375001 0.7482521859375 0.9866840703124999 0.7392569250000001 0.9898619156249999 0.7289084406249999 0.990065440625 0.7234499203125 0.9889182046875 0.7070436703125 0.9835883515624999 0.6949860921875 0.9679383578125 0.6804074859375 0.9515849546874999 0.6697180828125 0.9398662046874999 0.66951353125 0.9175213109374999 0.684729428125 0.9077806796875001 0.6988648390625001 0.9086911843750001 0.711885671875 0.9147826468750001 0.74320385625 0.9203028140624999 0.7524036703125 0.9345209921875 0.7604548140625
0 1 0.5892420328125 0.9963175921874999 0.5875923984375 0.98282781875 0.589957921875 0.971655371875 0.5975658703125 0.9636857640625 0.6091312078125 0.9624610421875 0.61951378125 0.9637857375 0.6663546890625 0.9661030640625 0.671597115625 0.9778468078125 0.6861075359375 0.9834682921875 0.6897820203125 1 0.6900705828125 1 0.5892420328125
0 0.90225301875 0.614236240625 0.908476596875 0.6195468515625 0.9092760578125001 0.6198209046875001 0.9334948046875 0.6202436453125 0.94503966875 0.612382096875 0.9510561515625 0.60078266875 0.9551652125000001 0.58143368125 0.9546189093749999 0.57362118125 0.9479604328125 0.556511834375 0.938351915625 0.544639671875 0.9241337375 0.536588528125 0.9046024875 0.5362476078125 0.9008783375 0.5387835921875 0.8822825875 0.5657693765625 0.8811571296875 0.571992103125 0.8813392312499999 0.5745962703124999 0.8924624015625 0.5997599109375 0.90225301875 0.614236240625
0 0.8952069546875 0.5497387984375 0.8925164125 0.5112622359375 0.8870182046874999 0.50446871875 0.8714824703125 0.4943137875 0.8642559078125001 0.49418764687500005 0.8538150796874999 0.50388915625 0.8477985968749999 0.515488584375 0.8446207515624999 0.5258370671875 0.8455312562499999 0.5388579 0.8501659109374999 0.5493427515625 0.8597744281249999 0.561214915625 0.8671334609375 0.566025146875 0.8877497796875 0.56638500625 0.8934988625000001 0.5553011062500001 0.8952069546875 0.5497387984375
0 0.9186988171875001 0.5279104015625 0.9376441328125 0.52824109375 0.942753678125 0.5259893921875001 0.9473633390625 0.522168371875 0.9532012468750001 0.508712621875 0.950713290625 0.47313319531250003 0.9451281390625 0.46230663125 0.939790075 0.4557109828125 0.929478146875 0.44772802343749996 0.9152517484375 0.44513881250000004 0.9129080078125 0.4450979015625 0.906040646875 0.4473189203125 0.902316496875 0.44985490468749995 0.8943468890625 0.46142024062500003 0.889762221875 0.47954713125000004 0.890672728125 0.4925679640625 0.895671584375 0.5082611484374999 0.8979889109375 0.5135035734375 0.9054622015625 0.5227374796875 0.911503678125 0.5254439203125 0.9186988171875001 0.5279104015625
0 0.9547657609375 0.414616675 0.9609643453125001 0.4056214140625 0.9627518828125 0.3998003921875 0.9610674484375 0.37571184999999996 0.96073225625 0.37440550625 0.9584149296875 0.3691630796875 0.9509416390625001 0.359929175 0.9468532875 0.3572568234375 0.94202010625 0.3550916703125 0.92639510625 0.354818934375 0.9234157875 0.3568477203125 0.9154461796875 0.36841305625 0.9120862328125 0.3761573734375 0.9106794109375 0.38393578125 0.9112257140625 0.39174828125 0.9137251421875 0.3995948734375 0.9276041125000001 0.41674355468749996 0.9308747921875 0.418881434375 0.9480622921874999 0.41918144375 0.9547657609375 0.414616675
0 1 0.5039348 0.9954380671875 0.49829813281249996 0.9876701984375 0.493220665625 0.9710686390625 0.49293088437500004 0.965959090625 0.4951825859375 0.952312209375 0.5092498140624999 0.9473633390625 0.522168371875 0.950591171875 0.5404316312499999 0.9573610515625001 0.5535547390625 0.9772270984375 0.5757498015625 0.991703203125 0.5760024828125 1 0.5723462078125 1 0.5039348
0 1 0.358184503125 0.9930935218749999 0.35806395 0.977675615625 0.37470125312499997 0.9764508953125001 0.3850838265625 0.9780898046875001 0.40852132656249995 0.9827244593750001 0.41900617812499996 0.9880625249999999 0.42560182500000004 0.9983744531250001 0.433584784375 1 0.43361315781250004 1 0.358184503125
0 1 0.679799396875 0.998011484375 0.6780713265625 0.9878816578125 0.672692534375 0.985771425 0.684360146875 0.9908702546875 0.7572768140624999 0.99193786875 0.7585959421874999 1 0.754404321875 1 0.679799396875