0 0.0302734375 0.6275826453125 0.0400390625 0.6275826453125 0.0478515625 0.6249677171875 0.0546875 0.6158154703125 0.0625 0.5975109765625 0.0625 0.581821409375 0.05859375 0.563516915625 0.0458984375 0.543904959375 0.0263671875 0.543904959375 0.009765625 0.568746771875 0.005859375 0.5844363375 0.005859375 0.6001259046875 0.0185546875 0.6197378609374999 0.0302734375 0.6275826453125
0 0.0263671875 0.7321797515624999 0.0322265625 0.7374096078125 0.0400390625 0.740024534375 0.0517578125 0.740024534375 0.0654296875 0.7321797515624999 0.068359375 0.7282573609375 0.072265625 0.715182721875 0.0703125 0.6759588062499999 0.0654296875 0.6694214875 0.0439453125 0.6563468484375 0.0302734375 0.6641916328125 0.01953125 0.678573734375 0.015625 0.6890334453125 0.015625 0.7099528671875001 0.01953125 0.7230275046875 0.0263671875 0.7321797515624999
0 0.1044921875 0.6458871390625001 0.1220703125 0.6589617765625 0.1396484375 0.6589617765625 0.1494140625 0.65111699375 0.16015625 0.6367348921875 0.169921875 0.6158154703125 0.169921875 0.5922811203125 0.1640625 0.5792064828125 0.1572265625 0.5700542359375 0.1376953125 0.559594525 0.1240234375 0.559594525 0.1181640625 0.562209453125 0.095703125 0.5948960484375 0.09375 0.605355759375 0.09375 0.621045325 0.09765625 0.6341199640624999 0.1044921875 0.6458871390625001
0 0.1044921875 0.7583290296875 0.1103515625 0.76094395625 0.1298828125 0.76094395625 0.1416015625 0.7530991734375 0.150390625 0.7413319984375 0.15234375 0.7308722875 0.150390625 0.71256779375 0.13671875 0.6864185171875 0.1298828125 0.6798811984375 0.1123046875 0.6798811984375 0.1025390625 0.685111053125 0.08984375 0.702108084375 0.087890625 0.7073379390625 0.087890625 0.7361021437499999 0.09375 0.74917678125 0.1044921875 0.7583290296875
0 0.1904296875 0.6092781515625 0.2060546875 0.61450800625 0.2197265625 0.6118930781249999 0.23828125 0.581821409375 0.23828125 0.56613184375 0.232421875 0.5399825671875 0.2216796875 0.5229855375 0.2119140625 0.5151407546875 0.2060546875 0.5125258265625 0.1923828125 0.5125258265625 0.1787109375 0.5229855375 0.171875 0.5321377843749999 0.169921875 0.5399825671875 0.16796875 0.55305720625 0.16796875 0.5792064828125 0.173828125 0.5948960484375 0.1904296875 0.6092781515625
0 0.1884765625 0.703415546875 0.1982421875 0.708645403125 0.2119140625 0.708645403125 0.2216796875 0.703415546875 0.234375 0.6864185171875 0.234375 0.6811886625 0.212890625 0.6315050359375001 0.2060546875 0.6223527890625 0.1943359375 0.6223527890625 0.1865234375 0.6275826453125 0.17578125 0.641964746875 0.171875 0.6524244578125 0.171875 0.6681140234375 0.177734375 0.6864185171875 0.1884765625 0.703415546875
0 0.1826171875 0.7949380171875 0.1943359375 0.800167871875 0.2060546875 0.800167871875 0.2177734375 0.7923230890624999 0.2265625 0.7805559140625 0.23046875 0.7674812765625 0.23046875 0.7596364921875 0.2197265625 0.72433496875 0.1845703125 0.706030475 0.1748046875 0.7138752578124999 0.1640625 0.7334872156250001 0.16015625 0.74917678125 0.16015625 0.7622514203125 0.169921875 0.7831708421875 0.1826171875 0.7949380171875
0 0.2451171875 0.77924845 0.2568359375 0.7870932328125 0.2724609375 0.7870932328125 0.2841796875 0.781863378125 0.296875 0.7674812765625 0.306640625 0.7413319984375 0.306640625 0.7308722875 0.296875 0.71256779375 0.2724609375 0.6877259812500001 0.2470703125 0.6877259812500001 0.2265625 0.720412578125 0.224609375 0.7256424328125 0.224609375 0.7361021437499999 0.23046875 0.757021565625 0.2451171875 0.77924845
0 0.220703125 0.6576543125 0.2373046875 0.6798811984375 0.2412109375 0.6824961265625 0.2666015625 0.6824961265625 0.2802734375 0.6720364156249999 0.287109375 0.66288416875 0.291015625 0.6524244578125 0.291015625 0.6288901078125 0.2744140625 0.6066632234375 0.2646484375 0.6014333671875 0.2490234375 0.5962035125 0.2294921875 0.6040482953125 0.220703125 0.6158154703125 0.216796875 0.62627518125 0.216796875 0.644579675 0.21875 0.6524244578125 0.220703125 0.6576543125
0 0.2939453125 0.5962035125 0.3056640625 0.6040482953125 0.3232421875 0.6040482953125 0.3359375 0.5896661937500001 0.341796875 0.5713617 0.34765625 0.5425974953125 0.337890625 0.5190631453125001 0.3330078125 0.5125258265625 0.3095703125 0.5072959703125 0.2958984375 0.5151407546875 0.28125 0.5347527125 0.27734375 0.545212421875 0.27734375 0.563516915625 0.28515625 0.5844363375 0.2939453125 0.5962035125
0 0.3388671875 0.6903409093749999 0.3466796875 0.6877259812500001 0.359375 0.6707289515625 0.361328125 0.66288416875 0.361328125 0.641964746875 0.3388671875 0.6040482953125 0.3251953125 0.6066632234375 0.3134765625 0.61450800625 0.30859375 0.621045325 0.30078125 0.63934981875 0.298828125 0.6498095296875 0.3046875 0.6759588062499999 0.3193359375 0.6903409093749999 0.3388671875 0.6903409093749999
0 0.3291015625 0.7923230890624999 0.3486328125 0.7923230890624999 0.3544921875 0.7897081609375001 0.3681640625 0.77924845 0.37890625 0.7622514203125 0.375 0.7282573609375 0.3603515625 0.708645403125 0.3544921875 0.706030475 0.3388671875 0.706030475 0.3271484375 0.71126033125 0.318359375 0.7230275046875 0.3125 0.7361021437499999 0.310546875 0.7439469265625 0.310546875 0.7622514203125 0.31640625 0.7779409859374999 0.3291015625 0.7923230890624999
0 0.3720703125 0.721720040625 0.3818359375 0.726949896875 0.4033203125 0.726949896875 0.4111328125 0.721720040625 0.421875 0.7073379390625 0.42578125 0.6890334453125 0.42578125 0.678573734375 0.423828125 0.6654990953125 0.4169921875 0.6537319218750001 0.4033203125 0.648502065625 0.3681640625 0.65111699375 0.36328125 0.6576543125 0.359375 0.6733438796875 0.359375 0.69949315625 0.36328125 0.7099528671875001 0.3720703125 0.721720040625
0 0.3623046875 0.6380423546875 0.3720703125 0.6458871390625001 0.3779296875 0.648502065625 0.3916015625 0.648502065625 0.3974609375 0.6458871390625001 0.4072265625 0.6380423546875 0.421875 0.6158154703125 0.423828125 0.5975109765625 0.421875 0.587051265625 0.4140625 0.56613184375 0.4052734375 0.5517497421875001 0.3896484375 0.538675103125 0.3623046875 0.54129003125 0.3564453125 0.5465198859375 0.34375 0.56613184375 0.33984375 0.581821409375 0.33984375 0.5975109765625 0.34765625 0.6184303984375 0.3623046875 0.6380423546875
0 0.4189453125 0.54129003125 0.4306640625 0.5491348140625 0.4462890625 0.5491348140625 0.4599609375 0.538675103125 0.46484375 0.5321377843749999 0.466796875 0.49552879687500007 0.4560546875 0.4785317671875 0.4482421875 0.4733019109375 0.4306640625 0.4733019109375 0.4150390625 0.48114669374999997 0.408203125 0.49029894062499996 0.40625 0.49552879687500007 0.40625 0.5190631453125001 0.41015625 0.5295228562500001 0.4189453125 0.54129003125
0 0.3662109375 0.5282153921875 0.3720703125 0.525600465625 0.3818359375 0.520370609375 0.392578125 0.508603434375 0.390625 0.49291386875 0.384765625 0.4798392296875 0.3662109375 0.4628422 0.3564453125 0.4628422 0.3466796875 0.46807205625000003 0.3359375 0.4850690859375 0.333984375 0.5033735796875 0.33984375 0.51644821875 0.3505859375 0.5282153921875 0.3662109375 0.5282153921875
0 0.4501953125 0.65111699375 0.4580078125 0.6563468484375 0.4833984375 0.6589617765625 0.4951171875 0.65111699375 0.501953125 0.641964746875 0.5078125 0.62627518125 0.509765625 0.60274083125 0.5009765625 0.5857438015625 0.4658203125 0.556979596875 0.4599609375 0.556979596875 0.4482421875 0.5648243796875 0.4375 0.5792064828125 0.43359375 0.5922811203125 0.43359375 0.6184303984375 0.44140625 0.63934981875 0.4501953125 0.65111699375
0 0.4462890625 0.800167871875 0.4580078125 0.8053977265625001 0.5087890625 0.8080126546875 0.5185546875 0.8027827999999999 0.53125 0.7779409859374999 0.53125 0.720412578125 0.525390625 0.6890334453125 0.5107421875 0.666806559375 0.5009765625 0.6589617765625 0.4482421875 0.6589617765625 0.443359375 0.6654990953125 0.419921875 0.71779765 0.4140625 0.7413319984375 0.416015625 0.7596364921875 0.419921875 0.7700962031249999 0.4462890625 0.800167871875
0 0.5498046875 0.7191051140625 0.5654296875 0.729564825 0.5830078125 0.729564825 0.5888671875 0.726949896875 0.59765625 0.715182721875 0.60546875 0.69949315625 0.607421875 0.6890334453125 0.607421875 0.6707289515625 0.603515625 0.6576543125 0.5986328125 0.65111699375 0.5772972921874999 0.6360758203125 0.5556640625 0.6380423546875 0.5400390625 0.6458871390625001 0.53515625 0.6550393859375 0.533203125 0.660269240625 0.533203125 0.6864185171875 0.5390625 0.7047230109375 0.5498046875 0.7191051140625
0 0.5576171875 0.79755294375 0.5693359375 0.79755294375 0.5771484375 0.7923230890624999 0.583984375 0.7831708421875 0.587890625 0.77271113125 0.58984375 0.7544066375 0.5859375 0.7361021437499999 0.5830078125 0.7321797515624999 0.5478515625 0.721720040625 0.5380859375 0.726949896875 0.53515625 0.7308722875 0.533203125 0.738717071875 0.533203125 0.775326059375 0.5419921875 0.7897081609375001 0.5576171875 0.79755294375
0 0.5478515625 0.6301975718749999 0.5556640625 0.6354274281250001 0.5791015625 0.6354274281250001 0.5927734375 0.6223527890625 0.599609375 0.6105856140625 0.603515625 0.5948960484375 0.603515625 0.56613184375 0.6015625 0.5582870609375 0.5888671875 0.543904959375 0.5732421875 0.538675103125 0.5673828125 0.538675103125 0.5556640625 0.543904959375 0.5458984375 0.5517497421875001 0.53515625 0.568746771875 0.533203125 0.5739766265624999 0.533203125 0.6001259046875 0.53515625 0.6132005421875 0.5478515625 0.6301975718749999
0 0.4833984375 0.5752840906250001 0.4970703125 0.5831288734375 0.5146484375 0.580513946875 0.5322265625 0.5700542359375 0.5390625 0.563516915625 0.546875 0.5425974953125 0.546875 0.5059885078125 0.5283203125 0.483761621875 0.5107421875 0.4785317671875 0.4873046875 0.48114669374999997 0.4765625 0.49291386875 0.46875 0.5112183625 0.466796875 0.5242930015625 0.466796875 0.545212421875 0.470703125 0.5609019890625 0.4833984375 0.5752840906250001
0 0.5791015625 0.45761234531249995 0.5849609375 0.46022727343750003 0.6025390625 0.46022727343750003 0.6083984375 0.45761234531249995 0.625 0.4380003875 0.6328125 0.422310821875 0.634765625 0.4092361828125 0.634765625 0.3935466171875 0.6328125 0.38308690625 0.6240234375 0.36608987656249997 0.6083984375 0.3530152375 0.5966796875 0.34778538281250004 0.5869140625 0.34778538281250004 0.5712890625 0.35824509375 0.5546875 0.385701834375 0.55078125 0.40139139999999995 0.5546875 0.43538545937500006 0.5654296875 0.44976756250000005 0.5791015625 0.45761234531249995
0 0.6142578125 0.55436466875 0.6259765625 0.55436466875 0.6357421875 0.5491348140625 0.6484375 0.5373676390625 0.65625 0.49552879687500007 0.650390625 0.471994446875 0.6337890625 0.4523824890625 0.6240234375 0.4523824890625 0.5888671875 0.465457128125 0.580078125 0.4798392296875 0.578125 0.4981437234375 0.58203125 0.5242930015625 0.5927734375 0.543904959375 0.6142578125 0.55436466875
0 0.6220703125 0.6603354171875 0.6435546875 0.6786399109375 0.6611328125 0.6786399109375 0.6806640625 0.6681802 0.689453125 0.6537980984375 0.6953125 0.63810853125 0.697265625 0.6302637484375 0.697265625 0.6067294000000001 0.69140625 0.585809978125 0.6805437921874999 0.578943753125 0.6591796875 0.555738309375 0.6533203125 0.5531233828125 0.6435546875 0.5531233828125 0.6220703125 0.5661980203125 0.61328125 0.5753502671875 0.6119184343749999 0.591977171875 0.6095999796875 0.6081137937500001 0.608208925 0.6211472125 0.609375 0.63810853125 0.6220703125 0.6603354171875
0 0.599609375 0.7857857703125 0.6064453125 0.7949380171875 0.6201171875 0.8053977265625001 0.6259765625 0.8080126546875 0.6396484375 0.8080126546875 0.6513671875 0.8027827999999999 0.6591796875 0.79755294375 0.67578125 0.77271113125 0.681640625 0.7465618546874999 0.6796875 0.7230275046875 0.677734375 0.71256779375 0.6630859375 0.6903409093749999 0.6552734375 0.6877259812500001 0.6162109375 0.6981856921875 0.595703125 0.7256424328125 0.59375 0.7334872156250001 0.59375 0.7517917093750001 0.595703125 0.7700962031249999 0.599609375 0.7857857703125
0 0.7001953125 0.5700542359375 0.7138671875 0.5700542359375 0.7216796875 0.5674393078125 0.7314453125 0.559594525 0.74609375 0.5399825671875 0.751953125 0.5216780734375 0.75390625 0.4981437234375 0.75 0.474609375 0.74609375 0.4641496640625 0.7392578125 0.45499741718750003 0.7294921875 0.44976756250000005 0.7041015625 0.4419227796875 0.6923828125 0.44453770625000005 0.673828125 0.4615347359375 0.6640625 0.49029894062499996 0.662109375 0.51644821875 0.669921875 0.5399825671875 0.6826171875 0.559594525 0.7001953125 0.5700542359375
0 0.7314453125 0.64650776875 0.7490234375 0.662197334375 0.7548828125 0.6648122625 0.7724609375 0.6674271890625 0.7919921875 0.656967478125 0.8046875 0.637355521875 0.810546875 0.6242808828124999 0.8125 0.613821171875 0.8125 0.5902868234375 0.80859375 0.577212184375 0.7958984375 0.5602151546874999 0.7763671875 0.54975544375 0.7587890625 0.547140515625 0.7294921875 0.5680599375 0.7218921203125 0.58730000625 0.7205010640625 0.5997127953125 0.722819475 0.62329705625 0.7265625 0.637355521875 0.7314453125 0.64650776875
0 0.6962890625 0.7557141015625 0.7080078125 0.763558884375 0.7197265625 0.7687887390625 0.7353515625 0.7687887390625 0.7509765625 0.7557141015625 0.76171875 0.7413319984375 0.765625 0.7308722875 0.767578125 0.720412578125 0.767578125 0.696878228125 0.765625 0.6890334453125 0.7529296875 0.666806559375 0.7275390625 0.6615767046875 0.7119140625 0.6641916328125 0.7060546875 0.666806559375 0.6982421875 0.67465134375 0.689453125 0.6890334453125 0.681640625 0.715182721875 0.681640625 0.7230275046875 0.6875 0.7439469265625 0.6962890625 0.7557141015625
0 0.7197265625 0.44453770625000005 0.7822265625 0.4523824890625 0.7939453125 0.44715263437499997 0.8076171875 0.4366929234375 0.822265625 0.41185111093750004 0.822265625 0.398776471875 0.814453125 0.35955255625000004 0.80859375 0.34647791875 0.7998046875 0.337325671875 0.7880859375 0.3294808890625 0.7685546875 0.3216361046875 0.7353515625 0.31902117812499997 0.720703125 0.33601820781249997 0.703125 0.385701834375 0.701171875 0.3935466171875 0.701171875 0.4144660375 0.708984375 0.43538545937500006 0.7197265625 0.44453770625000005
0 0.8369140625 0.4183884296875 0.8466796875 0.423618284375 0.8642578125 0.4262332125 0.8798828125 0.4183884296875 0.890625 0.40400632812500004 0.8984375 0.38308690625 0.8984375 0.3647824125 0.89453125 0.34647791875 0.8779296875 0.3216361046875 0.8720703125 0.31902117812499997 0.8525390625 0.31902117812499997 0.8291015625 0.337325671875 0.8203125 0.3517077734375 0.81640625 0.35955255625000004 0.8203125 0.3909316890625 0.826171875 0.40400632812500004 0.8369140625 0.4183884296875
0 0.8134765625 0.54129003125 0.8212890625 0.536060175 0.837890625 0.5112183625 0.83984375 0.49029894062499996 0.837890625 0.474609375 0.828125 0.45630488125 0.8173828125 0.44715263437499997 0.8115234375 0.44453770625000005 0.8017578125 0.44453770625000005 0.7783203125 0.46022727343750003 0.767578125 0.474609375 0.763671875 0.508603434375 0.76953125 0.526907928125 0.7841796875 0.54129003125 0.8134765625 0.54129003125
0 0.8564453125 0.5151407546875 0.8642578125 0.520370609375 0.8837890625 0.520370609375 0.9013671875 0.5099108984375 0.90625 0.5033735796875 0.91015625 0.49291386875 0.9140625 0.474609375 0.9140625 0.4641496640625 0.908203125 0.44323024218749996 0.900390625 0.43015560468749997 0.8935546875 0.423618284375 0.8818359375 0.4210033578125 0.8603515625 0.428848140625 0.853515625 0.4380003875 0.83984375 0.4667645921875 0.84375 0.49291386875 0.849609375 0.5059885078125 0.8564453125 0.5151407546875
0 0.8701171875 0.6301975718749999 0.8916015625 0.6301975718749999 0.8955078125 0.6275826453125 0.90234375 0.6184303984375 0.91015625 0.5948960484375 0.91015625 0.5765915546875 0.90625 0.56613184375 0.8974609375 0.5517497421875001 0.8857421875 0.543904959375 0.8701171875 0.5465198859375 0.8564453125 0.55436466875 0.849609375 0.563516915625 0.845703125 0.5739766265624999 0.84375 0.581821409375 0.84375 0.6105856140625 0.8544921875 0.6223527890625 0.8701171875 0.6301975718749999
0 0.8193359375 0.72433496875 0.8310546875 0.7321797515624999 0.8564453125 0.7321797515624999 0.8642578125 0.726949896875 0.8828125 0.7047230109375 0.888671875 0.6916483734375001 0.892578125 0.6707289515625 0.890625 0.6498095296875 0.8857421875 0.6354274281250001 0.8525390625 0.6223527890625 0.8330078125 0.6223527890625 0.8251953125 0.6249677171875 0.8134765625 0.6380423546875 0.802734375 0.6550393859375 0.80078125 0.6654990953125 0.80078125 0.683803590625 0.8125 0.715182721875 0.8193359375 0.72433496875
0 0.9287109375 0.4706869828125 0.9580078125 0.46807205625000003 0.970703125 0.45630488125 0.978515625 0.43538545937500006 0.978515625 0.4144660375 0.974609375 0.40139139999999995 0.9677734375 0.392239153125 0.9541015625 0.3817794421875 0.9384765625 0.3817794421875 0.9228515625 0.39485408125 0.916015625 0.4066212546875 0.912109375 0.43538545937500006 0.921875 0.4641496640625 0.9248046875 0.46807205625000003 0.9287109375 0.4706869828125
0 0.9345703125 0.5831288734375 0.9521484375 0.5831288734375 0.9677734375 0.5726691625 0.9765625 0.5609019890625 0.986328125 0.5399825671875 0.990234375 0.526907928125 0.98828125 0.5033735796875 0.984375 0.49029894062499996 0.9677734375 0.4733019109375 0.9619140625 0.4706869828125 0.9462890625 0.4706869828125 0.9365234375 0.4733019109375 0.9189453125 0.483761621875 0.904296875 0.5112183625 0.90234375 0.5216780734375 0.90625 0.5556721328124999 0.9169921875 0.5726691625 0.9345703125 0.5831288734375
0 0.7646484375 0.82108729375 0.7744140625 0.8289320765625 0.7861328125 0.8289320765625 0.8076171875 0.82108729375 0.81640625 0.811935046875 0.8203125 0.8014753359375 0.8203125 0.77271113125 0.818359375 0.7596364921875 0.8125 0.7439469265625 0.8037109375 0.7347946796875 0.7958984375 0.7321797515624999 0.7744140625 0.7321797515624999 0.7548828125 0.7530991734375 0.74609375 0.7648663484375 0.74609375 0.7857857703125 0.755859375 0.80932011875 0.7646484375 0.82108729375
0 0.8486328125 0.83416193125 0.8662109375 0.83416193125 0.8720703125 0.8315470046875 0.890625 0.8145499734375001 0.896484375 0.7857857703125 0.896484375 0.77271113125 0.88671875 0.738717071875 0.8798828125 0.729564825 0.8740234375 0.72433496875 0.8701171875 0.72433496875 0.8271484375 0.740024534375 0.822265625 0.7465618546874999 0.822265625 0.8040902640625 0.8349609375 0.8237022203125001 0.8486328125 0.83416193125
0 0.9169921875 0.8498514984375 0.9326171875 0.8498514984375 0.9404296875 0.8446216421875 0.955078125 0.8276246125 0.95703125 0.806705190625 0.953125 0.791015625 0.9384765625 0.7766335234375 0.9091796875 0.78447830625 0.9052734375 0.7870932328125 0.896484375 0.8014753359375 0.89453125 0.8197798296875 0.900390625 0.8354693953125001 0.9111328125 0.8472365703125 0.9169921875 0.8498514984375
0 0.9814453125 0.8446216421875 0.9951171875 0.855081353125 0.9990234375 0.855081353125 1 0.7596364921875 0.9990234375 0.7583290296875 0.9794921875 0.7740185953125 0.970703125 0.7857857703125 0.96875 0.7962454796875 0.96875 0.8223947578124999 0.970703125 0.8276246125 0.9814453125 0.8446216421875
0 1 0.69949315625 0.9814453125 0.67465134375 0.9775390625 0.6720364156249999 0.9697265625 0.6720364156249999 0.9345703125 0.6981856921875 0.92578125 0.71256779375 0.923828125 0.7361021437499999 0.93359375 0.757021565625 0.9384765625 0.763558884375 0.9462890625 0.7687887390625 0.9736328125 0.7740185953125 0.9951171875 0.76094395625 1 0.7544066375 1 0.69949315625
0 0.9169921875 0.6798811984375 0.9267578125 0.6877259812500001 0.9443359375 0.6877259812500001 0.9560546875 0.6824961265625 0.9765625 0.660269240625 0.984375 0.63934981875 0.984375 0.6184303984375 0.9638671875 0.5831288734375 0.9228515625 0.5857438015625 0.9169921875 0.5883587296874999 0.912109375 0.5975109765625 0.8984375 0.6288901078125 0.8984375 0.641964746875 0.90234375 0.6576543125 0.9169921875 0.6798811984375
0 0.9990234375 0.6014333671875 0.9990234375 0.5229855375 0.9951171875 0.5229855375 0.9921875 0.526907928125 0.978515625 0.5582870609375 0.9765625 0.56613184375 0.9765625 0.5792064828125 0.9833984375 0.59097365625 0.9990234375 0.6014333671875
0 0.9990234375 0.5151407546875 0.9990234375 0.43146306875 0.990234375 0.44846009843749995 0.984375 0.4693795203125 0.984375 0.4850690859375 0.990234375 0.5033735796875 0.9990234375 0.5151407546875