0 0.41252042665490746 0.684375 0.1766801609163579 0.18134765625
0 0.7961809306564884 0.76953125 0.1201953891400862 0.11396484375
0 0.5651341521543456 0.40703125 0.12173620521330655 0.12333984375
0 0.2847829615303909 0.4015625 0.10609308288799557 0.10302734375
0 0.7636943181941178 0.57265625 0.1041105680439843 0.10166015625
0 0.8417126007814624 0.5828125 0.10082642161511401 0.10009765625
0 0.19365349591479827 0.35234375 0.11673041235556632 0.12021484375
0 0.7192755209064362 0.39609375 0.1181353339497754 0.1109375
0 0.022886433792892392 0.60625 0.045772867585784784 0.1248046875
0 0.04052799841189113 0.33671875 0.08105599682378226 0.1375
0 0.4131213963557019 0.38125 0.072183033608645 0.0779296875
0 0.37954189276157624 0.5 0.07313291675548106 0.075390625
0 0.6224381534603325 0.58125 0.10494653199573563 0.10615234375
0 0.5376379860309527 0.67890625 0.12350443412138574 0.13291015625
0 0.4699991566470027 0.25859375 0.09481717412655488 0.1015625
0 0.703558049899655 0.525 0.09350106039734563 0.0935546875
0 0.5023716141758127 0.575 0.09768537144768477 0.1
0 0.4714485752987483 0.77265625 0.08276044092042464 0.08583984375
0 0.5205144642259851 0.3125 0.08335836285158287 0.0876953125
0 0.35933440795298943 0.4328125 0.08683375604418186 0.091015625
0 0.285839293693556 0.2953125 0.10549223768833453 0.10947265625
0 0.324394997220785 0.5265625 0.0724264966109331 0.07822265625
0 0.683178167262138 0.77734375 0.10735541235556631 0.12021484375
0 0.6861388355900491 0.65 0.09206831698220448 0.09375
0 0.13647045842734137 0.28671875 0.08972977518624403 0.09853515625
0 0.06980337267005068 0.51171875 0.08128996341107453 0.0953125
0 0.6236228869629324 0.47421875 0.09762388126881465 0.0984375
0 0.08880677090643618 0.39609375 0.11870322770395632 0.1328125
0 0.7584857753154723 0.68515625 0.10883630627299574 0.1203125
0 0.4784387883023674 0.4734375 0.08362850520703483 0.09052734375
0 0.8295310507981866 0.4953125 0.07853068985864482 0.0779296875
0 0.1323040013059867 0.17421875 0.0881512250188147 0.0984375
0 0.3604517588180725 0.578125 0.06806292322802339 0.071875
0 0.6525999240429341 0.3359375 0.10504418824573562 0.10615234375
0 0.02297133308060504 0.446875 0.04594266616121008 0.0814453125
0 0.3622425686851939 0.3390625 0.08002200018415362 0.08759765625
0 0.428758940540334 0.44296875 0.056731158047062816 0.059375
0 0.783960045898074 0.43984375 0.10537853127090528 0.109375
0 0.21891773611457355 0.24140625 0.08961606876881464 0.0984375
0 0.42795941105603896 0.54765625 0.08744794092042465 0.08583984375
0 0.27007271953355283 0.571875 0.08612619343186542 0.0873046875
0 0.836717492728128 0.675 0.07796757875319286 0.07509765625
0 0.5326560507981866 0.4953125 0.06329945090480286 0.0625
0 0.8978958467798813 0.49765625 0.05566265163590493 0.09208984375
0 0.2773875628029293 0.75078125 0.09500207021847559 0.0919921875
0 0.6127355637014608 0.72109375 0.08635360626672402 0.0875
0 0.4760174423373968 0.38359375 0.06894703768206298 0.07666015625
0 0.19428806509106825 0.4578125 0.06672783606288216 0.0720703125
0 0.07863564586462579 0.61484375 0.09826046698429498 0.1046875
0 0.1993333498829309 0.6125 0.07613993182412523 0.0841796875
0 0.38260121234530153 0.809375 0.07542174002607442 0.07802734375
0 0.01865181423011924 0.20390625 0.03730362846023848 0.12021484375
0 0.3047763828777307 0.8265625 0.072183033608645 0.0779296875
0 0.5698684244503893 0.53984375 0.07075029019350368 0.078125
0 0.20267008248699958 0.53515625 0.07133101948946408 0.07333984375
0 0.3030912168379586 0.6609375 0.07899478946867325 0.08134765625
0 0.14034185167999375 0.553125 0.07176572925548105 0.075390625
0 0.5386686011889177 0.78671875 0.0891024634110746 0.0953125
0 0.39796322941739837 0.2453125 0.07935695431477505 0.09365234375
0 0.8628856489676753 0.7296875 0.05649213071768529 0.1345703125
0 0.22595176192112207 0.69296875 0.07401275269559422 0.0890625
0 0.23431379761151616 0.81796875 0.08097167055333436 0.0921875
0 0.13166647263660236 0.68671875 0.09304123930124386 0.08125
0 0.03118841886953729 0.678125 0.06237683773907458 0.06240234375
0 0.5868556624456465 0.284375 0.0731008164206223 0.0751953125
0 0.06746195352722902 0.23125 0.06488413896638509 0.0810546875
0 0.8900867512223659 0.61171875 0.029710909108842644 0.06728515625
0 0.17675639806914392 0.759375 0.08073091804189367 0.09072265625
0 0.2728850048164916 0.49296875 0.07704573020494436 0.07958984375
0 0.04147174672970888 0.76015625 0.07408872501881467 0.0984375
0 0.29160480978350056 0.1984375 0.07992997769350367 0.078125
0 0.5450082963891502 0.20625 0.0628561841109331 0.07822265625