0 0.07700741646328195 0.7149239695168991 0.07441275964082217 0.08798622630468458
0 0.3537090035191659 0.8207637587089817 0.10748212481846861 0.1279580084371382
0 0.5812348058337495 0.537929841316289 0.09964740679233959 0.10003325249065576
0 0.11806044789481336 0.8412878927155795 0.06462412331950458 0.0830202586516208
0 0.13823816894448132 0.6768078555685608 0.06805118889539283 0.08331502388485781
0 0.7926410326743858 0.6011896739235962 0.07429022174792799 0.08954304329135673
0 0.5054599021952584 0.7203498847315137 0.0765325748547749 0.10209134890464319
0 0.35922060298104663 0.7192239907622929 0.06637738740656048 0.08297374952157117
0 0.6501152766785296 0.7722797607540457 0.08097873971213972 0.09285842423783919
0 0.5908344760165759 0.7181401785424498 0.07296183038625159 0.09243010819139812
0 0.28249543714144637 0.7036922674844702 0.074937966707569 0.0971687553113485
0 0.23957803701761188 0.7517289507122805 0.058035131926869446 0.07346624373179385
0 0.17509816005314116 0.7420296902874393 0.06584308351392529 0.07359590801490726
0 0.6164038643535861 0.6226601939818559 0.06293640733524306 0.07819247980166182
0 0.12851210442878863 0.7680549811953815 0.056254308105551855 0.06873327962517095
0 0.5564722845364125 0.8008473784633076 0.07422199555376637 0.08807819954135673
0 0.6023990605912605 0.8561630157686106 0.06285908431519296 0.07653232355166181
0 0.4386319671252357 0.7778608563599837 0.06749682102940469 0.07978803285820213
0 0.8940151339982932 0.7089687331739386 0.09143894008420687 0.12271252810758355
0 0.8517120099293066 0.8110025946149942 0.10038371117609231 0.10746649351731144
0 0.4367291728734227 0.7011392319868043 0.0662751827436164 0.08287325176490726
0 0.05501679239429537 0.8175488643440495 0.06111223896265772 0.0704350134517032
0 0.49017304239429543 0.8302106180384662 0.076609897874825 0.1037515051546432
0 0.6755926197302695 0.6955725082467632 0.06097391625275783 0.07374680143171126
0 0.24487765901968386 0.8395017353520167 0.05817613272813702 0.07649358748179366
0 0.22826385546224595 0.675515791699365 0.05947054562103116 0.07497086857508872
0 0.8789595223353034 0.6123066818411551 0.0657454272639253 0.07359306650824333
0 0.7508215980186479 0.8104139097378311 0.07277025852940469 0.0799414742180538
0 0.332608907157657 0.6355249406831507 0.05451682883550184 0.06702481776188449
0 0.7215107795740139 0.885445001978557 0.049713209677128486 0.06230142319868044
0 0.7960570153059902 0.8805732970431344 0.08235047562508377 0.09299586158113371
0 0.3921101856937043 0.651337808788124 0.07292303424792798 0.08950326219806186
0 0.008082057900664089 0.6967757115993403 0.016164115801328177 0.07480142319868044
0 0.4743426428896334 0.6326081923325033 0.07211154642229882 0.07836192517807028
0 0.17589221857297782 0.8257598326073075 0.06357291589082217 0.08767081906498966
0 0.5469261182825276 0.636284773290458 0.0781927311047749 0.10213965451793001
0 0.7282788180348586 0.7401325019785571 0.07416955417661057 0.08485838479802066
0 0.9344902766785296 0.7805542281593736 0.06610449710451576 0.11271060015828453
0 0.460121785155585 0.5516166051063426 0.07116977016087205 0.0895497713281113
0 0.6633365605912604 0.8579361159268952 0.06497221153802783 0.09258772964495669
0 0.7749398023190928 0.678905496963992 0.052697208875860824 0.05936500766192587
0 0.28979420678615353 0.782135516230829 0.06116013192686944 0.07355717194503911
0 0.8012068957851175 0.753206814989823 0.06635250576366616 0.08453340801490725
0 0.7294475198541042 0.6478540737653117 0.07595037799792799 0.08959134890464338
0 0.6789231350317506 0.6072685261934518 0.05991361199818712 0.07820204934508049
0 0.8313353515333045 0.6774172048024086 0.06309560178828696 0.08161044855166182
0 0.8689850930562493 0.8936476100544004 0.06911818114108144 0.07690949247815268
0 0.425273634412578 0.8463153396669363 0.052765435070022626 0.06082985141192552
0 0.7258002890845264 0.5749932352855096 0.056124543708346054 0.06385330863183505
0 0.008060633169723722 0.7960626577592742 0.016121266339447445 0.0702503155185484
0 0.6636299288692789 0.5325042069139797 0.06297038580402514 0.07682813380832573
0 0.00006308136961415404 0.34942333847980206 0.00012616273922830807 0.1004091769596041
0 0.272217216710951 0.6220330905248661 0.05439616126418434 0.06234015926854859