0 0 0.5131591765625 0.020466737500000002 0.5125636546875 0.03426169375 0.5005557796875 0.039257165625 0.48967543124999996 0.0442317875 0.4594076453125 0.0424273828125 0.45087215 0.0325255953125 0.43424451875000003 0.012994345312499999 0.4348128203125 0.006705196875 0.43759823906250006 0 0.44511625312499997 0 0.5131591765625
0 0.06356819062499999 0.8553369421875001 0.0711466578125 0.844706740625 0.0762535078125 0.8322616999999999 0.0791329875 0.8147416828124999 0.072925328125 0.8043174375 0.0629256703125 0.7941987078125 0.052732296874999994 0.78686474375 0.044323009375 0.7871094296875001 0.034058568750000004 0.79243623125 0.02052285625 0.8097458265625 0.01360819375 0.82816398125 0.01298268125 0.8437967171875 0.015169839062500001 0.8541427671875 0.022024921875 0.86565420625 0.0322182953125 0.8729881703125001 0.0330803203125 0.8729630875 0.0508920234375 0.8674166828125 0.06356819062499999 0.8553369421875001
0 0 0.806908428125 0.006392784375 0.8067224171875 0.015064831249999999 0.801265240625 0.030983440625000004 0.7812838890625 0.0374683296875 0.7654806609375 0.0380938421875 0.749847925 0.0363364578125 0.736886946875 0.0314345 0.7253186781250001 0.0175285921875 0.715313609375 0.0097160921875 0.7155409296874999 0 0.7198441156250001 0 0.806908428125
0 0.0287549328125 0.641094215625 0.023129590624999998 0.6516675875 0.0194573734375 0.6621841265625 0.0184020859375 0.6804317921874999 0.02058924375 0.690777840625 0.0311527703125 0.701966115625 0.0437510921875 0.701599540625 0.051311601562499996 0.698992390625 0.0556476234375 0.6962638046875 0.06680043906250001 0.681625965625 0.0732853265625 0.6658227390625 0.073910840625 0.650190003125 0.07281726093749999 0.6450169781249999 0.0609623484375 0.6284461734375 0.047720246875 0.6262290562499999 0.037095075 0.6317430640625 0.0287549328125 0.641094215625
0 0.052890496875000005 0.5864922 0.0440378078125 0.56850780625 0.041093531249999996 0.56638945 0.026484799999999996 0.5668145203125 0.0070645953125 0.5864993625 0.00382215 0.594400978125 0.0012435125 0.6100905437499999 0.002337090625 0.6152635671875 0.006809276562499999 0.629446765625 0.013230028125000001 0.6340663906249999 0.022169515625 0.633806278125 0.0468291921875 0.616571403125 0.0486935984375 0.612027975 0.052890496875000005 0.5864922
0 0.102511975 0.7268971375 0.10324641875 0.7247938296875 0.1082317859375 0.69446066875 0.10809902499999999 0.692903078125 0.0946293046875 0.67679371875 0.081726159375 0.6771691625 0.071947065625 0.682244090625 0.0588411265625 0.6969387578124999 0.0527860109375 0.7101270578125 0.0502073734375 0.7258166234375001 0.052394529687500004 0.7361626734375 0.0577262625 0.7451160156250001 0.06760203125 0.7522214671875 0.07861186875000001 0.7519011140625 0.0865933640625 0.7468784921875 0.102511975 0.7268971375
0 0.0971441453125 0.6578465546875 0.0995068625 0.659546490625 0.11712280156249999 0.6590339203125 0.1313046859375 0.645141684375 0.134635 0.6378881187500001 0.13869635625 0.6131770546875 0.13884486093749998 0.6110907953125 0.1377512828125 0.6059177671875 0.127419721875 0.5919050609375 0.1219901203125 0.589460625 0.10984159687499999 0.5924165328125001 0.0947825328125 0.6071680296874999 0.08915719062500001 0.6177414031249999 0.087008325 0.6308160421875 0.0918124140625 0.648893215625 0.0971441453125 0.6578465546875
0 0.1098932703125 0.589736765625 0.117419125 0.5439461703124999 0.10611744062499999 0.528148671875 0.086586190625 0.5287169734375 0.08225016874999999 0.531445559375 0.06394865937500001 0.5540986718750001 0.06113598906249999 0.55938535625 0.05726803125 0.58291970625 0.06826339687500001 0.6047203671875 0.0720896671875 0.6074733046875 0.09319114687499999 0.6068593140625 0.1098932703125 0.589736765625
0 0.0856839203125 0.50670938125 0.09253900468750001 0.518220821875 0.0994919578125 0.52322335625 0.10476427656250001 0.524106096875 0.11651919531249999 0.5237640640625 0.12531235624999998 0.519869634375 0.137988521875 0.507789896875 0.1505752265625 0.4841319796875 0.1573925015625 0.44265268906250005 0.1569751234375 0.43957445625 0.1520731640625 0.4280061875 0.1377374828125 0.4206160453125 0.1279718578125 0.4209001953125 0.1091044140625 0.42925645 0.095998475 0.44395111875 0.08431801718750001 0.4677127875 0.0821691515625 0.4807874265625 0.0834967625 0.4963633328125 0.0856839203125 0.50670938125
0 0.127722059375 0.37008632656249996 0.12385410156250001 0.3936206765625 0.1309432171875 0.41553499531250004 0.1412197921875 0.4188584875 0.1495326296875 0.4186166078125 0.1582869671875 0.4147393734375 0.169010009375 0.4027164640625 0.1746353515625 0.39214309375 0.1776437625 0.3738386 0.1754566046875 0.3634925484375 0.16707816874999998 0.3494230140625 0.1636016921875 0.34692174531250003 0.1460235671875 0.3474332171875 0.13096450312500002 0.36218471406249997 0.127722059375 0.37008632656249996
0 0.2113365015625 0.32938653906250004 0.2014178125 0.32225020781249997 0.1946156328125 0.32244812968750003 0.184754428125 0.331461209375 0.17912908593750002 0.34203458124999997 0.1782695390625 0.3472644359375 0.177214253125 0.3655120984375 0.1821162109375 0.37708036875 0.18674877031249998 0.38176808906250004 0.199237040625 0.3814047171875 0.21325674062500002 0.36767135624999997 0.2171123765625 0.34421198125 0.2113365015625 0.32938653906250004
0 0.20975715625000002 0.43035829531249997 0.2209099703125 0.41572045781250005 0.22348860781250002 0.40003089375 0.2223950296875 0.39485786875 0.21358682187500003 0.3834032578125 0.197961821875 0.38385789843749996 0.189621678125 0.3932090515625 0.1839963359375 0.403782421875 0.18227724375 0.41424213437499996 0.184034628125 0.42720311093749996 0.1888012625 0.4330242859375 0.2071027671875 0.432491765625 0.20975715625000002 0.43035829531249997
0 0.1559070765625 0.5173296140625 0.1627621609375 0.5288410515625 0.175144715625 0.536288025 0.17889076875 0.5374995140625 0.1913979984375 0.5371355906249999 0.20053534062499997 0.535549234375 0.21883685000000003 0.512896121875 0.2245414453125 0.49770114374999996 0.2278721875 0.47743545468750004 0.2204793578125 0.45559503437500004 0.21667097812499997 0.4491997875 0.2047181953125 0.4391378890625 0.1890931953125 0.43959253125000003 0.18280404687500001 0.44237795 0.1741320015625 0.447835125 0.1657918578125 0.457186278125 0.15735384375 0.4730463328125 0.152626340625 0.5018105359375 0.1559070765625 0.5173296140625
0 0.1603302375 0.5737963749999999 0.163142909375 0.5685096890625 0.1674406390625 0.5423604125 0.1648237078125 0.5346292906250001 0.1555857265625 0.5257896093750001 0.148203 0.5234020015625 0.12490166250000001 0.5409957484375 0.117557228125 0.5620288296875 0.118221034375 0.5698167828125 0.12421657187499999 0.5865580765625 0.1252026453125 0.587267540625 0.1472325703125 0.5866265359375 0.1603302375 0.5737963749999999
0 0.16356426562499998 0.63010656875 0.1689938671875 0.6325510078125001 0.1904782421875 0.6319258765625 0.2031544078125 0.619846134375 0.20709179375 0.6133339453125 0.213792671875 0.5725628656249999 0.21217964218750002 0.564932653125 0.20489478593750002 0.5560361421875 0.1959887078125 0.5510904375 0.1803637078125 0.5515450796875 0.1673556375 0.5597308437499999 0.156632596875 0.5717537546875 0.1501477078125 0.58755698125 0.1495221953125 0.6031897140625 0.1562794078125 0.6212100578124999 0.16356426562499998 0.63010656875
0 0.1597206046875 0.683947190625 0.16197074218750002 0.6797178421875001 0.165322971875 0.65932140625 0.1633545296875 0.6500099609375 0.1560696734375 0.64111345 0.1404446734375 0.6415680906250001 0.1317726265625 0.6470252671875001 0.12390906406249999 0.655842065625 0.12012705937499998 0.6788534312500001 0.1206581046875 0.68508379375 0.1298417140625 0.6975395328125 0.14286255 0.6971606640625 0.1597206046875 0.683947190625
0 0.09452564531249999 0.8195444328124999 0.1069082015625 0.8269914046875 0.1225332015625 0.8265367640625 0.1312052484375 0.8210795875000001 0.158608575 0.7903543734375 0.16142124687499998 0.7850676890625 0.161988675 0.78368490625 0.167984009375 0.7472066640625 0.16720403749999999 0.73805581875 0.162302078125 0.7264875484375 0.1453494671875 0.711366284375 0.1336307171875 0.7117072656250001 0.1071848046875 0.7306937203125 0.08888329687499999 0.75334683125 0.0819686359375 0.7717649859375 0.07938999687500001 0.7874545546875 0.08071760781250001 0.8030304578124999 0.09452564531249999 0.8195444328124999
0 0.0692447921875 0.8701750578125 0.0633854171875 0.8703455484375 0.0487561265625 0.8824821187499999 0.045083909374999995 0.892998659375 0.0453179421875 0.9034015390624999 0.046407325 0.9052308953124999 0.06146905312499999 0.9047926437499999 0.06463434375 0.9029577812499999 0.0698541328125 0.8711982968750001 0.0692447921875 0.8701750578125
0 0.066976653125 0.9052637171875 0.07287432031249999 0.9285139156250001 0.078635825 0.9348523296875 0.0801716125 0.9353490109375 0.10024941875 0.9347648062499999 0.112698496875 0.9286563624999999 0.1258044359375 0.9139616937499999 0.1338126765625 0.900716565625 0.137563190625 0.8849929015625 0.13996991875 0.87034930625 0.1398295 0.864107578125 0.1376423421875 0.8537615265625 0.1257874296875 0.8371907234375 0.11688135 0.8322450171875 0.1051626 0.8325859984375 0.100826578125 0.8353145874999999 0.07818904531250001 0.8606962875 0.07050363125 0.8767079390625 0.06838341718749999 0.8896082484375001 0.066976653125 0.9052637171875
0 0.22508670625 0.9130536078124999 0.224890965625 0.92607141875 0.22707812343749997 0.9364174671875001 0.233053046875 0.94645089375 0.27241936718750004 0.94530545 0.284148521875 0.9321544656249999 0.2897738640625 0.9215810937500001 0.29407159374999997 0.89543181875 0.2918844375 0.8850857671875 0.2839357734375 0.8684013046875 0.27155321875 0.86095433125 0.26374071875 0.8611816515624999 0.2360054875 0.888012890625 0.22961846874999997 0.8973072140625 0.22508670625 0.9130536078124999
0 0.248815878125 0.8682408515625 0.25465001875 0.863272678125 0.2673256765625 0.8429172484375 0.26797893125 0.838942559375 0.26847934218749997 0.8264363703125 0.2631476109375 0.817483028125 0.2546713046875 0.809922396875 0.23080403125 0.8132192859374999 0.2248467859375 0.8198986796875 0.219783978125 0.8294147140625 0.21650447968750003 0.849368625 0.22568504687500002 0.86801910625 0.22755189062499998 0.8688595703124999 0.248815878125 0.8682408515625
0 0.237662578125 0.78686376875 0.24260496874999998 0.7567921 0.24246827187500003 0.7561454734375 0.23070342500000002 0.7397005625 0.220633609375 0.7399935640625 0.21651171093750002 0.74258740625 0.2010228734375 0.7599538328125 0.1977804296875 0.7678554453124999 0.19563156406249999 0.780930084375 0.1962953703125 0.7887180375 0.20266298906250002 0.8027175671875 0.22256250625 0.8021385515624999 0.228541078125 0.799490684375 0.2344983234375 0.792811290625 0.237662578125 0.78686376875
0 0.1858506046875 0.6733876390625 0.17760833125 0.6762298875 0.16407261875 0.693539484375 0.158681309375 0.714515734375 0.16619525 0.7338024203125 0.18965911093750001 0.7331196906249999 0.193973721875 0.7304045765625 0.199811821875 0.72385876875 0.2052613453125 0.6907014874999999 0.1858506046875 0.6733876390625
0 0.19335265468750001 0.687467415625 0.1994425984375 0.6908492703125 0.20870638125 0.690579721875 0.22264952968750001 0.6866149640625 0.23573612812500003 0.6661245546875 0.2393989671875 0.6438382390624999 0.2387255875 0.6301951140625001 0.23144073125000003 0.6212986015624999 0.222534653125 0.616352896875 0.20843300468749998 0.619365634375 0.2017140828125 0.62476598125 0.19099104218750002 0.6367888921875 0.1880728421875 0.64390034375 0.18484954375 0.6635123 0.18692734375 0.6733410484375 0.19335265468750001 0.687467415625
0 0.2557677296875 0.6425595421875 0.27329522968750003 0.64204954375 0.2890452703125 0.635073965625 0.3017214359375 0.622994225 0.3097296765625 0.60974909375 0.31070240937500004 0.6073786109375 0.31589406875 0.5757902859375 0.3100828640625 0.5602927906249999 0.294751475 0.54122071875 0.27717335 0.541732190625 0.26416528125 0.5499179546875 0.2458637734375 0.5725710640624999 0.24262132812499998 0.580472678125 0.237893825 0.6092368828125 0.24008098281249998 0.6195829328125 0.2530294734375 0.6413267625 0.2557677296875 0.6425595421875
0 0.245866003125 0.5713163734375 0.250537940625 0.5683764 0.26198176875 0.5537419265625 0.2657227484375 0.5309801671875001 0.2644651328125 0.525031190625 0.25761005 0.51351975 0.24870397031249997 0.5085740453125001 0.23460232187500002 0.511586784375 0.221066609375 0.5288963796874999 0.21544126718749998 0.5394697500000001 0.2152455265625 0.5524875609375 0.22319419062499998 0.5691720218749999 0.2279922078125 0.5718364484375 0.245866003125 0.5713163734375
0 0.263814934375 0.5319184171875 0.293759240625 0.531047128125 0.294725475 0.5304390921875 0.3069378265625 0.5167463359375 0.3139574546875 0.47403585000000004 0.31318443125 0.47134748593750003 0.3078527 0.46239414375 0.2989466203125 0.4574484390625 0.2833216203125 0.4579030796875 0.274649575 0.46336025625 0.2686923296875 0.4700396484375 0.260254315625 0.48589970468750004 0.25681613125 0.5068191296875 0.25814374375 0.5223950328125 0.263814934375 0.5319184171875
0 0.2618354 0.47288495937499997 0.267877728125 0.469082621875 0.2777071828125 0.45806162187500005 0.28546697499999996 0.41084765 0.28100495312499996 0.40103767343749996 0.272528646875 0.3934770390625 0.258856771875 0.39387485 0.25452075 0.39660344062499997 0.23145344375 0.4246000671875 0.22887480624999998 0.44028963125000004 0.23367889531250002 0.4583668046875 0.2479167046875 0.47226585156249995 0.252359125 0.473160690625 0.2618354 0.47288495937499997
0 0.23123361406249998 0.3434454140625 0.22560827187500002 0.354018784375 0.2219360546875 0.3645353265625 0.2213105421875 0.3801680609375 0.2231657953125 0.3866201359375 0.23093096562499998 0.39447776874999996 0.2546192296875 0.3937885109375 0.25941562500000004 0.39077021875 0.2653728703125 0.384090825 0.2709982125 0.373517453125 0.2735768515625 0.3578278875 0.26986634062500003 0.3449237390625 0.264534609375 0.3359703984375 0.2591050078125 0.333525959375 0.24543313281249998 0.3339237703125 0.239143984375 0.33670918906249997 0.23123361406249998 0.3434454140625
0 0.3173540015625 0.311447709375 0.3130819046875 0.3004821484375 0.3066611546875 0.295862521875 0.29387455625 0.2962345734375 0.28216380937499996 0.30528540312499997 0.2709131234375 0.326432146875 0.2687642578125 0.3395067875 0.26942806406250003 0.3472947375 0.2762831484375 0.3588061765625 0.280900271875 0.3634782828125 0.2978707609375 0.3629844921875 0.30319712499999996 0.3606254828125 0.310345228125 0.354092159375 0.3173540015625 0.311447709375
0 0.327667359375 0.3690348015625 0.322335628125 0.3600814609375 0.3171741546875 0.35775773593750004 0.3107842984375 0.3579436625 0.3004214796875 0.3633215203125 0.2868857671875 0.380631115625 0.2834475828125 0.4015505375 0.28454116093750004 0.4067235625 0.28834954062499996 0.41311880624999997 0.29860729375 0.4204990890625 0.3125556609375 0.4200932328125 0.32353264843749996 0.40631470312499995 0.3286414390625 0.3752305875 0.327667359375 0.3690348015625
0 0.3924554671875 0.27080219375 0.391557628125 0.2526113609375 0.38056226249999997 0.2308107015625 0.3736093078125 0.225808165625 0.3540780578125 0.2263764671875 0.347788909375 0.22916188593750003 0.329917175 0.2492000703125 0.3234322859375 0.2650032953125 0.320423875 0.2833077890625 0.32132171249999997 0.3014986234375 0.32198551875 0.309286575 0.32731725 0.3182399171875 0.3342702046875 0.323242453125 0.33969980624999996 0.325686890625 0.35923105624999996 0.3251185890625 0.3635670796875 0.3223900015625 0.37624324531250003 0.310310259375 0.3874939296875 0.2891635171875 0.3924554671875 0.27080219375
0 0.3494315671875 0.44742521249999995 0.3475724828125 0.43863107343749996 0.339857853125 0.4323494859375 0.333998478125 0.4325199765625 0.3220137390625 0.443940825 0.31912700312500003 0.4615049875 0.32216180781250003 0.47112964062499996 0.3387469296875 0.4706470625 0.345227878125 0.4647235171875 0.347196746875 0.4610228375 0.3494315671875 0.44742521249999995
0 0.3301835078125 0.5033349484375 0.3199881109375 0.5062340265625 0.30926506875 0.5182569359375 0.30668643125 0.5339465031249999 0.3088735875 0.544292553125 0.3105252203125 0.546109565625 0.3300674859375 0.5455409437500001 0.336136471875 0.5377798671875 0.339627921875 0.5165363562499999 0.3301835078125 0.5033349484375
0 0.2508261765625 0.670107478125 0.24738799218750002 0.6910268984375 0.24914537656250002 0.703987878125 0.2575238109375 0.7180574156249999 0.2586315734375 0.718672575 0.288507084375 0.7178032859375 0.2990670796875 0.70774015 0.30750509375 0.6918800921875 0.310943278125 0.67096066875 0.308092315625 0.6528266656249999 0.3027605828125 0.643873325 0.29385450468749996 0.6389276203125 0.27779973125 0.6419971921875 0.2624087640625 0.6528547140625001 0.25645151875 0.65953410625 0.2508261765625 0.670107478125
0 0.2713843109375 0.8037348640624999 0.2889624359375 0.80322339375 0.302068375 0.788528725 0.3052326296875 0.7825812046875 0.311652365625 0.743520721875 0.3106638359375 0.7362301718750001 0.3053321046875 0.7272768296875001 0.2983791515625 0.72227429375 0.2847072765625 0.7226721046875 0.2676950859375 0.737480434375 0.2588273 0.7559554187499999 0.2558188890625 0.7742599125 0.259099625 0.7897789875 0.26443135624999997 0.7987323296875 0.2713843109375 0.8037348640624999
0 0.2714438546875 0.8657591421875 0.27939251718749997 0.8824436062500001 0.2875176140625 0.8873301078125 0.30668476093749997 0.8867724000000001 0.31650189218749997 0.8813638328125 0.32960783125000004 0.8666691640625 0.3377366359375 0.8497337625 0.34217762500000004 0.82271284375 0.34167977031249996 0.8168718796875 0.3379692609375 0.80396773125 0.33416088125 0.7975724875 0.3272079265625 0.7925699515625 0.3037704265625 0.7932519124999999 0.29943440312499997 0.7959805015625 0.283945565625 0.8133469265625 0.275507553125 0.829206984375 0.270546015625 0.8475683078125 0.2714438546875 0.8657591421875
0 0.3060509234375 0.9029668281250001 0.30499563749999997 0.9212144921875 0.308706146875 0.9341186390624999 0.3125145265625 0.9405138828125 0.31826375156250003 0.9439715156249999 0.3387711640625 0.9433748109375 0.3457176515625 0.9395477703124999 0.35405779531250003 0.9301966187499999 0.36292558124999996 0.911721634375 0.36593399375 0.893417140625 0.3637468359375 0.8830710906249999 0.35646197812499997 0.874174578125 0.34212629843750003 0.8667844375 0.32478220625 0.8776987890625 0.311676265625 0.89239345625 0.3060509234375 0.9029668281250001
0 0.341946203125 0.7255785328125001 0.3441838046875 0.7241704484375 0.35245258281249997 0.7128881421875 0.3566029625 0.6876354124999999 0.3557281 0.6834969937500001 0.35039636875 0.6745436515625001 0.343013640625 0.67215604375 0.3284822203125 0.6777837109375 0.315806053125 0.6898634515625 0.31321209843750003 0.6961847421875 0.3107003140625 0.711467540625 0.3168400546875 0.7249660703125 0.3186340875 0.7262568468749999 0.341946203125 0.7255785328125001
0 0.39615675 0.5983563671875001 0.3999201296875 0.5754583156249999 0.3945237640625 0.5541843859375 0.383098625 0.534998653125 0.36795509375 0.5226681375 0.3537490296875 0.5230814921875 0.336555528125 0.5402565515625 0.32163262656249997 0.5719198359375001 0.3179987015625 0.605857065625 0.3193263125 0.621432971875 0.324228271875 0.633001240625 0.331181225 0.6380037749999999 0.3520586015625 0.6397577640625001 0.354523809375 0.6396860328125 0.388545234375 0.6142140609375 0.39615675 0.5983563671875001
0 0.3511039609375 0.5247134828125 0.36139584375 0.5244140203125001 0.36939350000000004 0.52288491875 0.376112421875 0.517484575 0.3887867703125 0.5012764984375 0.3926659609375 0.47767380312499996 0.38828222968750004 0.461178384375 0.381427146875 0.44966694374999994 0.361895896875 0.4502352453125 0.35322385 0.455692421875 0.3420710359375 0.470330259375 0.3392583640625 0.4756169453125 0.336249953125 0.49392143906249997 0.3364839859375 0.5043243203125 0.3444326484375 0.521008784375 0.3511039609375 0.5247134828125
0 0.3701286546875 0.36643705 0.375128484375 0.3714964140625 0.388800359375 0.371098603125 0.3974724046875 0.365641428125 0.40581254843750003 0.3562902765625 0.40862521875 0.3510035890625 0.41206340468749997 0.33008416875 0.41030601874999995 0.31712318906250003 0.40802099218750004 0.3132860421875 0.3995446859375 0.3057254125 0.3839196859375 0.30618005312499996 0.3736264171875 0.3155880359375 0.36843084843749996 0.3235464765625 0.36456289062499997 0.3470808265625 0.3701286546875 0.36643705
0 0.404358290625 0.4538399 0.41326436875 0.45878560625000003 0.429748915625 0.45310110937500003 0.44004218437500003 0.4436931265625 0.4450672625 0.43322396875 0.4494867625 0.4063337953125 0.448871678125 0.4017974546875 0.44201659375 0.3902860140625 0.4315871640625 0.3827822125 0.4218215390625 0.38306636250000003 0.4111963671875 0.38858036875 0.4004733265625 0.4006032796875 0.39723088125 0.40850489218749997 0.39379269687499996 0.42942431406250003 0.3959798546875 0.43977036406250003 0.404358290625 0.4538399
0 0.44161998125 0.343617803125 0.44320800625 0.344760359375 0.46609090625 0.34409453437500004 0.46896373125 0.34282218124999997 0.47329975468749996 0.3400935953125 0.488361209375 0.3211881578125 0.494465640625 0.284046128125 0.492188484375 0.27838705625000004 0.48338027656250004 0.2669324484375 0.474474196875 0.2619867421875 0.462755446875 0.2623277234375 0.45451317343750003 0.265169971875 0.43664143749999995 0.285208159375 0.43015654999999997 0.30101138125000004 0.428007684375 0.3140860203125 0.42867149062500004 0.3218739734375 0.44161998125 0.343617803125
0 0.3413429828125 0.7426379375 0.33953793593750003 0.7536206328125 0.3389047640625 0.7645692296875 0.34109192187500004 0.77491528125 0.3479470046875 0.7864267203125 0.354899959375 0.7914292546875 0.3591076609375 0.7919453812499999 0.378268171875 0.7913878671875 0.380290584375 0.7906904640625 0.3973027734375 0.775882134375 0.4053110140625 0.7626370046875001 0.40725647968749995 0.7578960375 0.41078061874999994 0.7364536328125 0.4108980640625 0.7286429453125 0.40457062343750005 0.7080076765625 0.40076224375 0.70161243125 0.3938092890625 0.696609896875 0.3879499140625 0.6967803875 0.3671293453125 0.705193475 0.3584573 0.7106506484375 0.3525000546875 0.717330040625 0.3468747125 0.7279034140625 0.3413429828125 0.7426379375
0 0.355526046875 0.876021096875 0.38255585000000003 0.8752346109375001 0.388867171875 0.8712629984375001 0.3948244171875 0.8645836046875001 0.4012535625 0.851189240625 0.4074422953125 0.8135342828125 0.4073261296875 0.8121713906249999 0.403947521875 0.80316121875 0.3880884890625 0.7932129796875 0.3748463875 0.7909958625 0.3642212171875 0.7965098687500001 0.35588107343750003 0.805861021875 0.3457239671875 0.8321807890624999 0.3431453296875 0.8478703546874999 0.3449027140625 0.8608313328125 0.355526046875 0.876021096875
0 0.40160817031249996 0.8608584890625 0.39531902343750003 0.8636439062499999 0.3866469765625 0.8691010828125 0.3731112640625 0.886410678125 0.366626375 0.9022139062500001 0.364477509375 0.91528854375 0.36580512187499997 0.93086445 0.3696135015625 0.93725969375 0.381566284375 0.9473215921874999 0.38371131406250003 0.948287296875 0.3978895421875 0.947874753125 0.405003784375 0.9466396296875 0.42320742187500004 0.9304954249999999 0.429594440625 0.921201103125 0.432836884375 0.9132994890624999 0.4354155234375 0.8976099234375001 0.43475171875 0.88982196875 0.42799450468750005 0.871801625 0.4187565234375 0.86296194375 0.41332692031249996 0.8605175078125 0.40160817031249996 0.8608584890625
0 0.4330836984375 0.8591683437500001 0.4408961984375 0.8589410234375 0.45433404062499994 0.84814033125 0.46422306718749995 0.8370525375 0.47138258125 0.7934909171875 0.4585551859375 0.7751496765625 0.44335995937500006 0.772989390625 0.4331645609375 0.7758884687500001 0.426445640625 0.781288815625 0.41333970000000003 0.7959834828125001 0.40642503906250005 0.8144016359374999 0.40622929843750005 0.8274194453125 0.4145098640625 0.8479978859375 0.4237478453125 0.8568375671874999 0.4330836984375 0.8591683437500001
0 0.409892825 0.7365332796875 0.4109864046875 0.74170630625 0.42116158906249995 0.755929184375 0.4463659921875 0.7551958125 0.446708590625 0.7549802203125 0.4626272 0.7349988671875 0.46473478906250004 0.7298628171875 0.46638941562499997 0.719795346875 0.4673547046875 0.7062346625 0.46516754687499995 0.6958886109375 0.4613591671875 0.68949336875 0.4544062125 0.684490834375 0.4368280875 0.6850023046875 0.42577314375 0.6931312390625 0.415050103125 0.7051541484375 0.41223743125 0.710440834375 0.40922902031249997 0.728745328125 0.409892825 0.7365332796875
0 0.4293203 0.67568818125 0.43213297031250003 0.6704014953125 0.43557115625 0.6494820734375 0.43490735 0.641694121875 0.4327201921875 0.6313480703125001 0.42238863125000004 0.6173353640625 0.40459711875000004 0.6102385484374999 0.40372906249999996 0.61026380625 0.38723238125 0.61835830625 0.37889223906249997 0.6277094578125 0.3700244515625 0.6461844421875 0.3657267203125 0.6723337203125 0.3690074578125 0.6878527953125 0.377815665625 0.6993074046875 0.3863918890625 0.704069934375 0.4028126078125 0.703592140625 0.40863589375 0.70101305 0.4293203 0.67568818125
0 0.4171480015625 0.6045753359375 0.4327730015625 0.6041206953125 0.4414450484375 0.5986635203125 0.45216808906250006 0.5866406093750001 0.45273551718749994 0.5852578281249999 0.45794651562500005 0.5535518296874999 0.4566615609375 0.5474735234375 0.45285318124999996 0.54107828125 0.444376875 0.5335176484375 0.42679875 0.53402911875 0.41650548125000003 0.5434371015624999 0.405254796875 0.5645838421875 0.4031059328125 0.5776584812500001 0.4048633171875 0.5906194609375001 0.4101950484375 0.5995728015624999 0.4171480015625 0.6045753359375
0 0.42262456249999997 0.47870853437500005 0.42242882187499997 0.4917263421875 0.42461597968750003 0.50207239375 0.4338024890625 0.5145320625 0.4485468265625 0.5141030468750001 0.4510023140625 0.5130155281250001 0.466920925 0.493034175 0.47016336875000003 0.4851325609375 0.47231223437500003 0.472057925 0.47012507656249997 0.46171187343750003 0.4613168671875 0.450257265625 0.4417856171875 0.4508255671875 0.435066696875 0.4562259109375 0.4262967796875 0.4681919921875 0.42262456249999997 0.47870853437500005
0 0.45999364375 0.426671553125 0.469885675 0.432620703125 0.49491661875000004 0.43189237656249996 0.5068686437500001 0.4253076296875 0.5175916843749999 0.4132847203125 0.5208965734375 0.4070728625 0.527219609375 0.368600740625 0.5261871453125 0.3609861671875 0.51476200625 0.34180043437499996 0.503902803125 0.336911559375 0.498043428125 0.33708205 0.4705039375 0.35089548125 0.4597808953125 0.36291839062500003 0.45048333593749995 0.3840083015625 0.44790469843749997 0.39969786875 0.448568503125 0.40748582187500004 0.45999364375 0.426671553125
0 0.5244078140624999 0.3360362125 0.5347010828125 0.3266282328125 0.5428578296875 0.31129684375 0.5432876015625 0.30868191562499997 0.54462415625 0.2899055828125 0.5392924234375001 0.28095224218750003 0.5303863453125001 0.2760065375 0.5225738453125001 0.2762338578125 0.5139017984375001 0.281691034375 0.5045474640625 0.29839565625 0.5018173828125 0.31500667187500003 0.5054042078125 0.327480684375 0.5122592906250001 0.338992121875 0.5244078140624999 0.3360362125
0 0.552566271875 0.2593225265625 0.5632893125 0.24729961875 0.5665317578125 0.23939800312499998 0.570203975 0.2288814640625 0.5732123859375 0.2105769703125 0.56536159375 0.1873836015625 0.5546002609375 0.175985821875 0.5441475046875001 0.17388031718750002 0.54262840625 0.17392451874999998 0.5248736125 0.1794532015625 0.50743165 0.19687645781250002 0.49618096562499997 0.21802320000000003 0.49317255312499997 0.23632769374999998 0.494500165625 0.2519036 0.49711709531250003 0.25963472187500003 0.504247775 0.2683429484375 0.538070940625 0.2673587953125 0.5438942250000001 0.2647797046875 0.552566271875 0.2593225265625
0 0.44318828750000006 0.8988070578125 0.433890728125 0.9198969703125 0.4321716359375 0.9303566812499999 0.43392902031249997 0.9433176609375 0.443401034375 0.962560221875 0.45253762656249996 0.9680550453125001 0.4806778984375 0.967236246875 0.48594001093749994 0.9639248859375 0.49904595 0.94923021875 0.505101065625 0.93604191875 0.509398796875 0.9098926421875 0.5061180609375 0.8943735671875 0.4946929203125 0.8751878359375 0.48383371718749996 0.8702989578125001 0.47016184218749996 0.87069676875 0.4571537734375 0.8788825359375 0.44318828750000006 0.8988070578125
0 0.5552946890625 0.8671786906250001 0.5585371328125001 0.8592770765625 0.5628348640625 0.8331278 0.55336285 0.8138852390625001 0.5464098953125001 0.8088827046875 0.541878525 0.8068426546874999 0.5298511312499999 0.8071926156250001 0.5229723953125001 0.8095646656250001 0.5102962296875 0.8216444046875001 0.4994753171875 0.8401762187499999 0.49689667968749995 0.8558657843749999 0.4986540640625 0.8688267640625 0.5085558515625 0.885454396875 0.5149336828125 0.8900431421875 0.535483971875 0.8894451906249999 0.5524820171875 0.872465375 0.5552946890625 0.8671786906250001
0 0.5019283765625 0.811115140625 0.5140107546875 0.8025916546874999 0.5175851015624999 0.7985840171875 0.5264528890625 0.7801090328125 0.5294613 0.7618045390625 0.5272741421875 0.7514584890625 0.5234657625 0.7450632453125 0.512606559375 0.740174371875 0.4965517859375 0.7432439390625001 0.4835437171875 0.751429703125 0.4739142546875 0.7686256390625 0.47047606875000003 0.789545059375 0.471139875 0.7973330109375001 0.4831212640625 0.811662371875 0.5019283765625 0.811115140625
0 0.5497014296875 0.6646737671875 0.547514271875 0.6543277171875 0.5406591890625 0.642816278125 0.5139409515625 0.6279791640625 0.5037455546875 0.630878240625 0.48444833750000005 0.6418494234375001 0.47286575 0.6591021890625 0.46595108749999997 0.6775203421875 0.46165335625 0.7036696203125 0.4634107421875 0.7166305984375 0.47026582499999997 0.7281420375 0.48221860781250003 0.7382039375 0.5017498578125 0.7376356359375 0.5206173015625 0.72927938125 0.5313403437499999 0.7172564718750001 0.545833471875 0.688208115625 0.5497014296875 0.6646737671875
0 0.45425091718750005 0.6452244734375 0.46109540468750004 0.6490253390625 0.47058976250000006 0.64874908125 0.47921176875000004 0.647100609375 0.4941729625 0.638858015625 0.5048960046875 0.6268351062499999 0.5095369125 0.6181120734375 0.5149413078125 0.585229359375 0.513491465625 0.5745365515625 0.5020663265625 0.5553508203125 0.49511337343750006 0.5503482859375 0.47948837343750006 0.550802928125 0.464527178125 0.5590455203125 0.4585699328125 0.5657249156249999 0.44450657812500005 0.5921583421875 0.4412641328125 0.60005995625 0.4443491296875 0.6285968390625001 0.45425091718750005 0.6452244734375
0 0.5236452953125 0.628067878125 0.5349063703125 0.6375474921875 0.5468195203125 0.6372008546875 0.5516528515625 0.635060209375 0.5623758921875 0.6230372984375 0.5636728703125 0.6198766531250001 0.5680565546875 0.5932043921875 0.5679629421875 0.5890432390625 0.56153763125 0.574916871875 0.5580611546875 0.5724156046875 0.5443892796875 0.572813415625 0.5337641093750001 0.5783274203125 0.525423965625 0.5876785734375 0.5226112953125 0.5929652578125 0.5191731093749999 0.61388468125 0.519836915625 0.6216726328125 0.5236452953125 0.628067878125
0 0.5272033984375 0.5740154859375 0.536221525 0.5737530859375 0.5426630218749999 0.572376896875 0.56487078125 0.5496101234374999 0.5772150453125 0.5336364078125 0.5803792999999999 0.5276888859375 0.5856261125 0.49576497656249996 0.5829978359375 0.48662453906250003 0.577666103125 0.477671196875 0.5494245156249999 0.4602759859375 0.5392291171875 0.46317506249999996 0.526221046875 0.4713608296875 0.5131151078125 0.486055496875 0.5105364703124999 0.5017450593749999 0.5123321468750001 0.5381267265624999 0.523561546875 0.5703302671875 0.5272033984375 0.5740154859375
0 0.49068023906249997 0.515230515625 0.48230180312500004 0.5011609781249999 0.47687220156250004 0.498716540625 0.46710657656250004 0.4990006921875 0.45443041093750003 0.51108043125 0.45118796562499996 0.5189820453125 0.44731133281249996 0.5483496078125001 0.47518220468749994 0.547538646875 0.48290603125000003 0.5388785234375 0.48896114687500003 0.5256902265625001 0.49068023906249997 0.515230515625
0 0.4915445078125 0.49252734218749994 0.5036930296875 0.4895714328125 0.518322321875 0.4774348625 0.5239476640625 0.46686149375 0.526800546875 0.4563037328125 0.5286270828124999 0.4451902875 0.5282453953124999 0.44071221562499996 0.5202967328125 0.42402775156250005 0.513343778125 0.41902521718749997 0.499671903125 0.41942302812500004 0.486663834375 0.427608790625 0.4755110203125 0.44224662812500004 0.47054948281250003 0.46060795312499997 0.470783515625 0.4710108328125 0.478732178125 0.487695296875 0.4915445078125 0.49252734218749994
0 0.56708946875 0.4553924859375 0.5723876953125 0.443852725 0.5737307359375 0.4356810765625 0.5718169734375 0.4266282828125 0.5630087640625 0.41517367343749995 0.5489071156249999 0.4181864125 0.538184075 0.43020932343749996 0.534745890625 0.4511287453125 0.53583946875 0.45630176875000006 0.538148946875 0.46017997343749995 0.563132059375 0.45945303906249996 0.563515121875 0.459400125 0.56708946875 0.4553924859375
0 0.527164840625 0.3760300828125 0.5381602062499999 0.39783074375 0.5425122375 0.4009619578125 0.570528253125 0.40014677499999995 0.588375521875 0.3820563 0.5940008640625 0.3714829296875 0.59594633125 0.366741959375 0.599986196875 0.342161640625 0.5989241078124999 0.3297009171875 0.5963071765625 0.3219697953125 0.5859756171875 0.3079570875 0.5707803890625 0.3057968015625 0.5582020937500001 0.3113676359375 0.5383772328124999 0.3314626515625 0.532751890625 0.342036021875 0.5305485609375 0.3483459453125 0.528313740625 0.36194356875 0.527164840625 0.3760300828125
0 0.5939692015625 0.375223625 0.580003715625 0.39514815312499996 0.5711359296875 0.413623134375 0.5696508703125 0.43448572499999993 0.57293160625 0.45000480156249995 0.579786690625 0.46151623906249994 0.58744846875 0.464965615625 0.6063557890625 0.46441546875000006 0.6294743609375 0.45486563281250003 0.633810384375 0.4521370421875 0.6521118921875 0.42948393281249997 0.657503203125 0.40850767968749996 0.6531288875000001 0.38781557968749997 0.6417037484375 0.3686298484375 0.6332274421874999 0.3610692140625 0.6195555671874999 0.361467025 0.61131329375 0.364309275 0.5939692015625 0.375223625
0 0.621459325 0.3176555953125 0.62993563125 0.3252162265625 0.6304373625 0.32531729062500003 0.6481674 0.3248014 0.655756028125 0.321862509375 0.668002421875 0.3123976953125 0.6721336671875 0.3005665859375 0.6762702328125 0.27539790937499997 0.6764021437500001 0.27311695 0.666930128125 0.25387438906250004 0.6599771750000001 0.248871853125 0.6443521750000001 0.24932649375 0.6380630265625 0.2521119125 0.6253868609375 0.26419165312500004 0.6197615187500001 0.274765025 0.615659528125 0.2878964921875 0.61612759375 0.308702253125 0.621459325 0.3176555953125
0 0.617179625 0.275395171875 0.6199373359375 0.2586160515625 0.6179179031250001 0.2457711328125 0.6156328765625 0.24193398593749998 0.6091906640625 0.23729892187499999 0.6032758281249999 0.23747102656250002 0.5945782734375 0.239944190625 0.5847147781250001 0.2467372453125 0.5762767656250001 0.2625973015625 0.573268353125 0.28090179531250004 0.5801234375 0.292413234375 0.5883753046875 0.29699564375 0.595812853125 0.29677923281249996 0.6011780390625 0.29440303125 0.6166668765625001 0.2770366046875 0.617179625 0.275395171875
0 0.5788127453125 0.1883287671875 0.5885783703125 0.188044615625 0.6059224624999999 0.177130265625 0.6146923796875 0.16516418593749999 0.6153408687499999 0.1635838625 0.6204981453125 0.132204728125 0.6180922718749999 0.120824075 0.6112371875 0.10931263437500001 0.6038544609375001 0.1069250265625 0.5877996875 0.1099945953125 0.5810807671875 0.11539494218749999 0.57231085 0.127361021875 0.5666855078124999 0.1379343921875 0.56152823125 0.16931352500000002 0.5699066671875 0.1833830625 0.5788127453125 0.1883287671875
0 0.595994609375 0.20560321250000002 0.5949393234375 0.22385087499999998 0.59984128125 0.23541914687499998 0.613317415625 0.24803914218749998 0.6247844859375 0.25395049375 0.643458934375 0.2534071234375 0.6590988375 0.24150219375 0.678689665625 0.2110043 0.6836512015625 0.1926429765625 0.6847064875 0.1743953125 0.68251933125 0.16404926250000001 0.6578520890624999 0.142646415625 0.6461333390624999 0.1429873953125 0.63550816875 0.1485014 0.6076750671875 0.181841540625 0.595994609375 0.20560321250000002
0 0.5894074734375 0.5395499484374999 0.6133929359375 0.5388520421874999 0.618964590625 0.5359605937499999 0.6296876328125001 0.52393768125 0.6402351484375 0.5041126125 0.6435658906249999 0.48384692500000004 0.6309982375 0.46274261875 0.621662384375 0.46041184062499996 0.6032247140625 0.46615316875 0.596935565625 0.46893858593750004 0.588595421875 0.47828973750000003 0.5829700812499999 0.4888631078125 0.5816807609375 0.49670789375 0.5819530859375 0.5305314609375 0.585761465625 0.5369267062499999 0.5894074734375 0.5395499484374999
0 0.5986611374999999 0.6310273343749999 0.6079800640624999 0.622309553125 0.6160819171874999 0.6132255765625 0.6200453796875001 0.5891101328125 0.613762853125 0.5752976859375 0.6068099 0.57029515 0.5974740484375001 0.5679643734375001 0.5868488765625 0.5734783796875 0.5765556093749999 0.5828863609375 0.5712115328125 0.5929310640625001 0.5672023640625 0.6173246031249999 0.5719642671875 0.6285623499999999 0.5754838531249999 0.631701725 0.5986611374999999 0.6310273343749999
0 0.5556078890625 0.6882610578125 0.5642962796875 0.6880082515625 0.579167009375 0.6814221125000001 0.588151221875 0.66963051875 0.5923713546875 0.6439533828124999 0.5911410781249999 0.6381337296875 0.581903096875 0.6292940484375 0.570184346875 0.6296350296875 0.5615123 0.63509220625 0.5531721562499999 0.6444433578125001 0.5499297125 0.6523449718750001 0.5453979484375 0.6680913671875001 0.5460617546875 0.6758793203125 0.5529168390625 0.687390759375 0.5556078890625 0.6882610578125
0 0.5384912140625 0.7648140984375 0.55087376875 0.7722610703125 0.55673314375 0.7720905796875 0.569311440625 0.76651974375 0.5776515828125001 0.7571685921875 0.5810267890625 0.7508245687499999 0.5847228375 0.728336190625 0.5836684062499999 0.7205596046875 0.57571974375 0.703875140625 0.568766790625 0.6988726046875 0.555094915625 0.699270415625 0.544039971875 0.7073993484375001 0.535699828125 0.7167505015625 0.5328871562499999 0.7220371875 0.5294489718750001 0.742956609375 0.5327297078125001 0.758475684375 0.5384912140625 0.7648140984375
0 0.58397110625 0.8440823328124999 0.5918814765625 0.8373461093750001 0.5938503453124999 0.8336454296875001 0.5986945015625 0.8041714593749999 0.595613271875 0.796899975 0.5886603171875 0.791897440625 0.5808478171875 0.7921247609375001 0.5686014234375001 0.8015895734375 0.5597336375 0.8200645578125 0.5599676703124999 0.8304674375 0.5633462765624999 0.839477609375 0.5668227531250001 0.841978878125 0.57225235625 0.8444233140625 0.58397110625 0.8440823328124999
0 0.5644355937500001 0.909724175 0.5724821265625 0.9198997343749999 0.5818179781249999 0.9222305109375 0.6054512187500001 0.9085307421875 0.6114084640625 0.9018513468749999 0.61703380625 0.8912779750000001 0.6213315374999999 0.8651286984375 0.62066773125 0.8573407453125 0.6157657734375 0.8457724765625001 0.6022896375 0.8331524796875 0.5886177625 0.833550290625 0.5756096937499999 0.8417360546875001 0.5696524484375 0.8484154484375 0.5588315374999999 0.8669472624999999 0.5562528984374999 0.8826368296875 0.5575805109374999 0.8982127359375 0.5644355937500001 0.909724175
0 0.6331518546875 0.9659097640625 0.635001275 0.9652720125 0.65373255625 0.940003975 0.6565452281249999 0.9347172875 0.6591238671874999 0.9190277218749999 0.6532262 0.8957775234375 0.6494178203125001 0.8893822796874999 0.6424648656249999 0.8843797453125 0.6268398656249999 0.8848343859375 0.62055071875 0.8876198015625001 0.6031087546875 0.9050430609375001 0.5944750015625 0.9339209234375 0.5984195437500001 0.9572279531250001 0.6054156671875 0.9667168046875 0.6331518546875 0.9659097640625
0 0.6355157109375 0.8523239515625001 0.6428224265625 0.8511587359374999 0.6478860859375 0.8454812484374999 0.6554357656249999 0.7995456859375001 0.6457542546874999 0.7860128640624999 0.6320823796874999 0.7864106750000001 0.621027434375 0.7945396062500001 0.61225751875 0.8065056890625 0.6085853015625 0.8170222265625 0.6075300140625 0.8352698921874999 0.6101469453125 0.8430010156250001 0.6174318015625 0.8518975265625001 0.6194193046875001 0.852792309375 0.6355157109375 0.8523239515625001
0 0.6240517265625 0.7728861124999999 0.628422225 0.7462940812500001 0.6280048468749999 0.7432158484375 0.6187668656249999 0.7343761671875 0.6050949906249999 0.734773978125 0.6007589671875 0.7375025671875 0.590035925 0.7495254765625 0.58616796875 0.773059825 0.587261546875 0.77823285 0.592582115625 0.7851519687499999 0.616665446875 0.7844512156250001 0.6240517265625 0.7728861124999999
0 0.640696540625 0.69999618125 0.6356021703125 0.6893029578125 0.63212569375 0.6868016890625 0.6180240453125 0.6898144296875001 0.6073010046875 0.7018373359375001 0.604722365625 0.7175269046875 0.607339296875 0.7252580265625 0.6090471203125001 0.7271368578125 0.63129348125 0.7264895546875 0.6372798453125 0.7207848546875 0.640696540625 0.69999618125
0 0.6522512375 0.68616549375 0.6696932 0.6687422390625 0.6797701734375 0.6514844875 0.6849032765625 0.62025244375 0.684577809375 0.613658265625 0.6808673 0.6007541171875 0.6681528421875 0.5894131687499999 0.659566165625 0.587269428125 0.646593553125 0.58764689375 0.6408090921875 0.590208790625 0.6230352265625 0.603738071875 0.6114526390624999 0.6209908343749999 0.6041082046875 0.64202391875 0.6043422374999999 0.6524268 0.6102399046875 0.6756769968749999 0.6175247609375 0.684573509375 0.6279482546875 0.6892662234375 0.644670384375 0.688779659375 0.6522512375 0.68616549375
0 0.678173175 0.7652775 0.6832552421875 0.73435598125 0.6819976265625 0.7284070015624999 0.6781892468749999 0.7220117593750001 0.6678070265625 0.7145419234375 0.667541790625 0.7145496421875001 0.6517050421875 0.717577525 0.638599103125 0.73227219375 0.6329737609375 0.7428455640625 0.62996535 0.7611500578125 0.63215250625 0.771496109375 0.6423008593749999 0.7852603296875 0.6585319640625 0.7847880515625001 0.6711171375 0.776868409375 0.674691484375 0.772860771875 0.678173175 0.7652775
0 0.67158275 0.8839300921875 0.676478175 0.8808494828125 0.690873434375 0.8583100328125 0.6938818453125 0.8400055390625001 0.6916946875 0.8296594875000001 0.68636295625 0.820706146875 0.6794100015625 0.8157036109375 0.6637850015625 0.8161582515625 0.65587463125 0.822894478125 0.6374752531250001 0.8520564921875 0.63661570625 0.8572863484375001 0.6394666703125 0.8754203515625001 0.64814511875 0.8846120578125 0.67158275 0.8839300921875
0 0.6281698875 0.5656961078125 0.6319782671875 0.572091353125 0.6404545734375 0.579651984375 0.6651326890625 0.5886624874999999 0.684281028125 0.5881053281249999 0.6896146015625 0.5821252078125 0.7116861984375 0.54244665 0.7142648359375 0.526757084375 0.711745775 0.5125170578125 0.6874104375 0.49500818593749996 0.680027709375 0.4926205796875 0.666355834375 0.49301839062499997 0.6470586171875 0.503989571875 0.638718475 0.513340725 0.630710234375 0.5265858531250001 0.627467790625 0.534487465625 0.6259827296875 0.5553500578125 0.6281698875 0.5656961078125
0 0.67342671875 0.47838044843749994 0.6818051546875 0.49244998593749995 0.6907112328125 0.4973956890625 0.71067225625 0.494212459375 0.7193443015625001 0.488755284375 0.7324502421875 0.474060615625 0.7344191109375 0.4703599359375 0.74013509375 0.43558139687499997 0.7375692265625 0.4192607953125 0.733760846875 0.4128655515625 0.7174720406249999 0.40553224062500004 0.7018470406249999 0.40598688125000004 0.6931749953125 0.41144405624999997 0.6800690546875 0.42613872500000005 0.6717012515625 0.44511964531250003 0.670454909375 0.4527029359375 0.669716209375 0.46547630156249997 0.67342671875 0.47838044843749994
0 0.6693962515625 0.404445146875 0.6701977718750001 0.4050218265625 0.715271559375 0.40371031406249996 0.7249432984374999 0.39762404687499997 0.7380492375000001 0.3829293796875 0.7475103546875 0.3623226625 0.7543598640625 0.32064725312500003 0.7531295874999999 0.3148276 0.7462745046875 0.3033161609375 0.7358450734375 0.295812359375 0.6995952437499999 0.291662275 0.685493596875 0.29467501406249996 0.6728174296875 0.3067547546875 0.65312873125 0.343761553125 0.6501203203125 0.362066046875 0.65340105625 0.37758512187500004 0.6693962515625 0.404445146875
0 0.6735730203125 0.21848253125 0.675134665625 0.2444613171875 0.67894304375 0.2508565625 0.6872028953125 0.2567993875 0.7012346546875 0.2563911046875 0.705857021875 0.2526758671875 0.7193927343750001 0.23536627187499998 0.722635178125 0.22746465625 0.7260733625 0.206545234375 0.7254095578124999 0.198757284375 0.7135546453125 0.18218647968749999 0.6998827703125 0.18258429062499998 0.6912107234375 0.18804146875 0.6776750109375 0.2053510625 0.6735730203125 0.21848253125
0 0.7180108859375001 0.17193146406249998 0.7235349921875 0.1690646921875 0.7308624046875 0.1608490375 0.7333121109375 0.1459439484375 0.7322666171875001 0.1336779234375 0.71998193125 0.1197220484375 0.70826318125 0.120063028125 0.7039271578124999 0.122791615625 0.6951572421875001 0.13475769531249998 0.6925786031250001 0.1504472625 0.695859340625 0.1659663375 0.6981443671875 0.16980348437499998 0.7027747046874999 0.17237479218750001 0.7180108859375001 0.17193146406249998
0 0.715877496875 0.079943284375 0.7180646546875 0.0902893359375 0.721873034375 0.09668458125 0.733657165625 0.10772006406250001 0.756875484375 0.10704448124999999 0.7592164421875001 0.1060076875 0.774607409375 0.0951501671875 0.7805646546875 0.08847077187499999 0.786189996875 0.0778974 0.7867408296875 0.07631991875000001 0.792241925 0.04284884375 0.7922068203125 0.041288412499999996 0.7900196625 0.030942364062499998 0.7816412265625 0.016872825 0.7731649203125001 0.00931219375 0.7536336703125001 0.0098804953125 0.7473445234375 0.012665912500000001 0.7251367640625 0.0354326828125 0.719511421875 0.0460060546875 0.7152136921875 0.07215533125 0.715877496875 0.079943284375
0 0.7604586765625 0.1830112796875 0.766747825 0.1802258625 0.7770410921875001 0.17081788125 0.7776036265624999 0.16976054375 0.7830578375 0.136574734375 0.77663260625 0.12008252500000001 0.771203003125 0.11763808906249999 0.755578003125 0.11809273125 0.7452847359375 0.1275007125 0.736846721875 0.1433607703125 0.7346978562500001 0.1564354078125 0.736455240625 0.1693963875 0.743310325 0.180907825 0.7467868015625 0.183409090625 0.7604586765625 0.1830112796875
0 0.7139653453125 0.2565620484375 0.710527159375 0.27748147031250003 0.71542911875 0.289049740625 0.7363058296875 0.2958013609375 0.7383240578125 0.2957426359375 0.7462493453125 0.29075538437500004 0.7545894890625 0.28140423124999997 0.763027503125 0.265544175 0.7660359140625 0.24723968125 0.7580872515625 0.23055521875 0.751134296875 0.2255526828125 0.743321796875 0.225780003125 0.735079525 0.2286222515625 0.7224033578125 0.2407019921875 0.7139653453125 0.2565620484375
0 0.787136028125 0.2305662125 0.7912337390624999 0.22727266875000002 0.7972505578125 0.22052648125 0.8023541125 0.189474215625 0.8023482609375 0.18921414375 0.795493178125 0.1777027046875 0.7807277234375001 0.17292749062499999 0.765668659375 0.1876789890625 0.75961354375 0.2008672875 0.7574646796875 0.213941925 0.7596518359375 0.22428797656250002 0.7634602171875 0.23068321875 0.764438784375 0.2312266359375 0.787136028125 0.2305662125
0 0.8456786390625 0.09380991718750001 0.8423979015624999 0.078290840625 0.8355428187499999 0.0667794015625 0.8304215656249999 0.064473784375 0.810335721875 0.06505822343749999 0.8019099203125 0.07036044218750001 0.7935697765625 0.07971159531250001 0.786655115625 0.0981297484375 0.78450625 0.11120438749999999 0.79116559375 0.135733634375 0.8013632609375 0.1430706859375 0.8174262328124999 0.1426033015625 0.8342322140625 0.1279744671875 0.8435297734375 0.10688455625 0.8456786390625 0.09380991718750001
0 0.8045857703125 0.863035115625 0.797007303125 0.8736653171875 0.7909521890625 0.886853615625 0.7892330953125 0.8973133265625 0.7905607078125 0.9128892328125 0.797415790625 0.9244006703125001 0.8059154656249999 0.9282272718750001 0.8183961765625 0.9278641203125 0.8267126656249999 0.92354821875 0.83981860625 0.9088535515625 0.8458737203125001 0.8956652515625001 0.84931190625 0.8747458296874999 0.8482183265625001 0.8695728062500001 0.837886765625 0.8555600999999999 0.8270275625 0.8506712249999999 0.8192150625 0.8508985453125 0.8148790390625 0.8536271328125 0.8045857703125 0.863035115625
0 0.76674301875 0.926528578125 0.7719999265624999 0.8945432562500001 0.770479553125 0.8904886796874999 0.7654797234374999 0.8854293171875 0.7537609734374999 0.8857702984375001 0.74942495 0.8884988843749999 0.7363190109375 0.9031935531249999 0.7326467937500001 0.91371009375 0.7339744046875001 0.929286 0.7385329015625001 0.9348529875 0.7586209625 0.934268484375 0.76674301875 0.926528578125
0 0.7059324703125001 0.96833184375 0.720991534375 0.953580346875 0.7222572359375 0.9512013390625 0.7273166203125 0.920417828125 0.7216766265625 0.90801801875 0.7147236718750001 0.9030154843749999 0.7010517968750001 0.9034132953125 0.6923797515625 0.9088704703125 0.6788440390625 0.9261800656249999 0.6762654 0.94186963125 0.67692920625 0.9496575859374999 0.6833545171875001 0.9637839515625 0.6922605953125001 0.9687296546875 0.7059324703125001 0.96833184375
0 0.7210100921875 0.8731617375 0.7242406984375 0.8711287703125 0.73019794375 0.8644493750000001 0.7348388515625001 0.8557263421875 0.737159625 0.8416057359375 0.7353552203125 0.8330702437499999 0.7285001375 0.8215588046875 0.721117409375 0.8191711968750001 0.7148282625 0.821956615625 0.706156215625 0.8274137906249999 0.6997691984375 0.8367081125 0.6943778875 0.8576843640625 0.6954714671875 0.8628573906250001 0.703780665625 0.8736630625 0.7210100921875 0.8731617375
0 0.771778671875 0.8577479078125 0.7825017140625 0.845724996875 0.7861494640625 0.8368356796875001 0.789507065625 0.816406559375 0.7885185359375 0.8091160109375 0.7766636250000001 0.79254520625 0.771234021875 0.7901007671875 0.757562146875 0.790498578125 0.7453157546875 0.799963390625 0.7280099546875001 0.83429843125 0.727912084375 0.8408073359375001 0.7513302640624999 0.8645043703124999 0.7615127375 0.8642080906249999 0.771778671875 0.8577479078125
0 0.7451716875 0.81336765 0.756914425 0.8050837625 0.7572122875 0.8047497937499999 0.763551440625 0.766179609375 0.7603143171875 0.7607436515625 0.7537911359375 0.753126190625 0.7381661359375 0.7535808312500001 0.7338301125 0.75630941875 0.723107071875 0.76833233125 0.7174817296875 0.7789057015624999 0.7164264421875 0.7971533640625 0.7248048781249999 0.8112229015624999 0.7294888125 0.813823975 0.7451716875 0.81336765
0 0.683172140625 0.815284103125 0.6886017421874999 0.817728540625 0.704656515625 0.814658971875 0.7106137609375 0.8079795765625001 0.714285978125 0.7974630359375 0.719247515625 0.7791017124999999 0.7170603578125 0.7687556609375 0.713251978125 0.7623604187499999 0.7062990234375001 0.7573578828125 0.6926271484375001 0.75775569375 0.677568084375 0.7725071921875 0.674325640625 0.7804088046875 0.6717470015625 0.7960983703125 0.6728405796875 0.801271396875 0.683172140625 0.815284103125
0 0.79667198125 0.8025389781250001 0.8264319499999999 0.8016730515624999 0.828056621875 0.8006506703125 0.8387796640625 0.7886277609375 0.839428153125 0.7870474375 0.8449292484375001 0.7535763625 0.8447964875 0.7520187734375 0.8414178796874999 0.7430086015625 0.8348947000000001 0.7353911390625 0.815793221875 0.7333445125 0.8095040750000001 0.73612993125 0.7987810328125 0.7481528421875 0.7894834734375 0.7692427515625 0.7881941546875 0.7770875359375 0.7910451171874999 0.795221540625 0.79667198125 0.8025389781250001
0 0.8461252640625 0.8296784890625 0.8468050281249999 0.8273165296875 0.8498492546874999 0.808794125 0.8478060640624999 0.7957980890624999 0.84247433125 0.7868447484375001 0.8350916046875 0.784457140625 0.8166539343749999 0.79019846875 0.8099350125000001 0.7955988125 0.80030555 0.8127947484375 0.8002076796875001 0.8193036515625 0.831495971875 0.8418150593749999 0.835402221875 0.8417014 0.8461252640625 0.8296784890625
0 0.8447691687500001 0.8737253953125 0.8476390828125 0.869549125 0.8512867999999999 0.8473548203125001 0.8423096859375001 0.8295557765625 0.8334366828125 0.8776655968749999 0.8401084359375 0.8774714687499999 0.8447691687500001 0.8737253953125
0 0.8363214671874999 0.7654429515625 0.844699903125 0.7795124875 0.8508321734375001 0.780747715625 0.8570773671874999 0.7805659984375 0.8595632265625 0.7777787968750001 0.8650067937499999 0.7638763625 0.8695496296874999 0.736235759375 0.8430999671875 0.7301130125 0.8363214671874999 0.7654429515625
0 0.889874565625 0.6314928890625 0.8889224703125 0.629894078125 0.873665959375 0.6230255109375 0.8598429781249999 0.62342771875 0.8440005953125 0.631201171875 0.8176908468749999 0.6670994125 0.8144866953125 0.6984217140625 0.8208141343750001 0.719056984375 0.83157546875 0.7304547640625 0.8523200187500001 0.7371636453125 0.8602217375000001 0.736933728125 0.8663019453125 0.7320467500000001 0.8745937453125 0.724468096875 0.889874565625 0.6314928890625
0 0.7515863734375 0.7525349171875 0.7672475328125 0.7520792234375 0.778067521875 0.7452703828125 0.7848843125 0.7333611328125 0.7937521000000001 0.7148861484375 0.79504141875 0.7070413640625001 0.7928542609375 0.696695315625 0.787952303125 0.685127046875 0.7829524734375 0.6800676796875 0.777522871875 0.6776232421875 0.763850996875 0.6780210531249999 0.7440261359375 0.69811606875 0.7407836921875 0.70601768125 0.7373455078125 0.7269371015625 0.7463877484375 0.74879459375 0.7515863734375 0.7525349171875
0 0.7390432375 0.7449917765625 0.7432481765625 0.7194070859374999 0.7431114796875 0.718760459375 0.7358266234374999 0.7098639484375 0.7241078734374999 0.710204928125 0.7154358265625 0.715662103125 0.7066659109375 0.727628184375 0.7047510781249999 0.751105703125 0.7116061609375001 0.7626171421875 0.7233249109375001 0.7622761609375 0.727660934375 0.7595475734375 0.7390432375 0.7449917765625
0 0.6693179265625 0.7115324843749999 0.6817004828125001 0.7189794578125001 0.700801959375 0.7210260828124999 0.7106654546875 0.714233028125 0.731633471875 0.6765384 0.7337608484375 0.663594509375 0.7326987593750001 0.651133784375 0.7243203234375 0.637064246875 0.7119377671875 0.629617275 0.6963127671875 0.630071915625 0.68807049375 0.6329141640625 0.67062853125 0.6503374203125001 0.6657844390625 0.6608880593750001 0.661142890625 0.689129278125 0.6639861953125 0.70257914375 0.6693179265625 0.7115324843749999
0 0.7349379593750001 0.672990021875 0.7408226109375 0.682871859375 0.7589360359375 0.6823448125 0.7609923890625 0.6800391859375 0.7737664265624999 0.6614505390625001 0.7754855187499999 0.6509908296875 0.7743919390625 0.64581780625 0.7690602078125 0.6368644640625 0.7562478796875001 0.6320324171875 0.74995873125 0.6348178359375 0.7416185875 0.6441689890625 0.7359932453125 0.6547423578125 0.7349379593750001 0.672990021875
0 0.7867892609375 0.65509889375 0.8086551734375 0.6544626609375 0.8156838140625 0.650039653125 0.8287897531249999 0.6353449859375 0.833331090625 0.6254537609375 0.8369841609374999 0.6032268765625 0.835666121875 0.5935061421875 0.8288110390625001 0.5819947046875 0.8199049593750001 0.5770489984375 0.8018970624999999 0.5801753984375 0.793225015625 0.5856325734375 0.7792595296875 0.6055570968749999 0.7763413296875 0.6126685484375 0.7735478046875001 0.6296655796875 0.7756256046875001 0.6394943265624999 0.7867892609375 0.65509889375
0 0.694473828125 0.62352056875 0.7046619656249999 0.632608109375 0.7301829984375 0.6318655234375 0.7392978328125 0.6287223843749999 0.7479698796875 0.6232652062499999 0.756310021875 0.613914053125 0.765177809375 0.59543906875 0.7677564484375 0.5797495015624999 0.7644757109375 0.564230428125 0.7534803453125 0.5424297671875 0.7465273906250001 0.5374272328125 0.7328555156250001 0.5378250437500001 0.7246132421875 0.5406672921875 0.709222275 0.551524815625 0.696546109375 0.563604553125 0.6900612203125001 0.5794077828125 0.6885761609375 0.6002703703125001 0.694473828125 0.62352056875
0 0.7844775828125 0.566120734375 0.7910230328125001 0.5741142578125 0.8225996765625 0.573195471875 0.8253953375 0.5714362078125 0.8365481515625 0.55679836875 0.8372923828125 0.5540441703125001 0.840945453125 0.531817284375 0.8401820765625001 0.5228611390625 0.8368034703125 0.5138509671875 0.8302802890625 0.5062335046875 0.8213742109375 0.5012878 0.8116085859375 0.50157195 0.8029365390625 0.5070291265625 0.7898305999999999 0.5217237953125 0.783775484375 0.53491209375 0.781196846875 0.5506016578125 0.7844775828125 0.566120734375
0 0.8382455671875 0.5943692453125 0.8451985203125 0.5993717796875 0.8545343734375 0.6017025578124999 0.8690657937499999 0.596074890625 0.8750230390624999 0.5893954953125 0.8858439499999999 0.57086368125 0.8884225890625 0.5551741156250001 0.8877587828125 0.5473861624999999 0.8793803484374999 0.5333166265625 0.87242739375 0.5283140921875 0.85875551875 0.5287119031249999 0.8524663703125 0.5314973203125 0.8445560000000001 0.5382335453125 0.8341648625 0.55415043125 0.8311564499999999 0.572454925 0.8344371875000001 0.587974 0.8382455671875 0.5943692453125
0 0.8919705921875 0.5862159421875 0.8835627562499999 0.575281996875 0.87444176875 0.6307780765625 0.8774976359375 0.6306891609374999 0.890719565625 0.6174814125 0.8934737281249999 0.6095940078125001 0.89422583125 0.605017884375 0.8937279765625 0.59917691875 0.8919705921875 0.5862159421875
0 0.8901546265625001 0.479085590625 0.8823421265625001 0.4793129125 0.8679844953125 0.5609897125 0.88457188125 0.5605070703125 0.899703225 0.54516953125 0.9015103203124999 0.5417729234374999 0.9059723453125 0.51462400625 0.8974394828125 0.48798210312499996 0.8901546265625001 0.479085590625
0 0.8348055546875001 0.47692578125 0.8468945 0.503899465625 0.8537334578125 0.506978403125 0.8760822609375 0.5063281187500001 0.8777147265625 0.5056051125 0.8863867734375 0.5001479359375 0.8971098140624999 0.48812502812499997 0.90273515625 0.47755165625 0.9074626609375 0.44878745000000003 0.9067988546875 0.4409994984375 0.9018968968750001 0.429431228125 0.8949439421875001 0.4244286921875 0.8767020125 0.4171522109375 0.8688895125 0.41737953125000005 0.85154541875 0.42829388437500004 0.8455881749999999 0.43497327812500003 0.83996283125 0.4455466484375 0.8358608421874999 0.45867811718749996 0.8348055546875001 0.47692578125
0 0.7768984984375 0.5122984234375 0.7794771375 0.4966088578125 0.7772899796875 0.48626280624999996 0.7734816 0.47986756249999996 0.76711664375 0.4752880828125 0.7522335046874999 0.4757211375 0.7362743546875 0.4874562390625 0.7282661140625 0.5007013687499999 0.7252577015624999 0.5190058640624999 0.727444859375 0.5293519125 0.7312532390625 0.53574715625 0.748453334375 0.5395872703125 0.753318053125 0.5394457203125 0.7605501140625 0.5348947046875 0.77127315625 0.52287179375 0.7768984984375 0.5122984234375
0 0.7850387484375 0.449760053125 0.7817963046874999 0.457661665625 0.7787878921875 0.475966159375 0.7816388562500001 0.49410016093750003 0.8014315062499999 0.5038351515625 0.8075022687500001 0.503658509375 0.8166972359375 0.4995861265625 0.82785005 0.4849482890625 0.8332413609374999 0.46397203437499995 0.833007328125 0.45356915468750003 0.8323435218749999 0.4457812 0.8254884375 0.43426976406250006 0.818535484375 0.4292672296875 0.804863609375 0.42966504062500005 0.7961915625 0.43512221562500003 0.7850387484375 0.449760053125
0 0.7499900578124999 0.43889306093749997 0.7609890703125 0.44436582187500007 0.7911196421875 0.4434891109375 0.796435284375 0.4401440640625 0.806728553125 0.43073608124999996 0.812775796875 0.4193697078125 0.8184129859375 0.3850705734375 0.8157537874999999 0.3758226 0.8023755234375001 0.3566937 0.796945921875 0.3542492625 0.783274046875 0.3546470734375 0.7769848984375 0.3574324921875 0.7683128531250001 0.36288966562499997 0.750870890625 0.380312921875 0.7443860015625 0.39611615 0.7405180437500001 0.4196504984375 0.7499900578124999 0.43889306093749997
0 0.841300190625 0.3806407484375 0.8367684265625 0.396387146875 0.8389555859375 0.40673319374999994 0.8427639640625 0.413128440625 0.8544732640625 0.422985375 0.8561840593750001 0.42293559687500004 0.8727246453124999 0.42006393906249995 0.8854008109375 0.40798420156250004 0.8910261546875 0.39741082968749997 0.8909878625 0.373990140625 0.8883709312500001 0.36625901875 0.8860859031249999 0.36242187187499997 0.8737033468750001 0.3549749 0.8678439718750001 0.355145390625 0.8548359031249999 0.363331153125 0.841300190625 0.3806407484375
0 0.9349505359375 0.34776946875000003 0.9347220328124999 0.3473857546875 0.9190970328124999 0.3478403953125 0.9065187375000001 0.35341123125 0.893412796875 0.36810589843749997 0.8861066546874999 0.41255967031249996 0.889915034375 0.4189549140625 0.9001534734375 0.4263213 0.9145764578125 0.425901634375 0.922478521875 0.42365466874999996 0.9349505359375 0.34776946875000003
0 0.887389803125 0.3379308015625 0.8958661093750001 0.3454914328125 0.9134442343750001 0.34497996249999996 0.9324095484375 0.3301148046875 0.9388944359375 0.3143115796875 0.940613528125 0.3038518671875 0.9392859171874999 0.2882759625 0.93286060625 0.27414959375 0.9243843015625 0.2665889640625 0.9072359484374999 0.26448550625 0.8922747546875 0.2727280984375 0.8835048390625 0.2846941796875 0.8798326203125001 0.295210721875 0.8772539828125 0.31090028593749996 0.8779177890625001 0.318688240625 0.887389803125 0.3379308015625
0 0.841818759375 0.361152471875 0.84385033125 0.3600981734375 0.8539180749999999 0.348809996875 0.8589001359375 0.3184969515625 0.8498288609375001 0.3000684984375 0.8428759078124999 0.29506596093750004 0.8252977828124999 0.29557743125 0.81023871875 0.31032893281249996 0.804183603125 0.323517228125 0.8016049640625 0.339206796875 0.8068388265624999 0.3546690421875 0.81260033125 0.36100745624999997 0.81467665 0.36194222656249997 0.841818759375 0.361152471875
0 0.7809996875 0.3519276953125 0.794105628125 0.337233025 0.797902734375 0.330096 0.80135524375 0.3090894140625 0.7994586453125 0.292836084375 0.791080209375 0.278766546875 0.7700256078125001 0.27677675156250003 0.765689584375 0.2795053390625 0.7435201171875 0.32569280156249997 0.745277503125 0.33865377812499997 0.7506092343749999 0.34760711875 0.761038665625 0.3551109234375 0.774710540625 0.3547131125 0.7809996875 0.3519276953125
0 0.809389190625 0.2814956734375 0.8194269828125 0.2887176984375 0.8552922078125 0.2876741265625 0.8676510374999999 0.27589679375 0.8786204546875 0.2552787203125 0.8822305484375 0.23331332656249998 0.8779655906249999 0.213138528125 0.8684935765624999 0.193895965625 0.8576343734374999 0.189007090625 0.8341968734374999 0.189689053125 0.823141928125 0.1978179890625 0.8100359890625001 0.2125126578125 0.8046919140625001 0.22255735625 0.799362728125 0.25498246406249997 0.8025341062500001 0.2699842328125 0.809389190625 0.2814956734375
0 0.941715959375 0.20740806250000002 0.9299030359374999 0.2792830625 0.9317548890625 0.2792291796875 0.9360563546874999 0.27732409062499996 0.946779396875 0.2653011796875 0.947100715625 0.2643809828125 0.953284075 0.2267587125 0.9532259921874999 0.226077265625 0.9475623578124999 0.21322994843749998 0.9422560828125001 0.207392346875 0.941715959375 0.20740806250000002
0 0.924220565625 0.184797334375 0.9154123578125001 0.173342725 0.9083486359374999 0.1710582859375 0.9076734828124999 0.1710779296875 0.8997873578125001 0.173797365625 0.889064315625 0.1858202765625 0.8856261312499999 0.206739696875 0.8867197093750001 0.2119127234375 0.8969701015625 0.225815340625 0.9070042546874999 0.2255233765625 0.91115291875 0.222912690625 0.9219814890625001 0.20906501562500002 0.9250113890625 0.190629775 0.924220565625 0.184797334375
0 0.8549195890625001 0.1854194015625 0.8616385109375001 0.18001905625 0.8704084265625 0.168052975 0.8740806437499999 0.157536434375 0.8738466109375 0.147133553125 0.8727530328125 0.14196052812499999 0.8639448234374999 0.1305059203125 0.8483198234374999 0.1309605609375 0.8400775515625 0.133802809375 0.8241589406250001 0.1537841625 0.8207207562500001 0.1747035828125 0.8310523156249999 0.188716290625 0.8486304406249999 0.18820481875 0.8549195890625001 0.1854194015625
0 0.8841018484375001 0.1220029046875 0.897671590625 0.11452690624999999 0.9198793484375001 0.091760134375 0.9279950328125001 0.0778612734375 0.93261509375 0.0497508015625 0.9297641296875 0.031616798437499996 0.9163858656249999 0.012487896875 0.9042220625 0.0079004375 0.8912181046875001 0.0082788140625 0.8729873421875001 0.0163530875 0.859881403125 0.0310477546875 0.8510136156250001 0.0495227390625 0.8473413984375 0.0600392796875 0.8443329875 0.0783437734375 0.8482775296874999 0.10165080156249999 0.8531794890625 0.113219071875 0.86360891875 0.12072287343749999 0.87738085 0.122198465625 0.8841018484375001 0.1220029046875
0 0.9816580390625 0 0.97361683125 0.0140483625 0.9703743859375 0.0219499765625 0.9673659750000001 0.0402544703125 0.9706467109375 0.05577354531249999 0.9775017953124999 0.0672849859375 0.9789295812500001 0.0679277828125 0.980953234375 0.0678689 0.992107740625 0 0.9816580390625 0