0 0.89822373546912 0.30008379121582357 0.13617287106690307 0.1374533002665447
0 0.15729814023888838 0.6481824139879097 0.09840544337937551 0.1057045183451983
0 0.48830652020303467 0.6122603586091845 0.10128908993272319 0.10437255717894267
0 0.7653244047697684 0.33057181723427725 0.08221122894946173 0.09732298900978371
0 0.609524845026788 0.3441177912555945 0.07664600220334936 0.08984543367580074
0 0.3577558838133973 0.3525228266231838 0.11464714484903045 0.1386658780136017
0 0.35188342112355214 0.5645688406270019 0.07013120011279828 0.07426127325847123
0 0.4523201599222489 0.14335581727404817 0.12438870316641744 0.16082255184794253
0 0.6480826475909408 0.6737598379217309 0.09527017929390028 0.10557049942810756
0 0.4274629279257116 0.5394410239497296 0.10170493283245322 0.1074010372622892
0 0.5419525043991439 0.43798651726609406 0.093315285038069 0.11666694926101648
0 0.5674496722233382 0.6731336765993212 0.06805841631198853 0.08330807817472685
0 0.2872534356544322 0.25478530796468346 0.08672394462041204 0.09757057284372675
0 0.6001283876626482 0.7384586845958214 0.0669959360273232 0.07412725434138032
0 0.7633065202030347 0.6090604439051862 0.05208856566943929 0.05386120717297693
0 0.16352926817668748 0.7670051393220915 0.08981608823218332 0.11028633934396552
0 0.44623651800346276 0.39060353461172975 0.08829670870588728 0.09768641042727229
0 0.12161854703500403 0.837109101328773 0.07673309949190225 0.09160210984245402
0 0.8813385108246351 0.7273644538908687 0.0647897191153362 0.08190452800763595
0 0.6456360064254911 0.28581439524986746 0.05396954719514131 0.05505353617321562
0 0.19062454741167228 0.5187307239815463 0.052695031340389685 0.05406333767305647
0 0.23628650292268966 0.6480455066438646 0.06989306201506622 0.08498755209161893
0 0.4490679997965564 0.6854620486155478 0.07483217954719379 0.0865080761756019
0 0.2716963942915828 0.34491995930141056 0.07005728738266895 0.08655005209161892
0 0.8915275606393228 0.7796536598902323 0.03298227143752754 0.03169310158736351
0 0.956986202558109 0.5317150518778238 0.05410091617451514 0.06929544000636341
0 0.7226062582483949 0.8246405379137768 0.06395832819184796 0.07399437175763594
0 0.8503277718527137 0.7746576245624139 0.04406609423115633 0.04898855325528952
0 0.7112728014643667 0.21074112257323158 0.05245866249848916 0.05367044000636332
0 0.5438764812432008 0.23302629726291232 0.0921299306036735 0.1044610543443631
0 0.4602822786548731 0.7549478452816842 0.05747461323369425 0.05684998400699968
0 0.5437778555049737 0.3362785665977304 0.0720455994919023 0.09154756584181775
0 0.4169053242436416 0.7366796506206384 0.03970733984233341 0.050205813171346494
0 0.9624755859375 0.03211860935388499 0.075048828125 0.06423721870776998
0 0.63233116634774 0.4345882499204582 0.06859244363266903 0.08653300709142009
0 0.7256493718587574 0.5633485019096405 0.0741647191153362 0.08201361600890884
0 0.9120394448293883 0.8185252558880052 0.04300096006274394 0.05648649417170439
0 0.31040190916891236 0.780158025302365 0.042755211763283806 0.05043635200509069
0 0.8780351314103818 0.8150099045592322 0.031104505260745798 0.04259537525361914
0 0.9354939104721417 0.1932701698759148 0.04346841826582164 0.058150059421744074
0 0.7039315202030346 0.609751334579913 0.036413129869979244 0.047631524337602114
0 0.8950966027555086 0.05450766187941464 0.04727848639568109 0.048928396005727
0 0.6301730990794825 0.041946216581822085 0.04262207352807863 0.04731362467178386
0 0.4176492827075675 0.45351261461650233 0.04807908506274394 0.05654558350572696
0 0.8459880472384477 0.1379928712205961 0.04076660477807863 0.04729203433819862
0 0.21316801762679444 0.7108909519812281 0.06124625061862954 0.06303869042409041
0 0.9188012192885611 0.44377015654841456 0.0346658763314263 0.04585553050405657
0 0.6710437582483948 0.8252405219207765 0.04464616249848916 0.053579533338636055
0 0.3289178187447117 0.18233759595800195 0.1094892661730043 0.12299997001312439
0 0.5549683179913752 0.8148580999363665 0.0360893688635537 0.04733514658756235
0 0.9338724352777639 0.5648366345480964 0.03249809016436345 0.038222434337204444
0 0.43555905751318963 0.8248518126193659 0.08958968859978604 0.11184429401057905
0 0.40204056946782946 0.610135331954184 0.06684197474519564 0.07266241059138032
0 0.6964191628449385 0.7913104172501856 0.03554038772861841 0.04118393917090888
0 0.6915768735084364 0.7303547359166402 0.053213220218899515 0.05992157633970994
0 0.8919383503524931 0.523085486553187 0.04307339841301392 0.05346369575509069
0 0.8062051788522728 0.27299512722791397 0.07080892463013093 0.07885338967516438
0 0.17190734722636003 0.5713562846515007 0.05442644643677208 0.05847264125656224
0 0.6505226643213928 0.58534222792014 0.04463589841301392 0.053481877088636054
0 0.275564900167181 0.5826654073042741 0.07853695293855453 0.09298861500934627
0 0.8047807288401853 0.6985314765675046 0.03811932706663157 0.04901689317114748
0 0.31740507736977486 0.6979449619669106 0.042811516795411286 0.05190005942174416
0 0.2549451805019518 0.44601938263845586 0.0384495470576681 0.041022716671306546
0 0.692910001099786 0.10301043857418608 0.03971760392780865 0.050303469421346406
0 0.21277632626998882 0.5880892513128646 0.040546369254320425 0.04241263083823839
0 0.5659950076985019 0.7709262866009121 0.03564273370739812 0.04401369775421564
0 0.7367628922652356 0.49047407590709524 0.06546773850864085 0.08464344834102241
0 0.7646342508963425 0.7928632792409587 0.041356937130886354 0.051980670671545326
0 0.5766370830721483 0.5596069785964578 0.06553401275027149 0.08805800809098266
0 0.31645252497884685 0.7409773466343197 0.03694922132246283 0.03788408067114766
0 0.8314182645006614 0.7435894378978684 0.03224089827554053 0.039487420253817976
0 0.2756281407887814 0.7023421079726375 0.06000193726835974 0.06604785284054522
0 0.5912439310518447 0.4976427805935943 0.04638315195156686 0.055257870922181596
0 0.8429663909922249 0.010062343360884667 0.042280438234449845 0.020124686721769335
0 0.3666568534786264 0.4893052112905929 0.08034051150923496 0.09622831625954512
0 0.4110170273818623 0.2713359139481388 0.13716586176101747 0.13112496168343668
0 0.4999974146980611 0.2695183279360484 0.04932339841301392 0.0535364210892725
0 0.3115444097188053 0.8356813193030014 0.04255989926328389 0.050434079338397456
0 0.7956478014643669 0.20975933056177753 0.03157665319260339 0.04708756275361914
0 0.9928359964376525 0.4701412052037332 0.014328007124694864 0.04717619675465308
0 0.6697657930125283 0.06886270524350413 0.03750289218617801 0.04686391033776116
0 0.7977360036760263 0.011064343217911526 0.03608674326657724 0.022128686435823053
0 0.5454132584518383 0.1360149372613215 0.06948748320081144 0.08205672825827234
0 0.6704720073520524 0.023486570576095076 0.04506905413477398 0.044611067005488385
0 0.8194302652539978 0.10857809122377775 0.040109703307668096 0.04104203433819862
0 0.9916463390824533 0.2526537132002334 0.016707321835093582 0.10318890833863606
0 0.45634109612657403 0.45697342194463886 0.03950763248952569 0.04552172217138626
0 0.67804502002981 0.23694054324477679 0.04950815195156686 0.055294233589272504
0 0.9520219236997924 0.46215652987750566 0.047009261165551666 0.0612149021721816
0 0.5804215698444978 0.29048426125877613 0.035889366634773975 0.04450425167090888
0 0.6470010286548731 0.7527751759230036 0.04252441727807863 0.04731248833843722
0 0.6846867113866155 0.35966951857895857 0.08547199278164364 0.11628307384328931
0 0.6116762878600479 0.26039677192077637 0.03964047584875896 0.05049764558799978
0 0.2873962036578949 0.6505796133036377 0.03886538995739821 0.04405119675465308
0 0.6742603069632966 0.7665376839195037 0.03171742991630744 0.034506951503817974
0 0.9858004353775971 0.5994292632081876 0.02839912924480572 0.0346681740034203
0 0.7783852658038908 0.1645922812301411 0.0372776720576681 0.04100908067114752
0 0.9431490358337007 0.40750539254459656 0.041367201216361595 0.05207832692154533
0 0.7241106882306724 0.15427294657068624 0.05133253356916949 0.05687605125616448
0 0.9591327010816547 0.7381923185471418 0.03765186886355387 0.04735332792110789
0 0.6579179764673886 0.10498201857895859 0.031237938371923058 0.04386490650361914
0 0.9018364672622138 0.5949332145528688 0.04654737731916967 0.0568203709221816
0 0.8798656531200895 0.16262924454968722 0.03816536801328389 0.05038294433780095
0 0.28598636028078583 0.4659955279678651 0.03899383846382367 0.044345301837999784
0 0.3198403760846766 0.6392512146324106 0.04499514140464465 0.056899845838636054
0 0.9702237202504349 0.35005597187305126 0.059552559499130096 0.07274188550783486
0 0.5234722062341352 0.5524035532702302 0.04085399694260339 0.04719551442154533
0 0.712823732719655 0.024558174570368067 0.03941994544902894 0.04747143817134637
0 0.9349304641360805 0.6344406098822781 0.06477916015388914 0.08366006784094289
0 0.47954877112959593 0.3503234326066391 0.03545329044006547 0.039427263004255496
0 0.923526010824635 0.7268735578851416 0.02701937095486038 0.03620794733648865
0 0.9981439817930937 0.607650295870506 0.0037120364138125694 0.059829533338636054
0 0.6206357801313273 0.5465797199236399 0.035663261878348604 0.04420901025421564