0 0.534375 0.7875 0.04921875 0.0609375
0 0.078125 0.77890625 0.05703125 0.06796875
0 0.78984375 0.709375 0.06015625 0.071875
0 0.41015625 0.55390625 0.046875 0.0625
0 0.62265625 0.70859375 0.0625 0.078125
0 0.571875 0.74296875 0.05546875 0.06796875
0 0.03671875 0.615625 0.0734375 0.171875
0 0.3140625 0.78671875 0.0609375 0.078125
0 0.36640625 0.59296875 0.05859375 0.071875
0 0.41640625 0.64375 0.06484375 0.0828125
0 0.89609375 0.71171875 0.06875 0.0796875
0 0.7046875 0.59765625 0.04921875 0.05859375
0 0.77265625 0.5875 0.0515625 0.065625
0 0.73984375 0.73046875 0.0359375 0.04609375
0 0.125 0.734375 0.0625 0.08125
0 0.9328125 0.7796875 0.06953125 0.0734375
0 0.9046875 0.55625 0.05390625 0.06484375
0 0.13203125 0.5765625 0.05703125 0.06171875
0 0.6546875 0.634375 0.0546875 0.06796875
0 0.29765625 0.571875 0.075 0.08828125
0 0.20703125 0.56328125 0.071875 0.0890625
0 0.40859375 0.40859375 0.0921875 0.14296875
0 0.4375 0.77265625 0.065625 0.0875
0 0.52578125 0.4109375 0.0578125 0.07109375
0 0.96796875 0.4890625 0.0640625 0.09921875
0 0.3703125 0.7984375 0.05 0.05234375
0 0.73515625 0.66015625 0.0796875 0.103125
0 0.32421875 0.70078125 0.075 0.0921875
0 0.5015625 0.55390625 0.07421875 0.0875
0 0.66953125 0.77578125 0.04140625 0.0515625
0 0.24765625 0.65546875 0.071875 0.08515625
0 0.4875 0.72890625 0.05 0.0640625
0 0.1796875 0.465625 0.07265625 0.09140625
0 0.6953125 0.725 0.05078125 0.05859375
0 0.9078125 0.63671875 0.07421875 0.08203125
0 0.7984375 0.63359375 0.05234375 0.06953125
0 0.38515625 0.50234375 0.0515625 0.065625
0 0.56484375 0.54453125 0.05234375 0.0625
0 0.97265625 0.63046875 0.0421875 0.05703125
0 0.47109375 0.64375 0.0390625 0.05703125
0 0.2453125 0.765625 0.1078125 0.1265625
0 0.60625 0.64375 0.04765625 0.059375
0 0.44609375 0.70546875 0.03828125 0.05078125
0 0.06015625 0.70703125 0.06484375 0.0765625
0 0.09921875 0.66640625 0.04296875 0.0578125
0 0.67890625 0.6859375 0.04140625 0.05390625
0 0.15390625 0.64921875 0.071875 0.09375
0 0.60078125 0.5875 0.04921875 0.06171875
0 0.4484375 0.5171875 0.04296875 0.0578125
0 0.95 0.57890625 0.0453125 0.05859375
0 0.34453125 0.5359375 0.04609375 0.06015625
0 0.65625 0.56328125 0.06171875 0.075
0 0.7171875 0.45234375 0.1390625 0.134375
0 0.8125 0.5234375 0.05703125 0.0703125
0 0.02265625 0.75859375 0.0453125 0.08515625
0 0.25546875 0.51875 0.04921875 0.05859375
0 0.73671875 0.55859375 0.04140625 0.053125
0 0.33046875 0.63046875 0.0359375 0.04921875
0 0.8953125 0.48203125 0.0734375 0.0890625
0 0.9328125 0.39296875 0.078125 0.09375
0 0.86328125 0.59296875 0.0390625 0.05078125
0 0.1734375 0.79453125 0.05703125 0.065625
0 0.771875 0.771875 0.05078125 0.06796875
0 0.56484375 0.68203125 0.053125 0.06171875
0 0.50390625 0.34765625 0.0484375 0.05625
0 0.609375 0.50625 0.06953125 0.09453125
0 0.3875 0.721875 0.06171875 0.084375
0 0.51875 0.66640625 0.046875 0.0625
0 0.146875 0.51875 0.04375 0.0515625
0 0.4765625 0.39453125 0.04296875 0.05546875
0 0.44765625 0.5796875 0.046875 0.06328125
0 0.18671875 0.72265625 0.04921875 0.06640625
0 0.7203125 0.77578125 0.0546875 0.05390625
0 0.8265625 0.75625 0.03671875 0.05078125
0 0.98203125 0.7328125 0.0359375 0.09609375
0 0.65 0.4265625 0.04765625 0.06015625
0 0.4875 0.78828125 0.03515625 0.05234375
0 0.70234375 0.54296875 0.04140625 0.05
0 0.5140625 0.47421875 0.04140625 0.05859375
0 0.47421875 0.45703125 0.03671875 0.0484375
0 0.7296875 0.35546875 0.0546875 0.06015625
0 0.85703125 0.77734375 0.06328125 0.0734375
0 0.84765625 0.6984375 0.0265625 0.0421875
0 0.9765625 0.6796875 0.03203125 0.04609375
0 0.9890625 0.3578125 0.021875 0.05234375
0 0.803125 0.45625 0.05 0.0625
0 0.83046875 0.5828125 0.03046875 0.046875
0 0.67109375 0.35234375 0.06328125 0.07890625
0 0.76640625 0.53203125 0.03671875 0.046875
0 0.98828125 0.57890625 0.021875 0.1
0 0.56015625 0.61328125 0.0578125 0.06875
0 0.2828125 0.46171875 0.0421875 0.05234375
0 0.5578125 0.47734375 0.0453125 0.07265625
0 0.97421875 0.31640625 0.0484375 0.0625
0 0.6203125 0.7765625 0.04921875 0.0609375
0 0.85234375 0.38359375 0.09921875 0.153125