0 0.6856238769235166 0.5418855773750684 0.1778617723772161 0.2023556989398024
0 0.4221230830583922 0.5512822615110732 0.14593572688832737 0.1712350412263694
0 0.3688507717319295 0.39717602361132165 0.14829678500627336 0.16344185823941357
0 0.5455605830583922 0.552000399878363 0.12928522087414934 0.13815393770629
0 0.9533760855222034 0.6497900227275588 0.0932478289555931 0.16180783677176755
0 0.10078309622684649 0.5283340782588312 0.09107207832085451 0.15676581276766227
0 0.8449137979127904 0.6692843904103933 0.13965915892469277 0.13362772646984739
0 0.3962696005197303 0.7158578459182244 0.1440723540960736 0.14175308038033413
0 0.7899425216873444 0.4886247428697213 0.1145686759274442 0.11923412673109546
0 0.5957604341131433 0.1978583214231401 0.13795053994444367 0.1554771598349359
0 0.5289813287878008 0.3215998275714601 0.08896259369984172 0.10064130824234371
0 0.10451434191167012 0.38705054810640604 0.1334394385174896 0.15847609621281214
0 0.6275691401811411 0.3424713846548566 0.1190451611185063 0.13184882740436982
0 0.4952836531712553 0.6766186047970191 0.11804251143880044 0.1491158029362106
0 0.4899712146983507 0.42988905054229304 0.11004533381514144 0.13326026529477702
0 0.2885965654855913 0.6082766291939077 0.15163304982078446 0.1397477509257321
0 0.5854617190804046 0.4382515172666098 0.09028156847516602 0.1113834957423439
0 0.6477500215758818 0.7102946889095827 0.14558689137697095 0.14137154573941366
0 0.8659858550578321 0.4149014174395605 0.10775165235439843 0.11616928524989198
0 0.8989733593730083 0.5563985710303566 0.12743296374216548 0.1477066376355733
0 0.4236915831921474 0.28429474941082483 0.096939501593112 0.10361531124285683
0 0.22628057000140042 0.34872436719185507 0.11475681517469268 0.13348284887201595
0 0.7776650656193465 0.34412530912649997 0.10587887548645228 0.1239653089740603
0 0.9723015177205869 0.46095478170454934 0.055396964558826055 0.13325174308313983
0 0.2790188681817013 0.47940674063022615 0.12168373568308741 0.1255210563148566
0 0.9376976971924273 0.35676673057308117 0.0974208595959336 0.10674087939029935
0 0.184116762900944 0.5139857528286704 0.10618915235439834 0.11616019489081246
0 0.7477915610589523 0.6921401074292978 0.09370831628692552 0.10193754242214012
0 0.7134364076870643 0.4186980622497579 0.0865932565312825 0.09565061283837917
0 0.12942241656263487 0.20841700887879458 0.08833561672791754 0.09712454694745878
0 0.1683799909237967 0.608357921544777 0.09087282341333633 0.10348242985142342
0 0.13681252157588178 0.7073221414905477 0.09770690509875517 0.10986531124285684
0 0.8925938946300725 0.21832185410964802 0.0994732466549415 0.11153455785193653
0 0.9853480984794771 0.342354772629363 0.02930380304104574 0.1330784581131848
0 0.786563438495197 0.20677530005131364 0.08396160521387977 0.09885565651766245
0 0.25893375840742744 0.7291113039601385 0.11313980421677128 0.11951857326945828
0 0.10234059611538385 0.7508403373340176 0.029701202264352976 0.07658301841803503
0 0.08538848651945023 0.6445676114363185 0.0219948875705394 0.07819715472519455