0 0.7137193136821777 0.2796875 0.10610498163411605 0.10634765625
0 0.6649584312867708 0.55390625 0.0842341176601252 0.084375
0 0.8097604165638297 0.6640625 0.1813200674300141 0.18115234375
0 0.44570656857748425 0.32265625 0.12259347122156292 0.13291015625
0 0.3243266666378723 0.1859375 0.13034792281639396 0.14384765625
0 0.767016029347159 0.4171875 0.08516391239150031 0.09072265625
0 0.777394509753592 0.325 0.07551217525864828 0.0875
0 0.5168113479801751 0.38125 0.12500324450512057 0.12802734375
0 0.6181560048336043 0.44140625 0.06989818628542874 0.0705078125
0 0.777826053799011 0.79140625 0.07950700981529409 0.0734375
0 0.19337823524003744 0.34921875 0.10486901043337768 0.10791015625
0 0.09285004897157689 0.31015625 0.12222319855146124 0.1423828125
0 0.40571328422395475 0.5796875 0.11832410847525505 0.12509765625
0 0.8870556616932038 0.46171875 0.0875046384937157 0.08603515625
0 0.7238250489407257 0.509375 0.07373841300187109 0.075390625
0 0.5567276715270086 0.26875 0.09708594976988891 0.09677734375
0 0.6007374999074466 0.59765625 0.07752637256160214 0.08125
0 0.826589068571314 0.3625 0.07384597121307905 0.078125
0 0.8886115195503752 0.37109375 0.071918431383952 0.0736328125
0 0.6391462254555945 0.2234375 0.09547860908408339 0.0998046875
0 0.3200442646180474 0.5671875 0.09571683518706982 0.10009765625
0 0.755429387167309 0.565625 0.06798054841750947 0.06875
0 0.29379862737669576 0.4796875 0.09635558825126411 0.103125
0 0.28639335773376706 0.70625 0.0992079718311624 0.11259765625
0 0.7076652205294367 0.3796875 0.10318355087287542 0.0970703125
0 0.48024889698260315 0.4921875 0.08248235295569462 0.09375
0 0.6184178430848685 0.33828125 0.11185349266475289 0.1142578125
0 0.4357264215023278 0.428125 0.07751206802727317 0.08115234375
0 0.6771833087498497 0.47578125 0.0770686274630787 0.078125
0 0.6717938969455818 0.73125 0.08628297182730602 0.0876953125
0 0.4968708577522777 0.58671875 0.093821476731868 0.1044921875
0 0.05532799016619518 0.19296875 0.0973249908274703 0.12041015625
0 0.5321877940145681 0.665625 0.09012402881160213 0.08125
0 0.6170974999197871 0.51796875 0.07146563726603254 0.071875
0 0.7850706371796494 0.4859375 0.07704001839442114 0.0779296875
0 0.34390642150849804 0.38828125 0.08895517770938674 0.0859375
0 0.5706495341992739 0.7390625 0.08035014707284276 0.09052734375
0 0.8386225489530663 0.4296875 0.061793547803281966 0.0591796875
0 0.5536424018779098 0.53515625 0.07216655944814612 0.07666015625
0 0.9336488970134542 0.29296875 0.059462990209386744 0.0859375
0 0.11750899503065071 0.43515625 0.10085382354683356 0.1125
0 0.8321107107018021 0.5328125 0.08883826594445417 0.08447265625
0 0.8960982597659324 0.2453125 0.09433534315274095 0.1
0 0.5620599264469963 0.15234375 0.08909244180421787 0.096875
0 0.04621720580649549 0.48984375 0.07508799020938675 0.0859375
0 0.023293752278670962 0.309375 0.046587504557341924 0.1248046875
0 0.20035232835575706 0.48828125 0.14147329353222943 0.17646484375
0 0.34824397054177714 0.3 0.08556884192582918 0.0908203125
0 0.25563833328808505 0.2921875 0.08338353861841208 0.09990234375
0 0.8258253676107634 0.234375 0.09325314952435235 0.0939453125
0 0.3491310048027533 0.640625 0.06584834253465743 0.06552734375
0 0.8928347548150939 0.5609375 0.06510558825126438 0.103125
0 0.018395561399264657 0.41875 0.036791122798529315 0.103125
0 0.002840592819018284 0.203125 0.005681185638036568 0.0998046875
0 0.6978502694825028 0.809375 0.06899369486455562 0.075
0 0.6300333087189985 0.675 0.08010201900864829 0.0875
0 0.45693034302316626 0.73671875 0.0894189706034794 0.0984375
0 0.37152980381135153 0.71171875 0.09813265626619687 0.10458984375
0 0.26155617637295353 0.63046875 0.06848615809962304 0.07353515625
0 0.4301387254617646 0.18359375 0.10334281252005333 0.1294921875
0 0.4271965930355067 0.65703125 0.061578979788349385 0.05771484375
0 0.18516075976593233 0.2453125 0.07536803310039426 0.078515625
0 0.6273485047780725 0.8 0.09019719670569479 0.09375
0 0.37571544110206495 0.48046875 0.09368833334978728 0.10625
0 0.5040097793780098 0.21796875 0.07755993261086366 0.0828125
0 0.10451828423012502 0.53984375 0.07941540136086363 0.0828125
0 0.14136249990744665 0.59765625 0.06599991116381729 0.0765625
0 0.0071862277518119685 0.5109375 0.014372455503623937 0.08740234375
0 0.7045799508803376 0.64609375 0.07887430454666919 0.07978515625
0 0.02411107837426774 0.79453125 0.04822215674853548 0.1140625
0 0.12257075968571944 0.76328125 0.06612507966750943 0.06875
0 0.857289068509612 0.7609375 0.07384597121307905 0.078125
0 0.00005489195128628448 0.71640625 0.00010978390257256896 0.07958984375
0 0.022047203536887043 0.66015625 0.044094407073774086 0.08896484375
0 0.26713485288165195 0.384375 0.0877049019743195 0.08740234375
0 0.24107622546176466 0.18359375 0.07269335172801164 0.07958984375
0 0.1333079655785981 0.6953125 0.0617162438831806 0.06865234375
0 0.026401347997721692 0.575 0.052802695995443384 0.07822265625
0 0.20468561263524387 0.709375 0.09618062808116239 0.11259765625
0 0.002376676580885409 0.60234375 0.004753353161770818 0.096875
0 0.06020713225966192 0.60234375 0.05670221508391897 0.06708984375
0 0.9612346813423027 0.1953125 0.031298382364555975 0.075
0 0.8964791665638296 0.6640625 0.023028137266032544 0.071875
0 0.7265955882080726 0.17578125 0.08456890319814611 0.07666015625
0 0.12543142153934914 0.1890625 0.06815137256160204 0.08125
0 0.06273137244436779 0.67578125 0.057403137266032564 0.071875
0 0.5363690440454192 0.46640625 0.06293295956898622 0.065625
0 0.20279296559093848 0.615625 0.08054545957284258 0.09052734375
0 0.9362831862129285 0.39765625 0.019445392167509467 0.06875