0 0.7254578173933609 0.4589529595342367 0.06340906667727211 0.07957970364722229
0 0.5289282627307244 0.48405814304548656 0.09204541668323785 0.12417963278847229
0 0.9413533272025069 0.6233285033215633 0.11729334559498632 0.14979788183854162
0 0.44677938140513307 0.539161910712917 0.10477836501928887 0.1444901047679167
0 0.25786506878576726 0.8831080132021182 0.0650999723454369 0.09065122748840296
0 0.6503701947803584 0.8524107123840284 0.09530216293363551 0.1271843284452821
0 0.35751907610594963 0.7885787228332642 0.053746711176198406 0.07144679590124134
0 0.3380065547819492 0.856855944147917 0.05733733417707345 0.07797393548139767
0 0.22770430677113157 0.774622712765278 0.05697050375954502 0.07161946030805133
0 0.515449207431541 0.7352387833380908 0.08568291968192554 0.11436619367375016
0 0.19207424741404172 0.598840809554896 0.08879087468172661 0.11297408510611114
0 0.814157238064906 0.4969452284359382 0.07126020201105625 0.08308185410312507
0 0.6310618327100435 0.3341328378589936 0.10296132634965272 0.12257873717673622
0 0.7965435714114963 0.5941650673417715 0.09694641051678339 0.12585578151091142
0 0.5731168041056315 0.791253700416181 0.06024770401018138 0.07638196846486114
0 0.8886203413828614 0.3854278066081952 0.05737256051081765 0.08100127923139758
0 0.6726140807208612 0.4147658952296881 0.06809095342834617 0.08759668969631526
0 0.1855537167806766 0.8439351040078126 0.08088185476507315 0.11288763042575951
0 0.7293668041056315 0.7948904595342368 0.08883625959778349 0.10848417058055997
0 0.7981162567631774 0.7293213173417715 0.10312154935152193 0.13634826842673603
0 0.790491924053134 0.40969914836382004 0.0761714912625278 0.09403307360111554
0 0.31989816072563365 0.4417030696228822 0.07139883467934034 0.09499591660312508
0 0.55074291211804 0.8821144365484728 0.08891814401654478 0.12391158510611114
0 0.6586623107494962 0.6253215355222922 0.06675899226209037 0.0905922118040321
0 0.29401910276095017 0.7011865191860419 0.09499328551678339 0.12581032202193576
0 0.29056793344204046 0.8073274164125003 0.06967049842854492 0.08909790103749557
0 0.9662170088493542 0.30212630375840355 0.06756598230129143 0.0889048615119445
0 0.4673213374442676 0.8278432042159032 0.07953171226527189 0.11432065253347652
0 0.6480526220957683 0.720361278588438 0.07132504142961871 0.09704442487867623
0 0.8784230167886307 0.9186396969007994 0.07776474068069276 0.10510232446784755
0 0.7081328627068618 0.31249553362243115 0.07592049842854501 0.08924337140221797
0 0.42684704738222506 0.36999368341434064 0.07429670484563573 0.09232973083658864
0 0.3338163047421784 0.5638690103523267 0.06181247667687453 0.07661364855604162
0 0.7022935847389966 0.5490142618709382 0.08720564801479469 0.11098459251493065
0 0.79928040945254 0.8964906335461812 0.06683846717854483 0.08903198477848093
0 0.9803067600254532 0.43526611207902854 0.03938647994909346 0.07601829255305574
0 0.7172656987587229 0.6946358863959728 0.079045498428545 0.0893161065845792
0 0.5691180054105419 0.5818423328250004 0.07626353426360169 0.10194322985111555
0 0.4506594540897232 0.6712477120996878 0.07782376159690844 0.10178428494229622
0 0.7277373853834976 0.38636944471659784 0.05367284950867006 0.06509913965124134
0 0.6601691720639516 0.4863317707046534 0.034956802673454135 0.05080008700597212
0 0.8507605461091312 0.8234901978507299 0.06825906234583456 0.09365365017076392
0 0.6140754220639516 0.4852589267648269 0.060211341343090474 0.07325696846486114
0 0.3682362107335878 0.5014060311538893 0.06335338634328931 0.07479454739722229
0 0.36842820942072324 0.6521509135627086 0.0824886033477834 0.108336427241389
0 0.9313169187221337 0.4301597315700702 0.054004453592454385 0.06842627107458768
0 0.5757027180537703 0.40938610457649355 0.06655338434416436 0.08131259507958344
0 0.9517299633990879 0.5063955764598271 0.07132838201185158 0.08894122910312507
0 0.9764294240531338 0.8734018917143065 0.047141151893732317 0.13724673328250034
0 0.39191280478194923 0.858110626043646 0.06506133701165293 0.08733091498840295
0 0.26945436008113266 0.6037660053183336 0.06661354159372675 0.07809221180403228
0 0.8478220713717256 0.30246918303309095 0.07452838001272681 0.09545927678548623
0 0.38732420743154095 0.7322566408612851 0.05538982242599957 0.07002059271687067
0 0.8679458567393148 0.5552129765360772 0.061944222927272106 0.07954560903049046
0 0.7242691294159507 0.6252864743518757 0.044484002924090583 0.0557080655275044
0 0.8457446874204051 0.6609174626683687 0.05067498200787455 0.059171575417777865
0 0.5158208300843142 0.6329314009292712 0.06484897951145392 0.08586152528950527
0 0.5702361574235868 0.6779360828250004 0.0696341357614541 0.08597290103749558
0 0.6313089227402694 0.5567345364722227 0.05685693884269263 0.07024999983360232
0 0.9149503154439493 0.8359187690891329 0.06523960451145427 0.08587061718730027
0 0.11796622744267679 0.8079962975870487 0.058874903261255176 0.08425803009812931
0 0.9838945526050715 0.36895078105698 0.03221089478985704 0.05249661084715278
0 0.4507236360995863 0.7438857783040976 0.04118862133990877 0.049383057370694414
0 0.41055316943822245 0.7820027209334031 0.04145665917409058 0.05563760331959209
0 0.758852120066815 0.5097166789490284 0.04756361800803362 0.060270715235416716
0 0.9696004280041428 0.7411888037584036 0.06079914399171429 0.08921820538068577
0 0.1424838747612684 0.7000026128415279 0.07939996601487431 0.11138869205902786
0 0.8963719434277229 0.7159874755861466 0.05548747867599957 0.07002286569131932
0 0.4995396600493159 0.3748097764042365 0.08575323551380051 0.10362855212264765
0 0.20879921809354113 0.6937357354667016 0.05565899659352791 0.07637279491576834
0 0.4105504327259519 0.44615613991135455 0.04922604692472703 0.06050466830104604
0 0.9026095687062256 0.3123357987244105 0.045813691423653324 0.0525172309197874
0 0.7792993380410436 0.32040025902114644 0.058776110677908555 0.08415810087368066
0 0.9963649700093893 0.5020360379908342 0.007270059981221521 0.06757382400499559
0 0.46208566072563356 0.4450125204203129 0.05248961117520423 0.06409530145785602
0 0.9345595500477252 0.3732194005480216 0.044438618008033615 0.060197980053055565
0 0.9940198166971577 0.5144814866040633 0.01196036660568467 0.08477504350298623