0 0.0511163328125 0.72213281875 0.05230902187499999 0.708500328125 0.0489951671875 0.6982828203125 0.030836576562500002 0.682138659375 0.026930326562500002 0.6820477406250001 0.0171117703125 0.693610346875 0.012290414062500001 0.7039791390625 0.0109177546875 0.7196687046875 0.021861096875 0.739510609375 0.0356615734375 0.73983181875 0.044930121875 0.7335616140625 0.0511163328125 0.72213281875
0 0.0773571515625 0.672740425 0.0797021109375 0.6459374171875 0.07951209218750001 0.64475388125 0.07175252343750001 0.6327821390625 0.06496054999999999 0.627784675 0.048239225000000004 0.62739548125 0.038320621875 0.63462425625 0.0326370921875 0.6436628546875001 0.030226414062500002 0.64884725 0.0283962015625 0.6697666718749999 0.037193789062499996 0.6922435828125 0.0436165484375 0.6946122031249999 0.059082403125 0.694972175 0.066719440625 0.6903105484375 0.074584871875 0.67870248125 0.0773571515625 0.672740425
0 0 0.6178669078125 0.01377656875 0.6366603 0.0263898453125 0.6394123859375 0.02783660625 0.639446059375 0.03721406875 0.6372058125 0.049214528125000004 0.6230737390625001 0.0518539828125 0.6152744140624999 0.055179765625 0.5996303078125 0.0543705234375 0.5865102109375 0.045115384375 0.5692631546875 0.0377604375 0.5638514578125 0.032477403125 0.5612699875 0.021988403125 0.5610258531250001 0.0162760625 0.563351403125 0.0025512546875 0.57482309375 0 0.5803098140625 0 0.6178669078125
0 0 0.528419665625 0.0005364546875 0.5307430171874999 0.006571675000000001 0.5400543718749999 0.0176040953125 0.5481719093749999 0.0182594828125 0.5484136078125 0.04246858125 0.5489770796875 0.0429947203125 0.5487628828125 0.0528132765625 0.5372002796875 0.062684765625 0.5138477671875 0.064057425 0.49815820000000005 0.06301940624999999 0.48765303125 0.0485912203125 0.4624248125 0.0392831484375 0.45696765937499995 0.023658148437500002 0.4566039828125 0.0090711671875 0.466745478125 0.000976959375 0.48096847187499997 0 0.4838552890625 0 0.528419665625
0 0.08095456250000001 0.806644659375 0.0872207984375 0.8015920546874999 0.0926755515625 0.7951683859374999 0.097255840625 0.7853180328125 0.09897166406249999 0.765706075 0.0978315484375 0.7586048578125 0.08811885625 0.7465876546875 0.07249385625 0.7462239796875 0.0683588296875 0.7487479890625 0.060722173437500006 0.7577411265625 0.0583466640625 0.76476051875 0.0564020640625 0.7869874046875001 0.057748078125000005 0.7917351859374999 0.0691517453125 0.8063699453125001 0.08095456250000001 0.806644659375
0 0.0990644046875 0.8697840171875001 0.11344503749999998 0.8508162031250001 0.1155345296875 0.826933196875 0.111223659375 0.8202822281250001 0.092607515625 0.809367921875 0.088701265625 0.809277003125 0.0804312125 0.814325021875 0.0725657796875 0.8259330874999999 0.0701551015625 0.8311174828125001 0.0683248890625 0.8520369046875 0.0814862796875 0.8693748812500001 0.08711687812499999 0.8721261874999999 0.0990644046875 0.8697840171875001
0 0.14160076562499999 0.8102947515625001 0.1536012234375 0.7961626765625 0.1565706109375 0.7873884375 0.1585724046875 0.7645078187500001 0.15852844375 0.7622140749999999 0.1555373 0.7516634453125 0.151226428125 0.7450124796875001 0.13866652343750002 0.7344008765625001 0.132294753125 0.7342525734375001 0.12238710625 0.73910073125 0.11256854999999999 0.7506633375 0.10774719375 0.7610321296875 0.10591698125 0.7819515531250001 0.1071837765625 0.78984179375 0.11299022031249999 0.8017680765625 0.12206951562499999 0.8098401562499999 0.1273525453125 0.8124216296875 0.1377209875 0.8126629578125 0.14160076562499999 0.8102947515625001
0 0.0958316921875 0.671851403125 0.09101033593749999 0.682220196875 0.0896376765625 0.6979097624999999 0.093895615625 0.7163506359375 0.10337953281250001 0.7309827640625 0.1055952765625 0.7320654531249999 0.11862515625 0.732368728125 0.12486390781250001 0.73148281875 0.133133959375 0.7264348015625 0.14077061562499998 0.7174416640625 0.14800264999999999 0.701888475 0.14937530937500001 0.686198909375 0.14275962343749998 0.6611525281249999 0.127820953125 0.65294406875 0.11587342656249999 0.6552862390625 0.1056502484375 0.6602887984375 0.0958316921875 0.671851403125
0 0.13208333125 0.9442455265625 0.1399487625 0.932637459375 0.1429788421875 0.9248472281250001 0.14508358593749998 0.9007898937500001 0.145104759375 0.8960739312499999 0.13240092187500002 0.8735061 0.1269991 0.868139865625 0.11528035 0.8678671093749999 0.086511009375 0.8947101468750001 0.0829564484375 0.91296918125 0.083765690625 0.926089278125 0.093403465625 0.9462800859374999 0.11870137031250001 0.9468689015624999 0.13208333125 0.9442455265625
0 0.1348692078125 0.8893149875 0.1570914296875 0.889832215625 0.1654737921875 0.8847156437500001 0.17529235 0.8731530375000001 0.177817415625 0.866661178125 0.1810584171875 0.82961636875 0.1783723078125 0.81557916875 0.1703839640625 0.806222353125 0.166706490625 0.80351650625 0.147175240625 0.8030619124999999 0.1367232859375 0.8106793984375 0.12449405 0.8274264015625 0.11921514062500001 0.8430250484374999 0.11910927812500001 0.8666048578125001 0.130088765625 0.8865123015625 0.1348692078125 0.8893149875
0 0.1816511609375 0.9497897703125 0.19755786875 0.9357486140625 0.20228506875000002 0.9270152890625001 0.204563475 0.9009729875 0.198631771875 0.8899191906249999 0.1821975296875 0.876435415625 0.1782912796875 0.8763444968749999 0.17002122656250002 0.8813925140625001 0.1556100890625 0.9007089859375 0.15332232343750002 0.9268582625 0.1548178953125 0.932133578125 0.1662549375 0.946811165625 0.1718855359375 0.949562471875 0.1816511609375 0.9497897703125
0 0.0888477984375 0.6459804546875 0.1035576921875 0.6568038421875 0.1133233171875 0.6570311390625 0.12768152187499998 0.6495045734375 0.14186388125 0.6328030296875 0.1419270078125 0.632640734375 0.14624230625 0.5833166609375 0.1462106359375 0.583119403125 0.1384510671875 0.5711476609374999 0.11592867343749999 0.5601424359375 0.11006929843749999 0.5600060578125 0.0998461203125 0.565008615625 0.0900275640625 0.576571221875 0.080613628125 0.594693878125 0.0783258625 0.6208431562500001 0.0795926578125 0.6287333984375 0.0888477984375 0.6459804546875
0 0.076778178125 0.5873520078125 0.0832755703125 0.5860782718750001 0.0990943578125 0.5674496265625 0.100599003125 0.55025145 0.0902617796875 0.5285953218749999 0.0746367796875 0.5282316453125 0.064184825 0.53584913125 0.0585012953125 0.544887728125 0.056090617187500004 0.5500721234375 0.05448918125 0.5683766171875 0.055984753124999995 0.5736519328125 0.0656974453125 0.5856691359374999 0.0687595203125 0.5871653703125 0.076778178125 0.5873520078125
0 0.105318590625 0.5550269890624999 0.120943590625 0.555390665625 0.12921364375 0.5503426484375 0.1391958421875 0.5385873328125 0.142576015625 0.499951775 0.14246384843749998 0.4995561265625 0.1347042796875 0.487584384375 0.1273493328125 0.482172690625 0.11172433281250001 0.48180901406250004 0.09777074999999999 0.49589563124999997 0.09272061718749999 0.5088793500000001 0.09089040468750001 0.529798771875 0.0921572 0.5376890140625 0.10164111718749999 0.55232114375 0.105318590625 0.5550269890624999
0 0.06959488750000001 0.49011254531250004 0.0950082859375 0.4907040484375 0.10558907343749999 0.48035204531250003 0.11041042968749999 0.4699832546875 0.11095240625 0.46770314687500003 0.1128398125 0.44612999374999995 0.1126981953125 0.443833978125 0.109935828125 0.43066841875 0.1056249578125 0.42401745 0.098270009375 0.41860575781250003 0.084598134375 0.418287540625 0.0804631078125 0.42081155 0.061230615625 0.45049681406250003 0.0600867328125 0.46357145156249996 0.0643446734375 0.4820123234375 0.06959488750000001 0.49011254531250004
0 0.05096108125 0.4196783453125 0.03969999375 0.40522656562500003 0.026028118750000002 0.40490835000000003 0.0183874125 0.41618475625 0.0164896578125 0.4378762046875 0.0210479671875 0.45064685468750004 0.0271996515625 0.45311510468750005 0.034698285937500004 0.4532896375 0.04471424375 0.448577440625 0.04907719375 0.44121126874999994 0.05096108125 0.4196783453125
0 0.0372893546875 0.39698863906250004 0.044271440625000005 0.38876634062500004 0.0469252484375 0.3584331796875 0.041407332812499996 0.349919940625 0.033823609375 0.347123175 0.02360043125 0.3521257328125 0.011371196875 0.368872734375 0.0082741890625 0.3819019140625 0.009540984375 0.38979215625 0.0173005515625 0.4017638984375 0.019490226562499997 0.40283385000000005 0.028966503124999998 0.40305441249999996 0.0372893546875 0.39698863906250004
0 0.091670078125 0.4118343875 0.0982994421875 0.39757729999999997 0.09895145625 0.3901247546875 0.08711338125 0.36325365781249996 0.06953525625 0.362844521875 0.05776357343750001 0.3743616703125 0.0553528953125 0.379546065625 0.0532939078125 0.403080415625 0.0573760015625 0.41234631093749996 0.06368293593749999 0.4179535828125 0.0835871296875 0.4184168578125 0.0842621984375 0.4182125984375 0.091670078125 0.4118343875
0 0.12246764531250001 0.38644249531249997 0.13343959218749998 0.37173586406250003 0.1351862125 0.351771896875 0.1337610671875 0.3428953765625 0.12232402656250001 0.3282177859375 0.10865215156250001 0.3278995703125 0.10451712500000002 0.330423578125 0.09228788906249999 0.3471705796875 0.09022890156249999 0.3707049296875 0.0917244734375 0.37598024375 0.09603534375 0.3826312125 0.10131506718750001 0.3859501640625 0.12246764531250001 0.38644249531249997
0 0.145123896875 0.4350377109375 0.14808239375 0.401221940625 0.142823790625 0.39142247812500003 0.12938069218749998 0.388489334375 0.1178377875 0.3973915546875 0.1103769765625 0.4155596703125 0.10946187031250001 0.4260193796875 0.1124530140625 0.4365700078125 0.117434465625 0.44425557187500003 0.133927525 0.4446394515625 0.1362951359375 0.44367557343749997 0.145123896875 0.4350377109375
0 0.18417513125 0.3577814328125 0.18962988593750002 0.35135776406249997 0.20214082812499998 0.320205928125 0.2032847109375 0.3071312890625 0.20052234375000003 0.2939657328125 0.19471590156250002 0.28203944999999997 0.1858653828125 0.27135244062499997 0.1716096203125 0.268594475 0.170090521875 0.26855911718750003 0.16024598125 0.2733763953125 0.15042742343749999 0.284939003125 0.1410134875 0.303061659375 0.1389545 0.3265960078125 0.1402212953125 0.33448625 0.1432124390625 0.34503687968749996 0.1546494796875 0.35971446875 0.159862996875 0.3622619734375 0.172449803125 0.36255493437499997 0.18417513125 0.3577814328125
0 0.21000174062500002 0.40036562968749995 0.2176383953125 0.391372490625 0.21980800625 0.38670653593750004 0.2212836140625 0.3698402515625 0.218659365625 0.357332971875 0.2126241453125 0.3480216171875 0.208946671875 0.3453157703125 0.193321671875 0.34495209375 0.18591379375 0.3513303046875 0.18155084375 0.358696475 0.179426340625 0.3829796453125 0.18737889531250002 0.400478775 0.20899223125000002 0.40098183125000003 0.21000174062500002 0.40036562968749995
0 0.1755158828125 0.46234955156249996 0.1657502578125 0.4621222546875 0.1561604765625 0.4710699328125 0.1537497984375 0.476254328125 0.152605915625 0.4893289671875 0.15851447031250002 0.49844489843749995 0.17024061562499998 0.49871782812500004 0.1798177484375 0.48588078437500004 0.1811200140625 0.4709958109375 0.1755158828125 0.46234955156249996
0 0.17305456875 0.5452884640625 0.1663656265625 0.5328235453125 0.156828778125 0.5299813203125 0.1450570953125 0.54149846875 0.14264641718749999 0.5466828640625 0.1417313109375 0.5571425750000001 0.14495123125 0.5650782765625 0.1482892328125 0.5702282640624999 0.16591776875 0.5706385734375 0.17152950625000002 0.56271999375 0.17305456875 0.5452884640625
0 0.1693342578125 0.502806646875 0.1679615984375 0.5184962125 0.1689996171875 0.529001384375 0.1745772828125 0.54354259375 0.1819322296875 0.5489542890625 0.188131184375 0.5508017328125 0.194967115625 0.5509608421875 0.20146347968749997 0.5494088828125 0.21323516250000002 0.537891734375 0.2182852953125 0.5249080140625 0.2196579546875 0.5092184484375 0.2108603671875 0.486741534375 0.19959917031250002 0.48123892343749997 0.18983354531250002 0.4810116265625 0.1815634921875 0.4860596421875 0.1717449359375 0.49762225156250006 0.1693342578125 0.502806646875
0 0.15758243593750001 0.6147607984375 0.1683331484375 0.6372831703124999 0.186639121875 0.6572333640625 0.2073939328125 0.6577164375 0.2097004625 0.6565877734375001 0.21951901875000002 0.645025165625 0.22933160937500002 0.6178719187499999 0.22996074375000003 0.610680865625 0.230411478125 0.5876331359375 0.226382315625 0.566577334375 0.218622746875 0.5546055937500001 0.2149452734375 0.5518997453125001 0.1895546484375 0.5513087718749999 0.16842196250000002 0.569158671875 0.1607853078125 0.5781518109375 0.1572095734375 0.60112680625 0.156569 0.6084486046875 0.15758243593750001 0.6147607984375
0 0.175254228125 0.7383838296875 0.1869666296875 0.7262935359375 0.188895171875 0.7221460203125 0.1904181703125 0.7047380750000001 0.1849435234375 0.6934932921875 0.18126605 0.690787446875 0.1756354515625 0.6880361390624999 0.1639167015625 0.68776338125 0.152373796875 0.6966656015625 0.14803457656250002 0.7059975140625 0.147622778125 0.7107043843749999 0.1479041296875 0.7253843468750001 0.152688965625 0.7378586171875 0.175254228125 0.7383838296875
0 0.2020926609375 0.8850342031249999 0.21944200937499997 0.8880582671875 0.2318470890625 0.8804862390625001 0.23511994062500002 0.8766320375 0.23935058125 0.8612710187499999 0.2422655765625 0.8279524796875 0.2356133765625 0.8150675890624999 0.22653408125 0.8069955078125 0.21090908125 0.80663183125 0.20482092968750001 0.80911038125 0.19523115 0.818058059375 0.1877703390625 0.836226175 0.1859401265625 0.8571455968749999 0.18720692187500002 0.8650358390624999 0.193013365625 0.8769621234375 0.2020926609375 0.8850342031249999
0 0.1890517859375 0.7980908906249999 0.1964067328125 0.8035025859375 0.20594358281249997 0.8063448093750001 0.222026134375 0.80147863125 0.23597971874999998 0.7873920156249999 0.238390396875 0.78220761875 0.23845924218749998 0.78197995 0.2418994703125 0.742657975 0.2325669046875 0.725736646875 0.22521195781249997 0.7203249546875 0.207862609375 0.717300890625 0.20177445781249997 0.719779440625 0.19350440468750002 0.72482745625 0.183685846875 0.7363900640625001 0.1788644921875 0.7467588562499999 0.17530993125 0.765017890625 0.1780722984375 0.778183446875 0.1890517859375 0.7980908906249999
0 0.21378338125 0.9331631171874999 0.2170033015625 0.9410988187499999 0.224991646875 0.950455634375 0.234029590625 0.954250240625 0.2457579875 0.9545232218749999 0.25015349531250003 0.9536615359375 0.25842354843750004 0.9486135171875001 0.2706527828125 0.9318665140625001 0.2759515859375 0.9082110546875001 0.27653210625 0.9015756734375 0.27086451093749997 0.8847068968749999 0.264829290625 0.8753955421875 0.25919869218749997 0.8726442359375 0.24162056718749997 0.8722350999999999 0.235532415625 0.87471365 0.2207166578125 0.887470071875 0.21503312812500003 0.8965086703124999 0.21239367343749999 0.90430799375 0.211249790625 0.91738263125 0.21378338125 0.9331631171874999
0 0.24835465937499998 0.862373415625 0.2530262359375 0.8670142140625 0.2795525671875 0.867631621875 0.28328213281250003 0.8658066156249999 0.2952825921875 0.8516745390624999 0.2969982375 0.846604978125 0.29926884375 0.8206518218750001 0.29698989062500003 0.8097902375 0.287505975 0.7951581078125 0.28015102812500003 0.7897464140625 0.2706141796875 0.7869041890624999 0.2603910015625 0.7919067484375 0.24861931875 0.80342389375 0.2440267390625 0.8111777578125 0.2410526453125 0.8451718187499999 0.242319440625 0.8530620609374999 0.24835465937499998 0.862373415625
0 0.251870153125 0.7740961203125 0.2569891046875 0.7778625921875 0.2734580484375 0.7782459109375 0.2833489296875 0.7722085437499999 0.290985584375 0.76321540625 0.295806940625 0.7528466140625001 0.2971796 0.7371570484375 0.2944172328125 0.723991490625 0.2883820125 0.714680134375 0.281027065625 0.7092684421875 0.2695370921875 0.7063807578125 0.2593139140625 0.7113833140625 0.249724134375 0.72033099375 0.2424921 0.7358841828125 0.24203454687499998 0.7411140374999999 0.24755928124999999 0.7674451515625 0.251870153125 0.7740961203125
0 0.198908475 0.6792767390625001 0.1992249953125 0.6957916953125001 0.2022161390625 0.7063423234374999 0.21560630625 0.7210653734375 0.2193739515625 0.722188228125 0.22941686875 0.7224219796875 0.23927258281250002 0.718995959375 0.243407609375 0.7164719500000001 0.260000646875 0.6945860125000001 0.26319975156250003 0.6781528812500001 0.263428528125 0.675537953125 0.2610216171875 0.660546490625 0.2498133515625 0.643253975 0.24245840468750002 0.6378422828125 0.23487468125 0.635045515625 0.22292715468750002 0.6373876875 0.2146571015625 0.6424357046875 0.207020446875 0.6514288421875001 0.20219909062500002 0.6617976343749999 0.199205884375 0.6758773312499999 0.198908475 0.6792767390625001
0 0.2441325015625 0.6303892656250001 0.26391693437499997 0.6308497531249999 0.265463740625 0.6299055874999999 0.2793436046875 0.6010027515624999 0.28088696562500004 0.5833620453125 0.278942721875 0.5765041359375 0.2763562 0.5725135546875 0.2633706546875 0.5643505578125 0.2575112796875 0.5642141796875 0.243153075 0.5717407437500001 0.23310574062499997 0.5859182796875 0.2300087328125 0.5989474578125 0.23081797499999998 0.61206755625 0.242026240625 0.6293600734375 0.2441325015625 0.6303892656250001
0 0.2804764140625 0.5466705734375 0.2901816296875 0.5308110265625 0.2919800671875 0.5102547890625 0.28786724375 0.4957476734375 0.2816032484375 0.4890512453125 0.2659782484375 0.48868756874999997 0.2596613203125 0.493781046875 0.2476608609375 0.5079131203125 0.2456018734375 0.5314474703125 0.24968396718750002 0.5407133671875 0.2575657671875 0.5477207953125001 0.2779775296875 0.548195884375 0.2804764140625 0.5466705734375
0 0.26410536875 0.47094756875000005 0.26621693125 0.46470810937499996 0.26781836718749996 0.44640361874999995 0.26512633750000003 0.43690805 0.25713799375 0.4275512359375 0.2461896109375 0.4222014734375 0.24543005624999997 0.42218379375000004 0.22979424375000002 0.426914803125 0.2199756875 0.4384774078125 0.2178641234375 0.4447168671875 0.21603391093750002 0.465636290625 0.218725940625 0.4751318578125 0.22648550781250001 0.4871035984375 0.2355350203125 0.4924091640625 0.24578893124999998 0.492647825 0.2538292578125 0.48774003125 0.26410536875 0.47094756875000005
0 0.2964722125 0.3336385546875 0.28806868125 0.3184017015625 0.28129940625 0.3134209390625 0.26638331875 0.3130737640625 0.25877180625 0.317719809375 0.24217876875000002 0.3396057484375 0.24034855624999998 0.3605251703125 0.2416153515625 0.3684154125 0.254273346875 0.387944625 0.27098703281250003 0.38833364062500003 0.28039614375 0.383729434375 0.2902147 0.372166828125 0.29377045 0.36451984375 0.2964722125 0.3336385546875
0 0.270712934375 0.434569865625 0.2719797296875 0.44246010937499997 0.2749708734375 0.4530107375 0.2844547890625 0.46764286874999994 0.2878507765625 0.4701416 0.3072277109375 0.47059260312499995 0.3278810921875 0.46341312187500006 0.3379284265625 0.44923558906250005 0.3420947859375 0.43852401875 0.3426953234375 0.431659834375 0.34216931562499997 0.4231317703125 0.336187028125 0.40203051093750003 0.330151809375 0.39271915625 0.3227968625 0.38730746250000003 0.31521313906250004 0.3845106984375 0.30154126406250004 0.38419248125 0.2830480328125 0.3942430546875 0.2751826 0.40585112187499994 0.2725431453125 0.4136504453125 0.270712934375 0.434569865625
0 0.3286981 0.5305882390625001 0.3411052015625 0.5180628515625 0.34150111875 0.5168929515625 0.343991515625 0.4884275953125 0.33976842500000004 0.47741782187500004 0.32701165625 0.46663989531250005 0.31724603125 0.46641259843749994 0.307022853125 0.47141515468749995 0.294336065625 0.49339201250000003 0.2936497359375 0.5012367953125 0.2966408796875 0.511787425 0.301356371875 0.5249984421875 0.3060930359375 0.5300621 0.3286981 0.5305882390625001
0 0.312198865625 0.5721969953125 0.3144336984375 0.557837621875 0.31576060156249997 0.5426710421875 0.31212888437499997 0.5394422109375 0.2967326609375 0.5364636078125 0.28628070625 0.5440810921875 0.283007853125 0.5479352953125 0.27821022812499996 0.5602698296875 0.2780386453125 0.562231025 0.2787669625 0.5740391140625001 0.28715731718750004 0.5844202265625 0.3032707203125 0.5847952703125 0.312198865625 0.5721969953125
0 0.27771368281250003 0.6671686171875 0.2880807453125 0.6736855796875 0.3049194109375 0.6740775046875 0.31482305781250003 0.668032346875 0.3270522921875 0.6512853437499999 0.3322955171875 0.64000928125 0.333602403125 0.6250715109375 0.3292171453125 0.6041711859375 0.319733228125 0.58953905625 0.31605575468749997 0.5868332109375001 0.29847762968749997 0.5864240749999999 0.284119425 0.5939506421875 0.27430086875000004 0.60551325 0.2694795125 0.6158820390625 0.2659249515625 0.6341410734374999 0.2669629703125 0.64464624375 0.27771368281250003 0.6671686171875
0 0.2993744140625 0.8843175203125 0.2932862625 0.88679606875 0.2815145796875 0.8983132156250001 0.274282546875 0.913866403125 0.271414315625 0.9242806546875 0.2698128796875 0.9425851484375001 0.271079675 0.9504753906250001 0.2820591625 0.9703828359375001 0.291138459375 0.978454915625 0.3022995484375 0.9808901499999999 0.3062781375 0.980982753125 0.314575959375 0.9790004296875001 0.3228460109375 0.9739524125000001 0.33048266718749997 0.9649592734375 0.3377147015625 0.9494060875000001 0.34058293281249996 0.9389918359375 0.3400024671875 0.923256809375 0.33551575 0.9074308640625001 0.3206300125 0.8874325015625001 0.3149994140625 0.884681196875 0.2993744140625 0.8843175203125
0 0.3263530328125 0.855572746875 0.324751596875 0.8738772406249999 0.3260183921875 0.8817674828125 0.3290095359375 0.8923181124999999 0.3333204078125 0.8989690796875 0.3406753546875 0.9043807749999999 0.3455100203125 0.9067431609375 0.348270928125 0.9068074218750001 0.3602066046875 0.90483536875 0.3684766578125 0.8997873515625001 0.38288779375000004 0.8804708796874999 0.3849467828125 0.85693653125 0.38068884375 0.8384956593749999 0.3670699 0.8263875374999999 0.353398025 0.8260693218749999 0.33881104375 0.8362108156250001 0.3289924875 0.8477734234375 0.3263530328125 0.855572746875
0 0.3144693390625 0.8269861015625001 0.31772004531250003 0.8293779359375 0.33902116250000003 0.829873725 0.34813001718750003 0.8225290578125 0.353017853125 0.8147558640625 0.355120309375 0.7907246781249999 0.352652615625 0.7820204078125 0.34316869843750003 0.767388278125 0.3375381 0.764636971875 0.32581935 0.764364215625 0.3175492984375 0.76941223125 0.309683865625 0.7810202984375 0.3072731875 0.78620469375 0.305442975 0.807124115625 0.30843411875000004 0.8176747453125 0.3144693390625 0.8269861015625001
0 0.29779203593750003 0.7458157109375 0.3031938578125 0.75118194375 0.3146482109375 0.757285078125 0.3447644640625 0.757986040625 0.3539751078125 0.7523638906250001 0.3594298625 0.74594021875 0.36803455625 0.714697465625 0.369635990625 0.696392971875 0.3683691953125 0.6885027296875 0.3608384046875 0.6739160609375 0.3444041625 0.660432284375 0.3326854125 0.660159528125 0.3124678328125 0.6675497171875 0.305059953125 0.6739279265625 0.2980566953125 0.6868661875 0.28990955625 0.7128790859375 0.2902612453125 0.7312290390625 0.29779203593750003 0.7458157109375
0 0.3707852015625 0.6664800984375 0.37781833593749997 0.656555825 0.380291409375 0.6282884578125 0.3744985578125 0.612851353125 0.3640995359375 0.6086789359375 0.34974133125 0.6162055015625 0.346468478125 0.6200597015625 0.341647121875 0.63042849375 0.3400456875 0.6487329875000001 0.341541259375 0.6540083046875 0.353706621875 0.66738463125 0.3687304515625 0.6677343140625001 0.3707852015625 0.6664800984375
0 0.32292002656249996 0.586109209375 0.3266755546875 0.5946338328125 0.34054930156249996 0.6060168015625 0.3622603359375 0.6065221328125 0.3813630546875 0.5959066984375 0.3933635125 0.581774625 0.39811453124999996 0.5677358406249999 0.3984805734375 0.56355195625 0.3978331796875 0.5530558796875 0.393575240625 0.5346150062499999 0.382366975 0.5173224890625 0.3659327328125 0.5038387156249999 0.35789145625 0.50627180625 0.343709096875 0.52297335 0.3345239375 0.5384810765625 0.3294738046875 0.551464796875 0.3245168875 0.5678570140625 0.32292002656249996 0.586109209375
0 0.389583228125 0.4862908453125 0.3901831296875 0.47943392500000004 0.382987040625 0.46549555312499996 0.3610451125 0.470225353125 0.355605790625 0.4809465984375 0.3552946546875 0.48450289843750005 0.3559420484375 0.494998975 0.36174849062500003 0.506925259375 0.365901184375 0.5079689234375 0.37712624375 0.5082301890625 0.37932661562500003 0.5073343953125 0.389583228125 0.4862908453125
0 0.3549556328125 0.44811231406249996 0.361912203125 0.4515115359375 0.3768439640625 0.4518590765625 0.3801174828125 0.4513182140625 0.394071065625 0.4372315984375 0.39889242187499996 0.4268628078125 0.4039073859375 0.41204409374999995 0.4041590390625 0.40916767343749993 0.40404841874999997 0.3902992796875 0.39134458125 0.3677314484375 0.383989634375 0.3623197546875 0.372270884375 0.3620469984375 0.36618273281249997 0.364525546875 0.348094121875 0.38113617187500004 0.34110315625 0.39617091875 0.339190584375 0.418031715625 0.3469672890625 0.43875549999999996 0.3549556328125 0.44811231406249996
0 0.3428933328125 0.37570911093750003 0.34543275156250003 0.3466834125 0.336035053125 0.3321843015625 0.324316303125 0.3319115453125 0.314726521875 0.340859225 0.3099051671875 0.351228015625 0.30830373125 0.36953250937500004 0.30979930312500004 0.374807825 0.315834521875 0.38411918125 0.32040504062499997 0.38635249374999997 0.333594659375 0.3866594859375 0.3428933328125 0.37570911093750003
0 0.324360471875 0.32225160625 0.3428500625 0.32268195624999996 0.35069129375 0.317895690625 0.3648736546875 0.3011941453125 0.3689718078125 0.29238067343749996 0.37183151406250003 0.2596940765625 0.37094475625 0.25417090781249996 0.357554590625 0.23944785937500002 0.322398340625 0.23862958750000002 0.3182633140625 0.241153596875 0.30844475625 0.2527162046875 0.30415214375 0.263752365625 0.30221898281250004 0.285848503125 0.306051128125 0.30244528593750003 0.31553504375 0.31707741875 0.324360471875 0.32225160625
0 0.3705767953125 0.2527842828125 0.370829584375 0.25287750781249996 0.39034781406249996 0.2533318 0.3972871484375 0.24947559375 0.40347335937500006 0.23804679687500002 0.40697799687499997 0.1979885953125 0.4034111828125 0.19066244999999998 0.39237876250000003 0.1825449078125 0.38261313750000003 0.1823176109375 0.372389959375 0.187320171875 0.3625714015625 0.198882778125 0.3601607234375 0.204067171875 0.35810173437500004 0.2276015234375 0.360864103125 0.24076707812499998 0.36345062499999997 0.244757659375 0.3705767953125 0.2527842828125
0 0.39684804218749997 0.3551585984375 0.4066666 0.343595990625 0.411587921875 0.32425516249999997 0.41202831562500003 0.3192214265625 0.40659661874999997 0.31084120625 0.3975173234375 0.3027691265625 0.3877516984375 0.3025418296875 0.37620879218750003 0.3114440484375 0.37138743750000003 0.3218128390625 0.3702435546875 0.334887478125 0.37151035 0.3427777203125 0.37926991718749997 0.3547494625 0.386853640625 0.3575462296875 0.39684804218749997 0.3551585984375
0 0.4694551578125 0.269050678125 0.46864591562499996 0.25593058125 0.46243485156249997 0.23744424843749998 0.450997809375 0.222766659375 0.4475337171875 0.2202178171875 0.42757182031249996 0.21975319999999998 0.409067078125 0.23227172187499998 0.3992485203125 0.243834328125 0.3939696125 0.2594329734375 0.39305450625 0.26989268593750004 0.39903679375 0.2909939453125 0.41174063125 0.31356177500000004 0.4242826328125 0.32144595625 0.43673914218750004 0.321735884375 0.4608504640625 0.30029343124999996 0.4694551578125 0.269050678125
0 0.4272772671875 0.385708609375 0.44398935625 0.3860975875 0.4508994609375 0.38271623125 0.462904453125 0.364058371875 0.46488857031249997 0.34137981562499997 0.46219654062500004 0.33188424843750003 0.45788566875000003 0.32523327968750004 0.450530721875 0.31982158906249997 0.432952596875 0.319412453125 0.42250064218750005 0.3270299375 0.4168171125 0.3360685359375 0.41470554843749996 0.3423079953125 0.4131041125 0.36061248749999997 0.4172917140625 0.3753833703125 0.4272772671875 0.385708609375
0 0.4014519 0.43116249843750004 0.3889938890625 0.45052442968750006 0.38394375625 0.4635081484375 0.382571096875 0.47919771562499996 0.3868290359375 0.4976385875 0.3945886046875 0.50961033125 0.3954194390625 0.51022165 0.42952438125 0.5110154515625001 0.43778613125000004 0.5079955109375 0.446056184375 0.50294749375 0.4561035171875 0.4887699578125 0.458742971875 0.4809706359375 0.4598868546875 0.467895996875 0.45712448749999995 0.454730440625 0.44269630156249995 0.429502221875 0.43361700625 0.42143014062499995 0.42189825625 0.421157384375 0.4014519 0.43116249843750004
0 0.4105980859375 0.5825962984374999 0.4309634328125 0.58307030625 0.43994765156250004 0.57836078125 0.454232178125 0.5526620578125 0.45589432656250006 0.533663603125 0.4549222046875 0.530234646875 0.44543828906250005 0.5156025171875 0.4361302171875 0.5101453640625 0.41200638749999996 0.5174446328125 0.4015015015625 0.5368520234374999 0.39886204687500004 0.5446513484375 0.3977181640625 0.5577259859375 0.40220487968749996 0.5735519296875 0.40651574999999995 0.5802028984375001 0.4105980859375 0.5825962984374999
0 0.38267469374999996 0.636839046875 0.3849795078125 0.655234459375 0.3892903796875 0.661885428125 0.3937759875 0.6651858921875 0.41528206718750005 0.6656864515625001 0.41640535312500004 0.6651367890625 0.42645268593749996 0.650959253125 0.4293209171875 0.6405450015625 0.427016103125 0.6221495890625001 0.4209808828125 0.6128382343750001 0.41167281093749997 0.60738108125 0.40386031093749997 0.60719924375 0.3955902578125 0.6122472609375 0.3901355046875 0.6186709328125 0.38267469374999996 0.636839046875
0 0.3666324203125 0.6859843875 0.3652597609375 0.701673953125 0.3710662046875 0.7136002375 0.376920984375 0.7164610859375 0.3940325296875 0.7168593609375 0.394274928125 0.716760678125 0.4019115828125 0.7077675390625 0.4043222609375 0.7025831421875 0.40615247343750005 0.681663721875 0.4003460296875 0.6697374390624999 0.3910379578125 0.6642802859375 0.3851785828125 0.6641439078125 0.37909043124999997 0.6666224578125 0.369271875 0.6781850640625 0.3666324203125 0.6859843875
0 0.3719813234375 0.7961958828125 0.38756774374999997 0.7965586609375 0.3937907046875 0.7927601828124999 0.4028455953125 0.782096890625 0.40560235312500004 0.7505870125 0.40463023124999997 0.7471580578125 0.39687066249999997 0.7351863140625 0.387562590625 0.7297291625 0.375843840625 0.7294564046875001 0.3618902578125 0.7435430203125 0.3594795796875 0.7487274171875 0.35787814375 0.7670319109375 0.3606405109375 0.7801974671874999 0.370124428125 0.794829596875 0.3719813234375 0.7961958828125
0 0.41661925625 0.8282282249999999 0.40871544374999996 0.8189704234375 0.3987121390625 0.8187375937500001 0.39473026093749997 0.8211681203125 0.38468292656249997 0.83534565625 0.3820434734375 0.8431449796875 0.382852715625 0.8562650765625 0.390756528125 0.8655228781250001 0.40274912656249995 0.8658020078125 0.4127829875 0.860892090625 0.4182377421875 0.8544684203124999 0.41938162500000004 0.8413937796875001 0.41661925625 0.8282282249999999
0 0.39247616406249997 0.9341747 0.40546170937500003 0.9423376984375 0.41327420937500003 0.9425195375 0.427861190625 0.9323780421875 0.4333159453125 0.9259543718750001 0.43813730156249997 0.91558558125 0.4406149078125 0.9051622390625 0.4411639703125 0.8988864124999999 0.44088261875 0.88420645 0.4350761765625 0.8722801656250001 0.4296743546875 0.8669139328125001 0.41668880937499997 0.8587509328125 0.40887630937499997 0.8585690937500001 0.38860579687499996 0.8777491875000001 0.3838547796875 0.8917879703124999 0.38225334375000003 0.9100924625 0.3849453734375 0.91958803125 0.39247616406249997 0.9341747
0 0.42247259843749996 0.9380454828125 0.42132871562499996 0.951120121875 0.422137959375 0.96424021875 0.425129103125 0.9747908484375 0.431164321875 0.9841022031250001 0.43851926875 0.9895138984375 0.44025884531250004 0.9903639156249999 0.4581227078125 0.9907797015625001 0.46000364375 0.990013953125 0.46982220156250004 0.9784513453124999 0.477054234375 0.9628981578125 0.48038001875 0.94725405 0.47911322343749996 0.9393638078125001 0.4683625125 0.9168414359374999 0.453195065625 0.9112479046875 0.44320066406249997 0.9136355359375001 0.425112053125 0.930246159375 0.42247259843749996 0.9380454828125
0 0.4604948859375 0.8734087828125 0.469116871875 0.8612425171875 0.4696447640625 0.8596826515625 0.47129195468749996 0.8408551734374999 0.47117586093749997 0.8377081671875001 0.4681847171875 0.8271575375 0.45847202343750004 0.8151403374999999 0.44284702343750004 0.8147766609374999 0.4310753421875 0.8262938078125 0.42625398593749997 0.8366625984375 0.4244237734375 0.8575820203125 0.42591934531250003 0.862857334375 0.4336544296875 0.8727840640625001 0.4604948859375 0.8734087828125
0 0.4394032 0.8094001953125 0.44326800000000005 0.8032539484375001 0.44572048437499995 0.775221925 0.4454213703125 0.7741668609375 0.437433025 0.764810046875 0.42398992656249995 0.7618769015625 0.417901775 0.7643554515625001 0.4078544421875 0.7785329875 0.40625300624999994 0.79683748125 0.40924415 0.8073881093749999 0.41502405781249996 0.81285453125 0.433056440625 0.8132742390625 0.4394032 0.8094001953125
0 0.45521812187500005 0.738246725 0.452226978125 0.727696096875 0.44768733125000004 0.72366005625 0.43401545625000004 0.7233418406250001 0.4261500234375 0.734949903125 0.4225954640625 0.7532089375 0.42833453125 0.75993115625 0.444424478125 0.760305653125 0.4486194859375 0.7577450328124999 0.4545317921875 0.746091509375 0.45521812187500005 0.738246725
0 0.432306915625 0.7171452859375 0.4435681140625 0.7226478968750001 0.4552868640625 0.7229206546875 0.465510040625 0.717918096875 0.4777392765625 0.7011710921875001 0.48275827812500005 0.691898675 0.4858238828125 0.6568586437499999 0.482772359375 0.6436426843749999 0.47501279218750003 0.6316709421875 0.4637515953125 0.6261683296875 0.4520328453125 0.625895571875 0.43985654218750003 0.6308526718749999 0.428084859375 0.64236981875 0.42062404999999997 0.660537934375 0.4185650609375 0.6840722828125 0.424776125 0.7025586140625 0.432306915625 0.7171452859375
0 0.45411916406249997 0.634485025 0.4564106609375 0.6353300953125001 0.46622403593749995 0.6355585046875001 0.4940967703125 0.624934503125 0.5102322546875 0.6082784203125 0.5128717093749999 0.600479096875 0.5153599015625 0.5876977734375 0.5159775984375 0.58063746875 0.5119395531250001 0.56639411875 0.5061331109375 0.554467834375 0.495100690625 0.5463502953125 0.475569440625 0.5458957 0.46339313750000005 0.5508527984375 0.44553330312500006 0.5648484953125 0.44124069062500004 0.57588465625 0.4393500171875 0.597495165625 0.44980829218749996 0.62783405625 0.45411916406249997 0.634485025
0 0.4882873484375 0.5468281734375 0.515990375 0.54747296875 0.5241458953125 0.543197846875 0.5320113281250001 0.53158978125 0.5370614609375 0.5186060625 0.53912045 0.4950717125 0.5378536546875 0.48718146874999996 0.5300940859375001 0.47520972656250005 0.5207860140625 0.4697525734375 0.49930163906249997 0.46925252031250003 0.4831661546875 0.48590860312500006 0.4783447984375 0.4962773953125 0.47501901406249997 0.5119215031250001 0.477323828125 0.530316915625 0.4831302703125 0.542243196875 0.4882873484375 0.5468281734375
0 0.4552439375 0.386746109375 0.45260448281250004 0.3945454328125 0.45249861874999997 0.41812524218749997 0.45652778125 0.43918104218750004 0.4675072703125 0.45908848593749996 0.4748622171875 0.4645001796875 0.47794085 0.46517190468749997 0.5129777468750001 0.465987396875 0.5139247171875 0.46540936874999994 0.5346527812499999 0.44099942187499996 0.541884815625 0.42544623281250005 0.5430286984375 0.4123715953125 0.532788471875 0.3728294640625 0.5228470015625 0.3634271890625 0.5152632781250001 0.3606304234375 0.47987825156249997 0.36242708125 0.46529127031249995 0.37256857499999996 0.4552439375 0.386746109375
0 0.5127519 0.3624918765625 0.52317891875 0.3675868828125 0.5307744343749999 0.3677636703125 0.542048775 0.36317376874999996 0.547503528125 0.3567500984375 0.5520838171875 0.346899746875 0.553319209375 0.3327791375 0.5489820515625 0.3174807234375 0.5392693578125 0.3054635234375 0.5236443578125 0.305099846875 0.51950933125 0.3076238546875 0.507280096875 0.3243708578125 0.5044927890625 0.33609711875000003 0.504286890625 0.338450553125 0.5052211078125 0.3479052078125 0.508441028125 0.355840909375 0.5127519 0.3624918765625
0 0.5028507375 0.3168372390625 0.5050203468750001 0.312171284375 0.5076284 0.28236110625 0.5062823859375001 0.277613321875 0.49852281718749997 0.26564158125000004 0.49137217343749995 0.2603802125 0.49077538593750003 0.260366321875 0.47703844218749997 0.2651415265625 0.4650379828125 0.27927360156250003 0.46239852812500004 0.2870729265625 0.4610258703125 0.3027624921875 0.462292665625 0.3106527359375 0.4715478046875 0.32789979062499996 0.47686559375000004 0.330498246875 0.487173753125 0.330738171875 0.49521408125 0.325830378125 0.5028507375 0.3168372390625
0 0.512263171875 0.22938541406250001 0.5133784578125 0.21663764218749998 0.507774325 0.20799138281250001 0.5040968515625 0.2052855359375 0.4884718515625 0.20492185937500002 0.47888207187500004 0.2138695390625 0.47647139374999997 0.21905393750000002 0.47464118125 0.2399733578125 0.48060189375 0.24916975937500002 0.4988015859375 0.24959336250000003 0.50784430625 0.24074616875000002 0.512263171875 0.22938541406250001
0 0.5406472546875001 0.263988846875 0.548283909375 0.25499570781249997 0.549368715625 0.252662728125 0.552088515625 0.2215752609375 0.5437272125 0.2064149765625 0.5361434890625 0.20361821249999998 0.5281022125 0.2060513 0.5163305312500001 0.2175684484375 0.513919853125 0.22275284375 0.5103652921874999 0.241011878125 0.5116320875 0.2489021234375 0.5191628796875001 0.2634887921875 0.5323772015625 0.26903686250000003 0.5406472546875001 0.263988846875
0 0.49030609687500004 0.17221220625 0.498065665625 0.1841839484375 0.5063411171875 0.190272940625 0.5328684499999999 0.1908903703125 0.5388525140625 0.1877535265625 0.54648916875 0.1787603875 0.5534924265625001 0.1658221265625 0.554034403125 0.163542021875 0.55648803125 0.135496921875 0.556466521875 0.1318280671875 0.5498583499999999 0.11973331875 0.5379033093750001 0.1091238578125 0.5266421125 0.10362124531250001 0.5188296125 0.10343940781250001 0.5086064343750001 0.1084419640625 0.49660597656250005 0.12257404062499999 0.48937394218749997 0.138127228125 0.487314953125 0.1616615765625 0.49030609687500004 0.17221220625
0 0.5631249484375 0.2279692046875 0.5657073734375 0.22923106718750003 0.5830652765625 0.2296350765625 0.5948325015625 0.223466703125 0.6024691578125 0.2144735640625 0.6029310625 0.21310868125 0.605664940625 0.1818602953125 0.60417645625 0.1725892609375 0.5975073234375 0.1628486375 0.584926915625 0.1577298328125 0.579067540625 0.1575934546875 0.5688443624999999 0.1625960140625 0.556843903125 0.1767280859375 0.5542044484375 0.1845274109375 0.5521454609374999 0.208061759375 0.55341225625 0.2159520015625 0.5631249484375 0.2279692046875
0 0.606903971875 0.1833569578125 0.6116194640625 0.1965679765625 0.6193790328125 0.2085397171875 0.6267339796875 0.21395141093749998 0.6328639578125 0.2151373359375 0.6481453515625 0.2154930140625 0.6521246046875 0.214542384375 0.6667115859375 0.20440089062500003 0.674348240625 0.1954077515625 0.6811659203125 0.17787973125 0.683876921875 0.1468928359375 0.682830021875 0.14320011562499999 0.67357488125 0.125953059375 0.6608181125 0.11517513125 0.6532343890625001 0.11237836718750001 0.6415156390625001 0.112105609375 0.62084050625 0.12472565312499999 0.6153857515625 0.1311493265625 0.6079249421874999 0.1493174390625 0.6056371765625 0.175466715625 0.606903971875 0.1833569578125
0 0.577204578125 0.2924138421875 0.5788060140625 0.274109346875 0.5764482671875 0.2675038390625 0.567368971875 0.259431759375 0.560163353125 0.2572843 0.5568213390625 0.2572065140625 0.5495620703124999 0.2616375515625 0.5441073171874999 0.268061221875 0.5383708546875 0.288889725 0.53963765 0.2967799671875 0.54739721875 0.30875170937499996 0.5572820468749999 0.3135817796875 0.5601466312500001 0.31364845468749997 0.5647465671874999 0.311775771875 0.5745651234375 0.300213165625 0.577204578125 0.2924138421875
0 0.5496118453125 0.42300097656249996 0.569245575 0.42345795624999993 0.58203845 0.412765209375 0.5863905890625001 0.40216714218750005 0.5890024546875 0.37231338593749996 0.5878807765625 0.36835689843749997 0.58184555625 0.35904554375000003 0.574490609375 0.3536338484375 0.562771859375 0.3533610921875 0.548184878125 0.3635025890625 0.540319446875 0.3751106546875 0.5367648859374999 0.39336968906249997 0.5407940484375 0.4144254890625 0.543380571875 0.41841606875000004 0.5496118453125 0.42300097656249996
0 0.547469021875 0.5053442968749999 0.5487324296875 0.505961640625 0.5808209515625 0.506708509375 0.582625271875 0.5061625671875001 0.5930772265625001 0.49854508124999997 0.6031245609375 0.484367546875 0.6050368859375 0.4753721859375 0.6059605718750001 0.464814415625 0.6041455296875 0.45032802812500006 0.5983390875000001 0.43840174374999996 0.5838579703125 0.42496342968749995 0.5643267203125 0.424508834375 0.551921640625 0.4320808625 0.53992118125 0.4462129359375 0.5346422734375 0.4618115828125 0.5349939625 0.4801615359375 0.5379851062500001 0.49071216562500003 0.547469021875 0.5053442968749999
0 0.5596564390625 0.5923283968749999 0.5612987359375 0.5916598 0.572535528125 0.5784270390625 0.575063509375 0.5495320890625 0.5740913875 0.546103134375 0.5680561671875 0.536791778125 0.5624255687499999 0.534040471875 0.5448474437499999 0.5336313374999999 0.5333045390625 0.54253355625 0.5284831828125001 0.5529023484375 0.5273393000000001 0.5659769875 0.5341837625 0.5884084390625001 0.5425732234375 0.5919307796875 0.5596564390625 0.5923283968749999
0 0.5147833 0.678962140625 0.5382690203125 0.6795087765625001 0.55230769375 0.6709396109375 0.5640899625 0.6570644828125001 0.5668993375 0.6249531703125 0.559346834375 0.6016667578125 0.5494053640625001 0.5922644828125 0.5337803640625001 0.5919008078125 0.5176978109375 0.5967669875 0.50810803125 0.6057146671875 0.4982365421875 0.629067178125 0.49709265937499997 0.6421418140624999 0.4998550265625 0.6553073734375 0.5125588640625 0.6778752031249999 0.5147833 0.678962140625
0 0.4870729390625 0.7499568187500001 0.503964734375 0.7582107390624999 0.511777234375 0.7583925765624999 0.5220004125 0.7533900203125 0.536182771875 0.7366884734375 0.540763059375 0.726838125 0.5410375921874999 0.7237002109375 0.54133876875 0.7001249453125 0.5303592796875 0.680217503125 0.5230043328125 0.6748058078125 0.5034730828125 0.6743512140625 0.491068003125 0.681923240625 0.483202571875 0.6935313062499999 0.47731825624999996 0.7182867468749999 0.47714286093749997 0.720291525 0.48103771875 0.7406454640625 0.4870729390625 0.7499568187500001
0 0.461550421875 0.8157457421875 0.4643935265625 0.8171349812500001 0.4754097921875 0.8173913875000001 0.4873986 0.8111068593749999 0.495721584375 0.7942689374999999 0.497551796875 0.773349515625 0.494560653125 0.7627988859375 0.49024978125 0.75614791875 0.48094170937499997 0.7506907671875 0.47117608437499997 0.75046346875 0.46290603125 0.7555114859375001 0.45526937656250005 0.764504625 0.45044802031250003 0.7748734171875 0.4490753609375 0.7905629828125 0.45034215624999996 0.7984532265625 0.461550421875 0.8157457421875
0 0.47292819531249997 0.9128402156250001 0.4946121703125 0.913344915625 0.5062635515625 0.9019454703124999 0.5110145687500001 0.8879066859375 0.5121584515625 0.874832046875 0.509466421875 0.8653364828125 0.5047509296875 0.8521254640624999 0.49848693437499997 0.8454290375 0.48676818437499997 0.8451562812500001 0.4743631046875 0.8527283046875 0.466955225 0.859106515625 0.4626160046875 0.8684384296875001 0.461037446875 0.8864814296875 0.46352357812499995 0.89833043125 0.47292819531249997 0.9128402156250001
0 0.5093259890625 0.9944493890625001 0.5210447390625 0.9947221453124999 0.537180225 0.9780660609374999 0.537662359375 0.9770291828125 0.5401331468749999 0.9487879640625 0.53820119375 0.9440265421875 0.5302128500000001 0.934669728125 0.5245822515625 0.9319184203124999 0.5128635015625 0.9316456640625 0.5045934484375 0.9366936828125001 0.49454611406250004 0.9508712156250001 0.49294467812500004 0.9691757093750001 0.494211475 0.9770659515625001 0.503695390625 0.9916980828125 0.5093259890625 0.9944493890625001
0 0.567174278125 0.968266996875 0.5750854249999999 0.96088555625 0.5770139671875001 0.9567380390625001 0.5787628359375 0.9367483703125 0.5715667468750001 0.922809996875 0.5678892734375001 0.92010415 0.5581236484375001 0.919876853125 0.5520354968750001 0.9223554015625 0.5465807421875 0.9287790734374999 0.5446522 0.9329265890625 0.54290333125 0.9529162578125 0.5500994203125 0.9668546328125001 0.551523871875 0.9679027296875 0.567174278125 0.968266996875
0 0.55172945625 0.887824834375 0.5530106046875 0.8731812390625 0.5508007109374999 0.8626487921875 0.540981975 0.8533625953125 0.5328258703125 0.8531727609375 0.5228235625 0.8580672390625 0.5156544078125 0.8706647484375001 0.513771903125 0.8921818671875 0.5163478390625 0.8985304281250001 0.5189343625 0.9025210093749999 0.5280413328125 0.9078602609375 0.5285476984375 0.9078720468749999 0.5423718625 0.9030665234375 0.5500085171875 0.894073384375 0.55172945625 0.887824834375
0 0.52496934375 0.839133290625 0.5265362859375 0.8357634328125 0.528629590625 0.8118368437499999 0.5234037921875 0.801103190625 0.5043300953125 0.795418740625 0.493015965625 0.80170603125 0.488194609375 0.8120748234375 0.48682195000000006 0.8277643890625 0.48981309375000004 0.83831501875 0.49412396562499994 0.8449659890625 0.49998295312499996 0.8492769703124999 0.514261796875 0.8496093140625 0.52496934375 0.839133290625
0 0.573010953125 0.8375155718749999 0.573432821875 0.836608303125 0.57552040625 0.8127470890625 0.5752987171874999 0.8113662937499999 0.5638616765625 0.79668870625 0.5482366765625 0.7963250296875 0.5342830921874999 0.8104116453125 0.530957309375 0.8260557531250001 0.5352152484375 0.844496625 0.5378017703125 0.84848720625 0.53864805625 0.848611228125 0.561493375 0.8491429593750001 0.573010953125 0.8375155718749999
0 0.5140959796875 0.785576671875 0.5194121796875 0.7964960109375 0.5370984765625 0.7969076640625 0.5396624484375 0.7953426218749999 0.5472991046875 0.7863494828125 0.5497097828124999 0.7811650875 0.5508536640624999 0.7680904484375 0.5478625203124999 0.75753981875 0.5396454 0.7507979328125 0.5318329 0.7506160937499999 0.5257447484375 0.7530946421875 0.515926190625 0.7646572515625001 0.5140959796875 0.785576671875
0 0.554482446875 0.7534570171875 0.5533385640625 0.7665316546875001 0.554605359375 0.7744218968750001 0.565813625 0.791714415625 0.569645459375 0.7945338390625001 0.5864857390625 0.7949258015625 0.5870692234375 0.7948293953125 0.59906968125 0.780697321875 0.6038910375000001 0.7703285296875 0.6039969015625 0.7467487203125 0.5947417609375 0.7295016640624999 0.5873868140625 0.7240899703125 0.5776211890625 0.7238626734375 0.5693511359375 0.728910690625 0.5571219015625 0.7456576921875 0.554482446875 0.7534570171875
0 0.554775075 0.8820939624999999 0.564030215625 0.8993410203125001 0.57057021875 0.9041530859375 0.5879265 0.9045570578125 0.595280215625 0.900068371875 0.6096913515625 0.8807518999999999 0.6115215640625 0.859832478125 0.6100259921875 0.8545571640625 0.5934159046875 0.8318984125 0.5836502796875 0.831671115625 0.5775621281250001 0.8341496656249999 0.5594735187500001 0.8507602890625 0.554194609375 0.8663589375 0.554775075 0.8820939624999999
0 0.575980253125 0.714097196875 0.576562265625 0.7113594765625 0.57826093125 0.6919436375 0.578039240625 0.690562846875 0.572004021875 0.6812514921874999 0.556836575 0.6756579609375 0.544836115625 0.6897900359375 0.5415103328125 0.7054341421875 0.5442726999999999 0.7185997000000001 0.5485835703124999 0.7252506671875001 0.56202666875 0.7281838109375001 0.5702967218749999 0.7231357953125 0.575980253125 0.714097196875
0 0.612430446875 0.70785149375 0.6169552203124999 0.706009409375 0.6267737765625 0.6944468046875001 0.6284612515625 0.6908177265625 0.6314811015624999 0.6563006828125 0.6304342015625 0.6526079625000001 0.6261233296875 0.6459569921874999 0.617044034375 0.6378849125 0.608504578125 0.63573875625 0.6034891390625 0.6356220218749999 0.597512784375 0.63743031875 0.5835592015625 0.651516934375 0.5811485234375 0.6567013296875001 0.5785090687500001 0.664500653125 0.577136409375 0.6801902203125 0.57863198125 0.6854655328125 0.5878871218749999 0.702712590625 0.5915645953124999 0.7054184375 0.6059103765625 0.7076997359375 0.612430446875 0.70785149375
0 0.62234583125 0.626498609375 0.6317597671875 0.6083759546875 0.6324460968750001 0.6005311718749999 0.62991250625 0.5847506859375 0.6223817140625 0.570164015625 0.6150267671874999 0.5647523234375 0.6052611421874999 0.564525025 0.5930848390625 0.5694821234375 0.5832662828124999 0.58104473125 0.5784449265625 0.5914135218750001 0.5768434906250001 0.609718015625 0.58328333125 0.6255894203125 0.591500453125 0.6323313078125 0.5971310515625 0.6350826125 0.614937953125 0.6328768218749999 0.62234583125 0.626498609375
0 0.6190057203125 0.55282735625 0.624055853125 0.5398436390625 0.6251997359375 0.526769 0.6209417953124999 0.508328128125 0.616630925 0.5016771609374999 0.5999859296875 0.4961948078125 0.5990636125 0.49617334062499996 0.5914690765625 0.49847125937500003 0.5851521484375 0.5035647328125 0.5746472625 0.5229721234375 0.5730458265625 0.5412766171875 0.574312621875 0.5491668625 0.5786234921875 0.555817828125 0.5912030828125 0.5664460625000001 0.6013756124999999 0.56668283125 0.613550965625 0.5592510296875 0.6190057203125 0.55282735625
0 0.6233714265625 0.4403745671875 0.6257484359375 0.4394068625 0.6340942093749999 0.429578646875 0.6369785546875 0.39661044375 0.6288283953125 0.38183299375 0.625150921875 0.3791271484375 0.6136609484375 0.37623946406250003 0.605619671875 0.37867255312500003 0.5894841875 0.39532863749999997 0.5863871796875 0.40835781562499995 0.5874251984375001 0.4188629875 0.5949559890625 0.4334496578125 0.6021904703125001 0.43988157499999997 0.6233714265625 0.4403745671875
0 0.5801223171875 0.347424565625 0.59500805625 0.3674229296875 0.5957898359375 0.36771123906250003 0.6273822328125 0.36844655937500004 0.62821118125 0.368195740625 0.6364812343749999 0.3631477234375 0.6441178890625 0.35415458437499997 0.6456848296875 0.350784728125 0.6495625921875 0.3064617046875 0.646969071875 0.29919564374999996 0.6320833328125001 0.27919728125 0.624499609375 0.2764005140625 0.610827734375 0.2760822984375 0.6027864578125001 0.2785153890625 0.5945164046875 0.2835634046875 0.58687975 0.29255654375 0.5798764921874999 0.3054948046875 0.5771311734375 0.33687393593750004 0.5801223171875 0.347424565625
0 0.641059271875 0.2649624609375 0.6447545078125 0.2540434078125 0.645578103125 0.2446296703125 0.6438045906250001 0.2335833296875 0.6319099953125 0.224135596875 0.6201912453125 0.2238628390625 0.6119211921875001 0.22891085625000002 0.6021026359375 0.2404734640625 0.59946318125 0.2482727875 0.600043646875 0.2640078125 0.6091124109375 0.27564610156249997 0.6315437578124999 0.276168196875 0.641059271875 0.2649624609375
0 0.7170845484374999 0.171102453125 0.7250820890624999 0.17501032968750002 0.73753505625 0.17530017656250002 0.7441995218749999 0.17435381562500002 0.752469575 0.169305796875 0.76010623125 0.16031265781249998 0.7611910359375 0.157979678125 0.7646684390625 0.11823278125 0.762499859375 0.1105835734375 0.756464640625 0.10127221718749999 0.74910969375 0.0958605234375 0.72957844375 0.095405928125 0.721308390625 0.100453946875 0.713671734375 0.10944708750000001 0.7088503796875 0.11981587656249999 0.7070201671875 0.1407352984375 0.7110493296875 0.1617910984375 0.7170845484374999 0.171102453125
0 0.682269715625 0.31234459375 0.692553390625 0.2982618890625 0.6935906843749999 0.28640556875 0.6924229125 0.27458725156249997 0.6844345671875 0.2652304359375 0.6707626921875 0.2649122203125 0.666627665625 0.2674362296875 0.6580759046875 0.2868890796875 0.658885146875 0.30000917656250004 0.6629672421875 0.30927507187500003 0.6680691671875 0.313029015625 0.6776419 0.3132518234375 0.682269715625 0.31234459375
0 0.7699531000000001 0.14730795624999998 0.7746685921875 0.1605189734375 0.7880587593749999 0.1752420203125 0.79303168125 0.17815755625000002 0.81189380625 0.1785965765625 0.817355634375 0.1759239125 0.827174190625 0.16436130625 0.8344062250000001 0.1488081203125 0.8372252906250001 0.130007915625 0.8388724812499999 0.1111804359375 0.8385242015625 0.101739421875 0.8309934109375 0.08715275156249999 0.8236384640625 0.08174105625 0.8084710171875 0.0761475265625 0.794570365625 0.0784442390625 0.7802121609375 0.0859708046875 0.77475740625 0.092394475 0.7707173 0.1027814515625 0.7682922703124999 0.13049968437499998 0.7699531000000001 0.14730795624999998
0 0.9104348421875 0.1522184796875 0.9151851734375 0.09792194062500001 0.9059139671875001 0.0864509765625 0.880294565625 0.08847493125 0.8598482093750001 0.098480046875 0.8415308234375001 0.117705596875 0.83889136875 0.125504921875 0.8372899328125 0.143809415625 0.84395855 0.157065890625 0.8720132749999999 0.2003497359375 0.8883075953124999 0.200728990625 0.9104348421875 0.1522184796875
0 0.8067356125 0.21006916250000002 0.80331688125 0.20049117500000002 0.7971611515625 0.1939104875 0.785211725 0.1936323625 0.7768353046875001 0.20118493593750003 0.771151775 0.2102235328125 0.7693215625 0.23114295468749999 0.770817134375 0.23641826875 0.7804365640625 0.24832007968749997 0.7904741265624999 0.24855370781250002 0.7944304796874999 0.24613875937500002 0.804935365625 0.2267313703125 0.8054773421875 0.2244512640625 0.8067356125 0.21006916250000002
0 0.8258214453124999 0.21962847187499998 0.837305978125 0.200668959375 0.83846151875 0.18746106093749998 0.8374601609375001 0.182688546875 0.8331492890625001 0.1760375796875 0.8238412171875 0.1705804265625 0.8140755921875 0.1703531296875 0.8099405656249999 0.1728771359375 0.800122009375 0.18443974375 0.79874935 0.200129309375 0.8000161453124999 0.20801955468750002 0.8090839890625 0.219238903125 0.8258214453124999 0.21962847187499998
0 0.8171966203125001 0.3007752453125 0.82006485 0.29036099531250004 0.8209799562500001 0.279901284375 0.8179888125 0.269350653125 0.81195359375 0.2600392984375 0.8053250593750001 0.25516209375 0.7901099765625 0.2548079578125 0.7867917453125 0.256833396875 0.7739291125000001 0.2696352796875 0.76824558125 0.278673878125 0.76423346875 0.3021627671875 0.7719930359375 0.314134509375 0.785558803125 0.3267233890625 0.7890155953125 0.32680384687499997 0.8025567062500001 0.32270664375 0.808873634375 0.3176131671875 0.8171966203125001 0.3007752453125
0 0.8180105609374999 0.269102075 0.8257701281250001 0.28107381875000004 0.831400728125 0.283825121875 0.848978853125 0.2842342578125 0.8651143375 0.26757817500000003 0.8679825687499999 0.2571639234375 0.8676308796875001 0.23881397031249998 0.8661353078125 0.23353865625 0.8564226140625 0.2215214546875 0.850792015625 0.218770146875 0.8368913640625 0.22106685937499998 0.8264394093749999 0.22868434531249998 0.8183452015625001 0.2429073390625 0.816743765625 0.26121183281250004 0.8180105609374999 0.269102075
0 0.8155486218749999 0.2910904765625 0.81227576875 0.29494467968750004 0.817571728125 0.3238907234375 0.8199262078125 0.3275233 0.834075953125 0.3278526390625 0.84292854375 0.31536097500000004 0.84428849375 0.29981668125 0.8340451171875 0.28401283125 0.832993809375 0.28398836250000004 0.8155486218749999 0.2910904765625
0 0.79857548125 0.39058203593749996 0.8190218375 0.3805769203125 0.824476590625 0.37415325 0.8292979468749999 0.3637844578125 0.83067060625 0.3480948921875 0.8276794625000001 0.33754426249999997 0.816242421875 0.3228666734375 0.8086586984374999 0.3200699078125 0.794758046875 0.3223666203125 0.78648799375 0.3274146359375 0.7762118828125 0.34420709843749997 0.77392411875 0.37035637499999996 0.7831792578125001 0.3876034328125 0.78880985625 0.3903547390625 0.79857548125 0.39058203593749996
0 0.7198830390625 0.3712020359375 0.7241066625 0.372263528125 0.73769355 0.372579765625 0.7413674140625 0.37170209062500004 0.755320996875 0.35761547656250003 0.7564660703125 0.35515288749999996 0.759364771875 0.32202056562500003 0.7509930781249999 0.30641981875 0.7436381296875 0.3010081265625 0.73214815625 0.298120440625 0.7260600046875 0.300598990625 0.7123351984374999 0.3120706796875 0.705331940625 0.325008934375 0.7037305046875 0.3433134296875 0.7049972999999999 0.35120367343750003 0.7125280921875 0.3657903453125 0.7198830390625 0.3712020359375
0 0.6573244046875 0.4045314359375 0.6648551968749999 0.41911810781250003 0.67221014375 0.4245298015625 0.678018965625 0.4259896859375 0.6876760796875 0.42621445781249995 0.69174139375 0.4249843953125 0.7021933484375 0.417366909375 0.7076481015625 0.41094323906249997 0.7116257203125 0.4023889859375 0.714004996875 0.37519373906250003 0.711537303125 0.3664894671875 0.7072264328125 0.3598385 0.6998714859375 0.3544268078125 0.6942408875 0.3516755 0.6844752625 0.351448203125 0.6783871109375 0.353926753125 0.6600697234374999 0.37315230625 0.65743026875 0.3809516296875 0.656057609375 0.39664119531250003 0.6573244046875 0.4045314359375
0 0.764292503125 0.4267587640625 0.7668548000000001 0.397471575 0.7665556859375 0.3964165125 0.7587961171875001 0.38444476875 0.751622775 0.3791666984375 0.7356869890625 0.3787957890625 0.7240444890625 0.390186546875 0.7216338109375 0.3953709453125 0.720032375 0.41367543749999997 0.7269986484375 0.42835703281250004 0.7364136859375 0.43894911406250003 0.7436229015625 0.4416077703125 0.7443945109375 0.4416257296875 0.7520386859375 0.439312790625 0.7638103671875001 0.42779564218750005 0.764292503125 0.4267587640625
0 0.9245551765625001 0.2816294640625 0.9167956078125 0.269657721875 0.903933384375 0.26685131875 0.903245246875 0.2668353015625 0.887217025 0.2833806609375 0.8843487937500001 0.2937949125 0.8853868125 0.3043000828125 0.8883779562499999 0.3148507125 0.8964530546875 0.3214760734375 0.912348115625 0.321846034375 0.9196279562499999 0.3155780640625 0.9244493125 0.305209271875 0.9275463203125 0.2921800953125 0.9245551765625001 0.2816294640625
0 0.8667951437499999 0.3736372421875 0.8807487265624999 0.3595506234375 0.8851116781249999 0.352184453125 0.887430146875 0.325684228125 0.8727433328125 0.30564912031249997 0.8532120828125 0.305194525 0.8449420296874999 0.3102425421875 0.8370765984374999 0.3218506109375 0.8337508140625 0.337494715625 0.8347888328125 0.3479998875 0.8377799765624999 0.358550515625 0.8438151968750001 0.3678618703125 0.8531232687499999 0.37331902499999997 0.8667951437499999 0.3736372421875
0 0.852513953125 0.41126292031249995 0.8562561828125 0.406855965625 0.859353190625 0.3938267875 0.8580863953125 0.3859365421875 0.8520511765625001 0.3766251890625 0.8422855515625001 0.376397890625 0.8326957703125 0.38534556875 0.8302850921875 0.3905299671875 0.8289124328125 0.4062195328125 0.8318699031250001 0.410782425 0.852513953125 0.41126292031249995
0 0.83433863125 0.48129556406249996 0.8424581328125 0.47173381406250003 0.8436973625 0.4676357578125 0.8460022859375 0.4412903609375 0.8454322281250001 0.4377397515625 0.8342239625 0.4204472359375 0.824915890625 0.41499008281250005 0.813197140625 0.41471732499999997 0.8029739625 0.41971988437499996 0.7929266296875 0.4338974203125 0.7896008453125 0.449541525 0.7906388640625 0.46004669375 0.8023656328125 0.480551384375 0.83433863125 0.48129556406249996
0 0.763202553125 0.4951413953125 0.7695194812499999 0.4900479203125 0.775137646875 0.48175644531249995 0.7775323734375 0.4543846046875 0.7699599859374999 0.44027337656250004 0.7567456640625 0.4347253015625 0.742387459375 0.4422518703125 0.7345220265625 0.45385993593749996 0.7316537953125 0.46427418749999994 0.7324630375 0.47739428593750005 0.7339586109375 0.48266960000000003 0.7446819578125 0.49643128125 0.7592039171875 0.4967692828125 0.763202553125 0.4951413953125
0 0.7195555687499999 0.4907086609375 0.723603153125 0.44444455625 0.7128259406249999 0.43061375156250004 0.7063189171875 0.42821405625000003 0.7032686703125 0.4281430609375 0.6913415656249999 0.430113696875 0.6830715125 0.4351617140625 0.6708422781250001 0.451908715625 0.6687832890625 0.47544306562500005 0.670050084375 0.48333330781250006 0.6795340015625 0.4979654375 0.691581871875 0.5030237718749999 0.7032439609375001 0.5032952093749999 0.714919028125 0.49616878125 0.7195555687499999 0.4907086609375
0 0.666709946875 0.4750939640625 0.6698069546875 0.462064784375 0.6687689359375 0.4515596140625 0.6595137953125 0.4343125578125 0.6560179265625 0.43174033281249996 0.639910671875 0.43136543281249995 0.6341231703125 0.433721584375 0.624533390625 0.44266926250000005 0.6218939359375 0.4504685859375 0.6200637234374999 0.4713880078125 0.62133051875 0.47927825 0.6310432109375 0.49129545312499995 0.638252428125 0.49395410625 0.6505498843749999 0.49424033281249996 0.6544807109375 0.4918409671875 0.666709946875 0.4750939640625
0 0.6436027078125 0.5723627234374999 0.6663294343749999 0.57289169375 0.68101145 0.559931596875 0.68778593125 0.5496082624999999 0.6898974953125 0.54336880625 0.6919564828125 0.5198344578125 0.6892644531250001 0.5103388890625 0.6832292343749999 0.501027534375 0.668519340625 0.49020414843750004 0.662659965625 0.49006776875 0.6363542343749999 0.49993650624999997 0.6269720578125 0.5109852203125 0.6240894734375 0.5439333078125 0.6267815031249999 0.5534288734375 0.63626541875 0.56806100625 0.6436027078125 0.5723627234374999
0 0.7275098343749999 0.566487275 0.7450799203125 0.566896221875 0.7556792796875 0.55652605 0.7587762875 0.5434968718750001 0.7545183484375 0.525056 0.7502074765625 0.51840503125 0.740670628125 0.51556280625 0.73044745 0.5205653640625 0.7228107953125 0.529558503125 0.7204001171875001 0.5347429 0.71879868125 0.55304739375 0.7275098343749999 0.566487275
0 0.6725075687500001 0.612391846875 0.681991484375 0.627023975 0.6842072265625 0.6281066656250001 0.7022435 0.6285264640625 0.7136990375 0.6225214734375 0.7232888187500001 0.61357379375 0.7278813984375 0.6058199296875 0.730520853125 0.59802060625 0.7318935109375 0.582331040625 0.7306267156249999 0.574440796875 0.719647228125 0.554533353125 0.7159697546875 0.55182750625 0.70838603125 0.5490307421875 0.69666728125 0.5487579859375 0.686444103125 0.553760540625 0.67639676875 0.5679380765625 0.669164734375 0.583491265625 0.668020853125 0.596565903125 0.6725075687500001 0.612391846875
0 0.633684753125 0.65460109375 0.6373622265625001 0.6573069390625 0.6395605953125 0.6583811374999999 0.6583348765625 0.6588181140625 0.66625448125 0.6514287828125 0.6717869734375 0.6429980625 0.6747229390625 0.6094398234375 0.67404993125 0.60706593125 0.6660615875 0.5977091156250001 0.6623841140625 0.5950032703125 0.6467591140625 0.5946395953125 0.6384890609375 0.5996876109375 0.6286705031250001 0.6112502171875 0.6260310484375 0.6190495406250001 0.6248871671875 0.6321241796875 0.6261539625 0.6400144234375 0.633684753125 0.65460109375
0 0.796896015625 0.5456748359375 0.8045326703125 0.536681696875 0.804862603125 0.53570678125 0.8070804640624999 0.5103565125 0.80101399375 0.49860613750000005 0.7819402953125001 0.4929216875 0.768444265625 0.5017784468750001 0.763622909375 0.5121472390624999 0.7624790265625 0.525221878125 0.7639745984374999 0.5304971921875 0.7717341671875 0.5424689359375 0.780519240625 0.5489329015625 0.791152925 0.549180403125 0.796896015625 0.5456748359375
0 0.8064078671875 0.625419271875 0.8162793562499999 0.602066759375 0.8183383453124999 0.5785324109375 0.8168427734374999 0.573257096875 0.8039101593750001 0.5533041937500001 0.7990511609375 0.5509299171875 0.79690995625 0.55088008125 0.7583019546875 0.5601034078125 0.754166928125 0.5626274171875 0.7441195953124999 0.5768049515625 0.738611909375 0.595018525 0.73723925 0.610708090625 0.7600604015625 0.6518531734375 0.770021696875 0.656720609375 0.7720958640625 0.6567688859375 0.78809048125 0.6446448234375 0.8064078671875 0.625419271875
0 0.7137761499999999 0.65519474375 0.7238884999999999 0.6681722999999999 0.7343288375 0.6684153015625001 0.7412957453125 0.665006153125 0.7511143015624999 0.65344354375 0.7535249796875 0.6482591484375 0.7544400859375 0.6377994390625 0.7514489421875 0.6272488078125 0.7415074734375 0.617846534375 0.7317418484375 0.6176192359375 0.725653696875 0.6200977859375 0.7156063625 0.6342753203125 0.7137761499999999 0.65519474375
0 0.7038438921875 0.69042674375 0.71584435 0.67629466875 0.7167594562499999 0.6658349578125 0.71077716875 0.6447337015625 0.6949763234375 0.6351950484375 0.6828000203125 0.640152146875 0.6729814640625 0.6517147515625 0.670342009375 0.6595140749999999 0.6691981265625 0.672588715625 0.6706936984375 0.6778640296875 0.6828158 0.6938329125 0.6991481171875 0.6942130515625 0.7038438921875 0.69042674375
0 0.6162282953125 0.76297246875 0.6222635140625 0.7722838234375 0.63852685 0.78674298125 0.648515615625 0.786975471875 0.6662702828125 0.7837891046875 0.681086040625 0.7710326843749999 0.6865407953125 0.7646090109375 0.68804746875 0.7613687640625 0.6921845109375 0.71408215625 0.6913451015625001 0.70969553125 0.6838143109375 0.6951088578125 0.6710575421875 0.6843309328125 0.66542694375 0.681579628125 0.64980194375 0.6812159515625 0.6437137921875 0.6836945 0.6269449093749999 0.6964054625 0.616440021875 0.7158128515625 0.61392348125 0.74457705625 0.6162282953125 0.76297246875
0 0.5933402796875 0.8014451171875001 0.590700825 0.8092444406249999 0.5893281671875 0.82493400625 0.5923193109375 0.8354846359374999 0.6000788781249999 0.847456378125 0.6015090062499999 0.8485086515625 0.6219083109375 0.8489834500000001 0.6276514046874999 0.8454778828125 0.6396518640625 0.8313458078125 0.6444732203125 0.8209770171875 0.6436639765625001 0.80785691875 0.6406728328125 0.7973062875 0.6309601406249999 0.7852890859375 0.6214232921875 0.7824468625 0.6036163906249999 0.784652653125 0.5981616359374999 0.7910763249999999 0.5933402796875 0.8014451171875001
0 0.69045268125 0.8054603531250001 0.691039875 0.7987487062499999 0.6872786953125 0.78245926875 0.6829678234375 0.7758083015625 0.646667690625 0.7880646703124999 0.6433948390625 0.7919188734375 0.6450133234375001 0.8181590671875 0.65669628125 0.83100496875 0.6730218625 0.83138495 0.67839229375 0.8281068546875 0.6884396265625 0.81392931875 0.69045268125 0.8054603531250001
0 0.6651210375 0.844460828125 0.6628776796875 0.8365478562499999 0.6532715734375001 0.8246625296874999 0.652189178125 0.8246373374999999 0.633404959375 0.8266909874999999 0.6211734578125 0.8457008828125 0.6208906062499999 0.848933884375 0.620665240625 0.8604577484375 0.64171053125 0.8870207140625 0.6420191734375 0.8870278984375 0.6542200546875 0.8795805140624999 0.6596748078125 0.87315684375 0.663290825 0.8653802484374999 0.6651210375 0.844460828125
0 0.611966684375 0.9604419406250001 0.6178199953125 0.9647487437500001 0.6359602703125 0.9651709625 0.6510821171875001 0.9495612234375 0.6512629171875 0.94917239375 0.6544747765625 0.9124606749999999 0.6502028937500001 0.903686340625 0.642847946875 0.8982746468749999 0.6333110984375 0.8954324234375 0.623316696875 0.8978200515625 0.6150466437500001 0.9028680703124999 0.6095918890625 0.9092917390625 0.6047705328124999 0.9196605312499999 0.6029403203125 0.9405799546875 0.605931465625 0.951130584375 0.611966684375 0.9604419406250001
0 0.7070733875 0.9018179984374999 0.7063450703124999 0.890009909375 0.70030985 0.8806985546874999 0.6935178750000001 0.8757010890625001 0.676941521875 0.8753152703125 0.6633763203124999 0.8890098 0.65836135625 0.903828515625 0.6575377609374999 0.91324225625 0.659944671875 0.928233715625 0.6625311953125 0.9322242968750001 0.6766781171875 0.9426334546874999 0.6913134265624999 0.9429740953125 0.7026846453125 0.9318487531249999 0.70485425625 0.9271827968749999 0.7070733875 0.9018179984374999
0 0.7473755234375 1 0.7536254796875 0.9949605234375 0.7644094406249999 0.9801927109375 0.7666327328125 0.9547803703125 0.7661893546874999 0.952018784375 0.755209865625 0.9321113406249999 0.7348693734375 0.9185366484375 0.7290099984375 0.9184002703124999 0.720968721875 0.920833359375 0.71465179375 0.9259268359374999 0.7046044609375001 0.9401043703124999 0.70208791875 0.9688685749999999 0.703583490625 0.974143890625 0.7150205328125 0.9888214796874999 0.7289071609375 1 0.7473755234375 1
0 0.71249485 0.911433703125 0.717213184375 0.9169603296875 0.7399338078125 0.9174891578125 0.75746965625 0.9006893671875 0.7601620437500001 0.8811001390625 0.752402475 0.8691283953125 0.741141278125 0.8636257859375001 0.7291937515625 0.8659679546874999 0.7189705734375 0.8709705140624999 0.7135158203125 0.8773941828125 0.7084656875 0.8903779046875 0.7092749296874999 0.9034980015625 0.71249485 0.911433703125
0 0.72215211875 0.8726339203125001 0.7246307609375 0.8443028953124999 0.71927553125 0.833930153125 0.7136449328125 0.8311788468750001 0.7038793078125 0.8309515484375 0.69560925625 0.835999565625 0.6877438234375 0.8476076328125 0.6861423875 0.8659121265625 0.687637959375 0.8711874421875001 0.6936731796875 0.880498796875 0.711022528125 0.883522859375 0.72215211875 0.8726339203125001
0 0.79748316875 0.9063872859375 0.7900223578125 0.9245554 0.789458940625 0.953365065625 0.7937698125 0.9600160343749999 0.8045146328125 0.9690941093750001 0.8214700484374999 0.9694887515625 0.8284685093749999 0.966064159375 0.8380582890625 0.9571164796874999 0.8472434484375 0.9416087531249999 0.8493024374999999 0.9180744031250001 0.8465400703125001 0.904908846875 0.837056153125 0.890276715625 0.8314255546875 0.887525409375 0.8197068046875 0.8872526515624999 0.8094836265625001 0.8922552109374999 0.79748316875 0.9063872859375
0 0.757117428125 0.878430859375 0.764876996875 0.8904026 0.76970714375 0.8946969140625001 0.799293171875 0.8953855359375 0.8100276484375 0.8888332421875 0.82007498125 0.8746557062500001 0.8228304171874999 0.86720845 0.8257126203125 0.8342647203125001 0.8209730390625 0.8196513062499999 0.81493781875 0.8103399515625 0.7960928984375 0.8020405734375 0.7843741484375 0.8017678171875 0.7741509703125 0.8067703734375 0.7599686109375 0.8234719187499999 0.7551472546875 0.833840709375 0.752050246875 0.8468698890624999 0.7524019359375 0.8652198421874999 0.757117428125 0.878430859375
0 0.7533364359375 0.7667370796874999 0.752850375 0.765022603125 0.7374919156249999 0.7530357390625 0.7253284203125 0.7527526296875 0.7068375484375 0.7652617687500001 0.6989721171875 0.7768698359374999 0.693921984375 0.7898535546875001 0.692091771875 0.8107729765625 0.6933585671875 0.81866321875 0.7033000375 0.8280654921874999 0.734238928125 0.8312441125 0.736409071875 0.8312946218749999 0.7489839625 0.8164860796875001 0.7533364359375 0.7667370796874999
0 0.7343927031249999 0.7498322390625 0.7421686296875001 0.748982109375 0.7569843875 0.7362256875 0.7626679171874999 0.727187090625 0.76328731875 0.724581253125 0.765895371875 0.694771075 0.7656420125000001 0.6931930296875 0.7598355703124999 0.681266746875 0.74880315 0.6731492078125 0.7295006749999999 0.6700796859375 0.715142471875 0.677606253125 0.7053239140625001 0.6891688578124999 0.7045317203125 0.72059345 0.707522865625 0.7311440796875 0.721204878125 0.7495252890625 0.7343927031249999 0.7498322390625
0 0.7628892671874999 0.71906460625 0.7643848390625 0.7243399203124999 0.780447121875 0.7545214921875 0.7843906921875 0.76410935 0.7938746078125 0.7787414796875 0.8039900765624999 0.783684428125 0.8246411 0.7812194328125 0.8353313375000001 0.7919884578125 0.8514170875 0.8042235109375 0.8747191624999999 0.804765871875 0.8809715140625001 0.7932148828125001 0.8859121796875 0.7367428140625 0.88438863125 0.7056021109375 0.8904310234375 0.6850921890625 0.8923245484375 0.663449096875 0.8914267796875001 0.659170290625 0.8853915593749999 0.649858934375 0.8697665593749999 0.649495259375 0.8356097671875 0.6594402515625 0.816117078125 0.6587275625 0.7971344015625 0.6715898046875 0.783036865625 0.6789196328125 0.7669013812500001 0.695575715625 0.7642619265625 0.703375040625 0.7628892671874999 0.71906460625
0 0.8439833203125 0.6433254890625 0.8455275609375 0.625674728125 0.83819908125 0.6143680828125 0.8306153578125001 0.6115713140625 0.8121221265624999 0.621621890625 0.8088492734375 0.62547609375 0.8072478375 0.6437805875 0.81305428125 0.655706871875 0.81368535625 0.656171209375 0.8325706484375001 0.6566107703124999 0.8421753109375001 0.6472137874999999 0.8439833203125 0.6433254890625
0 0.8732773515625001 0.6873061828125 0.8818730796875001 0.6755349890625 0.88481181875 0.6419450546875 0.8822182968750001 0.6346789953124999 0.8759543015625001 0.62798256875 0.868370578125 0.625185803125 0.856651828125 0.6249130453125 0.8472908234375 0.6312457984375001 0.8374193343749999 0.6545983078125001 0.8367330046875001 0.6624430921875 0.842768225 0.6717544484375 0.867285790625 0.6871667265625 0.8732773515625001 0.6873061828125
0 0.9061338156250001 0.6090686953125 0.90659571875 0.6077038140625 0.9091408578125 0.57861274375 0.9058879890625 0.5671389328124999 0.89767086875 0.5603970453125 0.8923530796874999 0.5577985890625 0.8819364140625 0.5575561390625 0.87618649375 0.5598969921875 0.8622329093750001 0.5739836046875 0.857411553125 0.5843523984375001 0.85581011875 0.6026568906249999 0.8590300390625 0.6105925937500001 0.8704670796875 0.6252701828125 0.8757848656249999 0.6278686390625 0.8860930296875 0.6281085640625 0.8982683828125 0.6206767609375 0.9061338156250001 0.6090686953125
0 0.8194963578125 0.57958805625 0.8449412374999999 0.5801802921875 0.8502232125000001 0.5775956375 0.8622236703124999 0.5634635625 0.8637906109375001 0.56009370625 0.8661698875000001 0.5328984578125 0.86370219375 0.5241941859375 0.8539895 0.5121769859375 0.8464057781250001 0.50938021875 0.836411375 0.51176785 0.8240062968749999 0.519339875 0.8141877390625 0.530902484375 0.8117770609375 0.5360868812499999 0.809718071875 0.5596212281249999 0.8178822625000001 0.5781530203125 0.8194963578125 0.57958805625
0 0.8454221484375 0.5072012796875 0.8599663265625 0.5179027359374999 0.8720664640625 0.51818436875 0.886208996875 0.51077085625 0.8916637515625 0.5043471859374999 0.8978499609374999 0.492918390625 0.9003054968749999 0.4648515 0.8979636296875 0.45470901875 0.8919284109375001 0.44539766406250003 0.8769897406249999 0.437189203125 0.8691772406249999 0.437007365625 0.8570009375 0.441964465625 0.8495930578124999 0.44834267656250004 0.8375396671875001 0.47426465625 0.8366245609374999 0.4847243671875 0.8393869281249999 0.49788992500000007 0.8454221484375 0.5072012796875
0 0.88745174375 0.423035878125 0.895045421875 0.42321262343750005 0.9059433984374999 0.41942429375 0.9201257593750001 0.40272275156250004 0.9218414046875001 0.3976531921875 0.9244551765625 0.3677776421875 0.9235574062499999 0.3634988359375 0.9155690625 0.35414202031249997 0.904307865625 0.348639409375 0.8882253125 0.3535055875 0.8716322734374999 0.375391528125 0.868306490625 0.391035634375 0.8691157328125 0.4041557328125 0.8723356531249999 0.412091434375 0.8822771218750001 0.42149370781249995 0.88745174375 0.423035878125
0 0.9060682859375 0.26376964531249997 0.9305530375 0.264339534375 0.942967971875 0.2518062375 0.9453786484375 0.2466218421875 0.9483480359375 0.237847603125 0.9503498296874999 0.21496698749999998 0.9503058687499999 0.2126732421875 0.941050728125 0.1954261859375 0.9300183078125001 0.18730864687499998 0.9107158343749999 0.18423912343749999 0.9006685015624999 0.198416659375 0.8907970125 0.22176916875 0.8909199250000001 0.24273405 0.8984507171875 0.2573207171875 0.9038525390625001 0.26268695468750003 0.9060682859375 0.26376964531249997
0 0.9648696171875001 0.1714796 0.9651537937500001 0.1710276703125 0.9691141703125 0.1257603640625 0.9640433265624999 0.11381481093750001 0.95105778125 0.10565181093750001 0.94324528125 0.1054699734375 0.934975228125 0.110517990625 0.9249278953125 0.124695525 0.9226401296875 0.1508448015625 0.923906925 0.1587350453125 0.9366325109375 0.1783685390625 0.954367215625 0.17878131875 0.9648696171875001 0.1714796
0 0.97112161875 0.1514693921875 0.966490015625 0.21507416093749998 0.9724467593749999 0.2152128046875 0.9793161593749999 0.2060051671875 0.983079240625 0.162992959375 0.9823828156250001 0.15697200312499998 0.9741656953125 0.150230115625 0.97112161875 0.1514693921875
0 0.9809124640625001 0.2414467984375 0.9779401828125 0.23096270625 0.9643212390624999 0.2188545875 0.9604149890624999 0.2187636671875 0.954632775 0.2742940859375 0.9667967515625 0.27457720625 0.9771479890625001 0.2623872984375 0.9795282625 0.25726829218749997 0.9809124640625001 0.2414467984375
0 0.93791855625 0.370977328125 0.9637997625000001 0.37157971875 0.9701851937500001 0.36406005625 0.9743031703125 0.316991359375 0.9604554515625001 0.3074981671875 0.9467835765625001 0.30717995 0.9385135234374999 0.312227965625 0.928694965625 0.3237905734375 0.9260555109374999 0.3315898984375 0.924682853125 0.3472794625 0.9276739968750001 0.35783009374999997 0.93791855625 0.370977328125
0 0.9684141515625001 0.36640733281250004 0.954876415625 0.3735038109375 0.9485594875000001 0.3785972890625 0.9428759578125 0.3876358875 0.93977895 0.40066506406249996 0.9420837640625 0.4190604765625 0.9498433328125 0.4310322203125 0.9564321140625 0.4324698234375 0.9626218281250001 0.432613890625 0.9684141515625001 0.36640733281250004
0 0.9553766734375 0.515426390625 0.9625200796875 0.4337768875 0.9495806265625 0.43347571875 0.9349936453125001 0.44361721249999997 0.9295388906250001 0.450040884375 0.92425998125 0.46563953125 0.9228873234374999 0.48132909531249995 0.92415411875 0.4892193390625 0.938582303125 0.514447559375 0.9396265874999999 0.515059803125 0.9553766734375 0.515426390625
0 0.8977378515625001 0.5626209671875 0.9138470515625 0.5629959125 0.9290003109375 0.547353746875 0.9329779296874999 0.5387994921875 0.9334183234375001 0.5337657578125 0.9315168515625001 0.5185895421875 0.9254816328125001 0.5092781859375 0.9181266859375 0.5038664921875 0.9103141859375 0.5036846546875 0.89790910625 0.5112566796875 0.887861771875 0.525434215625 0.8847647656250001 0.5384633953125 0.8875271328125001 0.5516289515625 0.8918380031250001 0.55827991875 0.8977378515625001 0.5626209671875
0 0.9485179203125 0.5580306484374999 0.9358930890625 0.5317635468749999 0.9333065671874999 0.527772965625 0.9235409421874999 0.52754566875 0.9141799374999999 0.5338784203125 0.9089137015625001 0.6051544953125 0.9223587953125 0.6054674328125 0.9347133234375 0.6011727796875 0.9399393015624999 0.5973640375 0.9459670625 0.5871870921875 0.9485179203125 0.5580306484374999
0 0.9444182671875 0.6362075875000001 0.9317144296875 0.6136397578125 0.9213499578125001 0.608575315625 0.9195725109374999 0.6085339453125 0.901097828125 0.6168575265625 0.8958359671875 0.6770008640625 0.898422490625 0.68099144375 0.9015142921875 0.683266359375 0.9222897546875 0.6837499140625 0.9299012671875 0.6791038687500001 0.937537921875 0.6701107281249999 0.9423592781250001 0.6597419375 0.9449987328124999 0.6519426125 0.9444182671875 0.6362075875000001
0 0.906715071875 0.761671496875 0.91789240625 0.7548488828125001 0.923347159375 0.7484252109375 0.9279397390625 0.7406713500000001 0.9312919890625 0.7191322890625 0.932054578125 0.7104158625 0.9281514671875 0.6935117296875 0.9238405953125 0.6868607625 0.9164856484374999 0.6814490703125 0.9067200234374999 0.6812217734375 0.8923618187500001 0.6887483390625 0.8825432624999999 0.7003109453125 0.87967503125 0.710725196875 0.8892289281249999 0.7581121125 0.89130346875 0.7613127875 0.906715071875 0.761671496875
0 0.8740596500000001 0.8485896109375 0.8934560328125001 0.8490410671875 0.9016388375 0.8394047671875 0.908239065625 0.8215659890625 0.9100897734375 0.8004123140624999 0.904947571875 0.7792159703125 0.8971880046875 0.767244228125 0.8839736828125 0.7616961578125 0.8700730312499999 0.7639928703125001 0.8515798 0.77404344375 0.8415324656250001 0.788220978125 0.8388930109375 0.7960203031249999 0.8372915765625001 0.8143247984374999 0.8433267953125 0.8236361515624999 0.8740596500000001 0.8485896109375
0 0.862292490625 0.890394234375 0.8650937937500001 0.8852189296875 0.8671756593750001 0.8614230875000001 0.866128759375 0.8577303671875001 0.8618178890625 0.8510793984375 0.8525098171875 0.8456222468749999 0.8425154156250001 0.8480098765624999 0.8311695265625 0.8613711125 0.8289046390625 0.8872588953125 0.8299515390625001 0.8909516156249999 0.8372287999999999 0.8978341796875 0.8526211578125 0.898192440625 0.862292490625 0.890394234375
0 0.90426040625 0.9322736734375001 0.917953740625 0.9275136281249999 0.9212265921875 0.9236594265625 0.9267172296874999 0.8609011625 0.9206079 0.8543700781249999 0.9007069218750001 0.853906878125 0.890470028125 0.861367625 0.8780120171875 0.88072955625 0.8776773765625 0.9069242921875 0.8869325171875 0.92417135 0.8958249953124999 0.9320773375 0.90426040625 0.9322736734375001
0 0.8765872625 0.9652424015625 0.877223396875 0.961326828125 0.8794056703124999 0.9363833234375001 0.8732973609375 0.9245519124999999 0.8696198875000001 0.921846065625 0.8600830390624999 0.9190038421875 0.8520417625000001 0.9214369296875 0.8380881796875 0.935523546875 0.8437014484375001 0.9825316468749999 0.8592653296874999 0.9828939 0.862404903125 0.9819439437499999 0.8719946828125 0.9729962640625001 0.8765872625 0.9652424015625
0 0.9081579874999999 0.9927822390625 0.9114308390625 0.9889280359375 0.9162521953124999 0.9785592453125 0.9180824078125 0.9576398234375001 0.9155488171874999 0.9418593375000001 0.907560471875 0.9325025234375 0.8921642484375001 0.929523921875 0.885688878125 0.9929030046875 0.9061824140624999 0.9933799984375 0.9081579874999999 0.9927822390625
0 0.9258355515625001 0.8530829640625001 0.92922144375 0.8143820343750001 0.928186834375 0.8127858015625 0.912561834375 0.812422125 0.9071070812500001 0.818845796875 0.9022857249999999 0.8292145890624999 0.9009130656250001 0.8449041546875 0.9034995890624999 0.8488947343750001 0.9144731765625 0.8557929734374999 0.9202228359375001 0.8559267984375 0.9245264109375 0.8546246453125 0.9258355515625001 0.8530829640625001
0 0.9338195953125 0.777494975 0.9293328796875 0.7616690265625 0.92284010625 0.757587528125 0.9176501234375 0.8057651015625 0.9220007984375 0.8058663640624999 0.9300362578125 0.7983689328125 0.9324469359374999 0.7931845390625 0.9338195953125 0.777494975