0 0.1464732421875 0.6699449078125 0.15202452187499998 0.65226005625 0.151383228125 0.6155203218749999 0.1432420921875 0.5967382953125 0.130295740625 0.5824300515624999 0.1227334734375 0.5774696671874999 0.1210455890625 0.5774794859375 0.106812596875 0.57995148125 0.099045740625 0.582611859375 0.07688148593750001 0.5997395640625001 0.07520222343750001 0.61544049375 0.0760238109375 0.6625091921874999 0.0890158078125 0.6794323624999999 0.10242683125 0.6869739140625 0.1227232546875 0.6868558328125001 0.1436120203125 0.6738843453125 0.1464732421875 0.6699449078125
0 0.170734715625 0.6240701640624999 0.1972881796875 0.6239156796875001 0.1980131 0.623585371875 0.2165786125 0.5905259234375 0.21597155156249997 0.5557473859375001 0.215358228125 0.5541818390625 0.19641556875 0.532062903125 0.18851178125 0.5268784984375 0.169026175 0.5296070546875 0.15167626875 0.5427839609375 0.145273946875 0.5676655421875 0.143549040625 0.58075154375 0.151863621875 0.609470296875 0.15686054375 0.6159792109375 0.170734715625 0.6240701640624999
0 0.2591396453125 0.6116801171875 0.2608482046875 0.6200387953125001 0.2690258546875 0.640912765625 0.28401662031249997 0.6604395015625 0.2879685140625 0.6630317031249999 0.2960821359375 0.6639700390625001 0.31372989375000004 0.6638673671875 0.32307912031249997 0.6602122421875001 0.34038338281249997 0.6444204109375 0.3527363671875 0.62473459375 0.3559233578125 0.6058866609375 0.355850328125 0.6017027765625 0.3520060671875 0.5828957499999999 0.3438740609375 0.5646367078125001 0.338877140625 0.558127796875 0.332926478125 0.5529320296875 0.315211421875 0.5451895125 0.297587653125 0.5426768531249999 0.276285853125 0.5532615562500001 0.2657947046875 0.567706153125 0.2587197234375 0.5876227843749999 0.2591396453125 0.6116801171875
0 0.178183809375 0.7521018796875001 0.189993846875 0.7572635578125 0.1956756125 0.7583137078125 0.2056868796875 0.7582554640625 0.21720066562499998 0.7492596890625001 0.22769181249999998 0.734815090625 0.2314154875 0.7243326578125 0.23082211875 0.6903385953125001 0.22673329375 0.679901609375 0.21578570937500002 0.6681969343749999 0.20397567187500001 0.6630352562499999 0.18639754687500001 0.663137521875 0.172862603125 0.67106184375 0.16237145625 0.6855064421875 0.16050961875 0.6907476609375001 0.16110298750000002 0.7247417234375 0.16728186875 0.743012128125 0.178183809375 0.7521018796875001
0 0.266561490625 0.77821586875 0.3000129671875 0.778021253125 0.30761145624999997 0.7728297937499999 0.3194418140625 0.7539768390625 0.31881583281250003 0.7181143359375 0.310285325 0.702204021875 0.30238153749999996 0.69701961875 0.29452339375 0.694450140625 0.26522651875 0.694620584375 0.25750530625 0.6998958953125001 0.24701415937500001 0.7143404921875 0.24147429062499998 0.732679075 0.243792565625 0.753587134375 0.2548314375 0.7705216671875 0.266561490625 0.77821586875
0 0.36784593125 0.5951143765625 0.374768209375 0.604131228125 0.405798940625 0.6039506953125 0.42157969062499995 0.5961093609375 0.43016335625 0.58429105 0.43492501875 0.5661313406249999 0.434638984375 0.5497444625 0.43311108750000005 0.5293548453125 0.43102103124999996 0.521521425 0.41194144218749995 0.4915577046875 0.4040832984375 0.48898822812500004 0.3787839609375 0.4943658015625 0.36061724375000004 0.516700634375 0.350105753125 0.5411702578125 0.3502822421875 0.5512813125 0.3557163875 0.5716482046875 0.36784593125 0.5951143765625
0 0.39450444687499997 0.7134025125 0.4054285328125 0.7059389296874999 0.41521589687500005 0.6903417046875 0.41486702343750004 0.67035475 0.4032424109375 0.6366490265625 0.3943392390625 0.6301628421875 0.37081045156250003 0.6250693421875 0.3591829890625 0.630367375 0.3486918421875 0.6448119718750001 0.3449681671875 0.6552944093749999 0.3452876734375 0.673598903125 0.3575085046875 0.7022949296875 0.36992079218749996 0.7135455359375 0.39450444687499997 0.7134025125
0 0.35139845468750003 0.816659621875 0.357531646875 0.8198784031249999 0.386394490625 0.8197104843749999 0.39241407968750003 0.8164210000000001 0.40676583437499997 0.7993387484375 0.41064374218750005 0.786501740625 0.4101051453125 0.75564559375 0.40780608437500004 0.74702883125 0.398811625 0.7353127921875 0.38500281875 0.7275475484375 0.36733340625 0.722419959375 0.35952090625 0.7224654109374999 0.3479390875 0.7303783734375 0.331771140625 0.7553167703125 0.330228809375 0.77886248125 0.334363278125 0.791914396875 0.35139845468750003 0.816659621875
0 0.44043210625 0.8032981359375 0.44586718125 0.8068632125 0.46767306093750005 0.8067363500000001 0.48921458749999996 0.800399134375 0.495982059375 0.7964369734375001 0.499614446875 0.7807246796875 0.5010308875 0.7723478218750001 0.5006086828125 0.748159740625 0.492796553125 0.7258452875 0.47776014531250005 0.7037036249999999 0.45999944531250003 0.6933461796875 0.45218694531250003 0.69339163125 0.4327926265625 0.7013500453125 0.416533390625 0.7210585859374999 0.411703653125 0.757699390625 0.41182232812499997 0.7644982031249999 0.413676946875 0.78122465 0.44043210625 0.8032981359375
0 0.4083962953125 0.6605432171875 0.419389521875 0.6748628234375 0.43515145312500003 0.682616703125 0.454773990625 0.6877329296875 0.46835457812500003 0.6824235328125 0.4866061484375 0.662152340625 0.4857808671875 0.6148719578125 0.4837009390625 0.6104164375 0.4667570484375 0.5909010640625 0.45889890468749994 0.5883315875 0.43546140468749994 0.58846794375 0.4257414234375 0.5911396859375 0.41520463281250003 0.6029693578125 0.4095734765625 0.616078084375 0.4060323765625 0.63702023125 0.4063518828125 0.655324725 0.4083962953125 0.6605432171875
0 0.5739227921875 0.7966163374999999 0.5805533328125 0.78480939375 0.5809074421875 0.7827151796875 0.5803232031250001 0.74924410625 0.5758254953125 0.7377634203125 0.5677847765624999 0.724734234375 0.5628334984375 0.7208402515625 0.557941809375 0.718702296875 0.53997065 0.71880685 0.5335366234375 0.7210106953125 0.5258154109375 0.7262860015625 0.5037880890624999 0.7512584875 0.5040163078125001 0.7643331265625 0.5102864765625 0.7878333875 0.5153290421875 0.7969572265625 0.5311366171875 0.8073260343750001 0.53602830625 0.8094639890625001 0.5477378921875 0.8093958640625001 0.5739227921875 0.7966163374999999
0 0.514623015625 0.6893655062499999 0.5184673515625 0.6908040953125 0.54957569375 0.6906231125 0.5594536031249999 0.683874303125 0.5660385 0.66945243125 0.56785469375 0.6615962828125 0.5673526125 0.63283208125 0.56526255625 0.6249986578125 0.5591749625 0.6119581078125 0.552179271875 0.60284563125 0.524607303125 0.589930075 0.517885475 0.5965071656250001 0.49894759375 0.630614853125 0.49708575625 0.6358560703125 0.49754219375000003 0.6620053484375 0.5036297875 0.6750459 0.514623015625 0.6893655062499999
0 0.4705378140625 0.5473199578125 0.47871546406250004 0.5681939296875 0.48770992343749997 0.57990996875 0.4956593546875 0.5877093 0.504072496875 0.5924403468749999 0.5274637015625 0.5923042609375 0.5337224703125 0.5861802609375 0.5412611078125 0.570445240625 0.5486171703125 0.5442505140625 0.5483433078125 0.528560946875 0.5462076078125 0.5181125984375 0.5441175515625 0.510279178125 0.5350318046875 0.49333328437499996 0.5290811421875 0.48813751562499996 0.5036905171875 0.488285234375 0.4882024484375 0.49622091875 0.4766662734375 0.506748809375 0.4738506953125 0.5133031734375 0.47021830781249996 0.5290154640625 0.4705378140625 0.5473199578125
0 0.556599503125 0.6211131187500001 0.5679105453125 0.63325061875 0.57797698125 0.6422118859375 0.59744493125 0.6447515265625 0.6175574234375001 0.6387981421875 0.6359297578125 0.619731603125 0.6452845890625001 0.5961404406249999 0.646197675 0.5841052390625 0.645984290625 0.5718804515625 0.6406023953125 0.5517093953125001 0.6215684484375 0.524360603125 0.6018546234375 0.514014521875 0.5881827484375 0.5140940625 0.5707871984375 0.524656040625 0.5488055203125 0.5522434546875 0.5433569390625 0.5758118921875 0.5435851578124999 0.58888653125 0.5477196265625001 0.6019384421875 0.556599503125 0.6211131187500001
0 0.5624072953125 0.6852325140625 0.5687231078125 0.7113477031250001 0.5817151046875 0.728270875 0.589383825 0.7325833 0.620206825 0.7324039765625 0.6247294984375 0.730635815625 0.6390356078125 0.7109386359375 0.6445298328125 0.6899851265625 0.6422572015625 0.671691996875 0.6359870328125 0.6481917375 0.6329888796875001 0.6442863890625 0.6270838609375 0.64170555 0.5781644484374999 0.6367597671875 0.5640409140625 0.666916659375 0.5624072953125 0.6852325140625
0 0.5982128390625 0.4760331375 0.6018452265625001 0.46032084375000004 0.6017082953124999 0.4524760625 0.5927138359375 0.44076001875 0.5788593859375 0.43037985 0.5714863140625 0.4279689828125 0.5513177984375 0.42808632031249993 0.5428406828125001 0.4371273828125 0.5315327265625001 0.460729909375 0.5316696578125 0.46857469218750003 0.5417547875000001 0.48682237187500005 0.5507492468749999 0.49853841406250005 0.5642739234375 0.506143878125 0.5651580484375 0.506138734375 0.574278034375 0.503631915625 0.59444351875 0.483900646875 0.5982128390625 0.4760331375
0 0.6925094359374999 0.5068022812499999 0.6977225812500001 0.4921268703125 0.6976495515625001 0.48794298593749996 0.6936409734375 0.4597222203125 0.6885984078125 0.45059838125 0.6690378031249999 0.4352147390625 0.6507845234375 0.43532093281249995 0.6454014390625 0.4377737265625 0.6357727453125 0.445675325 0.623799853125 0.4647554234375 0.6242394375 0.4899391890625 0.6279193796875 0.499332475 0.6389582515625001 0.516267009375 0.6468620390625001 0.5214514125 0.6622347859375 0.5290138375 0.6745010359375 0.528942475 0.6925094359374999 0.5068022812499999
0 0.6243860812500001 0.733342603125 0.6264761375 0.7411760234375 0.6589128734374999 0.8089823359375 0.6679529765625001 0.8233133046875001 0.6694788468749999 0.8243141828124999 0.7300590484375 0.8239617375 0.7458041140625 0.8071692203125 0.7562496171875 0.7901096953125 0.7632259671875 0.75335179375 0.7622099375 0.6951435046875 0.7603288874999999 0.6880934265625 0.7542869375000001 0.6776678046875 0.7472912468749999 0.668555328125 0.737388690625 0.6607673593750001 0.721672403125 0.65562840625 0.676750528125 0.6558897546875 0.657401853125 0.6664630953125 0.6334670499999999 0.694061871875 0.62606534375 0.7176416734375 0.6243860812500001 0.733342603125
0 0.6474283484375001 0.6042528859375 0.6495184046875 0.612086303125 0.6596948234375 0.6355638375 0.6666905140625 0.6446763140625 0.6765930703125 0.6524642843749999 0.683245034375 0.6539042984375001 0.714321425 0.6537235 0.7176086953125 0.6522256625 0.7252842640625 0.644335425 0.7338222859375 0.6299021921875 0.7373638640625 0.61458270625 0.736872053125 0.586406859375 0.7349081796875 0.580207203125 0.7259137203125 0.5684911609375 0.6981135328125 0.5425009640625 0.6862578515625 0.5347243609375 0.6823516015625 0.5347470859375 0.6746303890625 0.5400223953125 0.6573261265625 0.5558142265625 0.6488793921875 0.5754773156249999 0.6471544859375 0.58856331875 0.6474283484375001 0.6042528859375
0 0.6965140484375001 0.50122411875 0.694920553125 0.510648084375 0.6949798890625 0.514047490625 0.6971074171875 0.5352181781249999 0.71014505625 0.5547562765625 0.729858178125 0.5676868828125 0.7494886875 0.5675726765625 0.7765056625 0.5517550078125 0.785134971875 0.542551628125 0.7935132421875 0.5189661453125 0.7931480921875 0.4980467234375 0.7918520234375 0.4797479125 0.7856731421875 0.46147750624999995 0.7766786828125001 0.44976146562499997 0.7628242328125 0.4393812953125 0.7471992328125 0.43947219843749996 0.7336186453125 0.44478159531249994 0.7239443078125001 0.45006826406249995 0.7124081328125 0.460596153125 0.7057319484375 0.4697881703125 0.6965140484375001 0.50122411875
0 0.7973487125000001 0.5260791125 0.777365803125 0.5562700921875 0.775503965625 0.5615113093749999 0.778141746875 0.6007238625 0.79713005 0.6254577265625 0.8030350687500001 0.6280385671875 0.8082301734374999 0.629737275 0.8280471609375001 0.629621984375 0.84005315625 0.622592815625 0.852497428125 0.608136853125 0.8599447781249999 0.5871719796875 0.8614871093750001 0.56362626875 0.859305765625 0.5505629921875 0.8531268843750001 0.5322925875 0.8481299625000001 0.5257836765625 0.83627428125 0.5180070703124999 0.80893053125 0.5181661515625 0.7973487125000001 0.5260791125
0 0.8082174078125 0.73443548125 0.8370726296875001 0.73426760625 0.8450764296875001 0.7257313484375 0.8562930984375001 0.6968989671875 0.8574142874999999 0.6883930656249999 0.8569521453125001 0.661916921875 0.8514739734375001 0.6446231390625 0.8424795140624999 0.632907096875 0.8385276203125 0.6303148984375 0.7955588703124999 0.6305648828125 0.7774377984374999 0.6555146421875 0.7718522859375 0.6712382953125 0.7743531359375 0.702606065625 0.7873907765625 0.7221441640624999 0.7933414390625 0.7273399296874999 0.8082174078125 0.73443548125
0 0.78201911875 0.8095955140625 0.8095226203125 0.809435503125 0.8105414171875 0.8090865359375 0.8182626296875 0.8038112281249999 0.8233651421875001 0.7967859015625 0.82298858125 0.7752127468750001 0.8202109765625 0.7475732374999999 0.8052658546875 0.7306614312499999 0.7935471046875 0.730729609375 0.7857802484375 0.7333899859375 0.7741984296875 0.7413029484375 0.7637529265625 0.7583624734375001 0.7641637203125 0.781896825 0.7702513140625 0.7949373734375 0.7812445421875001 0.8092569796875001 0.78201911875 0.8095955140625
0 0.8798127812500001 0.8215278375 0.8914845109374999 0.8214599328125001 0.8981970984375 0.8202940875 0.9175457734375 0.809720746875 0.9357124890625 0.7873859140625 0.9429772640625 0.7559613296875 0.9422926078125 0.7167374125 0.9352512734375 0.705010009375 0.9213511796875 0.6920149109375 0.9037730546875 0.692117178125 0.8843330921874999 0.6974606624999999 0.8546758453125 0.7329383140625 0.8490903328125 0.7486619671875 0.8498206328125001 0.790500809375 0.8539094578125 0.8009377953125 0.8629039171875 0.8126538359375 0.8798127812500001 0.8215278375
0 0.9085254218750001 0.679158853125 0.9261285078125001 0.6747526703125 0.9377103265625 0.6668397109375 0.9500633109375001 0.64715389375 0.9594637859375 0.62617765625 0.9587334859375 0.5843388125 0.9526002484375 0.5686833359375 0.9297969828125 0.5492020515625 0.9143658625000001 0.5416109109375 0.9134845359374999 0.5416160375 0.8790613765625 0.5521124171875 0.8648009109375 0.574424525 0.8611228796875 0.5875218890625 0.8593066859375 0.5953780359375 0.8598544109375 0.6267571671875001 0.8660332921875 0.6450275734375001 0.8720752421875 0.65545319375 0.8810240578125 0.6645543078125 0.9033351828124999 0.6791890484375 0.9085254218750001 0.679158853125
0 1 0.6883700687500001 0.981318153125 0.6640353890624999 0.9616499718749999 0.6563042343750001 0.9499312218749999 0.6563724125 0.9460706156249999 0.6590100671875 0.9470339125 0.770150175 0.9520185140624999 0.7726653375 0.97845209375 0.7725115515625001 0.998631971875 0.7606968109375 1 0.758813259375 1 0.6883700687500001
0 1 0.546126421875 0.9879045906249999 0.5601771234374999 0.984409134375 0.5837342 0.986864340625 0.612487040625 0.992997578125 0.62814251875 0.9999932687499999 0.6372549953125 1 0.6372585281250001 1 0.546126421875
0 0.8242928624999999 0.46945516875 0.82470365625 0.49298951718749995 0.8308825375 0.5112599234374999 0.8398769968750001 0.5229759671875 0.8517326781250001 0.530752571875 0.8945644968750001 0.5226578046875 0.898425103125 0.5200201484375 0.9051012875 0.51082813125 0.91241170625 0.4820184765625 0.9142279 0.474162328125 0.91177269375 0.4454094859375 0.8987806968750001 0.4284863171875 0.8809743531249999 0.4155139484375 0.8575368531249999 0.41565030312499995 0.8382338218750001 0.42883856875 0.8316032812499999 0.44064551406249997 0.8242928624999999 0.46945516875
0 0.8213654437500001 0.3968634578125 0.8283611343749999 0.40597593437499996 0.8418461578124999 0.4170201234375 0.875171053125 0.4168262453125 0.881232440625 0.4135139203125 0.9032141203125 0.3859265046875 0.9081076703125 0.3697274234375 0.9073914437499999 0.32869485 0.9039805078125 0.317927021875 0.8870366171875 0.298411646875 0.8712746859375 0.2906577703125 0.8536509171875 0.2881451109375 0.8324860484375 0.306574596875 0.8201330640625001 0.326260409375 0.8145931953125001 0.34459899374999997 0.8127770015625 0.35245513906250003 0.8131421515625 0.373374559375 0.8213654437500001 0.3968634578125
0 1 0.44250735781249995 0.9918807453125 0.42427694687499995 0.9788887484375 0.4073537765625 0.9611736921875 0.3996112609375 0.9455486921875 0.3997021640625 0.9319681046875001 0.405011559375 0.9214313140625 0.41684123125 0.9233483515625001 0.52666819375 0.9263465046875 0.5305735406250001 0.9540097609375 0.5487189531250001 0.9695891171875 0.546013121875 0.9917077265625001 0.526270490625 1 0.50639385625 1 0.44250735781249995
0 1 0.3105734140625 0.9903448515625 0.2859280375 0.9878844265625 0.2848526859375 0.9898490734375001 0.3974071640625 0.9908953781250001 0.3974010765625 1 0.3665618671875 1 0.3105734140625