0 0.22529419805360038 0.31733929803407823 0.044590868837748675 0.08840255409569905
0 0.1858258454690428 0.3885610801665319 0.05690316742581527 0.1013156175853938
0 0.16416392348435999 0.3074391122989855 0.0530438439055537 0.10743206677218975
0 0.11781652463305226 0.27764396371091127 0.040751834341098726 0.06804743149574026
0 0.15126821541160815 0.39112379051223084 0.03477070626994365 0.06933326032591332
0 0.09424713155711181 0.2261640317367422 0.04230926298659989 0.08220474623907634
0 0.2287844437460044 0.43402669286122875 0.09269862983806902 0.16775897150460217
0 0.5078428397893934 0.8043031227903338 0.08560395770979738 0.09290493336788863
0 0.47113424872366433 0.6987039921489482 0.07889230940890375 0.08794076219806186
0 0.4171569799297912 0.6675736640939874 0.13183342120293826 0.17201204965017744
0 0.32996138018505833 0.5276282771843958 0.11051519052728445 0.186963612570829
0 0.26494513021696425 0.6642166465430102 0.06718370662492176 0.09684586857508855
0 0.21311883685385075 0.621344836434738 0.07186233197989988 0.12355148893171126
0 0.25328726892149683 0.5641173581423503 0.0948622805001614 0.11799197505104324
0 0.1526277674856315 0.6059759006996452 0.035521519128909995 0.07908751929925764
0 0.17210829492660257 0.5392286698999751 0.053806067537493396 0.087308151235435
0 0.10484976892149685 0.5684364482715051 0.04873682168953573 0.0980609533022804
0 0.14708801311422365 0.4535328622989855 0.06254313220325614 0.09544562801854858
0 0.09774750733885634 0.47599053549766596 0.04668984463146286 0.09303786195232178
0 0.07202712440969106 0.556155408617204 0.04075944542916528 0.08060246514578147
0 0.0902089596362409 0.4139224445105814 0.0516804596960768 0.09493490827885367
0 0.11907463158901774 0.36013821496455256 0.05005581464582152 0.09352509817889487
0 0.054241011678358285 0.49516408432316694 0.0481153720883869 0.09191145105894431
0 0.022395593670225946 0.5163858664556206 0.04479118734045189 0.0947406408022804
0 0.044257254435219745 0.4207096536026391 0.04748250810864846 0.08566429256560823
0 0.06449874285257924 0.32746811896290307 0.040722666165444864 0.08361844286912579
0 0.04138591770899271 0.3320335985089319 0.04145445445915903 0.08821396963245362
0 0.05096385121250413 0.23676656261555457 0.05652268964183329 0.110550338735435
0 0.011529766552327647 0.25147993197416907 0.023059533104655295 0.09651370585902681
0 0.0016550648392604614 0.34456234224072574 0.003310129678520923 0.07880307506924948
0 0.007512529856011199 0.4900650588546309 0.015025059712022398 0.11812879016556703
0 0.011051618095880426 0.45291439984171544 0.022103236191760852 0.05669686800604534
0 0.011098230038486163 0.40651677296125366 0.022196460076972326 0.07291005988547639