0 0.2568359375 0.9047649796874999 0.2666015625 0.9021500515625 0.2744140625 0.8969201968749999 0.2822265625 0.8890754125000001 0.291015625 0.8746933109375 0.291015625 0.8642336 0.2890625 0.8590037453124999 0.2802734375 0.8498514984375 0.2607421875 0.85769628125 0.25 0.8694634562499999 0.24609375 0.8773082390625 0.24609375 0.8903828765625 0.248046875 0.8956127328125 0.2568359375 0.9047649796874999
0 0.2783203125 0.8263171484375 0.2841796875 0.8289320765625 0.3095703125 0.8289320765625 0.3271484375 0.82108729375 0.3447265625 0.8053977265625001 0.357421875 0.7884006968749999 0.3671875 0.7648663484375 0.37109375 0.738717071875 0.36328125 0.720412578125 0.3486328125 0.703415546875 0.3310546875 0.6929558375 0.3232421875 0.6929558375 0.3154296875 0.6955707640625 0.2861328125 0.7164901859375 0.26953125 0.738717071875 0.2578125 0.7622514203125 0.255859375 0.7700962031249999 0.2578125 0.7857857703125 0.26953125 0.8145499734375001 0.2783203125 0.8263171484375
0 0.1806640625 0.7347946796875 0.2158203125 0.763558884375 0.2412109375 0.7661738125 0.2568359375 0.7530991734375 0.279296875 0.71779765 0.296875 0.6811886625 0.296875 0.660269240625 0.2529296875 0.617122934375 0.2333984375 0.617122934375 0.2177734375 0.6223527890625 0.1923828125 0.6432722109375 0.177734375 0.66288416875 0.173828125 0.6733438796875 0.171875 0.6811886625 0.171875 0.71779765 0.173828125 0.7256424328125 0.1806640625 0.7347946796875
0 0.2939453125 0.6537319218750001 0.3134765625 0.6537319218750001 0.3291015625 0.6458871390625001 0.33984375 0.6288901078125 0.34375 0.6184303984375 0.34375 0.5948960484375 0.33984375 0.581821409375 0.3310546875 0.5700542359375 0.3115234375 0.559594525 0.2939453125 0.562209453125 0.2900390625 0.5648243796875 0.27734375 0.581821409375 0.26953125 0.60274083125 0.267578125 0.623660253125 0.271484375 0.63934981875 0.2841796875 0.65111699375 0.2939453125 0.6537319218750001
0 0.3583984375 0.6223527890625 0.3662109375 0.617122934375 0.373046875 0.6079706875 0.376953125 0.5948960484375 0.375 0.581821409375 0.3681640625 0.5726691625 0.3564453125 0.5752840906250001 0.349609375 0.581821409375 0.345703125 0.5922811203125 0.345703125 0.6184303984375 0.3505859375 0.6223527890625 0.3583984375 0.6223527890625
0 0.3251953125 0.6903409093749999 0.3369140625 0.6877259812500001 0.3447265625 0.6824961265625 0.35546875 0.660269240625 0.35546875 0.644579675 0.3447265625 0.6301975718749999 0.3369140625 0.6328125 0.3173828125 0.65111699375 0.310546875 0.660269240625 0.3125 0.678573734375 0.3193359375 0.6877259812500001 0.3251953125 0.6903409093749999
0 0.4169921875 0.7740185953125 0.4365234375 0.7714036671875 0.4599609375 0.7530991734375 0.46875 0.7413319984375 0.48046875 0.71779765 0.486328125 0.696878228125 0.486328125 0.6733438796875 0.484375 0.66288416875 0.4736328125 0.6458871390625001 0.4638671875 0.6406572828125 0.4384765625 0.6406572828125 0.4169921875 0.6537319218750001 0.400390625 0.6759588062499999 0.384765625 0.71256779375 0.3828125 0.7439469265625 0.384765625 0.7517917093750001 0.3916015625 0.763558884375 0.4169921875 0.7740185953125
0 0.3349609375 0.5648243796875 0.3564453125 0.5648243796875 0.3701171875 0.556979596875 0.3759765625 0.5517497421875001 0.3828125 0.5399825671875 0.388671875 0.5190631453125001 0.38671875 0.5007586515625 0.380859375 0.4824541578125 0.3759765625 0.4759168390625 0.3681640625 0.4706869828125 0.3447265625 0.4706869828125 0.3310546875 0.48114669374999997 0.314453125 0.5059885078125 0.3125 0.5112183625 0.3125 0.5373676390625 0.3232421875 0.55436466875 0.3349609375 0.5648243796875
0 0.4375 0.7805559140625 0.4365234375 0.7740185953125 0.3916015625 0.7661738125 0.390625 0.7884006968749999 0.3994140625 0.8027827999999999 0.4150390625 0.8027827999999999 0.4375 0.7805559140625
0 0.4130859375 0.59097365625 0.421875 0.5792064828125 0.42578125 0.56613184375 0.42578125 0.55305720625 0.423828125 0.54782735 0.4169921875 0.538675103125 0.4111328125 0.536060175 0.4052734375 0.536060175 0.3916015625 0.5491348140625 0.38671875 0.5582870609375 0.3828125 0.5713617 0.390625 0.587051265625 0.3994140625 0.5935885843750001 0.4130859375 0.59097365625
0 0.4326171875 0.556979596875 0.4443359375 0.55436466875 0.474609375 0.5216780734375 0.48828125 0.4981437234375 0.5 0.45891980937500004 0.5 0.44846009843749995 0.486328125 0.422310821875 0.4697265625 0.3974690078125 0.4462890625 0.3765495875 0.4365234375 0.3765495875 0.4248046875 0.3817794421875 0.4013671875 0.40269886406250005 0.384765625 0.4249257484375 0.375 0.44846009843749995 0.373046875 0.4667645921875 0.388671875 0.508603434375 0.3994140625 0.5229855375 0.4326171875 0.556979596875
0 0.3388671875 0.423618284375 0.3642578125 0.423618284375 0.3798828125 0.4183884296875 0.3935546875 0.40792871875000003 0.3984375 0.40139139999999995 0.40625 0.380471978125 0.408203125 0.3517077734375 0.40625 0.3386331359375 0.40234375 0.328173425 0.396484375 0.31509878593749996 0.3857421875 0.300716684375 0.3779296875 0.2928719015625 0.3681640625 0.28764204531250004 0.3388671875 0.28764204531250004 0.3193359375 0.300716684375 0.30859375 0.31771371406250004 0.30078125 0.34386299062500003 0.298828125 0.3569376296875 0.3125 0.40139139999999995 0.3291015625 0.4183884296875 0.3388671875 0.423618284375
0 0.4794921875 0.648502065625 0.4873046875 0.65111699375 0.5048828125 0.65111699375 0.5244140625 0.6406572828125 0.537109375 0.623660253125 0.55078125 0.587051265625 0.5546875 0.568746771875 0.5546875 0.5216780734375 0.544921875 0.4981437234375 0.5341796875 0.48637655 0.5263671875 0.483761621875 0.5048828125 0.48637655 0.4931640625 0.49160640468750005 0.4453125 0.5556721328124999 0.443359375 0.5765915546875 0.4453125 0.60274083125 0.44921875 0.6132005421875 0.4794921875 0.648502065625
0 0.4794921875 0.781863378125 0.5791015625 0.703415546875 0.5859375 0.6942633 0.591796875 0.678573734375 0.591796875 0.6550393859375 0.587890625 0.6471946015625 0.5615234375 0.617122934375 0.5556640625 0.61450800625 0.5478515625 0.61450800625 0.5439453125 0.617122934375 0.4892578125 0.6563468484375 0.486328125 0.66288416875 0.46484375 0.7517917093750001 0.466796875 0.7700962031249999 0.4736328125 0.781863378125 0.4794921875 0.781863378125
0 0.5927734375 0.6406572828125 0.6083984375 0.6406572828125 0.6279296875 0.6275826453125 0.63671875 0.6158154703125 0.6484375 0.5844363375 0.654296875 0.550442278125 0.654296875 0.5033735796875 0.6494140625 0.49422133281249997 0.6337890625 0.483761621875 0.6123046875 0.4759168390625 0.5654296875 0.5177556812499999 0.55859375 0.526907928125 0.552734375 0.5922811203125 0.5712890625 0.6275826453125 0.5849609375 0.6380423546875 0.5927734375 0.6406572828125
0 0.5908203125 0.7321797515624999 0.603515625 0.71779765 0.603515625 0.696878228125 0.5927734375 0.685111053125 0.587890625 0.6890334453125 0.580078125 0.7047230109375 0.576171875 0.715182721875 0.576171875 0.7256424328125 0.5791015625 0.7321797515624999 0.5908203125 0.7321797515624999
0 0.6435546875 0.721720040625 0.6494140625 0.721720040625 0.658203125 0.7099528671875001 0.66015625 0.702108084375 0.66015625 0.683803590625 0.658203125 0.678573734375 0.6533203125 0.6720364156249999 0.650394421875 0.6748387828125 0.63880228125 0.6810451625 0.627673840625 0.6878722015625 0.625 0.702108084375 0.6230370187500001 0.716421584375 0.635092815625 0.7251105671875 0.6435546875 0.721720040625
0 0.6630859375 0.6720364156249999 0.6796875 0.6498095296875 0.68359375 0.6367348921875 0.68359375 0.623660253125 0.6796875 0.6132005421875 0.6728515625 0.6066632234375 0.6630859375 0.6066632234375 0.65234375 0.6158154703125 0.64453125 0.6315050359375001 0.64453125 0.660269240625 0.6552734375 0.6720364156249999 0.6630859375 0.6720364156249999
0 0.6953125 0.7099528671875001 0.69921875 0.696878228125 0.69921875 0.683803590625 0.6904296875 0.6694214875 0.66015625 0.69949315625 0.658203125 0.71779765 0.6650390625 0.726949896875 0.6826171875 0.72433496875 0.6953125 0.7099528671875001
0 0.6748046875 0.5935885843750001 0.6845703125 0.5935885843750001 0.6884765625 0.59097365625 0.69921875 0.5739766265624999 0.703125 0.550442278125 0.701171875 0.5347527125 0.6923828125 0.525600465625 0.6865234375 0.525600465625 0.6748046875 0.5334452484375001 0.66796875 0.5425974953125 0.662109375 0.5582870609375 0.6640625 0.5792064828125 0.6708984375 0.59097365625 0.6748046875 0.5935885843750001
0 0.5595703125 0.5125258265625 0.5751953125 0.5125258265625 0.5908203125 0.502066115625 0.603515625 0.4824541578125 0.609375 0.45891980937500004 0.609375 0.4380003875 0.60546875 0.4275406765625 0.6005859375 0.4210033578125 0.5947265625 0.4210033578125 0.5439453125 0.465457128125 0.541015625 0.4693795203125 0.541015625 0.4850690859375 0.544921875 0.49552879687500007 0.5595703125 0.5125258265625
0 0.5166015625 0.46022727343750003 0.5244140625 0.4628422 0.5478515625 0.4628422 0.5673828125 0.4523824890625 0.5771484375 0.4419227796875 0.599609375 0.4092361828125 0.607421875 0.38308690625 0.609375 0.367397340625 0.609375 0.3386331359375 0.595703125 0.307254003125 0.5712890625 0.277182334375 0.5654296875 0.2719524796875 0.5517578125 0.26672262343750003 0.5341796875 0.2693375515625 0.5166015625 0.2797972625 0.501953125 0.30202414843750003 0.49609375 0.31771371406250004 0.482421875 0.37524212343749996 0.48046875 0.4066212546875 0.49609375 0.4380003875 0.5048828125 0.44976756250000005 0.5166015625 0.46022727343750003
0 0.548828125 0.2601853046875 0.5576171875 0.2693375515625 0.5693359375 0.27456740625 0.5810546875 0.27456740625 0.59765625 0.25757037656250004 0.607421875 0.23665095625000002 0.609375 0.22619124531249998 0.609375 0.197427040625 0.603515625 0.179122546875 0.5947265625 0.167355371875 0.5888671875 0.16474044375000002 0.5751953125 0.16474044375000002 0.5673828125 0.1699703 0.552734375 0.1895822578125 0.546875 0.2052718234375 0.544921875 0.21311660625 0.544921875 0.2418808109375 0.546875 0.25495545000000003 0.548828125 0.2601853046875
0 0.6181640625 0.2928719015625 0.6279296875 0.28764204531250004 0.63671875 0.2758748703125 0.638671875 0.2680300875 0.638671875 0.247110665625 0.63671875 0.2392658828125 0.6279296875 0.227498709375 0.6142578125 0.21965392499999997 0.611328125 0.2209613890625 0.59375 0.2680300875 0.599609375 0.2811047265625 0.6083984375 0.2928719015625 0.6181640625 0.2928719015625
0 0.6259765625 0.22488378125000003 0.6357421875 0.22226885312500003 0.6484375 0.20788675156249997 0.65234375 0.192197184375 0.65234375 0.17389269062499998 0.650390625 0.1686628359375 0.6376953125 0.15689566093750001 0.6279296875 0.15689566093750001 0.615234375 0.1686628359375 0.609375 0.18696732968750002 0.61328125 0.21311660625 0.6201171875 0.22226885312500003 0.6259765625 0.22488378125000003
0 0.5947265625 0.16474044375000002 0.6064453125 0.167355371875 0.6181640625 0.16474044375000002 0.6279296875 0.15689566093750001 0.640625 0.1346687765625 0.64453125 0.11897920937499999 0.64453125 0.0928299328125 0.634765625 0.069295584375 0.6279296875 0.060143337500000005 0.6181640625 0.052298553125 0.6025390625 0.052298553125 0.5869140625 0.0653731921875 0.578125 0.08237022187500001 0.576171875 0.0902150046875 0.576171875 0.1346687765625 0.583984375 0.15297327031250002 0.5947265625 0.16474044375000002
0 0.6865234375 0 0.6767578125 0.0052298546874999996 0.6669921875 0.015689565625 0.66015625 0.027456740624999997 0.658203125 0.0405313796875 0.658203125 0.08760007812500001 0.6640625 0.10067471562500001 0.6728515625 0.107212034375 0.6806640625 0.10982696249999999 0.6904296875 0.10982696249999999 0.7021484375 0.1045971078125 0.712890625 0.08760007812500001 0.720703125 0.06145080000000001 0.720703125 0.035301523437499996 0.71875 0.024841812499999998 0.712890625 0.0143821015625 0.7021484375 0.002614928125 0.6962890625 0 0.6865234375 0
0 0.6728515625 0.167355371875 0.6845703125 0.167355371875 0.697265625 0.15297327031250002 0.69921875 0.1451284859375 0.69921875 0.124209065625 0.6943359375 0.11505681875 0.6826171875 0.11244189062500001 0.666015625 0.124209065625 0.6640625 0.12943892031249998 0.6640625 0.1503583421875 0.6689453125 0.16474044375000002 0.6728515625 0.167355371875
0 0.7001953125 0.6824961265625 0.7041015625 0.6824961265625 0.71484375 0.6707289515625 0.72265625 0.6498095296875 0.72265625 0.641964746875 0.7177734375 0.6301975718749999 0.703125 0.6315050359375001 0.69140625 0.6550393859375 0.69140625 0.6654990953125 0.6953125 0.6759588062499999 0.7001953125 0.6824961265625
0 0.7470703125 0.6458871390625001 0.7529296875 0.6432722109375 0.765625 0.6288901078125 0.76953125 0.6184303984375 0.775390625 0.5922811203125 0.775390625 0.5765915546875 0.7734375 0.568746771875 0.7548828125 0.5674393078125 0.7236328125 0.6014333671875 0.712890625 0.6158154703125 0.71484375 0.623660253125 0.7353515625 0.6458871390625001 0.7470703125 0.6458871390625001
0 0.7021484375 0.6275826453125 0.7109375 0.6184303984375 0.71484375 0.6079706875 0.7109375 0.5948960484375 0.7060546875 0.5883587296874999 0.7001953125 0.5883587296874999 0.6953125 0.5922811203125 0.689453125 0.6079706875 0.689453125 0.62627518125 0.6923828125 0.6301975718749999 0.7021484375 0.6275826453125
0 0.7353515625 0.598818440625 0.748046875 0.581821409375 0.751953125 0.5713617 0.75 0.55305720625 0.7431640625 0.543904959375 0.7373046875 0.5465198859375 0.720703125 0.56613184375 0.716796875 0.5765915546875 0.712890625 0.5896661937500001 0.7177734375 0.5962035125 0.7216796875 0.598818440625 0.7353515625 0.598818440625
0 0.7294921875 0.703415546875 0.7529296875 0.6877259812500001 0.759765625 0.678573734375 0.771484375 0.6524244578125 0.76953125 0.63934981875 0.7626953125 0.6328125 0.7373046875 0.648502065625 0.72265625 0.6733438796875 0.720703125 0.6864185171875 0.72265625 0.69949315625 0.7255859375 0.703415546875 0.7294921875 0.703415546875
0 0.6455078125 0.43146306875 0.6650390625 0.4157735015625 0.67578125 0.398776471875 0.685546875 0.3700122671875 0.685546875 0.33078835156249997 0.67578125 0.307254003125 0.6708984375 0.300716684375 0.6591796875 0.295486828125 0.6376953125 0.2928719015625 0.6162109375 0.31379132187500003 0.607421875 0.325558496875 0.603515625 0.4144660375 0.6123046875 0.423618284375 0.6240234375 0.43146306875 0.6455078125 0.43146306875
0 0.6513671875 0.49422133281249997 0.6572265625 0.49422133281249997 0.6728515625 0.48637655 0.6875 0.4693795203125 0.6953125 0.44323024218749996 0.6953125 0.41969589375 0.69140625 0.40400632812500004 0.6865234375 0.3974690078125 0.6806640625 0.39485408125 0.6328125 0.4380003875 0.630859375 0.44323024218749996 0.630859375 0.4641496640625 0.634765625 0.477224303125 0.6513671875 0.49422133281249997
0 0.7255859375 0.4706869828125 0.7373046875 0.4628422 0.74609375 0.44323024218749996 0.74609375 0.41969589375 0.7421875 0.4092361828125 0.7353515625 0.40269886406250005 0.7177734375 0.40792871875000003 0.7119140625 0.41315857500000003 0.705078125 0.4249257484375 0.703125 0.43277053125 0.703125 0.45891980937500004 0.7138671875 0.4706869828125 0.7255859375 0.4706869828125
0 0.705078125 0.362167484375 0.705078125 0.3334032796875 0.7021484375 0.3294808890625 0.6923828125 0.3242510328125 0.6884765625 0.3242510328125 0.685546875 0.328173425 0.681640625 0.385701834375 0.6904296875 0.392239153125 0.703125 0.37785704999999997 0.705078125 0.362167484375
0 0.7294921875 0.3791645140625 0.7392578125 0.3791645140625 0.7431640625 0.3765495875 0.759765625 0.3517077734375 0.763671875 0.325558496875 0.7578125 0.307254003125 0.7529296875 0.300716684375 0.7490234375 0.300716684375 0.7275390625 0.3216361046875 0.71875 0.3334032796875 0.71875 0.3569376296875 0.7255859375 0.3765495875 0.7294921875 0.3791645140625
0 0.7646484375 0.4733019109375 0.7841796875 0.4733019109375 0.8076171875 0.46022727343750003 0.82421875 0.43538545937500006 0.8359375 0.4066212546875 0.83984375 0.3883167609375 0.83984375 0.367397340625 0.828125 0.33078835156249997 0.8095703125 0.3085614671875 0.8017578125 0.3085614671875 0.7978515625 0.3111763953125 0.7763671875 0.33471074375 0.76953125 0.34647791875 0.75390625 0.385701834375 0.748046875 0.4066212546875 0.74609375 0.45368995312499993 0.748046875 0.4615347359375 0.7529296875 0.46807205625000003 0.7646484375 0.4733019109375
0 0.7568359375 0.49945118749999995 0.765625 0.4850690859375 0.7646484375 0.4733019109375 0.7490234375 0.465457128125 0.7431640625 0.465457128125 0.7333984375 0.4759168390625 0.732421875 0.4850690859375 0.7353515625 0.48899147656249997 0.7529296875 0.49945118749999995 0.7568359375 0.49945118749999995
0 0.8251953125 0.5151407546875 0.8349609375 0.50468104375 0.841796875 0.49291386875 0.845703125 0.477224303125 0.845703125 0.4641496640625 0.8408203125 0.45761234531249995 0.8330078125 0.4523824890625 0.81640625 0.4693795203125 0.810546875 0.4850690859375 0.80859375 0.4981437234375 0.8125 0.5112183625 0.8154296875 0.5151407546875 0.8251953125 0.5151407546875
0 0.8037109375 0.67465134375 0.8193359375 0.6824961265625 0.8291015625 0.6824961265625 0.8525390625 0.6694214875 0.8623046875 0.6589617765625 0.87109375 0.644579675 0.876953125 0.605355759375 0.876953125 0.563516915625 0.873046875 0.550442278125 0.8642578125 0.54129003125 0.8447265625 0.536060175 0.80859375 0.6079706875 0.794921875 0.644579675 0.794921875 0.6576543125 0.796875 0.6654990953125 0.8037109375 0.67465134375
0 0.82421875 0.5556721328124999 0.81509725 0.5459741546875 0.8035051093750001 0.5528011921875 0.7928403671875001 0.5670758984375001 0.8021140546875 0.5887982421875 0.81556090625 0.5950046515625 0.8203125 0.5765915546875 0.82421875 0.5556721328124999
0 0.84616678125 0.5642699265625 0.84616678125 0.5564251437500001 0.84128396875 0.5446579687499999 0.8336446234375 0.541629690625 0.8229798390624999 0.5521805625 0.8164883046875 0.5950046515625 0.83151834375 0.5969565234374999 0.84030740625 0.5878042765625 0.84616678125 0.5642699265625
0 0.8935546875 0.598818440625 0.900390625 0.5922811203125 0.908203125 0.568746771875 0.90625 0.5609019890625 0.9033203125 0.559594525 0.8896484375 0.562209453125 0.884765625 0.5713617 0.880859375 0.5844363375 0.880859375 0.5948960484375 0.8837890625 0.598818440625 0.8935546875 0.598818440625
0 0.9521484375 0.4706869828125 0.9599609375 0.4706869828125 0.9697265625 0.465457128125 0.9921875 0.43277053125 0.99609375 0.4066212546875 0.99609375 0.37524212343749996 0.994140625 0.3700122671875 0.9912109375 0.36608987656249997 0.9794921875 0.36608987656249997 0.9716796875 0.37393465937500003 0.9609375 0.3883167609375 0.953125 0.40400632812500004 0.9453125 0.43015560468749997 0.94140625 0.4510750265625 0.94140625 0.45630488125 0.9453125 0.4641496640625 0.9521484375 0.4706869828125
0 0.9365234375 0.6014333671875 0.9453125 0.5922811203125 0.955078125 0.56613184375 0.955078125 0.5582870609375 0.9521484375 0.55436466875 0.9462890625 0.55436466875 0.9375 0.563516915625 0.92578125 0.581821409375 0.92578125 0.5948960484375 0.9326171875 0.6014333671875 0.9365234375 0.6014333671875
0 0.982421875 0.563516915625 0.9794921875 0.559594525 0.9755859375 0.559594525 0.96484375 0.5765915546875 0.962890625 0.5975109765625 0.9755859375 0.598818440625 0.98046875 0.5896661937500001 0.982421875 0.563516915625
0 0.8984375 0.5425974953125 0.908203125 0.5216780734375 0.908203125 0.5059885078125 0.9052734375 0.502066115625 0.8955078125 0.49945118749999995 0.8896484375 0.502066115625 0.884765625 0.508603434375 0.8828125 0.5138332906249999 0.884765625 0.5399825671875 0.8935546875 0.5465198859375 0.8984375 0.5425974953125
0 0.8564453125 0.536060175 0.8603515625 0.5334452484375001 0.8671875 0.5242930015625 0.876953125 0.49291386875 0.876953125 0.474609375 0.8701171875 0.46807205625000003 0.8486328125 0.46807205625000003 0.826171875 0.5138332906249999 0.82421875 0.5190631453125001 0.8251953125 0.5282153921875 0.8466796875 0.536060175 0.8564453125 0.536060175
0 0.716796875 0.508603434375 0.720703125 0.49552879687500007 0.720703125 0.477224303125 0.7099609375 0.46807205625000003 0.7001953125 0.46807205625000003 0.6884765625 0.48114669374999997 0.6875 0.51644821875 0.6962890625 0.525600465625 0.7021484375 0.525600465625 0.716796875 0.508603434375
0 0.8525390625 0.465457128125 0.8681640625 0.465457128125 0.8759765625 0.46022727343750003 0.892578125 0.440615315625 0.912109375 0.40400632812500004 0.921875 0.3647824125 0.921875 0.3517077734375 0.9140625 0.3386331359375 0.9052734375 0.3294808890625 0.9013671875 0.32686596093750003 0.8896484375 0.32686596093750003 0.8447265625 0.35824509375 0.841796875 0.3647824125 0.8359375 0.40400632812500004 0.8359375 0.44846009843749995 0.8447265625 0.46022727343750003 0.8525390625 0.465457128125
0 1 0.21050167812499998 0.9931640625 0.20396435937500002 0.9853515625 0.20134943125000002 0.9794921875 0.20396435937500002 0.9287109375 0.2536479859375 0.91796875 0.27325994374999996 0.916015625 0.2837196546875 0.9140625 0.29679429218750003 0.9140625 0.32294356875 0.923828125 0.34386299062500003 0.9365234375 0.3608600203125 0.9404296875 0.3634749484375 0.9912109375 0.3608600203125 1 0.34386299062500003 1 0.21050167812499998
0 0.8388671875 0.3425555265625 0.8486328125 0.34778538281250004 0.8642578125 0.34778538281250004 0.8701171875 0.34517045468749996 0.8740234375 0.3425555265625 0.892578125 0.31771371406250004 0.900390625 0.28633458125 0.900390625 0.2680300875 0.896484375 0.252340521875 0.8779296875 0.2327285640625 0.8642578125 0.2327285640625 0.8486328125 0.23795841874999998 0.837890625 0.252340521875 0.83203125 0.2680300875 0.828125 0.29679429218750003 0.828125 0.32294356875 0.83203125 0.3334032796875 0.8388671875 0.3425555265625
0 0.7802734375 0.3294808890625 0.79296875 0.31509878593749996 0.796875 0.30202414843750003 0.796875 0.28633458125 0.7919921875 0.277182334375 0.7841796875 0.27456740625 0.7734375 0.2941793640625 0.771484375 0.2994092203125 0.771484375 0.32294356875 0.7744140625 0.3294808890625 0.7802734375 0.3294808890625
0 0.9208984375 0.2536479859375 0.9365234375 0.2510330578125 0.9716796875 0.2118091421875 0.982421875 0.197427040625 0.98828125 0.1843524015625 0.990234375 0.17389269062499998 0.990234375 0.158203125 0.9765625 0.08237022187500001 0.9658203125 0.0653731921875 0.9580078125 0.0653731921875 0.8818359375 0.14643595 0.873046875 0.158203125 0.869140625 0.1686628359375 0.865234375 0.18696732968750002 0.8876953125 0.24057334687499998 0.9033203125 0.2510330578125 0.9208984375 0.2536479859375
0 0.8056640625 0.277182334375 0.8193359375 0.2719524796875 0.837890625 0.24972559374999997 0.84765625 0.228806171875 0.8515625 0.197427040625 0.8466796875 0.1908897203125 0.8388671875 0.1908897203125 0.7802734375 0.1961195765625 0.77734375 0.20004196875 0.7742929515625 0.23424130468749998 0.7812482265625 0.25844622500000003 0.7939453125 0.27456740625 0.8056640625 0.277182334375
0 0.6982421875 0.32686596093750003 0.7041015625 0.3294808890625 0.7138671875 0.3294808890625 0.7314453125 0.31902117812499997 0.748046875 0.2994092203125 0.7578125 0.2784897984375 0.763671875 0.2418808109375 0.76171875 0.2052718234375 0.75390625 0.1817374734375 0.7314453125 0.15689566093750001 0.7041015625 0.15951058906249999 0.6943359375 0.167355371875 0.685546875 0.179122546875 0.67578125 0.197427040625 0.66796875 0.22619124531249998 0.666015625 0.24972559374999997 0.669921875 0.28633458125 0.68359375 0.30986893125 0.6982421875 0.32686596093750003
0 0.7353515625 0.15428073281250002 0.748046875 0.1346687765625 0.751953125 0.124209065625 0.75390625 0.11113442656250001 0.748046875 0.0928299328125 0.7451171875 0.088907540625 0.7373046875 0.0836776859375 0.7294921875 0.0836776859375 0.71875 0.0980597875 0.7109375 0.11897920937499999 0.708984375 0.12943892031249998 0.708984375 0.14251355937500002 0.7109375 0.1503583421875 0.7353515625 0.15428073281250002
0 0.7568359375 0.0627582640625 0.7705078125 0.060143337500000005 0.7905219140625 0.0417571875 0.8076171875 0.039223915625 0.81640625 0.027456740624999997 0.818359375 0.0196119578125 0.8173828125 0 0.744140625 0.0013074640625 0.7421875 0.00653731875 0.7421875 0.0405313796875 0.751953125 0.0588358734375 0.7568359375 0.0627582640625
0 0.8291015625 0 0.82421875 0.00653731875 0.8125 0.037916451562499995 0.8154296875 0.0444537703125 0.8427734375 0.0496836265625 0.91796875 0.050991090625 0.91796875 0.027456740624999997 0.9140625 0.0143821015625 0.9072265625 0.002614928125 0.8916015625 0 0.8291015625 0