0 0.32688721091257655 0.30367573955076416 0.11938034317565638 0.13980715071681438
0 0.2752435764518281 0.5884124558314238 0.16549439121330867 0.18938097463861112
0 0.8087561631461492 0.646798451650452 0.19619269775048168 0.1978867318454906
0 0.18984380768986098 0.4843594290459376 0.06352857024968213 0.07607982616576833
0 0.36952118481175306 0.6817643719595836 0.07550985185864842 0.08609775132958344
0 0.7537033886088148 0.5224153942797576 0.06311131139917166 0.0733431781913195
0 0.6696733524888397 0.4900737133339589 0.09337714321952931 0.10647868551694017
0 0.44885354757499174 0.48727144918191 0.10808518964183325 0.11149576681201392
0 0.2470982369495882 0.19429943313000017 0.08327289105376678 0.0983548696687544
0 0.9828328250797747 0.635410929233369 0.034334349840450785 0.13197865824437507
0 0.4170454984684168 0.3751162880877434 0.1077414902201678 0.11022168961311643
0 0.8953328539247052 0.5342822274860076 0.10616504061503065 0.12089796085410179
0 0.5385552599872454 0.5548057477188892 0.08983615243299461 0.10201369205902786
0 0.38425327306956325 0.22787761217593783 0.09918325232131639 0.1161581007904818
0 0.6347200143586533 0.4043355818750699 0.07447748462827182 0.07643205555403228
0 0.12596393053606297 0.4244382619678473 0.06906707548659989 0.08263651441375881
0 0.11859784674537846 0.32142236474138897 0.08704343747607055 0.1031173778255643
0 0.6840504044671454 0.6797356253780561 0.11346643060785126 0.12087312143776056
0 0.5151177455647803 0.4342750421718059 0.09222809607530458 0.09914764784359384
0 0.32008934237397063 0.47882055670510437 0.09038404260529838 0.10670119205902787
0 0.4800223554243823 0.29399488107763927 0.10719106482131657 0.11634448469528227
0 0.5730621746968838 0.6833853426086463 0.09981738436503065 0.12075021751493065
0 0.6181717411933724 0.5893820758911463 0.10006215947272068 0.12367763204048181
0 0.39275575130824164 0.5872519589655558 0.11582666994655613 0.1369001113100044
0 0.9293527527441068 0.6386976237625355 0.0848696341895355 0.09868420600993488
0 0.5882914522016668 0.4803882823881601 0.0967938439055537 0.10821384992375016
0 0.16955158950223992 0.397404289703264 0.0689694192365999 0.08263424143930997
0 0.5698255273771592 0.349065547205799 0.09468345373324993 0.1034899823325695
0 0.19602276726228998 0.33724869291364595 0.0543400035976398 0.06495821523541671
0 0.16396105488194215 0.1362674211621529 0.08477958902760227 0.1112454946687544
0 0.2159699999361881 0.2746038757593057 0.06608919434428984 0.08548892078250007
0 0.3766437209955399 0.4427388927611461 0.07492771855057559 0.08111728257958344
0 0.7985390100191514 0.4260683775622576 0.0920099557195293 0.10644686387465718
0 0.25890832361200344 0.37533122758291687 0.07951249094607675 0.09534562806304692
0 0.1592634247926016 0.2693883924768056 0.06932199690890375 0.08731719549041231
0 0.7167106791001976 0.3992318142076394 0.0866147642469702 0.10028307360111555
0 0.06535106933631332 0.11916888050895838 0.10283838509093979 0.10660150778847229
0 0.3244724493299361 0.3963353650257294 0.056279178091098725 0.0682172390765972
0 0.22686693631143023 0.44782317021222234 0.07952644145261792 0.09213206371084208
0 0.6914773409061994 0.5832970364722228 0.07171774474314105 0.07948432037167094
0 0.4372058452137953 0.6942474945847572 0.08198940929722554 0.10153888535312508
0 0.08533895216976081 0.6034704921162153 0.04062247468889748 0.09424567173243048
0 0.2888393712189011 0.7180635882402433 0.07144887281429604 0.07801720364722228
0 0.30874596094448253 0.16846493816399327 0.07382813491544482 0.08420818796285161
0 0.08682026723038405 0.4694955356192015 0.0749226471960768 0.09523879826395394
0 0.07767859821314974 0.2246376305089584 0.06765930543235639 0.09808885000694882
0 0.1463068857051782 0.5651541809457987 0.07419212696633837 0.08898879826395412
0 0.14545462412253768 0.6578501740119445 0.07354404531748715 0.09510932037167112
0 0.4865666328015415 0.6299499116628475 0.09494217844607675 0.09570475802595499
0 0.8256291183790763 0.5178564872696534 0.06421089503430225 0.07025227280805132
0 0.06082593921506685 0.3870824259118056 0.04127182440172441 0.08646953932361115
0 0.20890836687939912 0.734123039703264 0.07116858650686142 0.07645243067277345
0 0.14351672670709528 0.7279262846692709 0.07658280344607679 0.09527743882958344
0 0.03884946525207851 0.2790517203647222 0.021814132929165297 0.07997844072944442
0 0.04831578028079582 0.28005117591180556 0.040758177365189566 0.08207500807361115
0 0.2188819074984057 0.07287837480937517 0.0626204949226242 0.08414210840124134