0 0.9298676226664959 0.7395371322213882 0.06288316790257653 0.06851938137569018
0 0.5254531128265209 0.5153437513311803 0.07819868567505779 0.08736728257958326
0 0.49790254908264087 0.3968301406738538 0.04672725490996079 0.05257161900396268
0 0.46038926479698394 0.5795712119122566 0.061749803932442046 0.07141270128450969
0 0.49266693638569486 0.7089495873872218 0.05992487133391897 0.06825587964222671
0 0.41740509813443066 0.6072247396476733 0.05577242035254386 0.06183321523541672
0 0.9372355393475598 0.8326513525861104 0.07137402881160212 0.08263424143930997
0 0.30209470601011285 0.8207813594230554 0.05940303003465743 0.06668656071888038
0 0.7742469609239302 0.8866154200247912 0.06362452819737481 0.07291618560013902
0 0.9824549732581005 0.8680426855080201 0.03509005348379901 0.08093544462368066
0 0.8156731373524156 0.6128493052834022 0.0818983425385138 0.09202758853749557
0 0.5172687255604883 0.4434141999444094 0.041470049027108755 0.04923758700597212
0 0.9705746254953779 0.4820681647064576 0.058850749009244294 0.08251166412167113
0 0.944830441213129 0.2155346281373256 0.0522325888570073 0.05892844880305557
0 0.763919117765019 0.7465352806821175 0.07610939339519227 0.08439895451395393
0 0.581861544205845 0.5579299884134024 0.051760539224155265 0.055705792553055564
0 0.5427022794767336 0.4083300319163885 0.05134130515549753 0.0555013881552604
0 0.49582490208769736 0.8107848443210761 0.06612617648247507 0.07803522414021699
0 0.5934790197108011 0.6532970398001732 0.06143262868690549 0.06858294300895836
0 0.5739478922168711 0.37546232731923573 0.05815606005774576 0.05750914619332903
0 0.791665710862228 0.4864140918525341 0.061160842534657436 0.06672747425895835
0 0.5484262255851691 0.6026073619885066 0.06814532476603255 0.07321605492478298
0 0.4962959314718775 0.6320415952710066 0.054462450989859156 0.062192018593133724
0 0.9812120175185857 0.7132097151432978 0.03757596496282858 0.038341000546050455
0 0.7899776226788363 0.8227522885659022 0.07050640319814612 0.07803985174041231
0 0.869075392266233 0.6884298803215272 0.0917740012400234 0.09566376283457903
0 0.7115160785038425 0.4530034862292009 0.06107749081898639 0.0668228575345097
0 0.6583271569706636 0.6839281375397217 0.06712392158022702 0.07620930405805133
0 0.7124072550125409 0.6999155070307633 0.04897637255774576 0.057295486595143254
0 0.5710451226233042 0.46803168702663156 0.062076332731703585 0.07297747425895836
0 0.9064237255358073 0.27443815587274234 0.05772361826972485 0.06518762235214855
0 0.847083946120776 0.2546536391552424 0.09375133273556031 0.09853216167575969
0 0.7515776716504131 0.5124323844055898 0.05332799020475907 0.057104801695338735
0 0.6688640687564208 0.8200838430868052 0.05311011643167092 0.06624812160415808
0 0.562409387389437 0.8586216258562149 0.07465554842136583 0.09507067980604163
0 0.6129729167489363 0.5187941000206593 0.06170193934885173 0.06975709098340702
0 0.4603210785100126 0.4988297049784025 0.0727186550385138 0.09181392893930998
0 0.6995704658254069 0.8852178806058676 0.06974248163025969 0.08279091337368065
0 0.7281444364042056 0.8234075584175342 0.07665544118999072 0.08879121278950527
0 0.3819825001172342 0.7507214729301734 0.057494745720463133 0.06362512235214854
0 0.6838134805113268 0.7562388954235064 0.06223615809962304 0.07473301378450951
0 0.40316862758648336 0.868599303952222 0.05957413603912087 0.06386816731557303
0 0.9705624173276846 0.6489108258006242 0.058875165344630886 0.0938695010921009
0 0.9955898874699152 0.8103204512755895 0.008820225060169662 0.0666911066677777
0 0.44303443639186496 0.7500843868741317 0.06770793199740766 0.07953188953249998
0 0.7609350001048938 0.6619420751350342 0.07599743261086367 0.08429902528950528
0 0.8227132843782103 0.39867704929947856 0.07674814645938674 0.0874308442128516
0 0.9980706104923179 0.6029430559489922 0.0038587790153641775 0.0890116913110374
0 0.7586530392611766 0.27709364323930497 0.08062276349294421 0.0826548615119445
0 0.4137540442428663 0.8017202752668748 0.05360582415257671 0.06830344880305575
0 0.9131689461022654 0.13317672302708258 0.08436533395938675 0.08760813621985682
0 0.6308007844090614 0.6030418134515274 0.07880195160717136 0.09215016585513461
0 0.31517791678595763 0.7656028969421179 0.07028357844445399 0.08582053009812932
0 0.947945632686902 0.3894449068226729 0.10410873462619605 0.10986280460410161
0 0.7914567647414519 0.21204921827742992 0.06340060662871708 0.07271632715124135
0 0.8871828922292118 0.4481308822213882 0.0916521384944872 0.09283855050792536
0 0.3460229413118525 0.8691454710303124 0.04816348959130323 0.052410401120694415
0 0.9738750736578975 0.8098489790110062 0.041684617042041336 0.05070243075597247
0 0.9724955637377096 0.17321918835781172 0.05500887252458071 0.0762728656913195
0 0.9637236788101221 0.5613380906182631 0.07255264237975574 0.08782634176694018
0 0.5454177942366961 0.7586761772429857 0.08674676472139868 0.10187276764320323
0 0.9019736275926536 0.8969690789347563 0.08460025430421751 0.09851381457757391
0 0.5054530883253068 0.5714671179724302 0.04869770834207454 0.05738632392179692
0 0.9193394854004632 0.6676621322213881 0.05164857843982631 0.05560586332860673
0 0.755833872617134 0.4237510909026036 0.08309580270938674 0.08757858755202257
0 0.9794258624970402 0.7594489355080201 0.041148275005919645 0.05410237901297741
0 0.6632590686885482 0.3804388084175342 0.0568224326070073 0.05903527860214845
0 0.6398545343905508 0.48289231440145786 0.03402782169721057 0.03962400634014766
0 0.9241722550002004 0.6150274414919437 0.05612755822046296 0.06359330070986538
0 0.8435955883623283 0.803474305283402 0.07170550859146729 0.08556165596486096
0 0.5750216912871716 0.7038971050546523 0.0490597242734168 0.05720010331959209
0 0.3695816422353818 0.5001577752668748 0.0608403615309653 0.0745058796422267
0 0.3778738236332167 0.6638027011786803 0.0940198131296528 0.1109957940845792
0 0.9864359513137482 0.3615731735401728 0.027128097372503747 0.07134451205104604
0 0.4513113236332167 0.6620934243931942 0.05944594363764395 0.0669795294688802
0 0.9965691445121246 0.7538158781373256 0.0068617109757507675 0.0668228575345097
0 0.5360692403019401 0.6734471920606246 0.04515045037563201 0.052437595162782104
0 0.22850980403347956 0.7198013940923264 0.08936092219831035 0.11108200381103739
0 0.8132677207022029 0.7195175325819786 0.06511798101603254 0.07314559271687067
0 0.6777968628265209 0.5117979111910759 0.06097488358838241 0.06545794300895835
0 0.7610010540149689 0.5874687519967703 0.058133498784657435 0.06665701205104604
0 0.8796411275062704 0.3377746104698951 0.0642024908189864 0.06689559271687066
0 0.995405387593585 0.4369361962415964 0.009189224812829976 0.08577986151194442
0 0.8768593138240928 0.6184804030229507 0.052246893391335904 0.05902610505305557
0 0.7160561765272091 0.3502051413394439 0.06947400123616702 0.07032728096486114
0 0.3565380393043681 0.5663101053389928 0.0510158731712016 0.06191715198742624
0 0.8520200000863831 0.5398832775479855 0.08695197918260647 0.10460259669430556
0 0.7747841667242554 0.35510954046576326 0.04537932292489373 0.054000095162782105
0 0.6041569363425032 0.4264974972471176 0.05020299020475907 0.05703206651297741
0 0.6963113481344307 0.600733124621944 0.08404594977066022 0.10336707840973958
0 0.6244582844337424 0.763107797683958 0.04879536459207436 0.05738859689624576
0 0.8873610050248815 0.7758025937523951 0.06095122550032883 0.06662527206006068
0 0.8284571569151314 0.3201520057964924 0.05309416667489373 0.05417966014423614
0 0.46831406869471853 0.42495579388423577 0.05558646140626884 0.060563683985416714
0 0.3740643383623281 0.8144027664331596 0.0636674418003615 0.07320915435013901
0 0.6508008089102755 0.5469184468102772 0.03718143076586831 0.03989205402250882
0 0.977357722905867 0.2610101290872562 0.045284554188265956 0.05413184602951393
0 0.45615938738943707 0.8610946220564928 0.051328097436134354 0.06338426871187508
0 0.9573436029927158 0.31166474572850617 0.0556007659405978 0.060661340235416715
0 0.7848523040087987 0.5469340177643398 0.045962236527108756 0.049342143830616435
0 0.9009462010160828 0.21028473689479094 0.04456148897784758 0.04775236813723094
0 0.268580171699775 0.8435109978157985 0.06028826594059762 0.060770443008958355
0 0.2877857844214019 0.6909847566495138 0.057364626236167116 0.07004543213321188
0 0.613633210837547 0.33063948337940924 0.07630965687579624 0.08576614201395402
0 0.9961243964551446 0.14185943237388807 0.007751207089710732 0.09608514800999135
0 0.9113553922415522 0.5275274414919437 0.06408227329589807 0.07604118560013902
0 0.829048897198561 0.8861238043334716 0.07396288297801164 0.08104000144832497
0 0.30440762268500643 0.8740336459921874 0.03472269608375474 0.03506598423243048
0 0.25980818639803527 0.7943286154069791 0.0391873713300626 0.04295576536368913
0 0.31852526969846073 0.5797374789140971 0.04451169731143771 0.04940570546388443
0 0.8382722304681351 0.4727866965259368 0.039206626844995186 0.04441606316479181
0 0.522356568762591 0.8634734332269094 0.02716767770167401 0.03664195877652787