0 0.81875 0.75859375 0.05234375 0.06796875
0 0.4484375 0.52578125 0.065625 0.08515625
0 0.43828125 0.40703125 0.03984375 0.05234375
0 0.37421875 0.58828125 0.05078125 0.06953125
0 0.3875 0.71796875 0.05078125 0.06640625
0 0.32734375 0.61484375 0.046875 0.06015625
0 0.8125 0.8515625 0.06015625 0.08125
0 0.18125 0.825 0.0484375 0.06484375
0 0.6421875 0.9015625 0.053125 0.0703125
0 0.86953125 0.88828125 0.0578125 0.07890625
0 0.7234375 0.6296875 0.06796875 0.0890625
0 0.45078125 0.45390625 0.034375 0.0484375
0 0.9046875 0.503125 0.06328125 0.0796875
0 0.91015625 0.23671875 0.04375 0.05859375
0 0.65234375 0.76171875 0.06328125 0.08359375
0 0.4984375 0.56953125 0.04375 0.0546875
0 0.48125 0.41953125 0.0421875 0.05390625
0 0.37578125 0.81953125 0.05546875 0.07734375
0 0.49609375 0.66484375 0.0515625 0.06796875
0 0.5171875 0.3875 0.04921875 0.05703125
0 0.71796875 0.503125 0.0515625 0.06484375
0 0.45859375 0.61328125 0.05703125 0.071875
0 0.40234375 0.64140625 0.04609375 0.06171875
0 0.87578125 0.73359375 0.03671875 0.0375
0 0.6671875 0.83828125 0.05859375 0.07734375
0 0.765625 0.70625 0.07734375 0.09453125
0 0.95234375 0.8078125 0.04375 0.05546875
0 0.64296875 0.46796875 0.05078125 0.065625
0 0.55625 0.696875 0.05546875 0.07421875
0 0.6078125 0.7140625 0.04140625 0.05703125
0 0.50078125 0.4796875 0.0515625 0.07109375
0 0.86328125 0.29453125 0.04765625 0.0640625
0 0.80703125 0.2734375 0.07890625 0.0953125
0 0.91640625 0.93359375 0.05625 0.08046875
0 0.67421875 0.528125 0.04453125 0.05546875
0 0.546875 0.8328125 0.04296875 0.0640625
0 0.43515625 0.86875 0.0609375 0.09296875
0 0.53515625 0.53125 0.05234375 0.0671875
0 0.9390625 0.709375 0.06484375 0.08125
0 0.3859375 0.5078125 0.06015625 0.0890625
0 0.56796875 0.8984375 0.0578125 0.08203125
0 0.60546875 0.8375 0.06328125 0.08671875
0 0.27109375 0.75703125 0.04765625 0.0625
0 0.57109375 0.76953125 0.05078125 0.07421875
0 0.275 0.875 0.0515625 0.06328125
0 0.8859375 0.66953125 0.0734375 0.0921875
0 0.89921875 0.83125 0.05 0.06484375
0 0.33203125 0.7578125 0.05625 0.07890625
0 0.66171875 0.67734375 0.06328125 0.0828125
0 0.76171875 0.41640625 0.06484375 0.0859375
0 0.94765625 0.625 0.07265625 0.0859375
0 0.715625 0.29375 0.06875 0.0796875
0 0.2953125 0.80859375 0.04375 0.06796875
0 0.890625 0.15390625 0.07109375 0.0859375
0 0.9375 0.865625 0.05234375 0.06640625
0 0.540625 0.615625 0.06484375 0.090625
0 0.971875 0.76171875 0.03828125 0.04921875
0 0.20234375 0.7703125 0.05859375 0.08515625
0 0.88984375 0.41015625 0.09296875 0.10703125
0 0.7578125 0.2296875 0.05234375 0.0703125
0 0.81875 0.4671875 0.07890625 0.0921875
0 0.21796875 0.87421875 0.040625 0.05078125
0 0.85234375 0.8296875 0.034375 0.04921875
0 0.94921875 0.1953125 0.0546875 0.075
0 0.8890625 0.58203125 0.08046875 0.0859375
0 0.4328125 0.76875 0.0734375 0.1015625
0 0.76796875 0.91484375 0.07109375 0.096875
0 0.4203125 0.58125 0.0390625 0.0578125
0 0.81875 0.68671875 0.04296875 0.05390625
0 0.69140625 0.43984375 0.07109375 0.0859375
0 0.86953125 0.7796875 0.04140625 0.053125
0 0.60546875 0.39453125 0.04765625 0.05859375
0 0.5671875 0.49609375 0.0296875 0.03828125
0 0.83125 0.634375 0.04765625 0.0625
0 0.7234375 0.8203125 0.059375 0.08359375
0 0.4703125 0.71484375 0.0421875 0.05625
0 0.2953125 0.50703125 0.05078125 0.07265625
0 0.2796875 0.6703125 0.07734375 0.1078125
0 0.94609375 0.38359375 0.04921875 0.06953125
0 0.353125 0.6703125 0.0484375 0.0671875
0 0.91015625 0.775 0.05078125 0.065625
0 0.4359375 0.68359375 0.03828125 0.0515625
0 0.12265625 0.72265625 0.07265625 0.109375
0 0.9875 0.80859375 0.025 0.0640625
0 0.70546875 0.7359375 0.05390625 0.071875
0 0.60078125 0.52578125 0.0515625 0.06484375
0 0.67265625 0.603125 0.04921875 0.06484375
0 0.984375 0.24453125 0.03125 0.0546875
0 0.82734375 0.35703125 0.05390625 0.065625
0 0.959375 0.5546875 0.05234375 0.06015625
0 0.9640625 0.459375 0.06875 0.08359375
0 0.9828125 0.8671875 0.034375 0.05
0 0.98046875 0.31796875 0.03828125 0.090625
0 0.78359375 0.63671875 0.04375 0.05859375
0 0.6625 0.365625 0.059375 0.0703125
0 0.27265625 0.57265625 0.04140625 0.0609375
0 0.7703125 0.5578125 0.071875 0.1015625
0 0.7203125 0.371875 0.03828125 0.053125
0 0.53984375 0.4390625 0.04140625 0.05546875
0 0.60625 0.61484375 0.0703125 0.10234375
0 0.5109375 0.775 0.03984375 0.0578125
0 0.77109375 0.79375 0.05078125 0.06484375
0 0.98359375 0.940625 0.03203125 0.0671875
0 0.77890625 0.33828125 0.0453125 0.053125
0 0.4046875 0.434375 0.046875 0.06015625
0 0.25390625 0.8203125 0.053125 0.07265625
0 0.56875 0.56015625 0.0328125 0.03984375
0 0.93671875 0.2828125 0.0390625 0.05390625
0 0.32890625 0.86875 0.0421875 0.06171875
0 0.90859375 0.3328125 0.046875 0.0609375
0 0.70234375 0.56328125 0.03828125 0.0484375
0 0.8671875 0.23046875 0.03828125 0.046875
0 0.14453125 0.846875 0.0515625 0.06015625
0 0.98828125 0.5203125 0.02265625 0.06640625
0 0.1859375 0.6953125 0.0484375 0.06953125
0 0.56328125 0.34375 0.06328125 0.08359375
0 0.9875 0.396875 0.025 0.0625
0 0.9875 0.16484375 0.02421875 0.09609375
0 0.984375 0.69140625 0.03046875 0.05078125
0 0.83125 0.546875 0.053125 0.0734375
0 0.696875 0.90234375 0.0609375 0.07890625
0 0.99140625 0.7453125 0.0171875 0.0515625
0 0.17578125 0.878125 0.0296875 0.034375
0 0.14296875 0.79765625 0.03359375 0.0421875
0 0.9921875 0.5828125 0.0140625 0.05625
0 0.2328125 0.58515625 0.03671875 0.04921875
0 0.76640625 0.490625 0.0328125 0.04296875
0 0.39453125 0.87265625 0.021875 0.03671875