0 0.5412153819741621 0.5577144573830309 0.1364940652501053 0.16616085790299184
0 0.8906814894457741 0.8492566696373258 0.12400389483640666 0.1532695168417863
0 0.9628589233947865 0.5201340056754523 0.07428215321042693 0.11418925481873679
0 0.5852172057978924 0.43525880478524315 0.10474575658579557 0.12817163879807011
0 0.9907490862207045 0.8439533352207571 0.01850182755859109 0.14054500441293527
0 0.7583517909525815 0.3251958323813833 0.1004207072429292 0.11405800091253812
0 0.4014612500289144 0.5404569991859258 0.1374863667390885 0.1584766968843109
0 0.26046902962162266 0.3063665969951751 0.06530212377058478 0.07747226009497812
0 0.3998613395837721 0.6893893770269472 0.12170873447389878 0.14094607878375792
0 0.16597519006676492 0.1557568965087078 0.09333585389828239 0.10750018506436802
0 0.2766344371622337 0.5164410263783241 0.1414245716920705 0.1677092268660271
0 0.7419675036812643 0.4980469512939509 0.11960283763520536 0.13642491314862326
0 0.8495149653171336 0.7409123356277941 0.08905698625333507 0.09679940214028289
0 0.8982658954907479 0.43838339934478626 0.11322611134681253 0.13602114564663736
0 0.6486463304384402 0.5478912183400795 0.09543281684620127 0.11094883654568707
0 0.14513866231468886 0.629570497564368 0.11687361591586401 0.14232398812835356
0 0.47293766815266575 0.4512365864418683 0.09334554391107996 0.10759784131436803
0 0.8901894737146467 0.5770640697994815 0.10864836554918327 0.12034330316492117
0 0.6624372770620862 0.293885556813838 0.10848212308757646 0.12063286272255222
0 0.6858400658290408 0.7419548640380084 0.10469806264383034 0.1267084996442545
0 0.6756156944669335 0.426698056813838 0.05650199858724445 0.06640009699641088
0 0.20639005852434106 0.830293246346552 0.07732249726435185 0.10429605757868003
0 0.1997289126596838 0.25227338636243807 0.08080994792148574 0.09031878738790003
0 0.7639056926552157 0.7191407012939509 0.09841988830096415 0.11256076983503469
0 0.6343600183195781 0.8362036960189453 0.09810891219591156 0.12318143673845298
0 0.7518394518005476 0.8647708011317953 0.07407317891553208 0.08825145444354518
0 0.12400098685732337 0.28292732264544596 0.09013257767387772 0.10763924589028288
0 0.8204547917004001 0.6366788031603902 0.10417328970870905 0.12338477795188574
0 0.14649996347650135 0.48609323295387147 0.11674915799354055 0.13910474107072232
0 0.3443139528933611 0.7898063883910329 0.10623877467866176 0.14223584339425432
0 0.6508399726218332 0.640737237414803 0.06712701023814542 0.07916139448011279
0 0.05808405337635394 0.25526024431795713 0.059885604444689114 0.07299079443957393
0 0.39469503839304515 0.29935075811437956 0.08416675210660687 0.09369194236961631
0 0.6041430921433084 0.7124525503210163 0.08515664565601674 0.10170316406198517
0 0.15744462904071638 0.37631881249917615 0.08086733187624864 0.09187958279171564
0 0.966187588427052 0.8872572759679919 0.06762482314589598 0.08546423696182899
0 0.3864938212931084 0.39747461241645066 0.10361278121048993 0.11577099964425441
0 0.3284317306454372 0.31535185917003977 0.07529728458963643 0.0838859013286802
0 0.29821862026929385 0.3881347942352316 0.08819292329679129 0.10282852069751698
0 0.4367158662719491 0.8171558668806774 0.10938556264383034 0.12679032026110554
0 0.2748960508168176 0.23954728977100476 0.059887116688735455 0.07104107863194278
0 0.06099352340973642 0.3317409237011061 0.06491287144112748 0.08828653490221221
0 0.715934429857534 0.6208162495896676 0.08709554391108014 0.10748874715856668
0 0.31942730081681764 0.24032458563108944 0.05125172172295578 0.06162907178337544
0 0.4918041813242568 0.704252492286067 0.08616289474292937 0.1138091298696164
0 0.5506596199242989 0.7707911558409034 0.08183633315601675 0.10164520779171546
0 0.7974147569886192 0.8289111676087308 0.07642283831821395 0.09326431052104915
0 0.83915258409079 0.502862910708872 0.06255668608724463 0.06650578195984344
0 0.04401662098819803 0.16064717370110612 0.0664826535143519 0.10410684740221225
0 0.2899553307834351 0.16338025608578466 0.08664011330958896 0.1028989034085667
0 0.09985259139548981 0.39325116801906324 0.05357231108724445 0.06634895911087905
0 0.19811355449808188 0.7233029066549775 0.07453678728577443 0.09488867025117678
0 0.26559903695523673 0.7431983952908918 0.06805725146672277 0.08853639448011279
0 0.15313421422432 0.7966079931001412 0.06649475146672286 0.08850912094116267
0 0.6415870687335721 0.3824298595737816 0.04952675987146478 0.0570170682829783
0 0.9977861958697496 0.41087778246081347 0.004427608260500903 0.12252786033862365
0 0.5749729203672072 0.8507650279998821 0.04746855697473649 0.053959041801659426
0 0.0869616411194939 0.6956261456979289 0.04710039474292933 0.1131272913958579
0 0.10283083334297145 0.17961140787279353 0.07211249269530029 0.0979659415580136
0 0.07821396750276052 0.5917471692368792 0.048219562093809246 0.0929669947237585
0 0.9540111312552579 0.7879703421206159 0.07820986043011047 0.08081715300276535
0 0.9497062993790092 0.697427162737467 0.09017284996911493 0.10608015508265183
0 0.08522818716223371 0.5131000178569074 0.05318395445331396 0.0634175670146945
0 0.38358546784775543 0.21882746103647888 0.05659223319051634 0.06337957163114849
0 0.3060640643623179 0.6479773985373027 0.08119679231136985 0.09519989529171546
0 0.5903115698263856 0.3136838137136969 0.06042157963665442 0.07446245657431154
0 0.9900449200075696 0.7040959484512819 0.019910159984860697 0.10732681052104916
0 0.9796516136277857 0.6209152556754522 0.0406967727444286 0.07895293947812725
0 0.0527923063097996 0.42986477800317713 0.03240563597150679 0.1222295560063543
0 0.5232488651502212 0.35306786769145637 0.07422670687624873 0.09176367025117668
0 0.1986413980502843 0.4456688303560837 0.07375416461523177 0.08405394028972993
0 0.46005118422878805 0.3449456761334428 0.05358200110004212 0.06644661536087906
0 0.8003056140574076 0.4257549399298652 0.07794733438904622 0.09192610115618365
0 0.7266537006788196 0.39873274390762475 0.048243757998551115 0.061771541801659155
0 0.2329955519096311 0.17096488514462208 0.04965121779378823 0.06023631534060954
0 0.4835310270620862 0.29076273660402413 0.0696221594062962 0.07286828530801355
0 0.2329608406765856 0.6186250892845374 0.05722950566909377 0.07274945784259526
0 0.21801044228130637 0.5544125848203105 0.05453176192771867 0.06324611886127621
0 0.03407366777875646 0.2883767073863262 0.015336009688124319 0.045501710176468