0 0.5131058006917543 0.724112127347196 0.06383994565077504 0.0770055898950254
0 0.32909117661894277 0.3167273951047851 0.11350835939384121 0.15373348591089186
0 0.8916968634082935 0.2580042965542819 0.1317966820971538 0.14759200207240486
0 0.6396367505646974 0.589827510057145 0.03893402264684287 0.0533335101113888
0 0.07725087165373705 0.631367653787188 0.10331738377319048 0.11452730971805139
0 0.5090146240728115 0.4054939375538503 0.08834175942207612 0.12390963052469761
0 0.2783847923051363 0.20846544321119112 0.08724969628201391 0.10515963052469761
0 0.32808605858426204 0.7228455848981306 0.04042354403120818 0.050413481117910844
0 0.4177140608621621 0.3505751542781672 0.0887155031914876 0.1035085646337773
0 0.06014042441162988 0.7642346959416656 0.09395472259037314 0.11300849196101623
0 0.3750197846949772 0.5070205969983791 0.10021609824808211 0.11324016589733468
0 0.49050202957447964 0.6562979134515494 0.06933135583820552 0.08748321601714934
0 0.5471193817535578 0.18034849180857648 0.09099939429653414 0.1175795868454144
0 0.36761899544419985 0.7413592355620605 0.05658888777238476 0.059781728458706954
0 0.3744198161944211 0.4234586632551577 0.0472992052052021 0.06119203005422928
0 0.6113080822617853 0.7141689799047197 0.05051424730740024 0.06443229887494617
0 0.3375660163497129 0.586898994539051 0.06393856506024873 0.07534656993991043
0 0.6697561610456887 0.5420121787732516 0.07376194038027997 0.08477554394694557
0 0.5976514608198098 0.3050121485226306 0.07449470714303548 0.09903278829950315
0 0.4954889923192537 0.22204108811958445 0.05171937724904101 0.056629457381468205
0 0.12919134520420344 0.4904881237329587 0.053275226260712925 0.05820047959310522
0 0.6849456054451986 0.18735649503003032 0.05015118942018652 0.05652271077238855
0 0.5740502769436437 0.6565928292407899 0.08733405055535748 0.1082840623772551
0 0.45763777971565406 0.8048763140172834 0.03388250160015538 0.047056239034149884
0 0.42589276898054884 0.5856041392510526 0.09726269627319048 0.11449208457661779
0 0.7014010031955333 0.5886871908735001 0.049760564420186525 0.05652043818261863
0 0.7222026817394402 0.1644911667711991 0.04877069994353036 0.0596386204133089
0 0.7612967318664973 0.2978122059988106 0.07935284200867017 0.10198974687674198
0 0.3293928264354162 0.12382227761834237 0.10947995776545091 0.13652837334017515
0 0.2327959453877301 0.6827887323406067 0.04059417889684287 0.053343168617910844
0 0.7998168454159649 0.7091673416356258 0.06115290847257082 0.08450694042686635
0 0.5239354268307043 0.5381746273471959 0.06620915418863901 0.09254145585666258
0 0.913392039956649 0.5023264682954507 0.05563971012919602 0.07197910120218491
0 0.2119836454724347 0.7719421359314029 0.042150991067988385 0.05325460272699036
0 0.8133340428698336 0.7989020073266705 0.03929900685300396 0.05792392200883114
0 0.02072709075423581 0.8403704699457707 0.04145418150847162 0.10060671635845857
0 0.2918586741998684 0.5403057956705191 0.06998563841244695 0.07860331503645898
0 0.950274473832815 0.15066851952511473 0.04115158612458316 0.06291348111791084
0 0.724340576364829 0.04733093784843795 0.04060555455455184 0.05353848111791082
0 0.5897578479056266 0.5612212419067724 0.04518402264684287 0.05336987154770725
0 0.5652162053463765 0.08418201893593953 0.06751001406133258 0.08805835871574223
0 0.7296254427568941 0.6806792481532883 0.03590764205631665 0.05165630943811443
0 0.12034915329435532 0.6959386930147994 0.06034051210585236 0.06888250857430869
0 0.6433881660250119 0.24382920882748094 0.053444897966873836 0.0627897551956628
0 0.13649634001311878 0.5662011960398614 0.03545830357681177 0.04394146568811443
0 0.20332971131392 0.8266614521881817 0.04052120028120818 0.05041404926535335
0 0.4186325477785696 0.42866833802138854 0.040400792715790244 0.050022856117910665
0 0.544899645190086 0.4732308833973201 0.045829636785821394 0.05942626349003462
0 0.9381069447524457 0.013742916826532624 0.04888376674510866 0.02748583365306525
0 0.2917915137894641 0.6621398890546608 0.08082433674699833 0.10043633723582168
0 0.2432824792356613 0.3016069100337038 0.0712920038580199 0.09432824387622887
0 0.10082415052234506 0.5484460694782325 0.05071052296687397 0.06277384706727354
0 0.5704640034072949 0.8120297629840112 0.04565900192018653 0.05649657599003462
0 0.46448045797721244 0.08513047019126037 0.1256355787839034 0.17026094038252074
0 0.8694031764071812 0.09100314891541408 0.03729381936182748 0.048638056047194046
0 0.6267140034072949 0.811702510057145 0.05887942986575965 0.07229081881778647
0 0.22482455069175425 0.7257892985973854 0.036636829565139986 0.04238635160486659
0 0.1584098663920652 0.6324574551150478 0.06796127885978462 0.09245402626062713
0 0.3633934980044486 0.6664092325369985 0.07090330517696727 0.09100679508134402
0 0.919982216152069 0.3757685134749905 0.03707855389684269 0.05332271530998174
0 0.5164821586972015 0.8404592900131783 0.04060179304464473 0.05012164866279569
0 0.24433966111627595 0.6186807805452086 0.04408319994353018 0.05961134933607006
0 0.4704331823041377 0.759504726683266 0.0324309598268119 0.04392385311739773
0 0.4714019610315713 0.5283274495559029 0.041963292715790246 0.05003194647699054
0 0.5294474923898409 0.29603712432213375 0.0715336910203419 0.1035062269339015
0 0.761657421780794 0.7609343747149172 0.04021685587349921 0.05021703232302599
0 0.15035371366240727 0.5294142683467643 0.03360379798628541 0.042271082784149885
0 0.6748553717949114 0.7762780944642962 0.037482480873499216 0.05020112419463665
0 0.26903801129980254 0.8114404522863774 0.05501973678405658 0.06133456995218509
0 0.6099610159967771 0.21434624190677232 0.03921465257966013 0.05479949015627365
0 0.6054606296874192 0.7743388654433392 0.032419584169102754 0.043728540617397726
0 0.9513687240445765 0.3732429562933982 0.024242099962941667 0.03909267692455707
0 0.7805215428698336 0.7990929048673424 0.028927673643994466 0.04243912420691096
0 0.7067659394907737 0.015955235463864674 0.03334312101845249 0.03191047092772935
0 0.5694956397166526 0.252068955704223 0.03425509995411833 0.04842513097647725
0 0.4333504112574502 0.7659683501216369 0.04032212627130107 0.04699608051535335
0 0.9524552689805489 0.5825406882412214 0.03020271046687384 0.06265453610435365
0 0.6646646555722554 0.3210229679026672 0.08225766961832992 0.12504571223582167
0 0.1888184322335505 0.6869495123948359 0.055383757830743986 0.06758456995218491
0 0.8309931237904629 0.1068463175333249 0.03417450719068178 0.04871753157903482
0 0.8488668083725006 0.4972349681972548 0.04086150685300396 0.05793301236791084
0 0.5966056293344832 0.4034223774453918 0.07695799267696728 0.09104202022277744
0 0.8710093059534261 0.7204679351179635 0.038848705214025614 0.0518686663613888
0 0.4901772639306385 0.8093729164766115 0.027645803576811723 0.04389601389271647
0 0.6320825848220342 0.6390735311343838 0.03884301738517095 0.05177101011138881
0 0.4932538452042035 0.48837007006740774 0.03343316312065063 0.039341395284149885
0 0.7460093059534261 0.7211951638443328 0.032144642065139804 0.042360216822512696
0 0.8104769554875506 0.23114233558550165 0.065840408472571 0.08453421150410509
0 0.7278339715549149 0.5237116306668457 0.04354854403120818 0.05043166183607006
0 0.24433414291218597 0.8467285124930317 0.03362751246117703 0.04100211968159258
0 0.7425188268589391 0.5665803867169699 0.0322356473268119 0.0439227168225127
0 0.8097936870011122 0.16241960666274052 0.035456377257864345 0.047260641893229496
0 0.8865025872411085 0.4142315706565829 0.03391383022284913 0.04256575597647725
0 0.3153864504376404 0.45816546136156366 0.07456199792981569 0.10186425140206072
0 0.4450816557134297 0.4706876663784156 0.06723227360693614 0.08161361436318479
0 0.9622992477926872 0.44034409788214185 0.026233985477461984 0.051502406591309224
0 0.9570341660955991 0.31619807075477874 0.05299345091244696 0.07850445738146812
0 0.7966316612574502 0.7638548416356258 0.03454063681229158 0.031537985643229405
0 0.00012543539374192236 0.6233375060501242 0.0002508707874838447 0.07529764414975162
0 0.3314470060381307 0.8126393379231927 0.08146137357870131 0.11137383723582168
0 0.8991060869587599 0.11738384173382173 0.03756683514684269 0.05332555604719404
0 0.8000238448512675 0.11561732953537744 0.03711653350786435 0.04727030039975157
0 0.20523936376122925 0.6329659943426593 0.037026491405666294 0.04404821229719395
0 0.29888440599577837 0.7683126210024841 0.03462191935123933 0.059751551534149884
0 0.5632045112292154 0.7355354406771083 0.043640512452353696 0.0503345737335124
0 0.20777834776445223 0.41505633167667677 0.03857096475962916 0.04542392200883114
0 0.9165695188393744 0.4343622634749905 0.047492591386254904 0.06451234255422929
0 0.6483626343138065 0.10478488954564018 0.03416313153297281 0.048522219079034826
0 0.15127365862661435 0.7683904099355081 0.07962682095315943 0.1050176587741845
0 0.850311542163962 0.05675086876298892 0.03858234041733795 0.04561923450883121
0 0.9552988188958442 0.4934918237798408 0.03388915258848364 0.0454943071815924
0 0.8420498480468008 0.7081406519404763 0.025712631541796326 0.039198855386194255
0 0.570802721554915 0.5246252117543472 0.03104478252130107 0.046942106508318204
0 0.4873840058263692 0.5891513200674077 0.03435748087349921 0.05018294347647725
0 0.6420678607068704 0.1860439799047198 0.037196163111827295 0.04863748789975157
0 0.5342590058263692 0.5888786092950191 0.033062491085635234 0.034653327136707546
0 0.8774046631824145 0.02328821902241484 0.04675317363517095 0.04657643804482968
0 0.5848142007199891 0.7533723804704539 0.03003042266625435 0.032878470213433174
0 0.8701377797156541 0.8024764592202643 0.04977955422569735 0.05349423072750348
0 0.40546323179591004 0.22568878376666243 0.13317909789275753 0.14115691622636942
0 0.9181522185711433 0.15241737188624688 0.025893678905666205 0.04398344348875183
0 0.816743095063029 0.3381008627128647 0.040685184158514784 0.05490566861791084
0 0.7039120821911982 0.6394366246167215 0.033445501937833376 0.03787711968159222
0 0.8794482214137407 0.3744423628110606 0.03076511574795724 0.0438165383608756
0 0.6034981843702762 0.16440078406125003 0.0385833035768119 0.04395964640627366
0 0.8772494136059376 0.4658304320929013 0.037482480873499216 0.05020112419463647
0 0.6272747165050048 0.7484394407753042 0.0321379910768119 0.04392214867507036
0 0.8509214030120067 0.3949139440949539 0.04236144073560446 0.056867883976990365
0 0.4880643582172087 0.3361081332991242 0.03362751246117703 0.0410021196815924
0 0.9784372711878617 0.1364469382412214 0.032204826223654594 0.09702953610435353
0 0.7409339400554711 0.6072008415374299 0.03351944371294167 0.0391466509315924
0 0.2392712714702104 0.43752168413600484 0.03864298021579016 0.050012629463946114
0 0.8192695846102727 0.41540370609700644 0.04041024205455166 0.053537344823025815
0 0.688403076364829 0.047540016107269156 0.029146700618886003 0.04117129739923846
0 0.764631647397399 0.028312062308360697 0.0535492052052021 0.056624124616721394
0 0.7687059554169636 0.15719175117835035 0.04408223678405658 0.06127093743862755
0 0.7412902558263692 0.5876741367169698 0.03397708611575947 0.07214594121995521
0 0.8581401817394403 0.16370030553127238 0.06858808544922716 0.08142625592737937
0 0.6941224553463764 0.08343206431187107 0.030121427927926093 0.034440970213433134
0 0.9217513005505801 0.5733474954228137 0.0270988088473068 0.03618060199527395
0 0.46231320029646616 0.30892346458301756 0.0383879910768119 0.04395851011138872
0 0.606649945317143 0.6064201124182771 0.03353081937065063 0.039341963431592394
0 0.20868985842897025 0.5603142895221991 0.07282317523532651 0.09882781729298103
0 0.4266824532802379 0.6793177778147341 0.055918413743066074 0.07676425745218492
0 0.971999742460428 0.36765603162536314 0.015048147326811544 0.04382272287263689
0 0.271453710890397 0.38110351249303187 0.03352416838232255 0.04090389528414988
0 0.7507518869446423 0.10340822102592521 0.04269133480916487 0.06253194647699045
0 0.860728313492998 0.34721678747909557 0.03294112036074352 0.03592172209182252
0 0.6162018526731883 0.04015021780447138 0.03985852265566621 0.04406468857302588
0 0.40627197176667645 0.7481632265850701 0.030322428256780755 0.03453976275831803
0 0.8833419769577613 0.6696321429634857 0.04188269995235387 0.050324347079547846
0 0.802151432092376 0.534994043431024 0.026911110495108657 0.032957945745273956
0 0.8789946531531809 0.5431378206565828 0.027343385488050133 0.04037982074527378
0 0.6785458740728114 0.4045076335937118 0.03912933514684287 0.05333464640627383
0 0.1787587056993123 0.4573983677810302 0.042534001920186616 0.05647839527187557
0 0.9627436527296581 0.09748897737063703 0.033531782530124586 0.037682375329034824
0 0.9239248054593159 0.200804874911309 0.04115351244353036 0.059594304912795784
0 0.4581830822617853 0.7150598350945223 0.03720281410015538 0.047075556047193955
0 0.3011489161661863 0.3942075004909793 0.030036110495108837 0.032976126463433085
0 0.8308092401825281 0.7402264440949539 0.026990740099071785 0.034325133245273955
0 0.9527668111445108 0.6442367123435224 0.020397544048854854 0.03174857301407048
0 0.9221032421780795 0.0711719170657867 0.0243274173957591 0.04055752067455711
0 0.9578693530261241 0.40913045931846026 0.03821263154179633 0.03927157825883114
0 0.8149846320359064 0.47556450127654626 0.05861210190959838 0.06770097506778647
0 0.6877109585419097 0.6762371878484379 0.033707142065139806 0.042369307181592396
0 0.0021830239482455447 0.7482556928184076 0.004366047896491089 0.04070801463670755
0 0.8419357269577612 0.6698730374790955 0.033233125951269926 0.037583014636707365
0 0.5337375481315055 0.798966681601922 0.025712631541796326 0.039198855386194255
0 0.7033946846526249 0.4605940071302787 0.05811891373424274 0.08605125970870695
0 0.7537153901401756 0.6961588024080143 0.023427777277276008 0.026787421277114733
0 0.24673037179491136 0.7787688528521114 0.04130891901356133 0.06896703232302599
0 0.865152690055471 0.6064781579906005 0.059796133470806014 0.08635388696522917
0 0.8114438611303934 0.6302201850197676 0.04122552789969127 0.06418301236791084
0 0.5601026270565832 0.7753837358566482 0.034620266416254354 0.0329051731432294
0 0.22294426129980255 0.8117086178792261 0.020557766416254352 0.03282335991151299
0 0.9111510606504005 0.12512361886118478 0.02160914272284913 0.0424941693987253
0 0.7148991449783246 0.24966105230981855 0.03133486179287992 0.051922575258318025
0 0.936852655784017 0.542020227370637 0.03314212068959819 0.03602051463670737
0 0.5326146638882862 0.7646098623200812 0.02838925622176518 0.02984260425179599
0 0.8980055895190086 0.04241565799060039 0.03921465257966013 0.05479949015627368
0 0.9496957480750357 0.7371918268049029 0.015321163111827473 0.048510222872636885
0 0.22997551129980254 0.8116677112633678 0.028473610495108836 0.032967036104353295
0 0.7611062870434644 0.20721902225558925 0.024345444041796328 0.03919090132199958
0 0.4830653160532467 0.2744393802740621 0.03914736179287992 0.05196802705371617
0 0.2900749082736785 0.3966148830045366 0.032145605224613585 0.04070062871995521
0 0.712927850324701 0.33714287159165923 0.03114716344068178 0.04869991900831803
0 0.7107620506917542 0.7229621969236243 0.040970538760712924 0.05812889301535336
0 0.21549984250278037 0.4165733798812787 0.021116136803468067 0.04073408430895533
0 0.9757287711172745 0.06226909485707969 0.044356215728545936 0.06429884933607007
0 0.2806922029978892 0.38339272033855415 0.02139580357681172 0.04385965245639785
0 0.9245086343843937 0.1773719200908488 0.03687223025108395 0.01290552705371617
0 0.569129431598266 0.017913166083828043 0.03030912628012441 0.035826332167656086
0 0.7691969059957784 0.7655764229195192 0.027178438451269927 0.03754778949527378
0 0.827828453350825 0.7511775796335733 0.018197824961177035 0.04091235238568114
0 0.3944391006776368 0.7099637898167867 0.023440116094458573 0.025323145674557068
0 0.9801902160108945 0.22703103162536314 0.015040533179010041 0.047044242827752034
0 0.4617491560663655 0.841558702580965 0.036559126280124234 0.03769998789975162
0 0.9587717003670534 0.38022875449800003 0.04114021046687384 0.06271816861791084
0 0.48156039810327067 0.7695927989901689 0.02341640161956704 0.02659210877711473
0 0.6935008290662521 0.12092297395279146 0.03728716837349921 0.05019998789975157
0 0.7584645323464899 0.8023451698944571 0.01891659997176518 0.029787493949875808
0 0.9866739763930639 0.07548216716398255 0.018904261154582613 0.03125176955243332
0 0.8504469059957784 0.765103724247379 0.033834200618886 0.04119856847647725
0 0.8528886375093399 0.6963628146064587 0.029581084186749606 0.025163626463433175
0 0.7350255742986904 0.641598567435129 0.02819394372176518 0.02984146795691096
0 0.8407743163355956 0.5691326940949539 0.05354351737634744 0.061130735240547726
0 0.43774177964506683 0.7307984645830177 0.031045927936749606 0.02517214867507036