0 0.1609375 0.80390625 0.10546875 0.12421875
0 0.4671875 0.6578125 0.0546875 0.07265625
0 0.68984375 0.6609375 0.09296875 0.11875
0 0.5578125 0.76875 0.06875 0.078125
0 0.3640625 0.50234375 0.09296875 0.103125
0 0.45390625 0.73203125 0.07890625 0.0921875
0 0.6640625 0.56328125 0.05703125 0.07109375
0 0.39140625 0.67890625 0.06953125 0.09609375
0 0.30078125 0.6953125 0.0734375 0.10078125
0 0.66328125 0.76171875 0.10078125 0.10546875
0 0.05390625 0.821875 0.05234375 0.07109375
0 0.15546875 0.70078125 0.06328125 0.0765625
0 0.03671875 0.734375 0.05234375 0.06953125
0 0.2375 0.753125 0.0703125 0.07734375
0 0.46875 0.81796875 0.06328125 0.090625
0 0.403125 0.58828125 0.05859375 0.0765625
0 0.0765625 0.6828125 0.06953125 0.09296875
0 0.0875 0.7640625 0.059375 0.07109375
0 0.359375 0.76953125 0.071875 0.08671875
0 0.83671875 0.80234375 0.10234375 0.12265625
0 0.021875 0.66015625 0.04296875 0.07265625
0 0.2890625 0.803125 0.0734375 0.10078125
0 0.60546875 0.83359375 0.07734375 0.09375
0 0.33828125 0.5984375 0.07578125 0.09921875
0 0.53359375 0.83984375 0.046875 0.06484375
0 0.4421875 0.49296875 0.06171875 0.0765625
0 0.178125 0.63125 0.06640625 0.08671875
0 0.759375 0.72890625 0.0890625 0.1046875
0 0.52890625 0.69296875 0.071875 0.08671875
0 0.61640625 0.62578125 0.06484375 0.08125
0 0.11484375 0.61328125 0.05078125 0.065625
0 0.51640625 0.60625 0.071875 0.08515625
0 0.4609375 0.565625 0.0546875 0.0734375
0 0.4078125 0.82109375 0.05859375 0.075
0 0.23515625 0.52734375 0.065625 0.0953125
0 0.22734375 0.6765625 0.0609375 0.07421875
0 0.596875 0.7046875 0.0640625 0.08046875
0 0.575 0.559375 0.07109375 0.0875
0 0.26796875 0.6 0.0640625 0.08125
0 0.5078125 0.5328125 0.0578125 0.0640625
0 0.56171875 0.63515625 0.05 0.0609375
0 0.23515625 0.82109375 0.046875 0.05859375
0 0.6890625 0.846875 0.059375 0.07265625
0 0.01015625 0.80546875 0.01953125 0.078125
0 0.93046875 0.790625 0.04453125 0.05703125
0 0.94453125 0.8546875 0.0453125 0.05703125