0 0.521237560622288 0.27435376899861064 0.062142867432816294 0.07784908518930997
0 0.9000024229660072 0.40370677536378397 0.06857485015726184 0.08600009507958344
0 0.9135515130772077 0.5298510480652074 0.04875310818857272 0.06046148178651904
0 0.3252975449283733 0.5427621961446872 0.06702041108052796 0.08898879826395394
0 0.9512945936545798 0.3431861962415964 0.06876675242586643 0.08590698477848094
0 0.5946279314035277 0.31870187462194394 0.06845084136654264 0.07965471180403219
0 0.5635068730586744 0.5169218222852425 0.06679068511654282 0.07961607123840295
0 0.8917484680640164 0.30476078229763814 0.08487414666316014 0.11126156879249134
0 0.845458766705405 0.4455682734639229 0.05384735503510463 0.06662981800895836
0 0.6576636116259291 0.5701539654276383 0.0617872740572194 0.0732546954904123
0 0.41438483757931194 0.6070409420606246 0.05896888373280209 0.07357940423139767
0 0.7633332582678845 0.5395923368185411 0.062196190674672455 0.07658182691375863
0 0.7680901909373565 0.6269104988626382 0.055611987997895976 0.06686604404903651
0 0.30052077813815037 0.40282818037711776 0.04727679328391084 0.057304660144236054
0 0.12199398485423954 0.4631877181805207 0.049166675497895926 0.06671602773541671
0 0.7815500672457099 0.2191161826582285 0.06679068511654282 0.07961607123840286
0 0.6756522421106337 0.27856587747173556 0.09448414147943343 0.10982643701292112
0 0.5992781927514551 0.5879058163013189 0.06257131612819719 0.08732401441375863
0 0.5232563844914198 0.4624349972471176 0.05530754809323426 0.06373649810013901
0 0.8622047786863046 0.5919341271873951 0.045717703515306594 0.057365948803055566
0 0.2361953833102935 0.38949368541111096 0.06522477488514707 0.07948204739722228
0 0.6007638255984123 0.45594730148368007 0.05511223559323426 0.06373195215124135
0 0.4300991507334886 0.4029346703091316 0.0602247740572194 0.07321832789923181
0 0.3657787011889756 0.5012280063651733 0.042425602176918265 0.052508057370694416
0 0.07758424202581567 0.6172219079600346 0.06980655771188107 0.07656380642076392
0 0.26372512786799784 0.5176543997919095 0.08452382213985139 0.09564111474138884
0 0.3999057084453697 0.32869838972392323 0.07331350362819702 0.08757404160312507
0 0.3260589806778883 0.34212641650940945 0.06324746711534904 0.07036137558159297
0 0.7901437841286001 0.4648098891552424 0.061939494009550164 0.07481946846486114
0 0.06963536588709832 0.3754162676674305 0.08806238944917477 0.10196839587264765
0 0.15067700164446252 0.6030308149701387 0.05869389545022683 0.06849900625694882
0 0.12837292650938625 0.660534843655486 0.051760919860644794 0.05438414619332903
0 0.1618947877567972 0.3935648959921873 0.07655569195612477 0.09379684756103739
0 0.8196750275051782 0.5133012873316313 0.0568666378618385 0.0636752094413195
0 0.2773238695152954 0.2847146132227775 0.0811408850142545 0.09097626283457902
0 0.6451338736916467 0.392465376521805 0.08225354975969204 0.1172503400334767
0 0.5233059697932971 0.595138394473576 0.0671146570991322 0.08889341498840295
0 0.45120776970062987 0.49143347264583304 0.06497830891421189 0.07801265769832462
0 0.2309324421184829 0.7190357150463887 0.05855655688395336 0.07015461655805133
0 0.4961284001005165 0.5239543787060065 0.054063128923478664 0.06722030145785603
0 0.4000644211519087 0.45827678695038154 0.055256394622299074 0.06227165435013902
0 0.12122763693849055 0.30630193854524296 0.06960318428861503 0.07353418969631509
0 0.4651487625290537 0.3381084508943399 0.05384270434323426 0.0637024034834072
0 0.6637796915703287 0.506781796449687 0.047179137033910835 0.057302387169787396
0 0.35362838685367254 0.6256285943210761 0.05540985503510463 0.06666618560013901
0 0.7122593423886354 0.5938629159407285 0.06671132048399589 0.08293183778950527
0 0.017435081038057437 0.7351737805852083 0.034870162076114875 0.06686377107458767
0 0.891778205998299 0.48274031193291594 0.05858817827696079 0.06547166250694883
0 0.038538692457992976 0.4856277222645833 0.07707738491598595 0.11294689106402345
0 0.36519094646447015 0.18275076329902745 0.0652827488188736 0.08114220364722229
0 0.19095477206288256 0.6567363900082637 0.058589418737435436 0.06830142078249998
0 0.08095972396964832 0.7217457537997222 0.08750001241891617 0.09424673319930132
0 0.21620279792359823 0.5819903099361456 0.07680215792705995 0.09526623725993488
0 0.16051828231450158 0.5223984108098263 0.07682044954451306 0.09858427678548623
0 0.8168179007334887 0.39393369149194374 0.06553262502120454 0.08270924959611987
0 0.8134771020072822 0.5790172063095825 0.061674736421161926 0.0700320392404123
0 0.5348858213372432 0.6659048361529509 0.05062004809323426 0.06362739532659738
0 0.31940469819375067 0.4656184678961803 0.058642741979291556 0.06703416250694882
0 0.6514557624442358 0.6585079506099994 0.08776942069917482 0.10196157694930133
0 0.4495262517292805 0.2713391781929163 0.0588575865572194 0.07318650625694882
0 0.3110291698859643 0.7054622178961802 0.09480005253875676 0.11607870998736977
0 0.5593576087155222 0.21101731440145785 0.06210318511654265 0.07950696846486113
0 0.6163590545470201 0.5234978241851036 0.04734747883277368 0.06491730169533856
0 0.46939723059307026 0.6635260249825343 0.07650453848518968 0.09233200381103739
0 0.9592905990120574 0.5389344541253811 0.044436082950226566 0.06816715198742625
0 0.3488814109851076 0.2697786378240622 0.060122467115349035 0.07028864039923181
0 0.021843496925258228 0.5828663981763889 0.043686993850516456 0.09676265769832462
0 0.8625520082678845 0.5372829947785757 0.04090960495598317 0.051009119003962766
0 0.9774801261387174 0.21923954996506864 0.030191600225781202 0.059834304141249996
0 0.48033476371018013 0.41737772359576353 0.052349649431622326 0.06844891916777769
0 0.08787939048186962 0.5459463200041318 0.06344743030721936 0.07329333605604163
0 0.3751784938399142 0.5673614994313191 0.052284855035104626 0.06659345041777769
0 0.3619121459241652 0.41076666052548577 0.06508743631887368 0.08113765769832479
0 0.30247511462115395 0.6151099748300345 0.050370171890903405 0.062060349377699706
0 0.8175297180640164 0.3064882428787146 0.07675906537939099 0.09682646428548622
0 0.028005444929749834 0.6668049870822221 0.05601088985949967 0.07630468733360232
0 0.39799345654645313 0.6964125665856594 0.07871033175849824 0.10799564437666671
0 0.8785812576349123 0.6594664660932285 0.0504563569862416 0.05893989532659738
0 0.6902355533658938 0.44215559878638827 0.05839751646883116 0.0683945310836025
0 0.7955132972906259 0.6910632646302076 0.08139882213985139 0.09556837955902786
0 0.19735362731984368 0.3170199265773957 0.06699281807933417 0.07981592968730045
0 0.5857489168907394 0.6623791394395828 0.05230655688395345 0.07000914619332903
0 0.5667633370311578 0.40131500608083287 0.07206350445612486 0.09369229073639325
0 0.8534796309480408 0.2158807734639229 0.07338294871658527 0.09235692487867624
0 0.15833075582081374 0.7191643080362845 0.06689516182933417 0.07981365671285161
0 0.9023659872164922 0.6042698198167006 0.0441087007362416 0.058792151987426246
0 0.3157440179713493 0.2127844086256247 0.05228361457462993 0.06376369214222662
0 0.9514086663425854 0.451689027263645 0.06870382492951847 0.13440122748840277
0 0.4042682823145016 0.5167250665856594 0.04049045764434282 0.047389018830616435
0 0.2633283129845407 0.4396021349742706 0.04549603847458741 0.051018292553055566
0 0.9541319061757843 0.2619361962415964 0.054996287725781204 0.06041163965124134
0 0.6105282391154088 0.24339275009690922 0.0539747740572194 0.07307285753450961
0 0.22110360744957785 0.46400337614055537 0.05214286577696079 0.06532164619332903
0 0.4354389590783419 0.2053147879003121 0.05688151924789597 0.06689559271687066
0 0.49212546869698875 0.1915055546178121 0.07838294954451311 0.09862064437666676
0 0.7076437973754441 0.368372606670173 0.06382596599213955 0.08413317980604171
0 0.7132464343139346 0.6773657469627772 0.04890191790950773 0.06192859851096788
0 0.43356391271438816 0.5496096485576385 0.04555060217691818 0.05258079255305557
0 0.7050222504633361 0.5105055552834022 0.05892362141421188 0.0778717332825
0 0.3994270480084162 0.2529898749062844 0.05551898243976634 0.06979118560013893
0 0.7411532126217211 0.43706740207302025 0.055747467943276875 0.07633415435013902
0 0.9495311638955146 0.6172231082856936 0.05936013103285873 0.09037173328249999
0 0.751532695831498 0.2963151155038882 0.05897136465375148 0.07923892078250008
0 0.46905497941194396 0.5839112601648955 0.047392741151363896 0.06062497264423605
0 0.24790417650938626 0.6577527229301734 0.05708489267116192 0.0699252094413195
0 0.6569965005481542 0.18688752374826334 0.05259611540255769 0.06991830886667541
0 0.9151983809480407 0.21444425361229089 0.04885417466996813 0.06056141101096797
0 0.520716716249918 0.35633046761183984 0.060315609844428054 0.07302528837368065
0 0.7243824079898827 0.22434984973631886 0.04901104531416926 0.06505359851096788
0 0.981674063617513 0.3003258958047561 0.014136911069925873 0.047165940729444425
0 0.763893797375444 0.367063373387673 0.06054068511654265 0.07947060087368066