0 0.24185291115344693 0.8294704186823629 0.11938435314054222 0.12577752568029474
0 0.7386248987144718 0.6964350307526779 0.11324983061450666 0.12902056751272664
0 0.3866833117043876 0.5363669507081343 0.10637371816041821 0.10437482984563573
0 0.5094318604793123 0.7686351053866793 0.09655823494961151 0.09178278684456202
0 0.5139298169742702 0.6907010093889066 0.06463973264795922 0.07552164542389157
0 0.7369705108163795 0.8032571954169052 0.11957333040383951 0.10911012426399935
0 0.6565882918824467 0.7414924447405875 0.07668529111534461 0.0835579346753633
0 0.6089102036775136 0.5873043840706331 0.08879873509896755 0.09140004776018137
0 0.4479710550257828 0.7133294400461343 0.08447502522228803 0.0943717111761984
0 0.9274710710493042 0.850706002108495 0.1261941253678657 0.12312723934794256
0 0.3025576021153712 0.7826050566915898 0.079082710868704 0.07754188250914744
0 0.4915224465084213 0.5999760120544065 0.07083673249860319 0.07588620317472702
0 0.6281241731019342 0.8105691614019512 0.08234822048880482 0.07913960884289181
0 0.35648363079174084 0.7270823100334075 0.08635238417987523 0.10540914009289164
0 0.690775807905968 0.8736873267424965 0.0938737181604182 0.10422937917727211
0 0.21555371253194253 0.7285618993475448 0.07061164926484045 0.0756886180080338
0 0.2616544680156985 0.555188581357408 0.07452964269317244 0.08860196967496563
0 0.7815577995420269 0.8911208220878141 0.07463157400826184 0.08031709709181775
0 0.14058255622063157 0.7074130580044543 0.07920045459574805 0.08982611600890866
0 0.3818515932609424 0.6376930933720437 0.08713250105333525 0.10093399759309048
0 0.4352436028197323 0.6195976213796797 0.07281602277127952 0.07863875950827222
0 0.31388284326094235 0.6369022053628168 0.07139583512192349 0.07891468325807338
0 0.6605431642475054 0.665111758076042 0.08135790574846347 0.08351482242599957
0 0.57890171492164 0.7281106500636334 0.08536768371262937 0.08999536125974394
0 0.1452539857245562 0.8455034040022273 0.043783015391520096 0.0723544642544546
0 0.3594499905039511 0.8386374280314985 0.08905879117665565 0.10397838634328949
0 0.5325623826909507 0.56224020206077 0.06781546654423529 0.06629770934118148
0 0.16054151559577456 0.7871914646721816 0.06730328627463877 0.07253066434098265
0 0.2835513062206315 0.7090766500238626 0.07885762763494135 0.07734429734245403
0 0.8308828592844636 0.7747151194302683 0.11392528639726081 0.11362610634647083
0 0.42530409136173264 0.8050896787078162 0.07861338396920807 0.0853350648422552
0 0.6055507459877071 0.6675913207351787 0.05942897855403366 0.0630806663401076
0 0.6926753671579171 0.5945179947485417 0.06747176389795921 0.07555459909094289
0 0.5520973408712448 0.6443532680617243 0.08266127671584904 0.09142611500934628
0 0.46145956767863117 0.5255390860518613 0.08198262763494135 0.0773806600095451
0 0.16543092141659782 0.6453130473424542 0.06312796654423543 0.06624316534054522
0 0.47890006626990916 0.8548447780474069 0.0679350130018225 0.07731468425763595
0 0.2201039995722533 0.6560874626829992 0.07830552985232683 0.08523399959221542
0 0.54554448214001 0.8571799847230883 0.07991495220605067 0.09451361600890884
0 0.12427561047931235 0.7641534066677271 0.024675303063832033 0.05955681333545435
0 0.615642303126573 0.8821714413987696 0.06239070304087626 0.07227853517365332
0 0.3118316492049596 0.8536806253580445 0.05120803233006939 0.05967058350572714
0 0.11610751032589192 0.633821016669318 0.047874637193731216 0.05826703333863605
0 0.9967923822311185 0.8510701761218581 0.006415235537762953 0.06313861934078382