0 0 0.8492985765625001 0.0185546875 0.8689279734375001 0.03125 0.867619346875 0.0458984375 0.8610762140625001 0.0546875 0.8466813234374999 0.052734375 0.817891540625 0.0361328125 0.7930276375 0.0263671875 0.7877931328125001 0.0087890625 0.7930276375 0 0.8021880234375001 0 0.8492985765625001
0 0 0.74199120625 0.0283203125 0.7720896140625 0.05078125 0.7707809875 0.0615234375 0.7642378562500001 0.07421875 0.739373953125 0.076171875 0.7158186765625 0.068359375 0.689646146875 0.0478515625 0.6647822453125001 0.0302734375 0.6647822453125001 0.0185546875 0.6569304859375 0.0048828125 0.6647822453125001 0 0.6713253765625 0 0.74199120625
0 0.1220703125 0.7275963156249999 0.0986328125 0.7223618093749999 0.068359375 0.7524602171875 0.06640625 0.78125 0.0830078125 0.8192001671875 0.1005859375 0.8296691796875001 0.119140625 0.828360553125 0.1318359375 0.8218174203125 0.14453125 0.8021880234375001 0.142578125 0.7498429640625 0.1220703125 0.7275963156249999
0 0.15234375 0.6268320765625 0.1357421875 0.6072026796875 0.1220703125 0.6045854265624999 0.1064453125 0.6124371859375 0.09375 0.6294493296875 0.0859375 0.6477701 0.083984375 0.6739426296875 0.0927734375 0.7014237859375 0.1103515625 0.7171273031250001 0.12890625 0.7184359296875 0.1416015625 0.71451005 0.16015625 0.68702889375 0.162109375 0.660856365625 0.15234375 0.6268320765625
0 0.0673828125 0.6595477390625 0.087890625 0.6320665828124999 0.0859375 0.5901905359375 0.0673828125 0.5600921265625 0.0517578125 0.549623115625 0.0361328125 0.549623115625 0.0205078125 0.5600921265625 0.001953125 0.6006595484374999 0 0.6137458125 0.0078125 0.6399183421875 0.0341796875 0.6647822453125001 0.0673828125 0.6595477390625
0 0.1123046875 0.5941164156250001 0.1416015625 0.59673366875 0.1611328125 0.588881909375 0.177734375 0.56401800625 0.181640625 0.535228225 0.173828125 0.5038211890625 0.1396484375 0.468488275 0.1103515625 0.47895728593750003 0.0859375 0.5064384421875 0.080078125 0.5221419593750001 0.08203125 0.5535489953125 0.091796875 0.57448701875 0.1123046875 0.5941164156250001
0 0.13671875 0.45147613125 0.140625 0.43838986562500004 0.13671875 0.40174832499999996 0.0712890625 0.3114530984375 0.0009765625 0.3219221109375 0.0009765625 0.5234505859375 0.0166015625 0.5234505859375 0.1162109375 0.47372278124999995 0.13671875 0.45147613125
0 0.1962890625 0.423994975 0.216796875 0.39913107187499997 0.21875 0.3415515078125 0.1962890625 0.3114530984375 0.1826171875 0.303601340625 0.1572265625 0.30621859218749997 0.1435546875 0.3166876046875 0.130859375 0.3415515078125 0.12890625 0.3729585421875 0.1513671875 0.416143215625 0.1650390625 0.423994975 0.1962890625 0.423994975
0 0.2998046875 0.47895728593750003 0.3193359375 0.46587102187499996 0.3359375 0.43838986562500004 0.34375 0.40174832499999996 0.337890625 0.357255025 0.330078125 0.3389342546875 0.3017578125 0.3088358453125 0.2880859375 0.3009840875 0.2626953125 0.30621859218749997 0.236328125 0.3336997484375 0.220703125 0.3677240375 0.21875 0.40698283125 0.224609375 0.4279208546875 0.2607421875 0.47372278124999995 0.2998046875 0.47895728593750003
0 0.25 0.650387353125 0.25 0.6085113062499999 0.2353515625 0.58626465625 0.2158203125 0.5731783921875 0.1884765625 0.5810301499999999 0.169921875 0.6085113062499999 0.169921875 0.650387353125 0.1943359375 0.6804857625 0.2294921875 0.6752512562499999 0.25 0.650387353125
0 0.208984375 0.778632746875 0.2109375 0.7576947234375 0.203125 0.7315221937499999 0.1845703125 0.71451005 0.1630859375 0.7171273031250001 0.14453125 0.744608459375 0.1484375 0.789101759375 0.1689453125 0.80873115625 0.1943359375 0.8034966499999999 0.208984375 0.778632746875
0 0.2763671875 0.761620603125 0.296875 0.728904940625 0.283203125 0.6713253765625 0.2744140625 0.6595477390625 0.2548828125 0.6595477390625 0.2333984375 0.6752512562499999 0.224609375 0.6922634000000001 0.22265625 0.734139446875 0.23046875 0.7524602171875 0.2451171875 0.7642378562500001 0.2763671875 0.761620603125
0 0.3544921875 0.5757956453124999 0.369140625 0.532610971875 0.361328125 0.5116729484375 0.3291015625 0.47372278124999995 0.2978515625 0.4815745390625 0.28125 0.5142902015625 0.279296875 0.532610971875 0.291015625 0.56401800625 0.3212890625 0.58626465625 0.3544921875 0.5757956453124999
0 0.3564453125 0.7406825796875001 0.384765625 0.694880653125 0.375 0.650387353125 0.3466796875 0.6202889453125 0.3232421875 0.6176716921875001 0.3017578125 0.62552345 0.28515625 0.650387353125 0.283203125 0.6844116421875001 0.2890625 0.7105841703125 0.3173828125 0.7432998328125 0.3564453125 0.7406825796875001
0 0.3310546875 0.8401381906250001 0.35546875 0.8021880234375001 0.35546875 0.778632746875 0.3408203125 0.75376884375 0.2978515625 0.7459170859375 0.2861328125 0.7511515906249999 0.275390625 0.7707809875 0.27734375 0.8126570359375 0.2900390625 0.8322864328125 0.3076171875 0.84275544375 0.3310546875 0.8401381906250001
0 0.455078125 0.4567106359375 0.451171875 0.42530360156249997 0.4267578125 0.3978224453125 0.3935546875 0.3978224453125 0.375 0.4305381078125 0.376953125 0.4697969015625 0.4033203125 0.4946608046875 0.4443359375 0.48419179218749997 0.455078125 0.4567106359375
0 0.4482421875 0.6412269687500001 0.466796875 0.621597571875 0.474609375 0.5980422953125 0.47265625 0.5456972359375001 0.4345703125 0.499895309375 0.3994140625 0.499895309375 0.3837890625 0.512981575 0.3671875 0.5430799828125 0.361328125 0.5928077890625 0.3837890625 0.638609715625 0.4248046875 0.6516959796874999 0.4482421875 0.6412269687500001
0 0.51171875 0.5116729484375 0.513671875 0.4985866828125 0.5009765625 0.471105528125 0.4833984375 0.46587102187499996 0.46484375 0.488117671875 0.46484375 0.5169074546875 0.4755859375 0.5339195984375 0.4970703125 0.5339195984375 0.51171875 0.5116729484375
0 0.4609375 0.7550774703124999 0.462890625 0.7158186765625 0.4404296875 0.6804857625 0.4072265625 0.677868509375 0.392578125 0.689646146875 0.3828125 0.7132014234375 0.384765625 0.7550774703124999 0.4052734375 0.7877931328125001 0.4384765625 0.7851758796875 0.4609375 0.7550774703124999
0 0.5478515625 0.468488275 0.576171875 0.433155359375 0.576171875 0.3781930484375 0.5537109375 0.34024288125 0.5048828125 0.33762562812499997 0.482421875 0.3703412890625 0.48046875 0.4226863484375 0.5048828125 0.46063651562499996 0.5185546875 0.468488275 0.5478515625 0.468488275
0 0.5478515625 0.6516959796874999 0.578125 0.605894053125 0.572265625 0.5509317421875 0.5478515625 0.5182160796875 0.5341796875 0.512981575 0.5146484375 0.5182160796875 0.478515625 0.566635259375 0.48046875 0.6294493296875 0.4912109375 0.6464614734375 0.5146484375 0.6595477390625 0.5478515625 0.6516959796874999
0 0.474609375 0.8545330828125 0.4765625 0.8257433000000001 0.4658203125 0.8061139031250001 0.4443359375 0.7982621437499999 0.4169921875 0.80873115625 0.412109375 0.82050879375 0.408203125 0.8545330828125 0.4189453125 0.8741624796874999 0.4638671875 0.8741624796874999 0.474609375 0.8545330828125
0 0.515625 0.783867253125 0.51953125 0.7550774703124999 0.5029296875 0.7223618093749999 0.4814453125 0.71974455625 0.462890625 0.744608459375 0.46484375 0.778632746875 0.4775390625 0.795644890625 0.4951171875 0.800879396875 0.515625 0.783867253125
0 0.5078125 0.700115159375 0.5087890625 0.6569304859375 0.4716796875 0.6359924625 0.455078125 0.660856365625 0.453125 0.6922634000000001 0.4658203125 0.71451005 0.4931640625 0.71974455625 0.5078125 0.700115159375
0 0.5693359375 0.75900335 0.5859375 0.7315221937499999 0.5859375 0.694880653125 0.5693359375 0.667399496875 0.5419921875 0.6595477390625 0.5224609375 0.67001675 0.51171875 0.689646146875 0.509765625 0.7315221937499999 0.5341796875 0.766855109375 0.5576171875 0.766855109375 0.5693359375 0.75900335
0 0.5234375 0.8702365999999999 0.52734375 0.8388295640625 0.5126953125 0.8192001671875 0.5009765625 0.8192001671875 0.482421875 0.8388295640625 0.482421875 0.86500209375 0.4951171875 0.879396984375 0.5146484375 0.879396984375 0.5234375 0.8702365999999999
0 0.5986328125 0.8610762140625001 0.623046875 0.8388295640625 0.626953125 0.7943362640625 0.6142578125 0.7747068671874999 0.5888671875 0.766855109375 0.564453125 0.78648450625 0.5546875 0.8257433000000001 0.5673828125 0.8506072031249999 0.5830078125 0.8610762140625001 0.5986328125 0.8610762140625001
0 0.6259765625 0.6098199328125 0.650390625 0.5823387765625 0.654296875 0.5456972359375001 0.6416015625 0.515598828125 0.6064453125 0.5051298156249999 0.580078125 0.5247592125 0.572265625 0.5509317421875 0.5869140625 0.59673366875 0.6025390625 0.6072026796875 0.6259765625 0.6098199328125
0 0.6484375 0.6765598828125 0.6484375 0.6373010890625 0.6298828125 0.6124371859375 0.5966796875 0.6150544390625 0.580078125 0.6373010890625 0.578125 0.6660908703125 0.6005859375 0.7040410390625 0.6298828125 0.7014237859375 0.6484375 0.6765598828125
0 0.71484375 0.7184359296875 0.708984375 0.6739426296875 0.6865234375 0.6543132328125 0.6650390625 0.667399496875 0.65625 0.68702889375 0.6484375 0.7158186765625 0.6689453125 0.7432998328125 0.6923828125 0.7459170859375 0.71484375 0.7184359296875
0 0.689453125 0.8048052765625 0.69140625 0.778632746875 0.6826171875 0.7642378562500001 0.6650390625 0.75900335 0.646484375 0.77601549375 0.64453125 0.7995707703125 0.6591796875 0.8192001671875 0.6787109375 0.8192001671875 0.689453125 0.8048052765625
0 0.765625 0.7969535171875 0.767578125 0.7603119765625 0.7509765625 0.7275963156249999 0.7197265625 0.7249790625 0.701171875 0.7498429640625 0.701171875 0.789101759375 0.7197265625 0.8165829140625 0.7451171875 0.8192001671875 0.765625 0.7969535171875
0 0.826171875 0.8492985765625001 0.826171875 0.8152742875 0.8134765625 0.7930276375 0.7802734375 0.7904103859375 0.755859375 0.8152742875 0.755859375 0.8519158296875 0.7802734375 0.879396984375 0.8037109375 0.879396984375 0.826171875 0.8492985765625001
0 0.947265625 0.8597675875 0.947265625 0.82050879375 0.9267578125 0.795644890625 0.8935546875 0.7982621437499999 0.876953125 0.82050879375 0.875 0.8702365999999999 0.8916015625 0.889865996875 0.9169921875 0.895100503125 0.947265625 0.8597675875
0 0.96875 0.7969535171875 0.974609375 0.773398240625 0.9638671875 0.75376884375 0.9580078125 0.7511515906249999 0.94140625 0.7655464828125 0.939453125 0.789101759375 0.9443359375 0.795644890625 0.9560546875 0.8061139031250001 0.96875 0.7969535171875
0 0.904296875 0.7603119765625 0.904296875 0.7262876890625 0.8876953125 0.7066582921875 0.8623046875 0.70927554375 0.845703125 0.734139446875 0.845703125 0.7681637359375 0.8623046875 0.7877931328125001 0.8837890625 0.7851758796875 0.904296875 0.7603119765625
0 0.7685546875 0.7249790625 0.8017578125 0.70927554375 0.81640625 0.689646146875 0.82421875 0.66347361875 0.814453125 0.6137458125 0.7939453125 0.5914991625 0.7705078125 0.58626465625 0.7314453125 0.6045854265624999 0.7109375 0.650387353125 0.708984375 0.6713253765625 0.71875 0.700115159375 0.7470703125 0.7249790625 0.7685546875 0.7249790625
0 0.6796875 0.4567106359375 0.681640625 0.4305381078125 0.6728515625 0.4082914578125 0.6474609375 0.40305695156250004 0.623046875 0.42530360156249997 0.62109375 0.45147613125 0.6416015625 0.47895728593750003 0.6630859375 0.4763400328125 0.6796875 0.4567106359375
0 0.783203125 0.39389656562500003 0.78515625 0.3467860140625 0.7607421875 0.3166876046875 0.7294921875 0.31407035156249996 0.701171875 0.35202051875 0.69921875 0.39389656562500003 0.7216796875 0.42661222812500005 0.7529296875 0.42661222812500005 0.783203125 0.39389656562500003
0 0.7509765625 0.58626465625 0.7734375 0.56401800625 0.7890625 0.52999371875 0.78515625 0.4697969015625 0.7607421875 0.43708123906249996 0.7216796875 0.431846734375 0.7060546875 0.4396984921875 0.68359375 0.4567106359375 0.671875 0.488117671875 0.66796875 0.527376465625 0.6953125 0.577104271875 0.7119140625 0.588881909375 0.7509765625 0.58626465625
0 0.8369140625 0.48942629843749996 0.85546875 0.46717964843750004 0.859375 0.45409338281249995 0.8427734375 0.41352596249999996 0.8154296875 0.41090871093750003 0.798828125 0.42530360156249997 0.794921875 0.4593278890625 0.796875 0.47503140781250003 0.8056640625 0.48419179218749997 0.8369140625 0.48942629843749996
0 0.908203125 0.6032768 0.916015625 0.5535489953125 0.91015625 0.532610971875 0.8916015625 0.510364321875 0.8623046875 0.49727805625 0.8251953125 0.515598828125 0.8125 0.532610971875 0.810546875 0.5875732828125 0.8388671875 0.6281407031249999 0.8779296875 0.63075795625 0.908203125 0.6032768
0 0.9443359375 0.48419179218749997 0.958984375 0.4645623953125 0.970703125 0.42530360156249997 0.9609375 0.3808103015625 0.9521484375 0.3690326640625 0.9287109375 0.35856365156250003 0.9072265625 0.35856365156250003 0.8935546875 0.3690326640625 0.87109375 0.40698283125 0.87109375 0.4567106359375 0.8876953125 0.4815745390625 0.9150390625 0.4946608046875 0.9443359375 0.48419179218749997
0 1 0.45147613125 0.9794921875 0.4396984921875 0.966796875 0.44624162500000003 0.935546875 0.493352178125 0.935546875 0.5142902015625 0.9541015625 0.5470058625 0.9716796875 0.554857621875 0.9912109375 0.5522403687499999 1 0.5430799828125 1 0.45147613125
0 0.982421875 0.605894053125 0.982421875 0.6451528468750001 0.9990234375 0.6647822453125001 0.9990234375 0.5757956453124999 0.982421875 0.605894053125
0 0.9716796875 0.7275963156249999 0.98828125 0.700115159375 0.990234375 0.6660908703125 0.9658203125 0.6359924625 0.9384765625 0.6464614734375 0.92578125 0.6660908703125 0.919921875 0.700115159375 0.927734375 0.7210531828125 0.9404296875 0.7328308203125 0.9716796875 0.7275963156249999
0 0.9150390625 0.6961892796875 0.927734375 0.6582391125 0.923828125 0.6399183421875 0.9033203125 0.6202889453125 0.8759765625 0.6359924625 0.865234375 0.650387353125 0.869140625 0.689646146875 0.8837890625 0.7040410390625 0.9150390625 0.6961892796875
0 0.9990234375 0.8610762140625001 1 0.8048052765625 0.974609375 0.82050879375 0.970703125 0.8362123109375 0.974609375 0.8519158296875 0.9833984375 0.8610762140625001 0.9990234375 0.8610762140625001
0 0.984375 0.728904940625 0.984375 0.7472257124999999 0.9990234375 0.75900335 0.9990234375 0.7066582921875 0.984375 0.728904940625