0 0 0.7397132937500001 0.0128052546875 0.7400858890625 0.026632328125 0.734077978125 0.03991046875 0.720008440625 0.045661048437500004 0.7096623906249999 0.053851734375 0.6520771515625 0.05132873125 0.6441187078125 0.041169370312499995 0.6293672109374999 0.0264665359375 0.6236827125 0.014747785937499999 0.6233417328125 0.0064742031249999995 0.6257293390625 0 0.6302860906250001 0 0.7397132937500001
0 0 0.8964613609375001 0.0014923890625 0.898378890625 0.024452271875 0.8990469546875 0.040924125 0.8896131625000001 0.058569596875 0.8730423578125001 0.06935193281249999 0.8536435140625 0.0744238390625 0.8248793078125001 0.0705577375 0.8050542390625001 0.0512911140625 0.77732759375 0.0405023109375 0.777013671875 0.019382753125 0.7891093078125 0.01018700625 0.7967267687499999 0 0.8111966703125001 0 0.8964613609375001
0 0.0655351796875 0.796588253125 0.089097459375 0.7972738453125 0.09631434375 0.793140575 0.10234986093750001 0.7867453328125 0.10810044062499999 0.7763992796875 0.1113280171875 0.7580947874999999 0.1082351359375 0.7422347312500001 0.09807577656250001 0.72748323125 0.0877696546875 0.72890148125 0.0803485578125 0.7297110078125 0.0737161109375 0.7320311265624999 0.057562681250000004 0.7512736875 0.055257270312499995 0.764348325 0.0574279859375 0.7854382390625 0.06265013593749999 0.7947893921875 0.0655351796875 0.796588253125
0 0.05367901093750001 0.708167796875 0.0586162203125 0.7135681421875 0.0640145140625 0.7163535609375 0.0796395140625 0.7168082015625 0.08837417812500001 0.7118056671875 0.094409696875 0.7054104234375 0.1009220109375 0.6924143875000001 0.1058479078125 0.66447824375 0.1036313421875 0.6531118703125001 0.09542510781249999 0.6384172015625 0.090026815625 0.6356317828125 0.074401815625 0.6351771421875 0.063714025 0.640122846875 0.0552643 0.6490761890625001 0.0481304734375 0.6672670218750001 0.0453639796875 0.6829565875 0.0459338578125 0.6908582 0.05367901093750001 0.708167796875
0 0.0748272203125 0.9278036859375 0.077563578125 0.9288616328125 0.08859874375 0.9291827234375001 0.0924053453125 0.92831515625 0.1011400109375 0.9233126203124999 0.11878944375 0.902822609375 0.1273766609375 0.8541220875000001 0.111418515625 0.8316196625 0.099699765625 0.8312786828125001 0.093379309375 0.83372311875 0.07786310468749999 0.84378501875 0.07182758593750001 0.8501802625 0.0627406359375 0.868314265625 0.0585908953125 0.891848615625 0.0607616109375 0.912938528125 0.06644484218749999 0.9196747515625001 0.0748272203125 0.9278036859375
0 0.1173841421875 0.8425994687499999 0.12029975 0.8437267187499999 0.1420358 0.8443591734375 0.15495459843749998 0.8410643125 0.16581853124999998 0.8295528734375001 0.1733661671875 0.8159736843750001 0.1812622015625 0.771193046875 0.172123440625 0.7548285296875 0.16523310468750002 0.749371353125 0.14765497968750002 0.7488598828125 0.13018564999999999 0.758864953125 0.1188606359375 0.77299131875 0.1093126015625 0.79374025 0.10562394374999999 0.8146596718750001 0.1076858640625 0.82523304375 0.1102088671875 0.8331914859375 0.1173841421875 0.8425994687499999
0 0.1971927421875 0.624065340625 0.18639615625 0.61849450625 0.17663053125 0.61821035625 0.1600833671875 0.62298556875 0.1397387484375 0.6381636625 0.1284137328125 0.65229003125 0.1226631546875 0.6626360828125 0.1188657 0.6730389609375 0.1157469203125 0.7018599953125 0.1198707609375 0.7230067390625 0.1280769953125 0.7377014078124999 0.1364593734375 0.745830340625 0.13850205625 0.746884325 0.16922399999999999 0.74777824375 0.1716156234375 0.746853284375 0.1914991609375 0.734290115625 0.1999488859375 0.7253367749999999 0.2085747546875 0.7098176984375 0.21283329218749997 0.696799890625 0.21698303281250003 0.673265540625 0.2168742359375 0.662749 0.2122893125 0.644217184375 0.20408307812499998 0.629522515625 0.1971927421875 0.624065340625
0 0.16509088593750001 0.8951924359375001 0.18071588593750001 0.8956470781249999 0.1938178828125 0.8881432734375 0.20709602343750003 0.8740737375000001 0.20939625468749998 0.86993531875 0.21041063593749998 0.8641824765624999 0.21216792812500002 0.8453095328125 0.209075046875 0.829449478125 0.20040772968749998 0.8173697375 0.1950094375 0.81458431875 0.1793844375 0.8141296765625 0.1706497734375 0.8191322124999999 0.1574101578125 0.8352099687500001 0.15027223125 0.8756911625000001 0.156247425 0.8896784296875 0.16509088593750001 0.8951924359375001
0 0.263989396875 0.8843086 0.2779047625 0.8610584015624999 0.282054503125 0.8375240515625 0.277008496875 0.8216071656249999 0.26983322187500003 0.8121991828124999 0.26443492968750004 0.809413765625 0.24755429218749997 0.8065960171875 0.24486332968750002 0.80651771875 0.24099742968750001 0.8087318031249999 0.23254770468750002 0.8176851453125 0.21667921406250001 0.8408785140624999 0.21391272031250003 0.8565680796875 0.21562235312500003 0.8802729203125 0.21786041875 0.88428055625 0.22634797187500003 0.8865974046874999 0.23645970625 0.8973631578125 0.25126265000000003 0.8977938796875 0.263989396875 0.8843086
0 0.2022948234375 0.8178010499999999 0.2056071109375 0.819510128125 0.22000303125 0.81992900625 0.2316291359375 0.8002931984374999 0.24499487812499998 0.79274128125 0.2507551125 0.760073365625 0.24851704843750003 0.7560657281250001 0.2332443359375 0.7424796171875 0.2234787109375 0.7421954671875 0.21715825312499998 0.7446399046875001 0.2103767140625 0.7496992687499999 0.20146590625 0.7612675390625 0.19525424375 0.7742285171875001 0.1920266671875 0.7925330109375001 0.19511954843749998 0.8083930671875 0.2022948234375 0.8178010499999999
0 0.22410373125 0.6718494828125 0.23754277343750002 0.683804421875 0.25820943125 0.6844057593749999 0.265689234375 0.68094453125 0.28574891406249997 0.661815628125 0.28862420312500003 0.6566426046875 0.29882673125000003 0.6299551375 0.29962594062500003 0.6254225953125 0.30026005625 0.601785953125 0.28906973593749996 0.58174776875 0.276781109375 0.5735051734375001 0.257249859375 0.5729368734375 0.2421947359375 0.580383846875 0.228916596875 0.5944533828125 0.22043544218750002 0.61137845 0.2144106328125 0.645546840625 0.2148665359375 0.6518681296875 0.22410373125 0.6718494828125
0 0.296831903125 0.783777846875 0.30057295625 0.762561275 0.2999028328125 0.759124928125 0.29468068281250004 0.7497737765625 0.2886154875 0.7449701140625 0.2853409859375 0.7448748359375 0.277563640625 0.7466473765625 0.2647465828125 0.7581019859375 0.258996003125 0.7684480375 0.25761275625 0.7762928203125 0.2592135953125 0.7894811171875 0.2644357453125 0.7988322703125 0.2684877984375 0.8009230546874999 0.27335854843749996 0.801064778125 0.2839669953125 0.799400571875 0.296831903125 0.783777846875
0 0.2967852671875 0.7884957546875 0.2891903578125 0.8093015171875001 0.2856104953125 0.8407374796875 0.2897343375 0.86188421875 0.2964485296875 0.87390713125 0.306275934375 0.8789778874999999 0.33399138125 0.8797843249999999 0.3437846109375 0.872656125 0.359476959375 0.8560284906250001 0.36856391093749996 0.8378944875000001 0.37420569375 0.8170318968749999 0.3734182234375 0.788097203125 0.361766821875 0.770673946875 0.346033025 0.7597027640625 0.330408025 0.7592481234374999 0.31535290312500003 0.766695096875 0.2967852671875 0.7884957546875
0 0.31678968125 0.7614950656249999 0.3313513140625 0.761918765625 0.3314137359375 0.7618946234374999 0.33986346093750003 0.7529412828125001 0.34486128437499997 0.7429675812500001 0.3489418625 0.7198254703125 0.3482717390625 0.7163891234374999 0.34454163125 0.709709728125 0.3410964640625 0.7069811406250001 0.3313308390625 0.706696990625 0.32305725625 0.709084596875 0.31265440624999996 0.7179811078125 0.309779115625 0.7231541359375 0.3060904578125 0.7440735546874999 0.30935948281250003 0.7533678765625 0.31678968125 0.7614950656249999
0 0.0455069953125 0.6103340921875 0.0571583984375 0.6277573484375 0.0647226734375 0.6316603734374999 0.079941775 0.6321032046874999 0.09668198125000001 0.6262790234375 0.1094990390625 0.614824415625 0.1200780328125 0.59936216875 0.1234144046875 0.591574215625 0.128486309375 0.5628100109374999 0.12791643125000002 0.5549083984375 0.12482355 0.5390483421875001 0.1116801046875 0.5189533281250001 0.1028366453125 0.513439321875 0.0813522703125 0.5128141890625 0.0706644796875 0.5177598953125 0.050143718749999996 0.5395037234375 0.043932056250000004 0.552464703125 0.0388601515625 0.5812289078124999 0.0455069953125 0.6103340921875
0 0.1397169265625 0.614996284375 0.1638271796875 0.615697821875 0.171730859375 0.6120404453125 0.18547008125 0.5953559796875 0.190594703125 0.5846631703125 0.19362631875 0.567470025 0.191925234375 0.5587469921875 0.17924287187500001 0.5360370515625 0.173844578125 0.533251634375 0.1533911640625 0.5379131859374999 0.1381598984375 0.5519258921875 0.1324093203125 0.5622719421875 0.128611865625 0.572674825 0.12687633125 0.593651075 0.134621484375 0.610960671875 0.1397169265625 0.614996284375
0 0.2170237234375 0.573946153125 0.22782030937500003 0.5795169890625 0.23367968437500003 0.5796874796875 0.25068793125 0.5722973375 0.25913765624999996 0.563343996875 0.267763525 0.547824921875 0.2709911015625 0.529520428125 0.26939026250000003 0.516332128125 0.261184028125 0.5016374609375001 0.2523405671875 0.4961234515625 0.2386686921875 0.495725640625 0.22798090312500002 0.5006713484375 0.21470276250000003 0.514740884375 0.2084911015625 0.5277018625000001 0.20526352499999997 0.54600635625 0.2068643640625 0.5591946546875 0.2170237234375 0.573946153125
0 0.22549734531249999 0.4463059359375 0.25674065156250003 0.4472150234375 0.2713503296875 0.4317345859375 0.277100909375 0.42138853593750003 0.28043728125 0.41360058281249995 0.2841259390625 0.3926811625 0.2835560625 0.3847795484375 0.281494140625 0.374206178125 0.27328790625 0.359511509375 0.2663975703125 0.3540543328125 0.24491319531250003 0.3534292015625 0.22577568124999997 0.367328246875 0.2133523578125 0.39325020624999996 0.21115574218750002 0.41684138437499996 0.217693790625 0.43543002968750005 0.22549734531249999 0.4463059359375
0 0.2678787625 0.5020804890624999 0.2784320890625 0.5075258093749999 0.292544025 0.507936425 0.3054492203125 0.5005453328125 0.3142327296875 0.4891423265625 0.32056997656249997 0.4532020125 0.3157691734375 0.43645118906249997 0.3100859421875 0.429714965625 0.30468765000000003 0.42692954531250005 0.29492202500000003 0.42664539531249995 0.2886015671875 0.42908983437500003 0.279866903125 0.43409236875 0.2637134734375 0.453334928125 0.26037710000000003 0.46112288437500004 0.25864156718750003 0.48209913281250005 0.2678787625 0.5020804890624999
0 0.31038275625 0.54103720625 0.3209358515625 0.5702560515624999 0.32765004375 0.5822789625 0.33798554531249997 0.5904647265625 0.35361054531249997 0.5909193687500001 0.3682045859375 0.5860873234375 0.3813065828125 0.5785835203125 0.40228842656249997 0.5542247625 0.4112953359375 0.5354313453125 0.4200789546875 0.485616971875 0.4189961859375 0.47060390781250006 0.41544222187499996 0.45735878124999996 0.4067749046875 0.4452790390625 0.37932235937500003 0.43396687500000003 0.3593300265625 0.436013503125 0.337954446875 0.4459049140625 0.3222621 0.4625325453125 0.3127140671875 0.483281478125 0.3062589140625 0.5198904671875 0.31038275625 0.54103720625
0 0.2994357703125 0.672705346875 0.3000056484375 0.6806069609375001 0.3077508015625 0.69791655625 0.3166338046875 0.704951934375 0.3416864515625 0.705680890625 0.3546258015625 0.699280478125 0.361407340625 0.6942211140625 0.3751465640625 0.67753665 0.38103197031249997 0.6625292140625 0.38288782656250003 0.6520041296875 0.3840159234375 0.6383695640625 0.3809230421875 0.622509509375 0.37271680625000003 0.6078148421875 0.3604281796875 0.599572246875 0.344342096875 0.6017325328124999 0.329286975 0.6091795046875 0.32083724999999996 0.6181328453125 0.306921884375 0.64138304375 0.30358551093749997 0.6491709984375 0.2994357703125 0.672705346875
0 0.37248813593749996 0.3992442375 0.3720607265625 0.393318028125 0.3672996609375 0.381351946875 0.35757606875 0.37633475625 0.345481159375 0.37598283125 0.3404169921875 0.3779413984375 0.3247246453125 0.394569034375 0.3213882734375 0.402356984375 0.3190828609375 0.41543162499999997 0.322636825 0.428676753125 0.33254340937500004 0.43999755937499996 0.346149309375 0.44039345 0.360492221875 0.43109240312499997 0.3683383953125 0.42277858593750006 0.37248813593749996 0.3992442375
0 0.362152590625 0.37797678437500004 0.375824465625 0.3783745953125 0.3928327125 0.370984453125 0.4012824390625 0.36203111250000003 0.405523490625 0.3544008984375 0.41237632656249995 0.31553653593750003 0.4103952890625 0.2992160171875 0.3967907609375 0.28173593124999996 0.3670328046875 0.28349840625 0.3518015390625 0.2975111140625 0.3427145875 0.3156451171875 0.3376426828125 0.3444093203125 0.3382125609375 0.352310934375 0.3444656703125 0.366948771875 0.34940288124999996 0.37234911875 0.362152590625 0.37797678437500004
0 0.40828098749999997 0.4422012984375 0.4117767484375 0.4408493125 0.41781226718750003 0.4344540671875 0.42311298906249994 0.4238758984375 0.4291839046875 0.38944601875 0.4228427234375 0.3780910484375 0.41744443125 0.37530562968750003 0.40377255625 0.37490781875 0.39940522343749996 0.3774090875 0.386127084375 0.39147862031249997 0.3847438359375 0.39932340625 0.38748443125 0.42831493125 0.38851539218750003 0.43360161562500005 0.394774459375 0.4418082984375 0.40828098749999997 0.4422012984375
0 0.43219839843749996 0.374020015625 0.44187733281249997 0.3913518046875 0.4478164109375 0.39152461562499996 0.47580009062500006 0.3765416453125 0.4804467625 0.3653966390625 0.4909733671875 0.3426297578125 0.5056313515624999 0.32107152499999997 0.5113450234375 0.28866768125000003 0.5081371328125 0.2829234015625 0.4701859265625 0.285345165625 0.4480513390625 0.278546740625 0.435410425 0.2834356125 0.42696069999999997 0.2923889546875 0.42362432656250004 0.300176909375 0.422540490625 0.32012907031250004 0.4195833828125 0.3342277984375 0.4293480578125 0.3518382265625 0.43219839843749996 0.374020015625
0 0.41673605468749997 0.4541961703125 0.416953646875 0.4752292546875 0.42377663437499996 0.49776870312500004 0.43636036093749997 0.5105505359375 0.4633586875 0.51133610625 0.4707604296875 0.5096491703125 0.48190930156249995 0.5020885390625 0.5024300640625 0.4803447046875 0.5073899390625 0.4714212390625 0.5156848093749999 0.42437868749999996 0.509942075 0.40434131406249996 0.4933534625 0.3815177109375 0.48255687812500003 0.3759468765625 0.47083812812500003 0.3756058953125 0.4625645453125 0.3779935015625 0.447048340625 0.388055403125 0.4337702 0.4021249390625 0.4256054140625 0.41502908749999995 0.4222690421875 0.42281703750000005 0.41673605468749997 0.4541961703125
0 0.404052384375 0.657239025 0.422736275 0.6577826703125 0.42580311875000004 0.6568976359375001 0.436951990625 0.649337003125 0.44827700468750004 0.6352106375 0.4489442796875 0.6336530453125 0.45493835000000005 0.5996589859375 0.45163927656249997 0.5827415921875 0.4395267921875 0.5679332625 0.4219486671875 0.5674217921875 0.417581334375 0.5699230609375 0.40235006875 0.5839357656249999 0.3941852828125 0.596839915625 0.3891133765625 0.62560411875 0.3896832546875 0.6335057328125 0.3974284078125 0.6508153265625001 0.404052384375 0.657239025
0 0.4686304703125 0.6104320421875 0.49656574062500003 0.6112448765625 0.5048744562499999 0.6064862921875 0.522519928125 0.5899154890625 0.527771346875 0.5785035765625001 0.5343002718750001 0.5414762 0.52864869375 0.5217568781249999 0.5214734187500001 0.5123488953125 0.507231665625 0.5040494718749999 0.495512915625 0.503708490625 0.47804358750000003 0.5137135609375 0.46189015624999996 0.5329561218750001 0.4552174125 0.548532028125 0.45060659062499997 0.5746813046875 0.45266851093750005 0.5852546750000001 0.4686304703125 0.6104320421875
0 0.4382750171875 0.6760694125 0.44033693906250004 0.6866427828125 0.44555908750000006 0.6959939359375 0.4498666125 0.6994055140625 0.48702816093749995 0.7004868046875 0.4960553984375 0.6935207125 0.502796140625 0.68451764375 0.5112108921875 0.6367952156250001 0.5105665421875 0.6334910359375 0.49891513906249996 0.6160677828125001 0.49351684687499997 0.6132823625 0.47593872187499997 0.612770890625 0.46961826406249996 0.6152153296875 0.4608836 0.6202178625 0.44473017031250006 0.639460425 0.44093271562499997 0.6498633046875 0.438166221875 0.665552871875 0.4382750171875 0.6760694125
0 0.39638709687499996 0.7810867953125 0.40150588750000005 0.779107103125 0.41265475937499996 0.7715464703125 0.42834710625000005 0.7549188375 0.43697297500000004 0.7393997609375 0.439804746875 0.73002011875 0.4417412921875 0.719037421875 0.4419360859375 0.700119015625 0.4297148046875 0.6747941453124999 0.42282446875 0.6693369703125 0.41845251875 0.6670811249999999 0.3963219234375 0.6664371906250001 0.38962134375 0.6683708578124999 0.3748511609375 0.6797686374999999 0.361396878125 0.7004039078125001 0.3593950546875 0.70507668125 0.353677634375 0.7375017828125 0.3540195609375 0.7422427500000001 0.36382663437499996 0.7701257171875 0.3741621375 0.77831148125 0.3785340875 0.7805673265624999 0.39638709687499996 0.7810867953125
0 0.4318698796875 0.8198335390624999 0.43595835781250003 0.82307163125 0.4536336875 0.82358593125 0.46599516875 0.8155697937499999 0.47203068750000005 0.809174553125 0.4779969125 0.798440525 0.4841309546875 0.763652646875 0.48096739375 0.7529251921875 0.474077059375 0.7474680171875 0.468678765625 0.7446825968749999 0.455006890625 0.7442847859375 0.448686434375 0.7467292249999999 0.43995176875 0.7517317593749999 0.4290878359375 0.763243196875 0.4257514640625 0.77103115 0.421140640625 0.797180428125 0.4318698796875 0.8198335390624999
0 0.3947913078125 0.9490856328125 0.41655620468750004 0.9453708031250001 0.4209235359375 0.9428695359375 0.44144429843750005 0.92112570625 0.447655959375 0.9081647281249999 0.4518057 0.8846303796875 0.451235821875 0.8767287671874999 0.44608102031249997 0.8502953390625001 0.4314455328125 0.8275285671875 0.41939964218750003 0.8194487890625 0.407102190625 0.8190909703125 0.39042990781250003 0.826335134375 0.376405746875 0.839068790625 0.3674949375 0.8506370609375 0.36082219375 0.8662129671875001 0.3557502890625 0.8949771703125 0.35585908437499997 0.9054937125 0.358951965625 0.9213537687500001 0.3720954109375 0.9414487828125001 0.388152284375 0.9488924578125 0.3947913078125 0.9490856328125
0 0.5046592671875 0.3897674 0.5128655015625 0.4044620671875 0.5225763031249999 0.4109755875 0.5365345046875001 0.41138172968750003 0.5499748765625 0.40554184062500004 0.558424603125 0.3965884984375 0.5674098828125 0.3804227953125 0.572251246875 0.35296605468750003 0.57006045625 0.34173185 0.5633462640625 0.3297089421875 0.5530107609375 0.32152317343750003 0.5412920109375 0.3211821921875 0.533018428125 0.3235698 0.5129587484375 0.342698703125 0.5072081703125 0.353044753125 0.5029496328125 0.3660625609375 0.5030584296875 0.3765791015625 0.5046592671875 0.3897674
0 0.5866034453125 0.23749061875000002 0.5778687812500001 0.2424931546875 0.562176434375 0.2591207875 0.5564258546875 0.2694668375 0.55216731875 0.282484646875 0.5518150312500001 0.295616115625 0.5589229578125 0.3221063734375 0.5723630625 0.3558856390625 0.585325228125 0.35626279843750003 0.6176594453125 0.32842784687500004 0.6469897265625 0.31809799375000003 0.657853659375 0.3065865546875 0.6640653203125 0.293625578125 0.6648786890625 0.2778791828125 0.660646053125 0.24621589843749997 0.6479636890625 0.2235059578125 0.644518521875 0.2207773703125 0.6167136890625 0.222596675 0.5866034453125 0.23749061875000002
0 0.61536309375 0.4140826390625 0.6230636796875 0.4201815375 0.6402982015625 0.4206830109375 0.6481051359375 0.417663678125 0.6637974828125001 0.40103604375 0.6714170015625001 0.38732752656249997 0.6766733390625 0.3575173515625 0.6749722546875 0.348794321875 0.6667660203125 0.334099653125 0.6544773921875 0.325857059375 0.6427586421875 0.325516078125 0.634485059375 0.3279036859375 0.6277035203125 0.33296305 0.6091358828125 0.354763709375 0.6053384281249999 0.365166590625 0.6026807296875 0.391372696875 0.61536309375 0.4140826390625
0 0.5380902437499999 0.48681179218750004 0.567381690625 0.4876640859375 0.568572521875 0.4871130359375 0.578975371875 0.478216525 0.5824796640625001 0.47309465624999997 0.5893209734375 0.434295665625 0.5840058296875 0.4218535046875 0.5756234515624999 0.4137245703125 0.5541390765624999 0.4130994390625 0.5454044125 0.418101971875 0.5369546875 0.4270553140625 0.5312041062499999 0.4374013671875 0.526593284375 0.46355064218750003 0.5286552046875 0.4741240140625 0.5338773546875 0.4834751640625 0.5380902437499999 0.48681179218750004
0 0.6205863359375 0.4696318328125 0.6252130484375 0.46231948125000005 0.6295595171875 0.43766943124999996 0.618374171875 0.42094310312500005 0.608608546875 0.42065895312499996 0.6042412140625 0.4231602203125 0.5929161984375 0.43728658906250006 0.58784429375 0.46605079375 0.5930664421875 0.4754019453125 0.5977673953125 0.47912512031250004 0.6064557875000001 0.4793779265625 0.6101834859374999 0.47852834375000003 0.6205863359375 0.4696318328125
0 0.5863678578125 0.5490188796875 0.59257951875 0.5360579015625 0.5948849296875001 0.5229832640625001 0.592823009375 0.5124098921875 0.584616775 0.49771522343749997 0.5710847218749999 0.49248338281250004 0.5689073484375 0.492420028125 0.557273025 0.49691960156250004 0.5488232984375 0.50587294375 0.5401974296875001 0.5213920203125 0.536508771875 0.5423114421874999 0.5385706921875 0.5528848109375 0.545284884375 0.5649077218749999 0.548181378125 0.5672017578124999 0.5650505906250001 0.5676926015625 0.57745705 0.56058715 0.5863678578125 0.5490188796875
0 0.5424356328125 0.6267141984375 0.5506418671875 0.6414088671875 0.5591905578125 0.65075946875 0.5763587625000001 0.6512590125 0.5984390312500001 0.637542934375 0.611717171875 0.6234733984374999 0.61746775 0.6131273515625 0.6202342453125 0.5974377828125 0.6196643671875 0.5895361718750001 0.6150794421875 0.5710043578125 0.6010138328125 0.5561392 0.595615540625 0.553353778125 0.579990540625 0.5528991375000001 0.5736700828125 0.555343578125 0.56493541875 0.5603461109375 0.549243071875 0.57697374375 0.5416481625 0.5977795046875001 0.5424356328125 0.6267141984375
0 0.5299675046875 0.750422225 0.5513144421875 0.7510433562500001 0.5632191375 0.745154734375 0.5740830703124999 0.7336432953124999 0.5811994125 0.7208400578124999 0.5881617546875 0.6813546500000001 0.585610128125 0.668270103125 0.57154451875 0.6534049453125 0.55201326875 0.65283664375 0.536958146875 0.6602836140624999 0.52368000625 0.67435315 0.5179294265625 0.6846992015625 0.511474275 0.7213081890625 0.5135361953124999 0.7318815609375 0.5202503875 0.743904471875 0.5299675046875 0.750422225
0 0.4824638765625 0.8376817171875001 0.47923630156249997 0.8559862109375 0.47945389218749995 0.877019290625 0.49316721562500004 0.90501591875 0.5049947625 0.9158734390625 0.5060458328124999 0.9162009281250001 0.5372632765625001 0.9171092640625 0.5381978875 0.9168395515625001 0.555667215625 0.9068344828124999 0.5645780234375 0.8952662140625 0.5732038921875 0.8797471375000001 0.57677080625 0.8706517203124999 0.5811510875 0.8458099078125001 0.5819644562499999 0.8300635125 0.575887490625 0.8088599390625 0.5676812546875001 0.7941652718750001 0.555853709375 0.78330775 0.5504554171875 0.78052233125 0.5348304171875 0.7800676906249999 0.5154079625 0.7900159312499999 0.49488719999999997 0.8117597609375 0.48626133125 0.8272788359375 0.4824638765625 0.8376817171875001
0 0.5915070124999999 0.82298424375 0.603158415625 0.8404074984375001 0.6098013124999999 0.8438351109375001 0.6442088671875 0.84483626875 0.6456660828125 0.8442726890625 0.6613584312499999 0.8276450562500001 0.670853459375 0.8091451031249999 0.6769858546874999 0.7743665625 0.6733465703125 0.7596569359374999 0.66215625 0.7396187515625 0.6518207484375 0.7314329859375001 0.6342426234375 0.730921515625 0.624015915625 0.73325229375 0.613328125 0.7381979984375 0.59234628125 0.7625567531249999 0.5861346203125 0.7755177343749999 0.58290704375 0.793822228125 0.5915070124999999 0.82298424375
0 0.5974904046875 0.6529430671875 0.590356578125 0.6711339 0.5880511671875001 0.6842085359375 0.5937758468750001 0.7185435796874999 0.5975059546875 0.725222971875 0.6116139140625 0.72924014375 0.622649071875 0.729561234375 0.6326622046875 0.7262459140625 0.6406508468750001 0.719907503125 0.6589335453125 0.6941560359375 0.664114246875 0.6759083718750001 0.662974490625 0.6601051453125 0.6589594437499999 0.64947494375 0.650292128125 0.6373952015625 0.6414486671875 0.6318811984375 0.619503209375 0.6338709953125 0.5974904046875 0.6529430671875
0 0.6491468484375 0.9163841015624999 0.653907915625 0.9283501796875001 0.669221721875 0.9460771265625001 0.692429034375 0.9467523906249999 0.696063296875 0.945346840625 0.7093414359375 0.931277303125 0.7111384921874999 0.9280441625 0.720054228125 0.8774805140625 0.7127710546875 0.861725984375 0.7058807203125 0.8562688078124999 0.7004824265625 0.8534833890625 0.6829043015625 0.8529719171875 0.6765838453125 0.8554163546875 0.6654349734375 0.8629769875 0.6541099578125 0.8771033546875 0.6507735859375 0.8848913078124999 0.647546009375 0.9031958015624999 0.6491468484375 0.9163841015624999
0 0.7094233875 0.646071934375 0.6934461 0.6587487609375 0.6825821671875001 0.6702602015625 0.6662525953125 0.6960684968749999 0.6607196078124999 0.727447628125 0.6609371984375 0.7484807109375 0.66299911875 0.7590540828125001 0.6737283578125 0.78170719375 0.6814342609375 0.7878103046875 0.71829816875 0.788882934375 0.7425488140625001 0.78108131875 0.750998540625 0.772127978125 0.7696335249999999 0.7332450453125 0.7729698968750001 0.725457090625 0.7742443484375 0.7070957671875 0.7705815890625 0.683334096875 0.760774515625 0.6554511296875 0.7426265125 0.647038046875 0.73332196875 0.64413896875 0.7094233875 0.646071934375
0 0.7217772859375 0.952323565625 0.7325065234375 0.9749766765625001 0.73880279375 0.9810825765625 0.7717407781250001 0.982040975 0.792944603125 0.9662218703125 0.80231649375 0.9520386734375 0.8032604171875001 0.9489121265625 0.8089778375 0.916487021875 0.8087716453124999 0.9154296859375 0.8025185359375 0.900791846875 0.7862148625 0.881919053125 0.7788634437499999 0.8790768046874999 0.7573790687499999 0.8784516734375 0.7510586125 0.880896109375 0.73099893125 0.9000250109374999 0.725248353125 0.9103710625 0.720176446875 0.9391352671875 0.7217772859375 0.952323565625
0 0.6148542765625 0.57172465625 0.6256508625 0.57729549375 0.6412758625 0.577750134375 0.6670187750000001 0.5653574546875 0.6802969140624999 0.5512879203125001 0.6870538453124999 0.5391313125 0.694246728125 0.49833843906249997 0.691823971875 0.48591472968750005 0.6855708625 0.471276890625 0.673743315625 0.4604193703125 0.6585793984375 0.4573497984375 0.638125984375 0.462011353125 0.617605221875 0.483755184375 0.6061040640625001 0.5044472859375 0.601493240625 0.5305965609375 0.6026329968749999 0.5463997875 0.6148542765625 0.57172465625
0 0.6653850359375 0.4591053609375 0.6970543 0.46002684218749995 0.6982533734375 0.45947197968750003 0.7139457203124999 0.44284434531250005 0.72012759375 0.4317223390625 0.7257758515625 0.399689475 0.7256903703125 0.398504234375 0.7204682203125 0.38915308125000003 0.70668755 0.3782387296875 0.69106255 0.3777840890625 0.682327884375 0.38278662343750003 0.6695108265624999 0.3942412328125 0.6575485859375 0.41754826093749997 0.6557042578125001 0.42800797187499995 0.65833605625 0.44648295625 0.6653850359375 0.4591053609375
0 0.6900228734375 0.371873321875 0.7138591703125 0.3725668875 0.7255760375 0.363525275 0.7306077953125001 0.35447248125 0.7352186171875 0.32832320312499996 0.7334144375 0.3190715046875 0.7281922875 0.3097203515625 0.7173957015625 0.3041495171875 0.7115363265625 0.30397902656250003 0.6964812046875 0.311425996875 0.6880314796875 0.3203793390625 0.682850778125 0.338627003125 0.6824984921875 0.351758471875 0.6897825625 0.37168299375 0.6900228734375 0.371873321875
0 0.6894942359375 0.21243833906249998 0.6790913859375001 0.2213348515625 0.6666680625 0.2472568078125 0.662518321875 0.27079115625 0.6630882 0.27869276875 0.668880228125 0.29594553281249997 0.677151359375 0.3039665875 0.7067333609374999 0.3048273359375 0.7152941453125 0.2999243859375 0.726158078125 0.28841294687499996 0.7319086578125 0.278066896875 0.7390424828125 0.2598760640625 0.7407780171875 0.2388998125 0.738716096875 0.228326440625 0.7320019046875 0.2163035296875 0.7236195265625 0.208174596875 0.7104087328124999 0.2051618578125 0.6894942359375 0.21243833906249998
0 0.6570593312499999 0.631619928125 0.6680961328125 0.6199253171875 0.6732372 0.590768871875 0.6712268265625 0.5804598359375001 0.6655435953125 0.5737236125 0.6557779703125 0.5734394625 0.6387697234374999 0.580829603125 0.6351484125 0.5846667484375 0.6275535046875 0.6054725109375 0.6286932609375 0.6212757375 0.633915409375 0.6306268890625 0.634809378125 0.6309725203125 0.6570593312499999 0.631619928125
0 0.7187663859375 0.5207170624999999 0.7110626812499999 0.531006284375 0.7004836875 0.5464685328125001 0.6913967359375001 0.5646025359375 0.6852938703125 0.5880800546875 0.684941584375 0.601211521875 0.6870035046875 0.6117848921875 0.6981938249999999 0.631823075 0.7077307734375 0.6393763828125001 0.7427447578125 0.6403951859375 0.7592017828125 0.6309698828125 0.7777694203125 0.609169225 0.78398108125 0.5962082453125 0.79342031875 0.564942771875 0.795616934375 0.5413515921875 0.784887696875 0.5186984812500001 0.7676618578125 0.5050555421875 0.7500837328125 0.5045440703125 0.7267550296875 0.5143786515625 0.7187663859375 0.5207170624999999
0 0.7192296078125 0.5093580906249999 0.7330180921875 0.49667273749999996 0.741068903125 0.48218826718749996 0.7418066343749999 0.478004384375 0.7424573296875 0.46540726718750003 0.7322979703125 0.4506557671875 0.717134053125 0.4475861984375 0.7108135953125 0.45003063593750003 0.6979965375 0.46148524531249996 0.6924060421875 0.4731501265625 0.6897573796875001 0.4881714328125 0.6957325734375 0.5021587000000001 0.7042731859375 0.508922903125 0.7192296078125 0.5093580906249999
0 0.7502825515625 0.3057959625 0.757938271875 0.3141698296875 0.77716089375 0.31472915 0.7884228875 0.3121624203125 0.7968726125 0.303209078125 0.8054984812500001 0.287690003125 0.8097650468750001 0.2707299125 0.8119436609375 0.2583743796875 0.8113837546875 0.243179403125 0.8046695625 0.2311564921875 0.792380934375 0.2229138984375 0.776294853125 0.225074184375 0.76123973125 0.2325211578125 0.7523289234375 0.244089425 0.7494536328125 0.24926245156250001 0.74299848125 0.2858714390625 0.7450604015625 0.2964448109375 0.7502825515625 0.3057959625
0 0.7378643 0.3901403078125 0.746070534375 0.404834975 0.7598512046875 0.415749328125 0.7630805421875 0.4164030296875 0.781526746875 0.41693975937500005 0.7832887046875 0.416431290625 0.8028873015625001 0.39991731875 0.8150000421874999 0.374643409375 0.8184581609375 0.35503144999999997 0.8169373640625001 0.3425025671875 0.8042550015625001 0.31979262343750003 0.8008098328125 0.3170640375 0.773927165625 0.3136534875 0.7651925015625001 0.318656021875 0.7466248640625001 0.3404566828125 0.737395096875 0.360513984375 0.736949384375 0.36304174843750003 0.735802378125 0.379566940625 0.7378643 0.3901403078125
0 0.7523443890625 0.5028568124999999 0.7569762859375 0.5057448578125 0.780879765625 0.506440378125 0.7875006390625 0.5038797546875 0.8054310499999999 0.49125975625 0.81192765 0.482249584375 0.813940353125 0.4786284671875 0.817859553125 0.4564015828125 0.8163208828125 0.43506722656249996 0.8081146468749999 0.42037255937499995 0.7973180609375 0.4148017234375 0.7816930609375 0.41434708281250004 0.7598564 0.4268534203125 0.7538208828124999 0.43324866249999994 0.742755809375 0.4548076640625 0.74119965625 0.4636330453125 0.739662025 0.4801468703125 0.7523443890625 0.5028568124999999
0 0.7188330015625 0.8420989359375 0.7250861109375 0.8567367734375001 0.7388667812499999 0.8676511250000001 0.75284566875 0.8699845078124999 0.7591029218750001 0.870166575 0.771038946875 0.8633305515625 0.7799497546875 0.8517622828125001 0.7885756234375 0.83624320625 0.793647528125 0.807479003125 0.7930776500000001 0.7995773890625 0.7853324984375 0.7822677921875 0.7803952875 0.776867446875 0.7730438703125 0.7740252 0.7550046625 0.7761286546874999 0.7443168734375 0.781074359375 0.733914021875 0.789970871875 0.7224128640624999 0.8106629734374999 0.7187242046875 0.8315823953124999 0.7188330015625 0.8420989359375
0 0.8287994140625001 0.2924865390625 0.8291842921875 0.29268512812499997 0.8595987890625001 0.2935701 0.8600494140625001 0.2933958203125 0.8816953156249999 0.27250781874999996 0.8909230296875 0.22017485625000002 0.8902529046875 0.21673851093750002 0.8775705421875 0.19402856875000002 0.8541330421875 0.1933466078125 0.847812584375 0.1957910453125 0.8347105875 0.203294846875 0.8205102828124999 0.22259423906250003 0.8154383781250001 0.25135844218750003 0.8150860906249999 0.2644899140625 0.8186400546874999 0.277735040625 0.8287994140625001 0.2924865390625
0 0.9368279640624999 0.26266765937500003 0.9346572484375001 0.241577746875 0.922128525 0.22942783437499997 0.9141854125 0.22919671406250003 0.9035833906249999 0.23410273125 0.8927194578125001 0.24561417031250002 0.88949188125 0.26391866406250003 0.891553803125 0.2744920328125 0.8982679953125 0.28651494375 0.9021667624999999 0.2885266359375 0.912691934375 0.2888328859375 0.9158461203125 0.28702641562500003 0.9334915921875 0.2704556109375 0.9368279640624999 0.26266765937500003
0 0.863648175 0.3726315296875 0.8708716984375 0.3771354859375 0.8884790609375001 0.37764780781249996 0.898804425 0.37365447343749997 0.9096683578125001 0.36214303281250004 0.91455635 0.353348890625 0.919720471875 0.32406170156249997 0.9179678390625 0.315074334375 0.9082695624999999 0.297707909375 0.9013792265625 0.292250734375 0.8877073515625 0.29185292343749997 0.8770195624999999 0.2967986265625 0.866155628125 0.3083100671875 0.8612676359375 0.317104209375 0.8556424328125001 0.34900632656249997 0.857395065625 0.3579936921875 0.863648175 0.3726315296875
0 0.9472688890625 0.2944710234375 0.9450308250000001 0.2904633890625 0.9215933250000001 0.289781428125 0.9102424093750001 0.34858888593750004 0.9124599218749999 0.35007628125 0.9361984328125 0.3507670015625 0.9363790562500001 0.350663553125 0.939095040625 0.34778569375 0.9467605328124999 0.304312521875 0.9472688890625 0.2944710234375
0 0.9229417578125 0.28797919843750003 0.9270196734375 0.28924978125 0.92784639375 0.2892738359375 0.9562122296875 0.27186303437500003 0.9578804156249999 0.26796905781249997 0.9525080234375001 0.2205025484375 0.9468247906249999 0.213766325 0.9380946031249999 0.2110462015625 0.9374897421874999 0.21102860156249997 0.9229417578125 0.28797919843750003
0 0.923206534375 0.350388975 0.9097251484375001 0.34999670781250003 0.9027692125 0.3520040640625 0.89003505 0.41865630625000005 0.8922731140625 0.42266394375000005 0.8984537515625 0.4250535375 0.902186390625 0.425162146875 0.9157106140625 0.4233459046875 0.9285130718750001 0.40779901875 0.93580655625 0.3664356171875 0.931143921875 0.3580863734375 0.923206534375 0.350388975
0 0.90430906875 0.50275924375 0.91534914375 0.4846820703125 0.9224829703124999 0.4664912375 0.9242185046875001 0.44551498437500003 0.9164733515625001 0.4282053875 0.9056767656250001 0.422634553125 0.9025165375 0.42385677031249996 0.8883357734375 0.509567028125 0.89762901875 0.509837434375 0.90430906875 0.50275924375
0 0.869891690625 0.6770756312499999 0.8841004734375 0.6774890640625 0.91212824375 0.5185356796875 0.9094458828124999 0.515934421875 0.891406675 0.5180378765625 0.8614052265625001 0.543448365625 0.8549086265625 0.5524585359375 0.8467438406250001 0.5653626828125 0.838905440625 0.609816453125 0.840615075 0.6335212921875 0.8568514015625001 0.6694763640625 0.869891690625 0.6770756312499999
0 0.858680403125 0.5435929765624999 0.8592642671874999 0.5422300843750001 0.86577705625 0.5052942296875 0.8655966375 0.504369059375 0.8524531921875 0.48427404531249996 0.8437804390625001 0.48157181875 0.842719484375 0.48154094843750006 0.824187278125 0.488708278125 0.8109091375 0.502777815625 0.8051585578125 0.5131238687499999 0.8010088171874999 0.5366582171875 0.802039778125 0.541944903125 0.8112769734375 0.561926253125 0.817933378125 0.56719815625 0.83799510625 0.56778189375 0.842065890625 0.565450465625 0.858680403125 0.5435929765624999
0 0.761579515625 0.6352987703124999 0.7592741046875 0.6483734109375 0.7737404703124999 0.6742779156250001 0.7848363125 0.674600771875 0.79585505 0.669150384375 0.8018905671875001 0.66275514375 0.81097751875 0.6446211390625 0.8113298062500001 0.63148966875 0.808806803125 0.6235312265624999 0.8016315281249999 0.61412324375 0.7962332359375 0.6113378265625 0.7825613609375 0.610940015625 0.7765258421875 0.6173352578125 0.761579515625 0.6352987703124999
0 0.8188824015625 0.7411864375 0.8291091093749999 0.738855659375 0.8422111062500001 0.7313518578125 0.8511219140625 0.7197835875 0.8523424875 0.715088084375 0.8564000109375 0.6920767203125 0.8541318984374999 0.6804460125 0.8454645812500001 0.668366271875 0.8400662890625 0.6655808546875 0.8263944140625 0.66518304375 0.8200739562500001 0.6676274796875 0.8140384375 0.674022725 0.8029983625 0.6920998984375 0.7993097031249999 0.7130193203124999 0.8115309843749999 0.7383441890625 0.8188824015625 0.7411864375
0 0.795292334375 0.8103977562500001 0.79241704375 0.8155707812499999 0.785961890625 0.8521797718749999 0.7924999406250001 0.870768415625 0.798183171875 0.8775046390625001 0.8032048218750001 0.880872909375 0.82914039375 0.88162755625 0.835292546875 0.8785844109375001 0.8514459765625 0.8593418500000001 0.8561655953124999 0.8437091140625 0.8584710078125 0.8306344765624999 0.8579011296875001 0.8227328625 0.8456798484375 0.7974079953125 0.8348832625 0.7918371578125 0.8212113875 0.7914393468750001 0.8085704734375 0.796328221875 0.795292334375 0.8103977562500001