0 0.26328125 0.325 0.034375 0.08671875
0 0.23203125 0.3953125 0.04453125 0.1
0 0.20078125 0.31328125 0.040625 0.10625
0 0.00703125 0.3703125 0.01328125 0.10859375
0 0.15078125 0.28203125 0.03359375 0.06640625
0 0.19765625 0.396875 0.02734375 0.06796875
0 0.12109375 0.2296875 0.0328125 0.08125
0 0.28046875 0.4421875 0.07265625 0.165625
0 0.60390625 0.821875 0.075 0.09140625
0 0.5546875 0.71484375 0.06953125 0.0859375
0 0.496875 0.68203125 0.1109375 0.16875
0 0.39296875 0.5390625 0.08828125 0.184375
0 0.34375 0.67421875 0.0546875 0.09453125
0 0.28671875 0.6296875 0.05703125 0.121875
0 0.3203125 0.5734375 0.08203125 0.115625
0 0.22421875 0.6125 0.02578125 0.07890625
0 0.2359375 0.54609375 0.04375 0.08671875
0 0.171875 0.5734375 0.03671875 0.09765625
0 0.20078125 0.459375 0.0515625 0.0953125
0 0.15390625 0.48046875 0.0359375 0.09140625
0 0.1375 0.56015625 0.0328125 0.0796875
0 0.1390625 0.41796875 0.04140625 0.09375
0 0.16171875 0.36484375 0.03984375 0.09296875
0 0.1125 0.4984375 0.0375 0.0921875
0 0.08125 0.51875 0.03671875 0.09296875
0 0.09375 0.4234375 0.03828125 0.0859375
0 0.103125 0.33046875 0.0296875 0.08203125
0 0.08046875 0.334375 0.03125 0.0859375
0 0.07890625 0.2390625 0.04375 0.10859375
0 0.0296875 0.25234375 0.03515625 0.09609375
0 0.02578125 0.3453125 0.02734375 0.07734375
0 0.04609375 0.49140625 0.0390625 0.11640625
0 0.0609375 0.4546875 0.02265625 0.05546875
0 0.04453125 0.4078125 0.04296875 0.0703125
0 0.01484375 0.4484375 0.0296875 0.046875
0 0.01328125 0.49453125 0.01875 0.05078125