0 0.517670250037181 0.4040673060030591 0.09894101594555131 0.1266381169332048
0 0.1913796640676259 0.38588077313191327 0.08907839934386068 0.11690245860331831
0 0.8027800790866539 0.38874586363097136 0.07218801779449713 0.08557503571381497
0 0.22155652577752463 0.9157182775961402 0.09589775544650277 0.12619464945148878
0 0.7379535751323212 0.3688776485340074 0.05556606522325147 0.06323028322812715
0 0.8669393740671885 0.6029953242637085 0.07091417503308044 0.09023696677104916
0 0.06525226828878873 0.08779605478853843 0.054109179847775656 0.0634000267853612
0 0.5841096976422728 0.1569662094116258 0.07867096641141025 0.0890061469658007
0 0.8532814392764969 0.5168805462605313 0.05892766070327191 0.07148625070984345
0 0.6529776221272031 0.9792751319988376 0.07553453168715282 0.04144973600232475
0 0.8370330622807399 0.3097129285657795 0.09176137723360753 0.11089890898885031
0 0.8662005919382352 0.45074703165003455 0.06252867206733086 0.07603809907629717
0 0.600875386387297 0.2618718977232285 0.07230739341236152 0.08850472321381497
0 0.7984015741809192 0.7602799443940921 0.04122717787060921 0.053806838473758486
0 0.3365886181728704 0.9606643591700397 0.05586666002362097 0.06821245657431163
0 0.8224996018612479 0.8918572268614963 0.09871602570316255 0.12351141233702023
0 0.5535546477931845 0.7099451590873143 0.08905667997599628 0.11397447569950288
0 0.47708498969423874 0.7492064821397972 0.08641133820316256 0.12329663321778632
0 0.15371920209089707 0.17053246266133196 0.07547002952927473 0.09187787819553125
0 0.6288054323192336 0.08514180234961116 0.06383617175839866 0.07459711967287885
0 0.25628967003630604 0.8101501160698987 0.08860272030395641 0.10762341025713411
0 0.21745143825073265 0.1060665880667214 0.09680949216706392 0.11264599964425445
0 0.4367200444862428 0.21841044967239315 0.07546207115475045 0.09168256569553127
0 0.6743699417107738 0.13043671144022068 0.059178681824942105 0.07285684740221221
0 0.7704291996194391 0.16958676054671623 0.04896772017573596 0.05696714072614144
0 0.5488844634596036 0.23129800770734246 0.0576161818249421 0.07282957386326191
0 0.146465047983465 0.6247699492686514 0.10100456121642747 0.1437518250297863
0 0.5163477609487771 0.8506013867661799 0.07719749963857651 0.09834875963829717
0 0.28395836668999563 0.9527194456152035 0.04951933609777566 0.0633199107646945
0 0.7142044214448187 0.035106620530830204 0.04725649913963732 0.046105137225744254
0 0.6896845128887623 0.4679639849791711 0.04775356522325129 0.06309391553337562
0 0.06472029946633977 0.6303693384737585 0.07569104058440135 0.09490692654171565
0 0.6557458419754163 0.8421048685022352 0.08580434598360735 0.11079492862160194
0 0.1632718404925415 0.8264824537328781 0.08847936549882984 0.10459606650713411
0 0.5861854170705565 0.8018559695578954 0.07595366694370327 0.10135223904171582
0 0.30418204748917343 0.6251808267026358 0.07062551779449713 0.0855477621748646
0 0.5260133547526354 0.11067186200941355 0.06893568380210838 0.08239548863591431
0 0.2275213884016444 0.6597546497551188 0.06109350605971962 0.07913582553734706
0 0.8282815088972486 0.056615202104729846 0.05604970263767974 0.07270464407431157
0 0.8012361892393158 0.1209407548646734 0.06574303761865181 0.08068078530801359
0 0.7660414244477493 0.4450952751572128 0.05586666002362097 0.06821245657431163
0 0.285446704562355 0.18454218993316052 0.0725066850996237 0.08860578865618374
0 0.7375755262346352 0.5320361676087308 0.08408848111193734 0.10939876298646745
0 0.42244793334499786 0.4812553230491877 0.0918923580891036 0.11890331229648154
0 0.5380994496566202 0.5605627678536121 0.059399692880068675 0.07588589574839659
0 0.16106217539915138 0.04418815097293467 0.049459648288843416 0.0618550670146946
0 0.2575670326604258 0.5541046676120261 0.07431191552261485 0.09459009344513411
0 0.1038253369581383 0.01898755357072244 0.06995536141627659 0.035571626521446166
0 0.5977051903022611 0.912134950483172 0.0759493554322864 0.10603632984934705
0 0.13685535425834386 0.1015370008107789 0.061535366359192475 0.058845485287744116
0 0.4830247001137307 0.16691217937985367 0.0787820513305956 0.09652226902343193
0 0.7385092624316518 0.8615054792971282 0.07231535178688589 0.08870003571381488
0 0.7182114195048334 0.4208395689887027 0.055960337086358794 0.06811650492049601
0 0.8146937831547174 0.5661714342478223 0.049549346164319275 0.06166145911087888
0 0.3145916013669564 0.8806495767026357 0.08059921931537328 0.10279954256238213
0 0.44766803961768903 0.9813577666637074 0.07658736339344294 0.037284466672585025
0 0.5741125455120071 0.6205241489410446 0.05775147419185504 0.07614988636326174
0 0.7245874590109793 0.2132861676087309 0.0821996877564409 0.10136367694751698
0 0.6084106551703774 0.3510025815706044 0.06727552755210837 0.08236651050077955
0 0.5603259822426839 0.32049687540209415 0.06077085956733086 0.07600741634497812
0 0.4292006576418353 0.3595848745913153 0.07744454157298453 0.09962170008066593
0 0.7766911284786315 0.2274674443940921 0.044581147300260325 0.05708574639784354
0 0.9012785178688592 0.8901095405784882 0.05659667472414824 0.0885232519781269
0 0.7676463923187961 0.29288789285196454 0.05938991107399065 0.07325088159458097
0 0.7668942476029041 0.791738450076135 0.05439385789909679 0.06799157513154572
0 0.6781687623572896 0.07038955559602204 0.05047484387822045 0.05084547970746054
0 0.4474837199225753 0.6550064687471167 0.06421850605971961 0.07919037261524764
0 0.35292990669043317 0.7486007357932453 0.1665688677324372 0.2152563320301688
0 0.6771791957022876 0.5442537495896677 0.05918664019946647 0.07305215990221221
0 0.08735132764096025 0.7642630974022122 0.08287034697219058 0.11542788154370136
0 0.2979188241437381 0.35651264731948673 0.05605766101220411 0.07289995657431154
0 0.31847672186256054 0.26709163717321693 0.07913437556537328 0.1027739736196164
0 0.8296105400376185 0.20418963148787883 0.07600937556537346 0.10271942654171565
0 0.6412656230414242 0.19934067004436287 0.0739751757127312 0.09351076090658088
0 0.8208257194282836 0.6591810945562478 0.07415821832679015 0.09800294840658097
0 0.47796180980928205 0.29173490137667646 0.06724949667282694 0.08412261840459516
0 0.5439237549429159 0.03291505478524314 0.047222509885831696 0.04766593262955986
0 0.639780013383054 0.4694349817327602 0.0608388380749421 0.07288582553734706
0 0.8800985376405228 0.9756605564984149 0.10576535691051347 0.048678887003170246
0 0.756357429353484 0.07331573254353904 0.05416886765670785 0.0648648705353612
0 0.1397308642185377 0.9384915300317722 0.056176704305913996 0.08061139113194286
0 0.7260821996938012 0.9541348101641706 0.0790707085691789 0.09173037967165883
0 0.7626776384016444 0.6690958368456101 0.05579901384016441 0.06655230032431163
0 0.29252301140588755 0.4540052560857847 0.109488223269706 0.12204046626348841
0 0.45903676038012337 0.057196260142974444 0.07384386253308044 0.09028810465658091
0 0.19967893680503895 0.4937614569792891 0.059429370622457435 0.07900919115221221
0 0.39058512110143884 0.5806280316533299 0.06252038136865182 0.08062453363392841
0 0.4770492031166613 0.5758917130650738 0.07225168479069151 0.08713753571381488
0 0.6437631537246836 0.7396247508074836 0.07238697715760463 0.09045784821381489
0 0.08954252182319193 0.8946773003243116 0.07547400871653687 0.09197553444553108
0 0.21417258794672148 0.025597838066721407 0.07209517589344294 0.044977309252765295
0 0.3340658656642314 0.5538785710205929 0.06455491354544858 0.08505145221143202
0 0.4989785302261489 0.9416394439903503 0.07917234400644109 0.10131083446580078
0 0.3993313572984555 0.910233711036479 0.10193437044174569 0.12825175481873644
0 0.494991436805039 0.4989161558409034 0.0687562880511571 0.08278270444354555
0 0.11683992049341656 0.4150267564928217 0.0887043557412186 0.10772277110331832
0 0.8339053340667508 0.8077413254815244 0.04897169936299832 0.05706479697614135
0 0.35026925543720744 0.03187688595540099 0.05991351087441492 0.05257162094116258
0 0.568729956119592 0.9817182935250791 0.06277986370237514 0.036563412949841737
0 0.4966030859695551 0.021159348616732944 0.049358515689110226 0.025843775111276147
0 0.714494806386422 0.6745003571381496 0.039927968878220456 0.05066138331954591
0 0.3545189926228073 0.366088244721699 0.06433754935342932 0.08690180717287888
0 0.6232212075652857 0.5995219021874554 0.06052017076981535 0.06985507259497829
0 0.7058148261580854 0.7680321688265469 0.059399692880068675 0.07588589574839659
0 0.726268022737413 0.12041287499505707 0.06568732899698163 0.07931359780801359
0 0.6192393617098987 0.540119628648505 0.04133279249513357 0.054003855569942874
0 0.09627411661563354 0.15938072848964455 0.05606959857399061 0.07319292532431154
0 0.6467304199619439 0.026902608355965578 0.09033583992388791 0.032804591720169377
0 0.41082475346004105 0.02356555397446424 0.07164950692008212 0.0340398092527653
0 0.16445629159485542 0.9883454797074606 0.055706171939110274 0.023309040585078832
0 0.3784565583264073 0.2829717816533299 0.059212338754592954 0.07607779905602782
0 0.6666966349416034 0.6510259009696394 0.06600566397795368 0.08712609780801372
0 0.22058304992345032 0.24040067775829588 0.07536872641616724 0.08699677029171564
0 0.1587342377170724 0.734281316963403 0.07372050772795369 0.08726076090658097
0 0.7174805435348407 0.6136583145244758 0.06055382769946629 0.07307602424879392
0 0.68625181228074 0.3070810320570717 0.11036613254724195 0.13640104880204157
0 0.7534419012532256 0.7298287853034826 0.05723020066051347 0.06335691761326193
0 0.3809992850947027 0.17293826257860642 0.07394549797034244 0.0903874655027653
0 0.81804959342111 0.45693280194257413 0.04910334486680377 0.05550570616851012
0 0.5948323389353046 0.03692644480112919 0.03951562451035606 0.04772658203099256
0 0.24847989825029515 0.31193080438150134 0.06568732899698179 0.07931359780801354
0 0.6105248893902276 0.671124166797952 0.05130682634016441 0.06647388889982934
0 0.5733883508354838 0.4877934695578955 0.07110915520892558 0.09502212302104898
0 0.37467620859104983 0.9917729315000624 0.054110015009459375 0.016454136999875146
0 0.18685528463759216 0.5622387215897857 0.049744326340164416 0.06644661536087888
0 0.6049938365010277 0.42042473741480296 0.04598232405406577 0.055548815340609535
0 0.6612929160447922 0.4034514715864904 0.056113701958028984 0.0694853970166804
0 0.5243593073378241 0.28083435754518665 0.03941398907309388 0.0476272211848082
0 0.885603143838852 0.6970044228837367 0.06958097678688588 0.08865230702065183
0 0.8795706611390575 0.7788720316500346 0.059284296449466464 0.0730538644983966
0 0.4949808024320893 0.6519320616851021 0.03968639723847378 0.05670754783862364
0 0.2771328443725121 0.05714389285525984 0.059242348821136395 0.07441934740221223
0 0.16587564528454563 0.2964364435866085 0.0672498289969817 0.07934087134696392
0 0.4285308596955513 0.13239112905554212 0.05289104570802898 0.06942914534259526
0 0.3947023463496785 0.06856440827653534 0.05203303236680377 0.055556844054042084
0 0.7728936719391102 0.038473128241467945 0.04253898907309388 0.04768176826270885
0 0.2959173364638467 0.019998448861614258 0.05120569374043127 0.03046259699641088
0 0.7999162891233975 0.9821491951958583 0.06300883313202607 0.03570160960828339
0 0.5131166260815359 0.9969346165898703 0.042658867528487396 0.006130766820259481
0 0.15956600098858317 0.007469400972934678 0.034659345727166356 0.009973313260723083
0 0.3037416260815358 0.995079589792201 0.049006523778487396 0.009840820415598018
0 0.8342289862341976 0.7390458725594251 0.04613966811299797 0.05701536368679392
0 0.35189535281265016 0.49329562702694724 0.037660155760356064 0.04769419470348897
0 0.35438634144394365 0.4394711976437982 0.05404949203884346 0.06193518303536116
0 0.10635606524648952 0.3110114123370204 0.07958004453873402 0.11371147361961631
0 0.3430098537640523 0.10279335795222377 0.11395835907768684 0.12397264184178622