0 0.16316303593749998 0.7405718421875 0.165403228125 0.734179490625 0.1589977265625 0.6904494953125 0.1535682875 0.6817416515625 0.1449897265625 0.6765572468750001 0.1391303515625 0.6765913359375 0.12268233125000001 0.6910813874999999 0.117934075 0.712046259375 0.1206152890625 0.730350753125 0.1322770796875 0.749911578125 0.141632078125 0.75450664375 0.153004590625 0.7544404796874999 0.16316303593749998 0.7405718421875
0 0.1532160453125 0.6809391671875 0.162103475 0.6742856046875 0.1723090890625 0.6572147140625 0.17311312343750002 0.6493585687500001 0.1710789328125 0.6234605578125 0.170542690625 0.619799659375 0.1677506953125 0.61274958125 0.154518809375 0.5958150468750001 0.119362559375 0.5960195796875001 0.11268016562500001 0.610452815625 0.1091709796875 0.63854223125 0.10940079843749999 0.6401111875 0.121872896875 0.6732110812500001 0.1316195359375 0.679697265625 0.13590195624999998 0.6810398984375 0.1532160453125 0.6809391671875
0 0.24686842343749998 0.7705408015625 0.25117669062500003 0.7665900031249999 0.269537365625 0.72979266875 0.26693191562499996 0.7120054125 0.249872403125 0.6776142828125 0.237023546875 0.663294678125 0.22926047968750002 0.6586031125 0.22369045468749998 0.6586355171875 0.20343739218749998 0.6608729203125 0.1893445140625 0.671423534375 0.181092025 0.6884830609375 0.17829689375 0.7094365703125 0.182893259375 0.7408157015625 0.1856124453125 0.7460341953125 0.19884433125 0.7629687296875 0.2133256703125 0.7728555203125 0.2202882015625 0.7728150140625 0.24686842343749998 0.7705408015625
0 0.203528240625 0.6561550484375 0.20830919531249997 0.657161171875 0.2183521109375 0.65710274375 0.2246295859375 0.653415128125 0.23629608124999998 0.63097056875 0.23189122968749998 0.6008989015624999 0.225221465625 0.5840570484375001 0.21275564062500002 0.5723523703125 0.198700734375 0.5698169828124999 0.18931814062500002 0.572488725 0.180299590625 0.584318396875 0.175168303125 0.602668340625 0.178232546875 0.6235877624999999 0.1813347640625 0.6314211843749999 0.19494967968750002 0.65097064375 0.203528240625 0.6561550484375
0 0.1107234234375 0.5837490140625 0.11813134375 0.5920048859375 0.1376372765625 0.5918914046875 0.1400013125 0.5901215703125 0.1439265484375 0.5835558453125 0.1463006765625 0.5730734046875 0.142087340625 0.544309203125 0.1393681546875 0.5390907109375 0.1249492046875 0.5273973953125 0.1190898296875 0.527431484375 0.097548496875 0.54718548125 0.10528505156250001 0.5733120265625 0.1107234234375 0.5837490140625
0 0.17896298125000001 0.5771952296875 0.1860094203125 0.5719199203125 0.19150475 0.562727903125 0.192308784375 0.554871759375 0.188861509375 0.5313374109375 0.1799189046875 0.5169950765625 0.16900418749999999 0.5092071109375 0.15728543749999999 0.5092752875000001 0.15180909375 0.511924303125 0.1443606375 0.5211276828125 0.1431356015625 0.539454903125 0.1446677234375 0.549914615625 0.1567125453125 0.572090365625 0.16919735625000001 0.5772520437499999 0.17896298125000001 0.5771952296875
0 0.2433505796875 0.5975317078125 0.24700485468750003 0.5975104484375 0.25818590937499997 0.5929106109375 0.2660173953125 0.5863221578125 0.2635523796875 0.5608192265625 0.2613068625 0.5454892124999999 0.25173135 0.5288278375 0.23888249374999998 0.51450823125 0.2345932140625 0.5119160296875 0.2189682140625 0.5120069328125 0.21544499374999998 0.5146445875000001 0.2056224109375 0.534330403125 0.2055844375 0.5474164046875 0.2109848375 0.570939390625 0.230842159375 0.5930696921874999 0.2433505796875 0.5975317078125
0 0.25397586875 0.687612340625 0.271132990625 0.697981146875 0.274383378125 0.6990002140625 0.28224008437500003 0.69895450625 0.2938044296875 0.6926149374999999 0.30205691875 0.6755554109374999 0.302435821875 0.6661314453125 0.299128990625 0.6435559015625001 0.2908730890625 0.6258945109375 0.2826965453125 0.616782034375 0.2651563921875 0.6037982984375 0.2573438921875 0.60384375 0.246391203125 0.609141784375 0.235419528125 0.6209828171875 0.2335279859375 0.6334253140625 0.237913684375 0.6633662359375 0.2457993234375 0.6784998640625 0.25397586875 0.687612340625
0 0.0718754375 0.490689565625 0.07609728593750001 0.5195118796875 0.08159650625 0.5202811890625 0.085070040625 0.5202609796875 0.09722049687499999 0.50624505 0.0993572109375 0.49681085625000004 0.095656546875 0.47154663125 0.08019627812499999 0.4500752375 0.066141371875 0.44753984999999996 0.0718754375 0.490689565625
0 0.3094755609375 0.7568961140625 0.306315559375 0.735322959375 0.30550455 0.7321216609375 0.2903195390625 0.715198490625 0.28668688750000004 0.71300311875 0.271759228125 0.713089965625 0.262573771875 0.7192856421875 0.2621527703125 0.72975671875 0.26560004375 0.7532910687500001 0.27337457187499997 0.766331615625 0.281551115625 0.7754440921875 0.291276671875 0.7802211734375 0.30013566406250003 0.7801696328125 0.3069607265625 0.768753375 0.3093348546875 0.7582709375000001 0.3094755609375 0.7568961140625
0 0.1925177625 0.5039183890625 0.2007702515625 0.4868588625 0.2009779890625 0.48594165 0.19668485468750002 0.45663266875 0.1868482515625 0.4385224734375 0.17007415937499998 0.43076859062499995 0.15014089218749999 0.43481029375 0.1476908203125 0.471464734375 0.15466131249999998 0.492361428125 0.1632208875 0.504088834375 0.1736025390625 0.5103629234375 0.1803950640625 0.5103234062500001 0.1835181984375 0.5092050593749999 0.1925177625 0.5039183890625
0 0.070340990625 0.43217112812499997 0.0757793625 0.44260811093749997 0.10655140156250001 0.4725263796875 0.1136238453125 0.47474374375000006 0.11594347187500001 0.47473025 0.140941590625 0.46709199218749997 0.15237224062500002 0.431693884375 0.147775875 0.40031475156249996 0.1275545078125 0.369026521875 0.10965031249999999 0.346884859375 0.09287622031250001 0.339130978125 0.07920434531250001 0.33921051874999997 0.073728 0.34185953593749996 0.07020478125 0.344497190625 0.0619522921875 0.361556715625 0.060344224999999994 0.3772690078125 0.062259378125 0.390343646875 0.070340990625 0.43217112812499997
0 0.0454704546875 0.29529962187500003 0.0434016125 0.2963003609375 0.0474872703125 0.3241929234375 0.054140067187499995 0.365621603125 0.054294023437500005 0.3656207078125 0.060041754687500004 0.35918977343749997 0.060799559375 0.3403418421875 0.056509618750000004 0.3110546515625 0.051615082812500004 0.301661365625 0.045904481250000004 0.295297096875 0.0454704546875 0.29529962187500003
0 0.0306458140625 0.20321189374999998 0.0407385328125 0.2656143515625 0.041811496875 0.265608109375 0.0492591140625 0.2502124140625 0.0512502109375 0.23711505000000002 0.0512938796875 0.22206614687499998 0.049247403125 0.2080949640625 0.042766581250000005 0.19921564375 0.0306458140625 0.20321189374999998
0 0.0399632625 0.20076266406249998 0.050677201562499996 0.2108224265625 0.06637594687500001 0.21073109375 0.0676710578125 0.2097615109375 0.0747364828125 0.197943203125 0.07762891250000001 0.1883301359375 0.07313468749999999 0.1576483171875 0.069412028125 0.1482482125 0.061235484375 0.1391357375 0.054993078125 0.1365548984375 0.043274328125 0.1366230765625 0.039751109374999996 0.1392607296875 0.031115589062499997 0.1537053296875 0.029507521874999998 0.16941762031250002 0.031422675 0.18249226093749998 0.034524890625 0.190325678125 0.0399632625 0.20076266406249998
0 0.3981816484375 0.8186691578125 0.41003842187500006 0.8248813515625001 0.41687435781250004 0.82484158125 0.4259084296875 0.8211250031249999 0.43297385468750005 0.809306696875 0.4397040453125 0.7918634531250001 0.43324998125 0.7478019203125 0.42849140625000004 0.738669559375 0.4129233640625 0.7191314609375 0.3981023984375 0.7113662187500001 0.3863836484375 0.7114343953125 0.37190773906249996 0.7193700828125 0.36013203125 0.7390672625 0.3589449671875 0.74430848125 0.362775271875 0.7704577578125 0.38104351406250003 0.8017573499999999 0.3981816484375 0.8186691578125
0 0.3336018640625 0.7227609921875 0.3453550234375 0.7298639453125 0.36250273593750004 0.7297641828125 0.37230032031250004 0.7133758046875001 0.372552921875 0.7070931578125 0.369093390625 0.683475134375 0.3404551359375 0.6494407515625 0.3345957609375 0.649474840625 0.3259792265625 0.6573764359375 0.31891380156250004 0.6691947453125 0.3165396734375 0.6796771796875001 0.316287071875 0.6859598250000001 0.31766598125 0.6953735640625001 0.31998694843750003 0.703211528125 0.3230891640625 0.71104495 0.3336018640625 0.7227609921875
0 0.405152609375 0.662744646875 0.40054666875 0.6313001421875 0.3949101359375 0.62184574375 0.38439743593750003 0.6101297015625 0.375818875 0.604945296875 0.3668994109375 0.6030682484375001 0.3622770203125 0.603095140625 0.34728806093750003 0.6103455984374999 0.3402226359375 0.6221639062500001 0.34290385 0.6404683999999999 0.3456230359375 0.6456868921875001 0.35806987343749996 0.6639345703124999 0.377161134375 0.680835015625 0.38752011875000003 0.6827036890625 0.39181568125 0.6826786984375001 0.40375780937499994 0.6689030765624999 0.405152609375 0.662744646875
0 0.3422996296875 0.569950865625 0.3286847125 0.5504014046875 0.31682414375 0.5454978109375 0.302214765625 0.5455828046875 0.294696540625 0.5519077203125 0.287153153125 0.593826103125 0.2879192140625 0.599055959375 0.313543834375 0.636219125 0.32476181406250004 0.636153859375 0.336269378125 0.628871959375 0.3464749921875 0.6118010703125 0.3490865328125 0.600270390625 0.3455626515625 0.5762130546875001 0.3422996296875 0.569950865625
0 0.304313490625 0.5440067640625 0.3243848640625 0.5438899921875 0.32678369687500003 0.542094109375 0.3346983984375 0.5233957921875 0.3304187703125 0.4941790046875 0.3246184171875 0.48060353750000007 0.31448874843749997 0.4715024234375 0.2891360953125 0.45856414218749997 0.28013653125000004 0.46385081093749997 0.2734541375 0.478284046875 0.27184607031249997 0.49399633906249996 0.274144253125 0.5096859046875 0.2846379671875 0.527944946875 0.2928145109375 0.5370574234375 0.304313490625 0.5440067640625
0 0.23421532812499998 0.5131379515625001 0.2551571640625 0.5130161156249999 0.270434203125 0.504041828125 0.28015939218749997 0.48202295 0.278980775 0.4739766 0.2589243015625 0.4321370015625 0.2452714125 0.4256735390625 0.2374589125 0.42571899062499996 0.21945978593749998 0.4362923328125 0.21277739062499998 0.45072556874999997 0.21193538437499998 0.47166771250000006 0.216569721875 0.48996084218749997 0.21967193906250002 0.4977942671875 0.2325207953125 0.5121138703125 0.23421532812499998 0.5131379515625001
0 0.18810131562500002 0.435214659375 0.19505098125 0.431132175 0.2036865015625 0.4166875765625 0.204189021875 0.4117774859375 0.19518780468750002 0.3503266828125 0.1855511640625 0.339586978125 0.1793087578125 0.337006140625 0.1656368828125 0.33708568125 0.153057140625 0.36463900625 0.1479258546875 0.3829889515625 0.1502240375 0.39867851718749997 0.1568115015625 0.41696028749999997 0.16770723125 0.43129125625000003 0.175840034375 0.43528599218749997 0.18810131562500002 0.435214659375
0 0.09833156562499999 0.33233502656249997 0.12406724843750001 0.3478882390625 0.12473527031250001 0.3480087453125 0.14240805781250002 0.347905928125 0.15612128125 0.33985028281249996 0.1671309296875 0.31492325 0.170814459375 0.2906931234375 0.1667734875 0.2631056359375 0.15874223125 0.24430883906249998 0.1533038578125 0.2338718546875 0.14512731406249998 0.224759378125 0.12406394218750001 0.21441329687500002 0.101775534375 0.2223944359375 0.07939219374999999 0.263090575 0.07737418593749999 0.27200065 0.082774915625 0.308871128125 0.085482709375 0.31801542031249996 0.09833156562499999 0.33233502656249997
0 0.180757803125 0.2331305359375 0.1815618359375 0.2252743921875 0.178880621875 0.2069698984375 0.16721883125 0.187409071875 0.15396795937500002 0.177017540625 0.14420233437500002 0.17707435625 0.13361368906249999 0.191530315625 0.1316225921875 0.20462768437499998 0.13353774375 0.21770231875 0.13817208281249999 0.23599545000000002 0.1463827171875 0.2509252484375 0.171747078125 0.2507776828125 0.180757803125 0.2331305359375
0 0.256394725 0.230036184375 0.256776640625 0.22630451406250002 0.2502986375 0.18207955 0.24873411406249998 0.17773763125 0.23016500781250002 0.16129941875 0.20753212968749998 0.16143109375 0.1940656015625 0.17151279218749999 0.1842430171875 0.191198609375 0.186503228125 0.21997417812500003 0.1903715046875 0.2330374515625 0.2004821890625 0.24868156562500002 0.2082757015625 0.2551791140625 0.22143026406250002 0.2598716234375 0.23149971093750002 0.2598130421875 0.2414788265625 0.25498594375 0.256394725 0.230036184375
0 0.19798217812500002 0.34504865156250003 0.20029611093750002 0.3460053140625 0.222066815625 0.3458786546875 0.22337280312500002 0.3449009328125 0.2386717296875 0.32256609531249997 0.23905364687500003 0.3188344265625 0.2329105125 0.276895603125 0.2146390453125 0.258585590625 0.2083966390625 0.2560047484375 0.1927716390625 0.256095653125 0.1825850125 0.26662354375 0.17551958750000002 0.2784418515625 0.173145459375 0.2889242890625 0.176209703125 0.30984371093749996 0.1800779796875 0.322906984375 0.183180196875 0.3307404046875 0.19798217812500002 0.34504865156250003
0 0.266305459375 0.43286305 0.276319496875 0.40242724843750005 0.27348336875 0.3830651703125 0.2626921625 0.35001444843749996 0.24508689218750002 0.3413860328125 0.22670473281249998 0.3493444453125 0.2176861828125 0.361174115625 0.214508021875 0.3795126984375 0.2183383265625 0.405661975 0.2214405421875 0.41349539531249996 0.22728093125 0.42000430624999996 0.248727334375 0.432965315625 0.266305459375 0.43286305
0 0.293081953125 0.458478178125 0.30828595000000003 0.4688583484375 0.32586407500000003 0.46875608281250003 0.3395929078125 0.4490475390625 0.34240475625 0.4265399953125 0.3391689453125 0.40444930625 0.3331193625 0.3915077703125 0.32222363125000003 0.37717679843749996 0.3058325703125 0.3720378484375 0.2960669453125 0.3720946625 0.28511425625000003 0.3773926953125 0.2792358953125 0.3839697828125 0.2729175453125 0.407560946875 0.275215728125 0.4232505171875 0.2868585328125 0.4493543390625 0.293081953125 0.458478178125
0 0.343895275 0.5881841296875 0.35207181875 0.59729660625 0.35485393125 0.5984468328125 0.3797984671875 0.598301709375 0.3848919140625 0.5944885078125 0.39038724375 0.585296490625 0.39224117187499996 0.574598984375 0.38984723125 0.5582556875 0.3846417859375 0.546072575 0.3741290859375 0.5343565328125 0.36321437031250003 0.526568565625 0.35149562031250003 0.5266367421875 0.346019275 0.529285759375 0.3409259609375 0.5345497031249999 0.332673471875 0.5516092312499999 0.33225246875000003 0.562080303125 0.336120746875 0.5751435796875 0.343895275 0.5881841296875
0 0.43224269375 0.6134782078125001 0.43420135000000004 0.6048301984375 0.43106432968749997 0.5834139406250001 0.4257121890625 0.5755674375 0.41479747187499993 0.56777946875 0.40307872187499993 0.567847646875 0.3956302671875 0.5770510265625 0.3928731078125 0.5849185359375 0.39440522968749997 0.595378246875 0.40294581875 0.6136486515625 0.40866939999999996 0.6200273843749999 0.42702877656249993 0.6199205734375 0.43224269375 0.6134782078125001
0 0.4469547453125 0.6792189359374999 0.4477263359375 0.67581214375 0.44335021250000006 0.64593659375 0.4412092875 0.63999501875 0.42874346250000006 0.6282903421875 0.41897783750000006 0.62834715625 0.41193139843750004 0.6336224640625 0.40643606875 0.6428144828125 0.4079302171875 0.6663601921875 0.4137516203125 0.67941210625 0.4266281828125 0.6918591546874999 0.43944252031250003 0.691784603125 0.4469547453125 0.6792189359374999
0 0.491649671875 0.77416119375 0.4971816578125 0.7758955890625 0.5035293078125 0.775858659375 0.5111809218750001 0.774047565625 0.5162742359375 0.7687836203125 0.5233396609375001 0.7569653093750001 0.5251316484374999 0.745177684375 0.5220291015625 0.7239967703125 0.519547328125 0.7177300343749999 0.511370784375 0.7086175578125 0.505128378125 0.7060367171874999 0.48283997031250003 0.71401785625 0.47774665625 0.7192817984375 0.47382141874999995 0.7258475265625 0.4731781921875 0.7321324453125 0.4770084984375 0.7582817203125 0.479183846875 0.7624565140625 0.491649671875 0.77416119375
0 0.4943488859375 0.7102311453125 0.503873378125 0.7101757328125 0.507536646875 0.7091325984375 0.5157891359375 0.692073071875 0.5164323640624999 0.6857881546875 0.51367454375 0.666960675 0.5111927703125 0.6606939390625 0.4987269453125 0.6489892609375 0.492484540625 0.646408425 0.482718915625 0.6464652390625 0.4791956953125 0.649102890625 0.471243296875 0.665542071875 0.47493431875000003 0.6907404640625 0.479828853125 0.7001337515625 0.49191164687500005 0.7092235015624999 0.4943488859375 0.7102311453125
0 0.46447048750000003 0.6086282953125 0.4730300625 0.6203556953125 0.47807889374999996 0.6243150671875 0.490374934375 0.6242435296875 0.5074582234375 0.6018353046875 0.510717053125 0.59338910625 0.5101501671875 0.5895190109375 0.506749121875 0.5769764484375 0.5009277187500001 0.5639245359375 0.49313420625 0.557426990625 0.484938675 0.5548575109375 0.4790793 0.5548916 0.46655651562499995 0.562815925 0.4610611859375 0.5720079421875 0.4589244703125 0.581442134375 0.4622951390625 0.6044535015625 0.46447048750000003 0.6086282953125
0 0.4694695453125 0.5506744390625 0.47027357812500004 0.5428182953125 0.467209334375 0.5218988718750001 0.4644901484375 0.516680378125 0.45164129375 0.5023607734375 0.439038221875 0.49474418125 0.42303545624999994 0.49483728125 0.40941961875 0.514383615625 0.407045490625 0.5248660515625 0.4182672921875 0.5614409515625 0.420986478125 0.5666594421875 0.4264438359375 0.570553428125 0.4341334734375 0.5729642921875 0.45072297343749995 0.572867778125 0.4576938359375 0.5703716203125 0.46121705625000003 0.567733965625 0.4694695453125 0.5506744390625
0 0.3736041671875 0.52014616875 0.3819079359375 0.5190679609375 0.388954375 0.513792653125 0.397001109375 0.5003329125 0.3912077734375 0.46078213124999995 0.38950828125000003 0.4575205734375 0.3766594265625 0.44320096875 0.3704170203125 0.44062012968750003 0.3528388953125 0.4407223953125 0.346960534375 0.44729948437499994 0.3414462171875 0.4630345046875 0.3425573375 0.48396528906249997 0.354583171875 0.5126840406250001 0.3597281953125 0.520226896875 0.3736041671875 0.52014616875
0 0.397919528125 0.4759088578125 0.408432228125 0.4876249 0.4101399953125 0.48865697968750005 0.4355487078125 0.48850915625 0.437729103125 0.4874544546875 0.44986885625 0.476915203125 0.4577383140625 0.45724075 0.45846194375 0.45017021875 0.45551260937500004 0.4300352765625 0.4523758875 0.42063176249999995 0.44071409531250005 0.4010709375 0.4208377875 0.3854836390625 0.4052127875 0.3855745421875 0.39387706875 0.3882576484375 0.38956880156249996 0.3922084453125 0.38181183124999996 0.4179889421875 0.38666355 0.45111136093750004 0.390145 0.462868309375 0.397919528125 0.4759088578125
0 0.26161854687499997 0.34810576718749997 0.276420528125 0.3624140109375 0.2872469890625 0.368956921875 0.30119555781249996 0.36887577031249996 0.317053121875 0.3595604609375 0.328644453125 0.34327538125 0.3203505671875 0.2866534796875 0.3036470546875 0.2680379921875 0.2903961828125 0.25764645937499997 0.27791137187500004 0.2524847828125 0.26033324687500004 0.2525870484375 0.2532868078125 0.25786235468749996 0.2418941296875 0.2801744625 0.2410900953125 0.28803060937499997 0.2456864625 0.3194097421875 0.2542270515625 0.3376801484375 0.26161854687499997 0.34810576718749997
0 0.3324469578125 0.2624729609375 0.3414655078125 0.2506432890625 0.349353953125 0.22442583593749998 0.3467107109375 0.1930353390625 0.3432254640625 0.18258699218750002 0.34012324843749997 0.174753571875 0.3315636734375 0.16302616718750002 0.3097938921875 0.14519783749999998 0.2949153515625 0.145284396875 0.2847266453125 0.150212878125 0.2733339671875 0.172524984375 0.2709598390625 0.1830074203125 0.269734803125 0.201334640625 0.271228953125 0.22488035312500002 0.2770503546875 0.23793226562499997 0.294571521875 0.257459 0.3069839890625 0.2671930453125 0.324586228125 0.2670906375 0.3324469578125 0.2624729609375
0 0.40293785625 0.3847234671875 0.42174101718749996 0.36629398125 0.425666253125 0.35972825625 0.42804038125000005 0.34924581875 0.4286836078125 0.342960903125 0.42289984687500004 0.3034754953125 0.4118391828125 0.2786768609375 0.4021115296875 0.2656476734375 0.3919818609375 0.256546559375 0.37150358125 0.24648787031250002 0.354829684375 0.2465848765625 0.34277070468750004 0.25421570625 0.3321820609375 0.268671665625 0.3249268265625 0.2965429703125 0.3257567265625 0.302208646875 0.33007704531250004 0.3210270375 0.34405600625 0.34973442499999996 0.371304825 0.38229034687499996 0.38125141875 0.3871759984375 0.3980699921875 0.38707815 0.40293785625 0.3847234671875
0 0.40693481406250004 0.2158354890625 0.40463663125 0.20014592343749998 0.3960960421875 0.18187551875000002 0.3855833421875 0.1701594765625 0.375376709375 0.16514609687499998 0.36287429531250004 0.165218834375 0.3559034375 0.1677149921875 0.3492210421875 0.1821482296875 0.348417009375 0.190004375 0.3542004390625 0.2161422890625 0.372487665625 0.24089887812500002 0.3765121765625 0.24333106875000002 0.3906060234375 0.2432490734375 0.40063544999999995 0.2328836515625 0.40574775 0.22107670625 0.40693481406250004 0.2158354890625
0 0.41514765000000003 0.2585588265625 0.4197819890625 0.27685195625 0.42598642187499997 0.2925187953125 0.436116090625 0.30161990781250003 0.445460428125 0.3054832 0.4552863484375 0.3054260359375 0.461889746875 0.30408711875 0.4689361859375 0.2988118140625 0.4768056453125 0.279137359375 0.47259230937499996 0.250373153125 0.4698731234375 0.2451546609375 0.45897739218750006 0.23082369374999998 0.4402501765625 0.22308117656249998 0.42734436249999996 0.22839057187499998 0.4171387484375 0.24546146093750001 0.41514765000000003 0.2585588265625
0 0.5470627171875 0.6458073718749999 0.5637104125 0.64571051875 0.564473990625 0.6454370921875 0.5731095109375001 0.63099249375 0.5754836390625 0.62051005625 0.57620726875 0.613439525 0.5740239953125 0.5985344390625 0.570887271875 0.5891309234375 0.565046884375 0.5826220140625 0.5354049515625 0.56709153125 0.5256393265625 0.5671483453125 0.51505068125 0.58160430625 0.51042113125 0.6020450562499999 0.5117234359375 0.6109358109375 0.519609075 0.6260694359375 0.5347940859375 0.642992609375 0.5470627171875 0.6458073718749999
0 0.5272245 0.691404759375 0.5318208671875 0.7227838921874999 0.5539234937499999 0.7474165078125 0.583996609375 0.747241546875 0.5958529890625 0.7328799874999999 0.600984275 0.7145300421874999 0.601788309375 0.706673896875 0.5991070953125 0.6883694031250001 0.5956218484375 0.67792105625 0.578904715625 0.650538175 0.54026321875 0.640294359375 0.5343848578125 0.6468714484375 0.5264964125 0.6730889015625 0.5272245 0.691404759375
0 0.616632078125 0.65634945 0.6201398593749999 0.65313271875 0.62605619375 0.6334696281250001 0.6260865718749999 0.6230008265625 0.625397115625 0.6182939562499999 0.62260891875 0.6099352765625 0.615217421875 0.5995096546875 0.6050877515625 0.590408540625 0.5894627515625 0.59049944375 0.5773040125 0.6075816984375 0.5751672984375 0.6170158906250001 0.5777106203125 0.6343790125 0.5892918765624999 0.6493864515625 0.5968303671874999 0.656464653125 0.616632078125 0.65634945
0 0.46280351093750005 0.5165092546875 0.46939097500000004 0.5347910203125 0.484557 0.55825719375 0.4950697 0.5699732359375 0.50707968125 0.5772313984374999 0.5222749999999999 0.5771429953125 0.5548884859375 0.551305128125 0.5678512578125 0.526366728125 0.5684331515625 0.5176613 0.5624866015625 0.47706454843749996 0.555939340625 0.4583899734375 0.5477817828125 0.4427344953125 0.5170287296875 0.4062732265625 0.5092352171875001 0.3997756765625 0.4928061828125 0.40772272656249997 0.47714321093749995 0.42089963125 0.4700777859375 0.4327179390625 0.4609643046875 0.47726261406250003 0.4597392671875 0.49558983437500004 0.46280351093750005 0.5165092546875
0 0.45077417343750004 0.40602701249999995 0.4670090359375 0.4148260421875 0.4950626015625 0.41466283125 0.49879826562499996 0.41359908437500004 0.5046766265625 0.4070219921875 0.51655713125 0.3663542390625 0.5140004015625 0.348899596875 0.5107258640625 0.3415578984375 0.5045024437500001 0.3324340578125 0.46237570000000006 0.3117418953125 0.45456320000000006 0.311787346875 0.45103998125 0.3144250015625 0.443591525 0.32362838125 0.4317968296875 0.3498685625 0.43562713437499995 0.3760178375 0.44493378437500003 0.3995181 0.45077417343750004 0.40602701249999995
0 0.5141939296875 0.35555889218750003 0.524725615625 0.3607319328125 0.538397490625 0.3606523921875 0.54858411875 0.350124503125 0.5552665125 0.33569126875 0.556070546875 0.327835121875 0.552240240625 0.3016858453125 0.5440826828125 0.2860303671875 0.531233828125 0.2717107609375 0.5148427671875 0.26657180937499997 0.507796328125 0.271847115625 0.4972076828125 0.286303078125 0.49322548906249997 0.31249780625 0.4943745796875 0.3203425890625 0.5141939296875 0.35555889218750003
0 0.49630252031250005 0.2426341484375 0.5017875359375 0.23649715625 0.50540630625 0.22617104999999998 0.49986433437500005 0.1883363171875 0.492977834375 0.1763538203125 0.48518432031250003 0.16985626874999998 0.471129415625 0.16732088437499998 0.46017672656249997 0.1726189171875 0.44958808125000005 0.1870748796875 0.44840101718750003 0.1923160953125 0.45533353906249996 0.22629879375 0.4635100828125 0.23541127031250003 0.473816178125 0.24276497031250002 0.49630252031250005 0.2426341484375
0 0.5143234171875 0.23099766718749998 0.524013096875 0.257112853125 0.5349088265625 0.271443821875 0.5568536140625 0.28294149218750003 0.58284866875 0.2827902578125 0.59074541875 0.27897044375 0.604455265625 0.2658049 0.609950596875 0.2566128828125 0.6131287578125 0.2382743 0.6139327921875 0.23041815625 0.607804303125 0.1885793109375 0.6050851171875 0.18336081875000002 0.5895170765625 0.1638227203125 0.5630153328125 0.1430396546875 0.5567729265625 0.1404588171875 0.5372416765625 0.1405724453125 0.5262889875 0.145870478125 0.5176724546875 0.1537720765625 0.509036934375 0.16821667499999998 0.5058587734375 0.18655525781249999 0.5143234171875 0.23099766718749998
0 0.55277026875 0.440912234375 0.5673254703125 0.4408275546875 0.57227108125 0.438435265625 0.5797195375 0.4292318828125 0.58494261875 0.406170521875 0.58210819375 0.386820059375 0.5783013328125 0.37951416875 0.5607801671875 0.35998743437499997 0.5392957921875 0.36011242656250003 0.532249353125 0.36538773125 0.5236138328125 0.37983233125 0.5212397046875 0.39031476875000004 0.52392091875 0.40861926249999997 0.529359290625 0.419056246875 0.5422081453125001 0.433375853125 0.55277026875 0.440912234375
0 0.600073115625 0.3671369515625 0.6177959093750001 0.36703384375 0.6276754578125 0.365942428125 0.639226259375 0.3497142875 0.6320316703125 0.30059723125 0.6220439171875001 0.2874605078125 0.6072229515625 0.27969526562499997 0.5955042015625 0.27976344375 0.5845515125 0.2850614765625 0.574728928125 0.30474729375 0.5739248953125 0.3126034390625 0.5777552 0.3387527171875 0.583576603125 0.351804628125 0.5940893015625 0.3635206703125 0.600073115625 0.3671369515625
0 0.60254653125 0.4269294265625 0.62078665 0.44520802187499997 0.6451798156249999 0.44506610625 0.6505516375 0.44104449843750004 0.66114028125 0.4265885375 0.662770775 0.41436565625000005 0.659085334375 0.389205359375 0.6441160640625 0.370418725 0.6378736578125 0.3678378859375 0.6222486578125 0.3679287890625 0.6128660640625 0.3706005328125 0.6022964046875 0.37851349375 0.595614009375 0.392946728125 0.5948099765625 0.400802875 0.5967251296875 0.41387751250000004 0.5998273453125 0.4217109328125 0.60254653125 0.4269294265625
0 0.58567808125 0.5312986171875 0.597720878125 0.537608275 0.6235985796875 0.5374577234375 0.63059995625 0.53103726875 0.6376653812499999 0.5192189593750001 0.640039509375 0.508736521875 0.6394763546875 0.5008883328125 0.6361248390625 0.478007715625 0.626519525 0.45647205937499996 0.6183429796875 0.4473595828125 0.6050921078125 0.43696805000000005 0.5875139828125 0.43707031562500004 0.5710849484375 0.4450173640625 0.5644215406249999 0.4529075984375 0.5604963046875 0.4594733265625 0.5635605484374999 0.4803927484375 0.5724461953125 0.51436408125 0.58567808125 0.5312986171875
0 0.6770099265625 0.56762554375 0.67314165 0.55456226875 0.6677032781250001 0.544125284375 0.6595267328125 0.5350128078124999 0.6466588921875001 0.527236203125 0.6408788875 0.5248465375 0.620682128125 0.5249640375 0.6071753890625 0.5379345343749999 0.6020630890625001 0.5497414796875 0.6020251156249999 0.56282748125 0.6058554218750001 0.5889767578125 0.6167511515624999 0.6033077265625 0.6344530609375 0.6187138140624999 0.642868378125 0.6186648546875 0.6733917765624999 0.6029782 0.6781210468750001 0.5885563281249999 0.6770099265625 0.56762554375
0 0.649524321875 0.754650396875 0.663196196875 0.75457085625 0.6804292625 0.7387676609375 0.6874946890625 0.7269493515625001 0.6888894890625 0.72079091875 0.6829237890625001 0.680063421875 0.6767318625 0.6668173796875 0.6595937265625 0.649905571875 0.642819634375 0.642151690625 0.629530790625 0.644846159375 0.6224843515625 0.6501214671875 0.6095215781250001 0.675059865625 0.6133139109375 0.71429514375 0.616416128125 0.7221285640625 0.6389926359375 0.74947735625 0.649524321875 0.754650396875
0 0.6930463062500001 0.727816903125 0.70160588125 0.7395443078125 0.7214821890625001 0.7551316078125 0.7252041328125001 0.755803015625 0.74243504375 0.75570276875 0.7449196890625001 0.7549952531249999 0.7519661281250001 0.7497199453125 0.757461459375 0.740527928125 0.7625927453125 0.72217798125 0.763235971875 0.7158930640625 0.7604015468750001 0.6965426015625 0.7576133484375001 0.688183921875 0.7439984328125 0.668634459375 0.7268413109375 0.6582656515624999 0.7151225609375 0.6583338296875 0.7096462156250001 0.6609828484375 0.7010296828125 0.66888444375 0.6876838796875 0.6912079140625 0.6873470765625 0.6995847734375 0.6905645328125 0.721550165625 0.6930463062500001 0.727816903125
0 0.6593090921875 0.6442924546875 0.6678686671875 0.6560198609375 0.6791664140625 0.66642275625 0.6800017671874999 0.666927596875 0.6987413828125 0.6668185734375001 0.7061461203125 0.6571057453125 0.7100903421875 0.64399701875 0.7077921593750001 0.6283074546875 0.7050729734375001 0.6230889625 0.6777861828125 0.603619040625 0.6719268078125 0.6036531296875001 0.667618540625 0.6076039296875 0.6621042234375001 0.623338946875 0.65854303125 0.6390626 0.6593090921875 0.6442924546875
0 0.6823720734375 0.586216546875 0.696351034375 0.6149239359374999 0.71230210625 0.6370769609375 0.7240155484375 0.643214059375 0.7407429 0.6431167421875 0.75527085625 0.6368269765625 0.7705507984375 0.62103514375 0.7779194734375 0.6026127015625 0.7720965390625001 0.56285985625 0.7699556125 0.5569182828125 0.7524344468749999 0.537391546875 0.73489429375 0.5244078109375 0.7286518890625 0.5218269734375001 0.7110737640625 0.521929240625 0.70559741875 0.52457825625 0.688364353125 0.540381453125 0.682869021875 0.5495734703124999 0.6804948937499999 0.5600559046875 0.6823720734375 0.586216546875
0 0.786733525 0.6721273984375 0.788226846875 0.662304375 0.786024421875 0.647268540625 0.7844733140625 0.6433518296875 0.77629676875 0.634239353125 0.7657650828125 0.6290663140625 0.7461958609375 0.6422659453125 0.742427634375 0.6485690421875 0.7448093874999999 0.6648291375000001 0.7578006937499999 0.6814557703124999 0.7614412875000001 0.6836559421875 0.7780180671875 0.6835595015625 0.786733525 0.6721273984375
0 0.6359328125 0.4580134359375 0.6347457484375 0.46325465625 0.642406359375 0.5155532109375 0.6451255453125 0.520771703125 0.6575913703125 0.5324763796875 0.6654312171875 0.5372143484375 0.684681909375 0.53710235 0.7068404984375001 0.521721234375 0.7091956390624999 0.517781796875 0.7111867375 0.5046844312500001 0.7077394625 0.48115008281250005 0.6918073765625 0.45245405625 0.6836308328125 0.4433415796875 0.675052271875 0.438157178125 0.659427271875 0.4382480828125 0.64142814375 0.44882141875 0.6359328125 0.4580134359375
0 0.7101745203125 0.4777562296875 0.7149271500000001 0.480628453125 0.7364386515625 0.480503303125 0.7414245203125 0.477574421875 0.746517834375 0.472310478125 0.7547703234375 0.455250953125 0.7517060796874999 0.43433153124999996 0.7427824609375 0.4134461984375 0.7369420718749999 0.4069372859375 0.7264103859375 0.4017642453125 0.7088322609375 0.40186651093750003 0.703355915625 0.40451552812499997 0.692767271875 0.418971490625 0.6903931437499999 0.4294539265625 0.6911212328125 0.447769784375 0.6996618203125 0.4660401890625 0.7101745203125 0.4777562296875
0 0.787399134375 0.762080996875 0.8150879421875 0.7776228453125 0.8350022218750001 0.7801241437499999 0.8471419750000001 0.7695848921875 0.85030115 0.757789309375 0.8503853515625 0.75569509375 0.846401834375 0.7284998468749999 0.8453217546875 0.72379525 0.837164196875 0.7081397734375 0.826268465625 0.693808803125 0.80715821875 0.683451359375 0.80129884375 0.6834854484374999 0.783299715625 0.6940587875 0.7781874156249999 0.7058657328125 0.7765793484375 0.721578025 0.7800266234375 0.7451123749999999 0.787399134375 0.762080996875
0 0.787281290625 0.5597634031250001 0.7774397203125 0.585992221875 0.7820360859375 0.6173713515625 0.8085188437499999 0.6446974187500001 0.8160118578125 0.6473703343749999 0.8357411578124999 0.647255553125 0.8362456249999999 0.647153265625 0.8531146484375001 0.6221921421875 0.8554887750000001 0.61170970625 0.8474071625 0.569882225 0.8368944624999999 0.558166184375 0.8263627765624999 0.55299314375 0.8080185906249999 0.5478655546875 0.7982529656249999 0.5479223703125 0.7927766218750001 0.5505713859375 0.787281290625 0.5597634031250001
0 0.807180984375 0.533139228125 0.8079229 0.529863465625 0.8008368359375 0.4814873046875 0.79913734375 0.4782257484375 0.78862464375 0.4665097046875 0.7784115109374999 0.46149313437500006 0.7622548250000001 0.46158713125000006 0.7483750796875 0.4719781828125 0.7455989359374999 0.4863886921875 0.7447569296875 0.5073308390625 0.7462890515625 0.51779055 0.7517274234375 0.5282275359375 0.7641932484375 0.5399322140625 0.7767380671875 0.5475136046875 0.7950516328125 0.547407059375 0.8001155593749999 0.5449575359375001 0.807180984375 0.533139228125
0 0.8346242984375 0.65343336875 0.8342032953125 0.6639044421875 0.8435099453125 0.6874047046875 0.8540226453124999 0.6991207453125 0.8775536625000001 0.7111293875 0.894312921875 0.7110318859375 0.8965703921875001 0.7093418328125 0.9048038953124999 0.6988253078125 0.9114862890625 0.6843920734375 0.9080390156249999 0.6608577234374999 0.9049367984375 0.653024303125 0.8870326015625001 0.6308826390625 0.8718286046875001 0.6205024703124999 0.8636330734375001 0.61793299375 0.8581567296875001 0.6205820109375 0.8346242984375 0.65343336875
0 0.914343778125 0.7806350953125001 0.9261817656250001 0.7843465609375 0.9343197875 0.784299215625 0.943640653125 0.7804646515625 0.9491359828125001 0.771272634375 0.9522817031249999 0.75738340625 0.9467660625000001 0.719728446875 0.94227940625 0.711117934375 0.9290475203125 0.6941834 0.924758240625 0.6915911984374999 0.914992615625 0.6916480125 0.8891430140625 0.7153528078125 0.8852177781250001 0.7219185328125 0.8878989921875 0.7402230249999999 0.8968226109374999 0.7611083609375 0.9053821859375001 0.772835765625 0.914343778125 0.7806350953125001
0 0.8894747765625001 0.6141921421875 0.8964452703125 0.6350888343750001 0.9022856593749999 0.641597746875 0.903883190625 0.6421676203125 0.9410007046875 0.6419516765625 0.946843490625 0.632178471875 0.94921761875 0.6216960328125001 0.9453873140625 0.595546759375 0.9426681265625 0.5903282640625 0.9344915828125 0.5812157890625 0.925913021875 0.576031384375 0.904428646875 0.5761563765625 0.8973822078125 0.5814316859375 0.8879426546875001 0.6037324296875 0.8894747765625001 0.6141921421875
0 0.8532418234374999 0.5813564953125 0.853866484375 0.581469178125 0.8715965203125 0.5813660281249999 0.8762962921874999 0.5786052109375001 0.8798195124999999 0.575967559375 0.8896420953125 0.5562817421874999 0.889715771875 0.5544493046875 0.8875037703125 0.5393480953124999 0.8838586656249999 0.530143828125 0.8788033234375 0.52232176875 0.86400134375 0.5080135265625 0.8577589375000001 0.5054326859375 0.8440870625000001 0.5055122265625 0.8284051046875 0.525232134375 0.82913319375 0.5435479890625 0.83572065625 0.5618297578125 0.8384398421875 0.5670482515625 0.8532418234374999 0.5813564953125
0 0.8164105656249999 0.51073954375 0.8188553609375001 0.511300446875 0.844933203125 0.51114873125 0.8457074406249999 0.5105691 0.8532831468750001 0.49789724843750005 0.84959839375 0.4727416421875 0.8450552968749999 0.466081240625 0.8384298609374999 0.460885475 0.8255620203125 0.4531088671875 0.8157963953125 0.45316568281249997 0.8052267359374999 0.4610786453125 0.8016845312499999 0.47025929843750003 0.8008804968750001 0.47811544218749996 0.803944740625 0.499034865625 0.8066639265625 0.50425335625 0.8164105656249999 0.51073954375
0 0.75069133125 0.42306669843750005 0.768595528125 0.4452083625 0.7825634890625001 0.4536498203125 0.8274347296875 0.4533887671875 0.8318615890625001 0.45007460312500003 0.842450234375 0.4356186421875 0.8450722171875 0.4204893125 0.8390203359375 0.37917345468749997 0.8375467828125001 0.3754525796875 0.8297722546875 0.3624120296875 0.8122510890625 0.3428852953125 0.793523871875 0.3351427796875 0.760320746875 0.33533595 0.747778978125 0.3498032734375 0.7422646609375 0.365538290625 0.7398525593749999 0.38910672812499997 0.7413846828125 0.399566440625 0.75069133125 0.42306669843750005
0 0.731469415625 0.3962662484375 0.741292 0.37658043124999996 0.749984478125 0.34250683125000003 0.7434349874999999 0.3111390609375 0.7352774296875 0.295483584375 0.7208584796874999 0.28379026875 0.6961568609375 0.2711842296875 0.693799596875 0.27119794375 0.6822169828125 0.2735464546875 0.6642178546874999 0.2841197953125 0.6528251765624999 0.306431903125 0.6492260125 0.335241559375 0.6499541 0.353557415625 0.6561585328125 0.36922425625 0.6744457609375 0.3939808453125 0.6861274328125 0.401040596875 0.7136158515625 0.4008806734375 0.731469415625 0.3962662484375
0 0.6237655984375 0.2388271265625 0.63192315625 0.254482603125 0.6447720109375 0.2688022109375 0.657256821875 0.2739638875 0.6735262828125 0.276007384375 0.6779946765625 0.27598138906249997 0.69517023125 0.2658918453125 0.70223565625 0.2540735375 0.70428541875 0.23870763125 0.6991783453125 0.203841928125 0.698481296875 0.2017522578125 0.686838490625 0.1756484328125 0.6786619468749999 0.16653595625 0.66112179375 0.153552221875 0.6388713578125 0.148447359375 0.6283017 0.1563603203125 0.616525990625 0.1760575 0.6148799515625 0.20485579375000001 0.617178134375 0.22054535937500003 0.6237655984375 0.2388271265625
0 0.7561551578125 0.2638593171875 0.7571009296875 0.25763807031249997 0.7529584546875 0.2293576265625 0.7375608453125 0.21031579687500002 0.7332715640624999 0.20772359375 0.7215528140624999 0.20779177187500003 0.7070579203125 0.222270459375 0.703496728125 0.2379941140625 0.706944003125 0.2615284625 0.7104482359375 0.26543381093749996 0.7248623375000001 0.2741448890625 0.75009381875 0.273998096875 0.7561551578125 0.2638593171875
0 0.7494733703125 0.214171415625 0.7623222265625 0.22849102187499998 0.768386321875 0.231668221875 0.796615803125 0.2315039875 0.7978615062500001 0.230901415625 0.8072630875 0.22168667343749998 0.8100202453125 0.2138191640625 0.8142859109374999 0.1889605546875 0.8129907749999999 0.18011873125 0.806236646875 0.1645150890625 0.791865921875 0.1432615671875 0.777830003125 0.1341831796875 0.771970628125 0.13421726875 0.7606349078125 0.13690037500000002 0.75006525 0.1448133359375 0.74456991875 0.15400535312500002 0.7410087265625 0.16972900625 0.739783690625 0.1880562265625 0.7494733703125 0.214171415625
0 0.800214321875 0.33625976562500004 0.8181605828125 0.33615535625000004 0.8313983421875 0.3197986625 0.8353235796874999 0.313232934375 0.837400940625 0.30406080156250004 0.8340175046875 0.280962275 0.8288120609374999 0.268779165625 0.81362705 0.25185599375 0.798423053125 0.2414758234375 0.7714623328125 0.24424983125000002 0.7577335 0.26395837499999997 0.7522191828125 0.2796933921875 0.7552834265625 0.3006128125 0.7665432015625 0.3241017109375 0.7747197453125 0.3332141875 0.800214321875 0.33625976562500004
0 0.899907425 0.29439978437500003 0.9081292046874999 0.274461565625 0.902866365625 0.23853245781250002 0.8930888203125 0.22115908437499998 0.8753170515625 0.20758864375 0.8658826453125 0.20764353125 0.8435136203125 0.20967030156250002 0.8344950703125 0.2214999734375 0.8281767203125 0.2450911359375 0.8304749031249999 0.2607807015625 0.8335771203125001 0.2686141234375 0.843687803125 0.2842582375 0.8565366578125 0.2985778421875 0.8656186109374999 0.3030387921875 0.8912453687499999 0.30288970000000004 0.899907425 0.29439978437500003
0 0.8544419078125 0.4083878078125 0.8794890546874999 0.4202454609375 0.9005136874999999 0.42012314375 0.9165588765624999 0.4054092625 0.923241271875 0.390976028125 0.9253779874999999 0.38154183750000004 0.9212029546875 0.353039125 0.9101422890625 0.3282404875 0.8930041531249999 0.31132868281250003 0.8844255921874999 0.30614428125000004 0.8606050625 0.3036657078125 0.8461291531249999 0.31160139375 0.8339704140625 0.32868364375 0.8306466359375 0.34335905625 0.8337491828125 0.3645399734375 0.8462653640625 0.39927533125000003 0.8544419078125 0.4083878078125
0 0.9254522328125001 0.2485963328125 0.9283459734375 0.24950358281249999 0.9567217265625001 0.249338496875 0.9586553578125001 0.2484031625 0.9735712546874999 0.2234534 0.9738124656249999 0.22109655625000002 0.9691586453125 0.1893251875 0.9658726718749999 0.1842408484375 0.955743003125 0.1751397359375 0.9409220359375 0.1673744921875 0.922156846875 0.172717978125 0.9154934390625 0.1806082140625 0.9072409499999999 0.1976677375 0.9079690375 0.2159835953125 0.9149395328125 0.236880290625 0.9176587187499999 0.2420987828125 0.9254522328125001 0.2485963328125
0 1 0.23849183906250002 0.9948765328125001 0.2327819109375 0.9862979718749999 0.22759750781250002 0.9726260968749999 0.2276770484375 0.9608503875000001 0.24737422812499998 0.9596633234375 0.2526154453125 0.9883324765625 0.28668654843749997 0.9996700703125001 0.28662058749999997 1 0.286068715625 1 0.23849183906250002
0 0.9370136796875 0.3557937 0.9755635859374999 0.35556942343750003 0.9820357359375 0.3496342828125 0.9922413515624999 0.33256339375 0.994998509375 0.32469588437499997 0.9950032562500001 0.32306013437500003 0.9900597687499999 0.28931122343750004 0.9818615546875 0.275046346875 0.9643403875000001 0.25551960937499996 0.9288011078125 0.253109215625 0.9123720750000001 0.261056265625 0.90687674375 0.270248284375 0.9009414234375 0.296454375 0.9059587921875 0.3173624328125 0.923844003125 0.346047096875 0.9316375171875 0.352544646875 0.9370136796875 0.3557937
0 1 0.3806763171875 0.99200330625 0.3706403609375 0.978752434375 0.3602488296875 0.9705569046875 0.3576793546875 0.9568850296875 0.3577588953125 0.94122205625 0.370935796875 0.9278762531250001 0.3932592703125 0.9266891890625001 0.3985004859375 0.9266512171875 0.41158648906249995 0.9309025249999999 0.4272646921875 0.9464705671875 0.44680279062499995 0.955049128125 0.4519871953125 0.9568672312500001 0.4526357515625 0.991271175 0.4524355953125 0.995681721875 0.4491336453125 1 0.44306674062500007 1 0.3806763171875
0 0.8954245656250001 0.493652834375 0.9183602171875 0.49351939843750003 0.923259015625 0.48985192031249997 0.930324440625 0.478033609375 0.9318177640625 0.46821058750000005 0.92999836875 0.45578968125 0.9276812 0.446643115625 0.9222428265625 0.43620613124999996 0.9144493140625001 0.429708584375 0.8871055640625001 0.42986766562499995 0.88162921875 0.4325166796875 0.8703884437499999 0.45453129218750005 0.8706233687499999 0.45613511406249996 0.87410481875 0.4678920625 0.888102765625 0.49005645312499996 0.8954245656250001 0.493652834375
0 0.9602170875 0.5313078453125 0.965930146875 0.5323384328125 0.9781019109375 0.5322676203125 0.9871778062500001 0.5285338375 0.9961963562499999 0.516704165625 0.9973834203124999 0.5114629484375001 0.9960386859374999 0.49027180625 0.9955790500000001 0.48713389375 0.9896848390624999 0.4722503953125 0.9815082937499999 0.46313791875000004 0.9670703578125 0.45798760312500003 0.9440158890625 0.4607388859375 0.93342724375 0.475194846875 0.9322634593749999 0.49260570625 0.9325507312499999 0.49456690312499996 0.9356874546875 0.503970415625 0.9469662156249999 0.5209163125 0.9602170875 0.5313078453125
0 0.903430328125 0.5653373375 0.90764973125 0.5670817921875 0.9270724749999999 0.56696879375 0.930774078125 0.5651782562500001 0.9430208140625 0.5446931875 0.9395352375 0.5208973453125 0.9360002953125001 0.51411330625 0.921198315625 0.4998050640625 0.9130027843749999 0.4972355859375 0.897760815625 0.49994141875000003 0.8887612515625 0.5052280890625 0.8832659203125001 0.51442010625 0.8828449171875 0.5248911796875 0.8901984421875 0.5484028015625 0.8933006578124999 0.5562362234375 0.903430328125 0.5653373375
0 1 0.688134509375 0.9989475421874999 0.6809494390624999 0.990789984375 0.6652939625000001 0.9736518484375001 0.648382153125 0.9560737234375001 0.6484844187500001 0.9451210343750001 0.653782453125 0.939625703125 0.6629744703125 0.9360645109375 0.678698125 0.9379796640625001 0.6917727640625 0.94108188125 0.699606184375 0.9488564078125 0.712646734375 0.956649921875 0.7191442828125 0.9671816078125 0.724317321875 0.9769472328125 0.7242605078125 0.9914231421874999 0.716324821875 0.995348378125 0.7097590953124999 1 0.693124471875 1 0.688134509375
0 0.9995786750000001 0.5891724421875 0.9938763093749999 0.5502427046875 0.993803540625 0.5500795562499999 0.983290840625 0.5383635140624999 0.9706877703125001 0.5307469218749999 0.9507144546875 0.5308631234375001 0.942275215625 0.5386021375000001 0.935209790625 0.5504204453125 0.93126556875 0.5635291734375001 0.9327976906250001 0.5739888828125 0.9553552125 0.6078806765625 0.971787065625 0.6089321046875 0.97528340625 0.6089117625 0.9932496343749999 0.606351634375 0.9971748703125 0.599785909375 0.9995786750000001 0.5891724421875
0 1 0.695942690625 0.99665056875 0.6959621765625 0.9931273484375 0.6985998296875 0.9817346703125001 0.7209119375 0.9809306375 0.7287680828124999 0.9836118515625 0.7470725765624999 0.9894332531250001 0.760124490625 1 0.7736481046875 1 0.695942690625
0 1 0.7653930171875001 0.9937574234375001 0.7616203515625 0.9761792984375001 0.7617226171875 0.9546379640625 0.7814766140625 0.9495066781249999 0.799826559375 0.9514218296875001 0.812901196875 0.96191554375 0.8311602390624999 0.9767175234375 0.84546848125 0.9892077609375001 0.8480969796875 1 0.8480341921875001 1 0.7653930171875001