0 0.3233903198444977 0.30027490937299817 0.11776188076355538 0.1386045844306926
0 0.26836942479957837 0.5860027766947715 0.16330308283018685 0.18770783893618095
0 0.8013390731438557 0.6382418174331318 0.19401728625367518 0.19596571319023753
0 0.1841751632216068 0.48280450401813557 0.06264744572397545 0.07544217050743711
0 0.36157035880433164 0.6783817280394527 0.07450343393601662 0.08523627225890866
0 0.7477402691032486 0.5143316027609501 0.062252130995195644 0.07260900292409059
0 0.6640691244349977 0.48292651408335985 0.09214517929390027 0.10553413676101649
0 0.4432217124864016 0.4826976053866794 0.10679801164670817 0.11038640509627218
0 0.24487126947991697 0.19168061203054404 0.08213410087041204 0.097517165176437
0 0.9796028020142596 0.6243445914624031 0.04079439597148067 0.13083292401336308
0 0.4127295987028143 0.37076067938413404 0.10655665820005585 0.10901808126292548
0 0.8892685086250631 0.5245616727800402 0.10476628418779903 0.1198238350125278
0 0.5321504279257117 0.5492771253978151 0.08867647986846841 0.10129969167727211
0 0.38166741414816807 0.2237038660486796 0.09783855967046637 0.11515899326165294
0 0.6301188419006548 0.3974793627466327 0.07359520980945042 0.07566709609225519
0 0.12098546193650857 0.42354713534372684 0.0681100316153362 0.08194316334142009
0 0.11483408767473569 0.3204766793443631 0.08576204105869509 0.1023386840935279
0 0.6762100065987159 0.6726793574156325 0.11227555135232396 0.1198136764302152
0 0.5101300746203099 0.42885553739654253 0.09125718846231265 0.09801346917766995
0 0.31452192369979237 0.47573798603595285 0.08914862780032581 0.10579187917727229
0 0.47668190421987544 0.2887936113939972 0.10584637217046637 0.11525217259607334
0 0.5651481580691264 0.6776293920671332 0.09841862793779903 0.11974997334499946
0 0.6113804106453665 0.5829714200747693 0.09862889425205398 0.12267852451165276
0 0.3859276113805718 0.5834692173774526 0.11424156603477567 0.13573505418025497
0 0.9220644955706373 0.6287224614496765 0.08383531346231266 0.09792710784332907
0 0.5827792475969845 0.47417767540576944 0.09554232499697815 0.10723179201145391
0 0.1649044053196614 0.3959675753500901 0.06801237536533619 0.08194202700807347
0 0.5658593167183644 0.3428913127386785 0.09348714889417024 0.10252611067790855
0 0.19209336598315924 0.3354209740213172 0.05359797598623221 0.06451028375636332
0 0.16239665624622263 0.13453972668681727 0.08348896015313371 0.11040779017643705
0 0.21278598859525316 0.27245789735836246 0.06509764167959116 0.08483421550763595
0 0.3715180148773295 0.4389470580442253 0.07397996557678325 0.08025580350890867
0 0.793726183628085 0.41732988076858624 0.09077799179390027 0.10551822809416436
0 0.25454641212182083 0.3728215240292714 0.07840820955615717 0.09454770600930643
0 0.15612542517624664 0.26789711935072646 0.0683097389681441 0.08662725434138033
0 0.712192327746443 0.3914117234245412 0.08556203882991528 0.09950778917687461
0 0.06396151525399776 0.11856873400699967 0.10161783554390033 0.10564436109563582
0 0.31988047921685353 0.39308911803786184 0.05548892672143744 0.06765346508990877
0 0.22164000439914394 0.44578630935708985 0.07846011973547676 0.09132959509269281
0 0.6847780338073535 0.5760225334181779 0.07079866054465586 0.07875573342516447
0 0.42912618637754996 0.6900919347151341 0.08081265944109255 0.10072050375954511
0 0.07823474189461112 0.6032977226686818 0.03952049388520684 0.09390013283736351
0 0.28043763031059576 0.7156720953612259 0.0705470430125283 0.07728975334181776
0 0.3068410755468711 0.16509138737267998 0.07285383664746367 0.08346141475870983
0 0.08129886028078584 0.4691227173376816 0.07381836580615717 0.09449429834201659
0 0.07504672756717459 0.2240374840069997 0.06651936495588724 0.09743300809098257
0 0.13967199502074432 0.5642175886775904 0.07316146433574669 0.0882442983420166
0 0.13772465439310017 0.6570499786759996 0.07244091422068202 0.09438073342516447
0 0.4792599709382399 0.6251305533895428 0.09383789705615726 0.09472724667806762
0 0.8197396176328382 0.5089270347708135 0.06339878809546562 0.06959870417428941
0 0.05627077848164832 0.3869005633354544 0.0402721311326689 0.08620347042090888
0 0.2002949720380259 0.7326863253500902 0.07028516139492576 0.07572611700847123
0 0.13495854593521805 0.7272443000079541 0.07547852205615717 0.09451361600890866
0 0.035564228117067574 0.2789789753341818 0.020875493747733585 0.07983295066836363
0 0.04502134080086888 0.27986931333545445 0.03981024728628655 0.08180893917090888
0 0.21808130349071395 0.07042323002863504 0.061643896068413986 0.08352604892385193