0 0.6257947194064057 0.5346769226249316 0.15546925569401573 0.2023556989398024
0 0.36107823874122386 0.5471552384889268 0.1269829016898001 0.1711373849763694
0 0.3249123773869975 0.3934489763886783 0.13011465127207292 0.16334363384197115
0 0.4845157387412239 0.546437100121637 0.11400230110199913 0.13815393770629
0 0.911406050087496 0.6392724772724412 0.13468631368852754 0.16180783677176755
0 0.04208279073836034 0.5279159217411689 0.07369426968789107 0.15676581276766227
0 0.7710174074235867 0.6604031095896067 0.12488639343470957 0.13362772646984739
0 0.3169026194302683 0.7122671540817755 0.12829874893578327 0.14155719973289144
0 0.7361049633990879 0.4801252571302787 0.10137950868276065 0.11913647048109546
0 0.5741385760264078 0.1912041785768599 0.12074640085434574 0.1554771598349359
0 0.49355274204327076 0.31590017242853985 0.07792596318029474 0.10083718888978624
0 0.061531130052497586 0.38638695189359396 0.11589881468808991 0.15847609621281206
0 0.5898828493793615 0.3356536153451434 0.10426160701781732 0.13184769110948488
0 0.42034524542485946 0.6718188952029809 0.10153305052016393 0.1491158029362106
0 0.44247259472467915 0.42479844945770706 0.09529427701801615 0.13326026529477702
0 0.22112594808240527 0.6057858708060924 0.13638149101885144 0.13965123097061713
0 0.5370947513924064 0.4320609827333902 0.0779510309317267 0.11138349574234371
0 0.5691645534293138 0.7037678110904173 0.12995663251909004 0.14137154573941366
0 0.8203976000556793 0.4054110825604395 0.09499776243236298 0.11616985339733468
0 0.8376680107415421 0.5467264289696434 0.11108631801996509 0.1477066376355733
0 0.3923442307049528 0.2797677505891752 0.08537965551399936 0.10361474309541441
0 0.18763909671386148 0.3465881328081449 0.09998404968470939 0.13348284887201595
0 0.7398919400461342 0.33556219087350003 0.09215898160009015 0.1239653089740603
0 0.9482686087284972 0.44998271829545067 0.09382943326801615 0.13325174308313983
0 0.2258759880649061 0.4768432593697739 0.10780102660028898 0.1255210563148566
0 0.8986220500477252 0.34635826942691883 0.08561133068109043 0.10674087939029935
0 0.1270663180696786 0.5125767471713296 0.09343526243236293 0.11616076303825498
0 0.6712901274267684 0.6844223925707023 0.08243065034710746 0.10193754242214012
0 0.6673271440563155 0.4109894377502421 0.07601026876292565 0.09565061283837917
0 0.10632436736154416 0.20720799112120541 0.07758981376312439 0.09712454694745878
0 0.10082253874917801 0.607267078455223 0.07942148793065278 0.10348242985142342
0 0.9811126873470709 0.5646219352161592 0.03777462530585822 0.12222661815678677
0 0.058227053429313766 0.7067403585094523 0.08545238084818114 0.1098647430954145
0 0.8688880020289533 0.208240645890352 0.08703533484841977 0.11163164595449401
0 0.9703229694350176 0.33108272737063704 0.059354061129964816 0.1330784581131847
0 0.7640732326941351 0.19791219994868636 0.07302042401336309 0.09885565651766237
0 0.17800375143217728 0.7271386960398616 0.09991921026614695 0.11951857326945828
0 0.01889238076858622 0.7507221626659825 0.021202249010380203 0.07658301841803503
0 0.013749800087495972 0.6444948885636815 0.013311410427272241 0.07819715472519455