0 0.46484375 0.71875 0.11328125 0.153125
0 0.42734375 0.57265625 0.11953125 0.1578125
0 0.0890625 0.64765625 0.11875 0.16796875
0 0.20546875 0.65703125 0.1140625 0.15546875
0 0.41875 0.43125 0.0953125 0.11484375
0 0.60390625 0.478125 0.1 0.13125
0 0.553125 0.625 0.10546875 0.134375
0 0.17265625 0.56796875 0.053125 0.06796875
0 0.08828125 0.825 0.09609375 0.12578125
0 0.73359375 0.78203125 0.07890625 0.1
0 0.2140625 0.4671875 0.10546875 0.13359375
0 0.1671875 0.8453125 0.06640625 0.084375
0 0.48984375 0.90078125 0.08046875 0.11015625
0 0.59375 0.71875 0.065625 0.08828125
0 0.30390625 0.61875 0.0890625 0.11328125
0 0.85234375 0.9015625 0.06328125 0.09140625
0 0.43203125 0.84375 0.07734375 0.10234375
0 0.66015625 0.746875 0.0734375 0.10234375
0 0.2328125 0.7890625 0.09140625 0.12109375
0 0.7078125 0.896875 0.04296875 0.06171875
0 0.71953125 0.6703125 0.0875 0.1125
0 0.3109375 0.728125 0.0796875 0.10078125
0 0.8375 0.80234375 0.07890625 0.1078125
0 0.3796875 0.76875 0.07578125 0.09765625
0 0.35546875 0.86015625 0.0546875 0.07421875
0 0.27421875 0.89375 0.08125 0.1125
0 0.67734375 0.56015625 0.0828125 0.1109375
0 0.5765625 0.8109375 0.06796875 0.090625
0 0.7765625 0.88671875 0.0828125 0.11640625
0 0.6109375 0.91015625 0.08046875 0.1171875
0 0.1109375 0.92734375 0.07890625 0.090625
0 0.0859375 0.50859375 0.0859375 0.10078125
0 0.1625 0.7609375 0.06484375 0.08359375
0 0.02265625 0.75859375 0.04453125 0.1421875
0 0.0203125 0.60859375 0.040625 0.11953125
0 0.17265625 0.93359375 0.05390625 0.084375
0 0.66328125 0.8375 0.0390625 0.0578125
0 0.52265625 0.51328125 0.06640625 0.08203125
0 0.33828125 0.49609375 0.065625 0.07890625
0 0.0078125 0.878125 0.015625 0.08359375
0 0.0078125 0.45703125 0.015625 0.11015625