0 0.07383436196068358 0.42941653896022586 0.04929231128061651 0.05535009364824077
0 0.07318453751359845 0.4802796095770768 0.0456643710923335 0.050510390320340194
0 0.008707842583366068 0.39588524431795713 0.017415685166732135 0.05433042197614135
0 0.2176055930306596 0.5657649163942102 0.03908592035712823 0.04727629616453868
0 0.10811568053217055 0.6170762260540126 0.057844120310800176 0.060665651785361166
0 0.036303921153770936 0.4960722049506942 0.04803304411609168 0.05542559014784363
0 0.4626269338315285 0.2898411647693571 0.03186083223698777 0.03788985825873734
0 0.0054286147120372035 0.4623051310874323 0.010857229424074407 0.05860684182192859
0 0.8974429380574478 0.22620672767227507 0.045533858454104605 0.06318013387757411
0 0.14083427280949365 0.5440751026772179 0.05100408283396422 0.05401529347574439
0 0.027378236345325817 0.43562958279171565 0.054756472690651634 0.06630584993877964
0 0.18866418420819672 0.6028285397710047 0.04559281736997924 0.04797473701270878
0 0.20388333880474044 0.6367495722384089 0.03265674117527073 0.04268012829729049
0 0.3087371968859543 0.39125188595540095 0.04980581043034658 0.058380846590609534
0 0.0021384138520739366 0.578847748782184 0.004276827704147873 0.05092828885929031
0 0.28454439597148057 0.5544104050301245 0.062403171804374755 0.06045279905602783
0 0.03176072418025993 0.5624784549506943 0.06352144836051986 0.07293696342287888
0 0.1383449432099281 0.40393134374876427 0.071560561877593 0.07153007594314839
0 0.016267356746768474 0.6317096960222404 0.03253471349353695 0.06812893136127621
0 0.057580768583574485 0.6138460860381265 0.046788730765821754 0.05842566035889316
0 0.01774856804771601 0.3273807061685102 0.03549713609543202 0.05080676826270887
0 0.08718121159005908 0.3247699492686514 0.044251142645681196 0.049121043069942874
0 0.2365316134371378 0.638884816556366 0.029496259190065467 0.039505695007942876
0 0.44343121159005905 0.3309883161493289 0.04449220121636159 0.052341994723758486
0 0.47400543805744766 0.21881559861673291 0.034547691910476 0.04583240183624086
0 0.15132605056802423 0.5857404512972463 0.03538672132246283 0.038048879971375626
0 0.36224209320388434 0.19494963027335813 0.055715031477862983 0.06823170139982934
0 0.1144640799762338 0.45986769805083527 0.04635235969514136 0.055201299512708954
0 0.06537911453692379 0.5247563124991762 0.04486377242527073 0.04289320282034019
0 0.2369841864077687 0.38138991639421016 0.046306318748488985 0.05383581660889316
0 0.33692802280949363 0.5474979318154857 0.04296078834875896 0.050755630377176966
0 0.6139105222596006 0.6079031923654972 0.03179426311938514 0.036329062854921726
0 0.21814499670064205 0.337230813309955 0.03961994767780865 0.050502361606907444
0 0.03229668640776871 0.37781708279171566 0.04597786801328382 0.050710816608893164
0 0.24712628236111805 0.2923410531636853 0.06346565208904006 0.06963419115221221
0 0.5723959841961092 0.18374689772322852 0.05001109213984982 0.060333971590609534
0 0.1799812445010701 0.5588467146899269 0.03963021176328381 0.050600017856907445
0 0.40218446894211146 0.29896102028924415 0.0325901720576681 0.04111933289347487
0 0.3223796974358473 0.33591950365015266 0.047673506248488984 0.053859680955474776
0 0.4130846774060373 0.582482632301953 0.043345544116091615 0.055343769530992584
0 0.12866485625831015 0.2949694009729347 0.04957472106916949 0.05710961074442515
0 0.10809916747774476 0.5129790612813603 0.03847037010459031 0.03956486160690744
0 0.352308817471701 0.3043519038123085 0.033793134190065466 0.03958069724005649
0 0.4232900139809871 0.3736843307598255 0.03783691727807863 0.04744944891414153
0 0.2163996255650024 0.48043138839103294 0.04291943713088644 0.0522170649348082
0 0.6969877797848778 0.20470605437820605 0.04718375061862971 0.06311145576270887
0 0.2691327079140329 0.34359959009531627 0.0465682003660917 0.05540002120507763
0 0.18296538291705478 0.4485404602257 0.066677749377593 0.07144484613392858
0 0.157702531811225 0.34635066882984217 0.04597786801328381 0.05071081660889325
0 0.35995967740603735 0.5815553319776414 0.03943489926328381 0.050596608664538675
0 0.585487512331308 0.5432270377391145 0.047627465301836834 0.05249419805165907
0 0.381290103132177 0.25946214366603876 0.06064827977732312 0.07436139113194278
0 0.3622656832816355 0.34365986566286155 0.03683074202554062 0.03973119597177277
0 0.665643872062201 0.13058671590444754 0.03189162449341332 0.03818282700873734
0 0.6755304202272097 0.24503104544975232 0.03575622839956871 0.04156450497137563
0 0.30304783162591276 0.2964479005658976 0.04798142881274394 0.056789368455474776
0 0.42281385093260493 0.48246899553247785 0.03746711532500093 0.04578588347177277
0 0.14111341067558536 0.4892921452908919 0.04598344236997924 0.04798155539744649
0 0.6762998751883341 0.17068956452447578 0.03380339827554053 0.03967835349005648
0 0.1543337790617601 0.6241444322225227 0.035848310292873366 0.04429547077900686
0 0.7950734652660852 0.32147258887420505 0.044712731616091614 0.05536763387757411
0 0.21408631637191503 0.41308024715733094 0.037354505260745886 0.042859605164141536
0 0.5626413141723431 0.6414463494275118 0.04067950748952569 0.04574447889585791
0 0.395205117113164 0.6260008072208751 0.0297420074895256 0.045553564123205346
0 0.520333731069976 0.14292130032101627 0.035150057604590404 0.03950690533663801
0 0.4842508777645744 0.2628246972367612 0.03609992782500093 0.04576201912519125
0 0.4913923222475132 0.17998492369781083 0.0290953701045904 0.03940122037320544
0 0.4472954520384347 0.5846451501588605 0.029444349010745795 0.04272153287320535
0 0.46132279321597186 0.6224587958567894 0.04470246753061655 0.05526997762757411
0 0.6318696099343363 0.28809920697599384 0.053258966289579844 0.06341245322614135
0 0.5847156983624086 0.6026974951254408 0.035925143495951065 0.04595392243282248
0 0.2677816134371378 0.6394302873353727 0.028889793519115158 0.039300154930836585
0 0.5103136246384411 0.22336277678206592 0.04364290771889969 0.06002786033862373
0 0.5885983582846575 0.4540554435833132 0.04757584999848916 0.05385797635929031
0 0.654842515630666 0.21101455559602203 0.04472299570156686 0.055465290127574104
0 0.4428330590198626 0.44838036769145645 0.0382542345576681 0.04121819947216991
0 0.532373854781856 0.0953877812462928 0.057607751468899515 0.06027161759299242
0 0.41069161453692377 0.5307837646072013 0.03594596654287337 0.04429717537519125
0 0.736456351482498 0.43237313270569483 0.03417788995739812 0.044168836393872014
0 0.0728395737239674 0.37930744480442447 0.03559669276074588 0.042828922432822394
0 0.5366625864017249 0.17373096955789552 0.03460399694260339 0.047295540990056485
0 0.7550305573701837 0.6205413344099782 0.029311505651512703 0.03774788250794305
0 0.42884795368811374 0.41761160876300263 0.035289065072462836 0.03804717537519124
0 0.2862194494621945 0.4863461976437982 0.06397885636279828 0.07451700365221221
0 0.45287652923498484 0.2560155896882792 0.030427075619385135 0.0363051985083402
0 0.5296454904483756 0.262834379866321 0.039291496942603386 0.04737736160690744
0 0.6392104386073407 0.16612874958966764 0.037759789199028934 0.04764305681795715
0 0.4427132022116595 0.211225241068251 0.03272331029287336 0.044240923701106105
0 0.4659395229827184 0.17640991030513023 0.034450035660476 0.04583069724005644
0 0.7071536921101421 0.5250009634688155 0.039368330145681085 0.04903581326072306
0 0.7263352603049609 0.3946276708551418 0.03795510169902894 0.04764646601032592
0 0.7659114411835809 0.2638276842478223 0.02872087842273281 0.034910737469389906
0 0.4297323211477272 0.29004967045139995 0.03686474963088635 0.052111379971375625
0 0.7474452970652228 0.2384594914719928 0.0338597033076681 0.04114149264387201
0 0.4673849777706181 0.4754201546230874 0.04261151456663157 0.04928737743480802
0 0.054863746700642056 0.33438072848964456 0.0339573595576681 0.04114319724005648
0 0.09392175497925569 0.5659540568171333 0.06314746543931002 0.0666068474022122
0 0.7129648205978342 0.35056402515721286 0.04080061238342445 0.0598807707992763
0 0.8697100820025809 0.6241084395228281 0.033782575228618585 0.04133510054768763
0 0.24621855111791727 0.5318262930174156 0.04967237731916949 0.057111315340609536
0 0.6897009819965373 0.40807651622875907 0.02862322217273281 0.03490903287320553
0 0.7503567588285066 0.18841858116356724 0.03564273370739812 0.04419440533663801
0 0.4450220196833604 0.5094678721556832 0.0339573595576681 0.0411431972400564
0 0.23855612243886917 0.4409012840889619 0.038536939222192944 0.04112565701072306
0 0.4794227424747229 0.4130156120094135 0.04762012168931005 0.06633581660889334
0 0.39817981949804826 0.4562104586008469 0.03908123062834852 0.044449378703091826
0 0.6427698183982622 0.5716208189887027 0.04331445698369425 0.05690286033862364
0 0.011634504602587433 0.5228023003243115 0.023269009205174867 0.06013865909060954
0 0.11255661618660276 0.35886825973923264 0.03899383846382367 0.04454533035690744
0 0.2605391842081968 0.6040831225627203 0.03247198763671779 0.040922315797290484
0 0.8305654693187797 0.6242078510490696 0.03044760379033562 0.036500511008340196
0 0.5430560332876793 0.5597054257264057 0.037246584925270734 0.04276024431795715
0 0.6115101560729979 0.25095771712226356 0.03897331029287336 0.04435001785690744
0 0.38828642060387797 0.557786595370322 0.03404475172219303 0.041047245586240774
0 0.34746888714297397 0.38018770089020915 0.03407554397861841 0.04134021433624078
0 0.8097857897131704 0.27085498010790704 0.046365544253565004 0.06923823056994287
0 0.32727860295895217 0.6318592950460105 0.03384474949341314 0.038216918932425334
0 0.3234075117814151 0.5942229273512588 0.037323418128348516 0.04441869597177277
0 0.7688981649015045 0.4290259902541768 0.0356424388314263 0.046046464894269334
0 0.5592605400898386 0.5842514581938097 0.035868838463823674 0.044490783279006865
0 0.32342615754945214 0.4525575787312306 0.03557616458979558 0.04263360993282248
0 0.22513659615679282 0.6058132179363378 0.02909537010459031 0.03940122037320535
0 0.5722952257442708 0.3261934963432568 0.04096191727807863 0.04750399599204229
0 0.6106446606755853 0.49748784374546895 0.02758917513671779 0.040837085988070676
0 0.4147101917334739 0.20212693059766967 0.034460299745951065 0.045928353490056396
0 0.5856843112194345 0.22859179342115743 0.0338597033076681 0.04114149264387201
0 0.3171457167425395 0.5197587155007058 0.03356233970486029 0.03645740183624078
0 0.8020697827377863 0.6197970405784883 0.022922203307668098 0.040950577871219807
0 0.4230837790617601 0.6288354809219813 0.028384789199028936 0.04747941558425524
0 0.27523263659308095 0.43449732548481973 0.03546355452554071 0.039707331625191244
0 0.6062974064496661 0.5686361408233697 0.03148926102807863 0.04733865016215581
0 0.21188342795593035 0.5234001383910329 0.037215497792873364 0.04431933512558839
0 0.46402543475808977 0.5520644752399384 0.034342115325000935 0.045731336393872016
0 0.24657980166781024 0.4762620856310894 0.025487958087257657 0.03475682954530477
0 0.6763284095757994 0.6097753839235108 0.032384595472192856 0.04101826745110611
0 0.48332640717278397 0.13757923538620812 0.03903987941047582 0.04591081326072306
0 0.8611465465153298 0.2960146672016938 0.025226076469655113 0.03319262494912038
0 0.36606881582202205 0.47130362459131525 0.0338597033076681 0.04114149264387201
0 0.5743010889779652 0.26987531249588087 0.032153800986987766 0.03789497204729049
0 0.7930862478004281 0.23612542410155263 0.031248202457398122 0.0441176985083402
0 0.2912589902751509 0.6320132536501527 0.027368349861015773 0.039663506391886295
0 0.606728748350321 0.17730202881066082 0.034757958224730955 0.048760384740056485
0 0.3351918614107906 0.489549064120734 0.0385677314786184 0.04141862576072306
0 0.7274732691334675 0.569968590092021 0.03963021176328389 0.050600017856907445
0 0.7249016005559368 0.16997254423193633 0.0325693490107458 0.042776079951106105
0 0.4808068630604696 0.32537924431466186 0.036448906731156326 0.049082331625191246
0 0.27325249615074904 0.39376323132901836 0.036012535660476 0.045857970779006774
0 0.5114820742738604 0.3313934650936686 0.03228224949341314 0.03818964539347487
0 0.48174076968336055 0.5101088003210164 0.03526824202554053 0.03970392243282248
0 0.8059595196833605 0.5157680596532118 0.04487695698369407 0.056930133877574104
0 0.6243834279559304 0.5306003526739227 0.033587852480562216 0.037627572240056396
0 0.7789958922954543 0.5786947536468574 0.033390475848759135 0.050588579951106105
0 0.685808886043188 0.4972344736150854 0.029269859557668098 0.041061376623205345
0 0.5982921466945983 0.13097645372958294 0.04009180073369443 0.05684660866453868
0 0.534840046891998 0.6080883786485051 0.03190218345486038 0.036428423701106105
0 0.6176148027675963 0.37159749958966765 0.037256849010745795 0.04285790056795715
0 0.861052638792653 0.2224407995069421 0.02608855452554053 0.03954369039148915
0 0.7611559825464302 0.3537532548646734 0.04138510379033544 0.03669142578099258
0 0.6267038141723431 0.6425645645244759 0.040284192760745796 0.04291074304967353
0 0.6717534630665133 0.5416020823813833 0.03256934901074597 0.042776079951106105
0 0.8518489411835809 0.26532772889009104 0.02883348848698759 0.03783701577702096
0 0.5949189022237469 0.6396617069759938 0.02571875257246283 0.03788012494912039
0 0.852573801291142 0.16907033765638904 0.03308284816047582 0.04580683289347491
0 0.3949233939451333 0.40527920413662005 0.04804799793034657 0.0583501638592903
0 0.6925584128751573 0.2766356014561067 0.03914750486997924 0.04786223366453868
0 0.6735339930246159 0.3608333234529295 0.048232751468899694 0.060107976359290397
0 0.5539017582786137 0.2405599594116258 0.03607910477807863 0.04741876618282239
0 0.1861630595697556 0.3883296631477993 0.039193840692603385 0.04737565701072306
0 0.6278272163658712 0.2074122686643911 0.03262565404287336 0.04423921910492172
0 0.28956742373001115 0.5959802962638265 0.029695966542873365 0.044188081219389906
0 0.35893916637795875 0.6284985158250173 0.028395348160475998 0.045725012276624
0 0.6728280049792557 0.5760589029982344 0.02647038981992491 0.030192554738070854
0 0.7012814557144609 0.5734248266993405 0.030503908822462834 0.03796365016215582
0 0.8335963353019391 0.2900549935005877 0.029444643886717616 0.04086947331557429
0 0.7205920904544194 0.47905721793304246 0.04173142881274394 0.05668027429967335
0 0.7810204012971858 0.38071122117945333 0.030329419369385137 0.036303493912155815
0 0.9414510711477272 0.2989817544576363 0.03468083014568109 0.04895399264387201
0 0.4790381281412426 0.5805031209378673 0.028361340555130177 0.03334482827702097
0 0.4917797481770963 0.5486355121715694 0.029598310292873364 0.04418637662320535
0 0.5591548373282862 0.43632247280430647 0.0339573595576681 0.0411431972400564
0 0.5641634847460022 0.12803268587267544 0.03373974963088635 0.052056832893474916
0 0.6148253305261269 0.41303102312861795 0.03393683138671779 0.040947884740056395
0 0.6783177597550678 0.4493600353034826 0.03255908492527073 0.042678423701106104
0 0.7791671946863824 0.6217453242637084 0.023981763119385137 0.036192695160169916
0 0.5197381638017186 0.5358179123337251 0.031814791290335445 0.03652437535492172
0 0.9150903143455679 0.274258443987055 0.04431007327478511 0.06637551658862373
0 0.8481795932038843 0.20343170088691384 0.033202801837257566 0.034891492643872105
0 0.4543359117753713 0.3836184383083074 0.03165056592273281 0.03496187535492172
0 0.4764548908190001 0.3667854943146619 0.031234723023002786 0.03193282700873734
0 0.6489025468919981 0.6100793469918798 0.02796924117527073 0.04259830768043944
0 0.5016894338315285 0.2905230032431156 0.03194822440151253 0.037793906604921726
0 0.7260606141602556 0.21851913838773768 0.030252291290335444 0.03649710181597143
0 0.6650013509326049 0.4866963940697806 0.030242027204860376 0.03639944556597143
0 0.6551383928453474 0.5209622999139791 0.03060156507246283 0.037965354758340196
0 0.801583731069976 0.14783053733207746 0.04301709338088635 0.05221876953099258
0 0.756447477770618 0.48046575932890023 0.03963021176328389 0.050600017856907445
0 0.6529494321818495 0.4598747954497523 0.028864575619385137 0.036277924969389905
0 0.9031771244652165 0.603560160301835 0.03715919276074579 0.04285619597177259
0 0.18923638769286694 0.32185522930042343 0.033803398275540665 0.03967835349005648
0 0.3889761218889762 0.49909738798399583 0.031737958087257656 0.034865923701106104
0 0.35676885148249793 0.4257456627407622 0.05780306396889952 0.06027502678536116
0 0.5358369678423255 0.4124349594116258 0.03484213504033544 0.03657721783663792
0 0.9129695386133845 0.383797085220757 0.035848310292873366 0.04429547077900677
0 0.42154205754340845 0.24138034537032205 0.0380677117632839 0.05057274431795715
0 0.8502420726241814 0.5040180819743462 0.028546388969655112 0.03325058121938973
0 0.50438758365226 0.4510201724799948 0.0443177117632839 0.05068183847375849
0 0.7333455055291487 0.5215447268614962 0.030714175136717793 0.04089163306597143
0 0.6342695235326115 0.12377760835596559 0.03741081029287337 0.04432274431795715
0 0.7922372654574413 0.5867527154974105 0.0266243511020523 0.03165739848807068
0 0.9242706481710524 0.3432948161460335 0.031468732857128145 0.04714333766215582
0 0.3524333922954544 0.5712490775134146 0.04044841812834852 0.044473243049673525
0 0.5070269845727775 0.5003752901747466 0.0276097033076681 0.04103239848807068
0 0.3542327943157578 0.5094485068965635 0.028448732719655024 0.033248876623205345
0 0.1790685689481552 0.5079563705341255 0.04227279974595115 0.0460647211848082
0 0.7109636753796901 0.4366242560824894 0.027245770587257568 0.03478751227662382
0 0.24421032887644784 0.5732734533258411 0.0314095073520523 0.03174092370110611
0 0.6993902786850918 0.3158890162287591 0.035345075228618406 0.04136237408663801
0 0.8039605071788276 0.35606577718580773 0.032489595334719824 0.027178353490056484
0 0.7638069522116595 0.21682995332254587 0.027270988486987592 0.037809742238070675
0 0.5082400290617601 0.6303218887947748 0.03325733761355369 0.04746698914347487
0 0.7049460856786072 0.605578807624617 0.02182424103779752 0.02864929956358857
0 0.949319961040166 0.3953891501555652 0.026473310292873364 0.04413182954530477
0 0.920071332552474 0.5694169853829129 0.03604362279287336 0.044298879971375625
0 0.8289321990855264 0.1780498713416091 0.0345626457247306 0.048756975547687674
0 0.5929314584639258 0.2936810052717105 0.030595990715767483 0.04069461596978696
0 0.8806827408250438 0.5867311704481046 0.025292645587257568 0.03475342035293601
0 0.8425258393546334 0.5923266055132965 0.027119947677808655 0.05028417329530477
0 0.7986300334609039 0.1908265608710278 0.032744428215767486 0.04073211708584368
0 0.9331484803468584 0.5790374472334658 0.02086965280183648 0.05202713869713449
0 0.7030242415481617 0.15471969114768122 0.03081183138671779 0.04089333766215582
0 0.7412844867723495 0.28218221793304243 0.029259595472192857 0.040963720373205434
0 0.4351191847580898 0.5515599147693571 0.03151155845486038 0.03642160531636858
0 0.8596522314466444 0.4666135393606723 0.03389079044006564 0.039582401836240774
0 0.8655103137956747 0.3289635348964455 0.031696606869385135 0.03632735825873734
0 0.7771821099343363 0.2906356460983754 0.028078930766577238 0.03158531118083659
0 0.5120686580993452 0.4002798327884204 0.03594596654287337 0.04429717537519125
0 0.3686822676570133 0.35707748335761325 0.035286439475486375 0.022255841010325916
0 0.41706596306651333 0.5371564955324779 0.03423419498952569 0.04563197554768763
0 0.82418640277364 0.5880930730458924 0.022198732719655112 0.03313978246740419
0 0.9379086569995592 0.5188539236945156 0.023327192369979245 0.04758608908266648
0 0.379540013980987 0.37292067166921594 0.03640492991630726 0.034752431817957154
0 0.5962933604842293 0.23190770819380982 0.025652183454860377 0.03631932954530477
0 0.35872776085485386 0.3326405450460105 0.025505860661231415 0.01916080768043953
0 0.5409864768440569 0.21450597402212238 0.02227556592273281 0.03479823412121963
0 0.5115221774060373 0.5842008652558245 0.031912447540335266 0.03652607995110611
0 0.7298639729948059 0.6067964342478224 0.02447151874924458 0.026940920352936003
0 0.230361367113164 0.6231234488616142 0.02648829239389876 0.014596532873205347
0 0.6431520737239674 0.3892622865212986 0.038593244254320425 0.04258879616453868
0 0.7346942409982686 0.21084300608248938 0.02718359632246283 0.03790569389188629
0 0.4041247325464303 0.3475212512145207 0.04092056606020602 0.048965430549673436
0 0.5211081303408145 0.3589554034052714 0.02844873271965511 0.033248876623205435
0 0.830666227770618 0.48176125242904144 0.031706870954860376 0.03642501450873734
0 0.3254674058997732 0.6193047479681099 0.033187848023002696 0.03196691893242516
0 0.43605522409459196 0.4905269573830309 0.027640790440065642 0.03947330768043944
0 0.6663057178423255 0.4147122999139792 0.04061264349595106 0.04603574304967335
0 0.9485481470712666 0.45485960754189136 0.015448418128348606 0.044036866426468
0 0.6007441847580898 0.5544509098980932 0.024564456983694426 0.056575577871219807
0 0.673937479420297 0.3123140028360785 0.030077801837257567 0.03483694556597143
0 0.7959908588345505 0.402104980107907 0.0251595073520523 0.03163182954530477
0 0.8768793819904935 0.19845387458801997 0.026829927687527545 0.03175846393043948
0 0.49014457152439544 0.6088735827884204 0.02273276004033544 0.03636584790977295
0 0.638800101482498 0.4306685365212986 0.03833693699341332 0.038295330356907444
0 0.5338148178483693 0.6252895154179802 0.03077897499848916 0.05356478581557411
0 0.517861367113164 0.6281417800284768 0.030255211763283895 0.050436376623205346
0 0.3328549621399521 0.2734876874975285 0.03659260392780865 0.050449519125191244
0 0.9269102753857339 0.6532834707724162 0.015994773666307083 0.03439617121541829
0 0.8453620391632775 0.32704647889009103 0.028746096322463187 0.03793296743083659
0 0.5839858939451334 0.40857930234961115 0.02911589827554053 0.039596532873205526
0 0.4358884134250503 0.21658489691244961 0.0286795272048602 0.03637217202702105
0 0.7193696099343364 0.2896265251572129 0.03174822217273281 0.034963579951106105
0 0.9608204547878998 0.3157561972334659 0.01889924326657706 0.03142507913950343
0 0.9150176376928669 0.3345237881428564 0.042580722310206195 0.0489944086848082
0 0.8381828505559368 0.17194987580583596 0.04593182706663157 0.04934533370507763
0 0.6610809468859543 0.3974020689887027 0.035191408822462834 0.038045470779006774
0 0.8239353467066858 0.5606947759679917 0.03207667290793807 0.03808857995110628
0 0.7798944138017185 0.5403589565689566 0.024156252572462834 0.03785285141016992
0 0.8536603645369238 0.5385158128996227 0.025816408822462833 0.037881829545304765
0 0.7611467728094936 0.5549026976405029 0.03138897918110199 0.031545611201106286
0 0.9641894338315286 0.29859597077241623 0.0189816225395802 0.06281413996541829
0 0.8436119500120874 0.44050500689326827 0.03238459547219321 0.04101826745110611
0 0.6480507529529085 0.4245685409855254 0.040612938371923056 0.04418368349204229
0 0.7956555573701836 0.6212504464226869 0.022691408822462834 0.03782728246740419
0 0.7682296946863824 0.6215544094910561 0.024099947540335266 0.036389712256354304
0 0.8526915253857339 0.6519879776722751 0.03240249804616653 0.025422245586240778
0 0.5654775139809871 0.3761662228043064 0.06280875061862971 0.06338419115221221
0 0.8950361737300112 0.6065487926070832 0.02476711309622104 0.042737368506354304
0 0.9294557685835745 0.6290647207724163 0.017405937981156326 0.04874993536923391
0 0.8687551706038779 0.5661732085975515 0.022866193151512705 0.037635379159772955
0 0.7183771807053952 0.25438845454036185 0.02761704692019489 0.027190779930836583
0 0.787695118762843 0.4661402065689567 0.028287132949028758 0.04747771098807067
0 0.5271283053438365 0.4655054123337251 0.02558561433725757 0.03475853414148915
0 0.7162566312673758 0.6245606327056948 0.02263218331738699 0.02242486850635448
0 0.9593870213330394 0.35173460754189134 0.01299822217273281 0.034636297483702096
0 0.7563934468859543 0.3990657548646734 0.02510320231992491 0.03016869039148915
0 0.1181662277706181 0.4693245186676863 0.0325901720576681 0.041119332893475045
0 0.9176407518531224 0.5404152779965866 0.03516324216301392 0.053543836393872016
0 0.6322523178483692 0.6270077483718517 0.04832306410637273 0.07395129951270896
0 0.7643069316319565 0.5173890608710278 0.02590380098698759 0.03778587789148915
0 0.8857994500120874 0.44124139244492744 0.037585594621923235 0.04413084101032592
0 0.7376715286850918 0.3165572179330424 0.023833376193953093 0.03199859019872324
0 0.7242564941244019 0.25057766192668807 0.026701479181101995 0.03146379058425506
0 0.5993105250090657 0.3297957832748877 0.025893536901512526 0.03768822164148915
0 0.813150050741249 0.22395270656895674 0.02001041838164177 0.025303418120822485