0 0.1703125 0.2515625 0.0890625 0.10625
0 0.18984375 0.44765625 0.1171875 0.16328125
0 0.52265625 0.25234375 0.0546875 0.0734375
0 0.79375 0.78203125 0.10546875 0.14296875
0 0.40859375 0.20234375 0.11796875 0.14921875
0 0.86171875 0.5234375 0.11484375 0.15859375
0 0.5875 0.48984375 0.10234375 0.134375
0 0.59140625 0.2828125 0.08203125 0.11015625
0 0.23125 0.753125 0.08671875 0.11875
0 0.584375 0.6328125 0.10703125 0.14296875
0 0.740625 0.296875 0.06015625 0.0765625
0 0.43203125 0.7734375 0.09609375 0.1296875
0 0.28984375 0.37734375 0.10390625 0.14453125
0 0.928125 0.428125 0.08203125 0.10703125
0 0.81015625 0.2953125 0.06640625 0.08359375
0 0.0390625 0.6265625 0.07734375 0.134375
0 0.6140625 0.37578125 0.07578125 0.09375
0 0.340625 0.4875 0.08359375 0.1109375
0 0.490625 0.44609375 0.08984375 0.12265625
0 0.20703125 0.59453125 0.0859375 0.109375
0 0.85078125 0.6734375 0.1015625 0.140625
0 0.65390625 0.1453125 0.08203125 0.109375
0 0.5078125 0.70546875 0.08984375 0.11640625
0 0.1109375 0.57109375 0.0921875 0.11796875
0 0.3484375 0.29296875 0.07890625 0.09609375
0 0.5 0.59609375 0.0796875 0.09453125
0 0.50390625 0.165625 0.07890625 0.10546875
0 0.74453125 0.5140625 0.12890625 0.16484375
0 0.4265625 0.6296875 0.07578125 0.10390625
0 0.3921875 0.37890625 0.0640625 0.0828125
0 0.5171875 0.3375 0.065625 0.08828125
0 0.16640625 0.7125 0.0421875 0.05703125
0 0.51484375 0.52421875 0.04765625 0.06015625
0 0.27734375 0.6578125 0.08828125 0.1140625
0 0.30546875 0.81015625 0.09375 0.13125
0 0.0640625 0.484375 0.06640625 0.0890625
0 0.021875 0.8203125 0.04296875 0.0953125
0 0.13515625 0.66015625 0.05703125 0.0734375
0 0.65703125 0.8359375 0.07734375 0.11328125
0 0.8609375 0.384375 0.08984375 0.11796875
0 0.09140625 0.7890625 0.05703125 0.0796875
0 0.46015625 0.29296875 0.07421875 0.10234375
0 0.65 0.5515625 0.053125 0.0640625
0 0.79296875 0.1453125 0.08359375 0.1015625
0 0.96484375 0.534375 0.0703125 0.165625
0 0.58203125 0.80390625 0.06953125 0.09140625
0 0.11640625 0.71953125 0.05703125 0.0734375
0 0.41015625 0.45625 0.05859375 0.07890625
0 0.88046875 0.27890625 0.078125 0.0921875
0 0.2765625 0.55 0.071875 0.09296875
0 0.6328125 0.7296875 0.06796875 0.096875
0 0.7046875 0.7453125 0.06796875 0.0875
0 0.69296875 0.24296875 0.0703125 0.09296875
0 0.8109375 0.221875 0.046875 0.0578125
0 0.10625 0.40390625 0.06875 0.08359375
0 0.0421875 0.33671875 0.07734375 0.10390625
0 0.4453125 0.37421875 0.03984375 0.05703125
0 0.8609375 0.1953125 0.05234375 0.065625
0 0.440625 0.53125 0.06953125 0.09375
0 0.58046875 0.171875 0.06796875 0.10078125
0 0.98203125 0.7421875 0.0359375 0.096875
0 0.7640625 0.37734375 0.07890625 0.1015625
0 0.04609375 0.7359375 0.071875 0.090625
0 0.6640625 0.440625 0.06875 0.0890625
0 0.92890625 0.678125 0.07421875 0.1203125
0 0.3390625 0.71015625 0.0609375 0.08125
0 0.01484375 0.52890625 0.0296875 0.084375
0 0.340625 0.5890625 0.07578125 0.09375
0 0.75390625 0.2265625 0.053125 0.07109375
0 0.2234375 0.3328125 0.0546875 0.07265625
0 0.26875 0.25 0.096875 0.11640625
0 0.71875 0.159375 0.04765625 0.06484375
0 0.553125 0.3953125 0.053125 0.065625
0 0.76640625 0.63984375 0.0703125 0.0953125
0 0.14921875 0.7875 0.06953125 0.09140625
0 0.9875 0.38828125 0.02421875 0.0953125
0 0.21953125 0.6625 0.0359375 0.0515625
0 0.8828125 0.796875 0.06640625 0.11484375
0 0.94453125 0.25546875 0.05625 0.065625
0 0.6859375 0.61015625 0.059375 0.07734375
0 0.15703125 0.340625 0.059375 0.07109375
0 0.99453125 0.82265625 0.009375 0.0421875
0 0.9703125 0.32734375 0.059375 0.08671875