0 0.61953125 0.53828125 0.153125 0.20078125
0 0.3546875 0.54921875 0.125 0.17109375
0 0.3203125 0.3953125 0.12890625 0.16328125
0 0.478125 0.54921875 0.11171875 0.1375
0 0.90390625 0.64453125 0.1328125 0.16171875
0 0.0359375 0.528125 0.071875 0.15703125
0 0.76328125 0.66484375 0.12265625 0.13359375
0 0.30859375 0.7140625 0.12734375 0.1421875
0 0.73046875 0.484375 0.1 0.11796875
0 0.571875 0.19453125 0.1203125 0.15546875
0 0.48984375 0.31875 0.07734375 0.1015625
0 0.05703125 0.38671875 0.1140625 0.1578125
0 0.5859375 0.3390625 0.1015625 0.13125
0 0.4125 0.67421875 0.0984375 0.14921875
0 0.4375 0.42734375 0.09375 0.13203125
0 0.2140625 0.60703125 0.1359375 0.13828125
0 0.53203125 0.43515625 0.07734375 0.1109375
0 0.5609375 0.70703125 0.1296875 0.140625
0 0.815625 0.41015625 0.09296875 0.115625
0 0.83125 0.5515625 0.109375 0.1484375
0 0.3890625 0.28203125 0.08359375 0.103125
0 0.18359375 0.34765625 0.0984375 0.13359375
0 0.7359375 0.33984375 0.09140625 0.1234375
0 0.94296875 0.45546875 0.09296875 0.13203125
0 0.2203125 0.478125 0.10703125 0.12421875
0 0.89453125 0.3515625 0.084375 0.10625
0 0.12109375 0.51328125 0.09140625 0.115625
0 0.66328125 0.68828125 0.08125 0.10078125
0 0.6625 0.41484375 0.07421875 0.09453125
0 0.10390625 0.2078125 0.07578125 0.0953125
0 0.09375 0.6078125 0.07890625 0.10234375
0 0.978125 0.5703125 0.04296875 0.12265625
0 0.05 0.70703125 0.08359375 0.109375
0 0.86640625 0.21328125 0.08515625 0.11171875
0 0.96875 0.33671875 0.0625 0.13203125
0 0.76171875 0.20234375 0.071875 0.0984375
0 0.16953125 0.728125 0.09921875 0.1203125
0 0.01015625 0.75078125 0.0203125 0.07578125
0 0.00625 0.64453125 0.01171875 0.078125