0 0.973606654549067 0.5643899144157299 0.0527866909018659 0.1987752882904818
0 0.45632794320165565 0.5369629778672573 0.1204475016156712 0.15729452004145833
0 0.5217301894086338 0.40202623983510455 0.12055113254374916 0.15856405129145834
0 0.0950718366834771 0.4482387846692709 0.1306993786994086 0.1682549130885418
0 0.6381038438104788 0.61449183187507 0.1112618877893258 0.1414854091111069
0 0.7403366681968065 0.4149120188047923 0.1409393547787227 0.16235259652790807
0 0.9574830743539341 0.7309773491612508 0.08503385129213185 0.13752526093471804
0 0.34212217986573606 0.46568543028020865 0.12040373028908338 0.13526512108153668
0 0.8484838791071319 0.45017933120947984 0.10398554705017134 0.12757268047083342
0 0.77574749396026 0.5716893488769104 0.13399775718438214 0.17164568779645412
0 0.12203204684489632 0.7116473212384028 0.13510986928635713 0.16377644508653227
0 0.8995198338085391 0.5691118223757646 0.12385157242947357 0.14168096656499998
0 0.7379759112389827 0.7298824021635422 0.13315083407725598 0.14335946991318593
0 0.2441621383601654 0.7176089933504862 0.12118494805459487 0.14483543358153667
0 0.22153874183422814 0.4309084271460765 0.12690676040360138 0.15880945088062948
0 0.26715464652593723 0.29239209422416684 0.13806944629399168 0.1654048613455469
0 0.969727596828059 0.3613194658025008 0.06054480634388213 0.13316830878347669
0 0.9561142731083383 0.21974956164218828 0.08777145378332349 0.15530705547083343
0 0.9506841078953044 0.4603557246362161 0.08851804678441724 0.11122747417575951
0 0.627788999710136 0.36394697121774355 0.10911945720189245 0.13315053324437506
0 0.14464191773776455 0.2817429221120834 0.12158153161542869 0.15088784810708775
0 0.8442260401769366 0.6941468835461813 0.11189164496764618 0.14920025286110689
0 0.18861415577897087 0.5720594507974306 0.1336968812935068 0.15243695521428827
0 0.4390918721493079 0.7556759570656947 0.07225737939699588 0.08277743882958326
0 0.33062618365875796 0.6018768502080905 0.11777701231519808 0.12457967629145834
0 0.5325075480528444 0.6104745194703824 0.08818922996594906 0.10361710559910584
0 0.654462683199716 0.4901100809251394 0.10363879008022465 0.1209366014197311
0 0.5683337356253103 0.5239746282278477 0.09361807356495558 0.11758430397485249
0 0.4043514997101359 0.3587464056789239 0.10618377890657005 0.13659115008756517
0 0.8153370550106682 0.30203211872854235 0.08656493790166167 0.10640595033457903
0 0.5062795010872618 0.7190312486688197 0.09974851553441741 0.11148886623736978
0 0.9112393574362624 0.3401334904037855 0.08453011598861053 0.1017774660189497
0 0.6097073900271553 0.7346945758911463 0.09406847758022466 0.12071384992375016
0 0.5610962230382969 0.2251559217308338 0.08300549322334128 0.09862291735111554
0 0.07817086335531623 0.5850841680280208 0.07036791445510344 0.11694567980604162
0 0.4267676021454285 0.6524600380877434 0.07393347886670014 0.08301139189521259
0 0.36745611714833804 0.72827634925816 0.0806179235450207 0.09086716006103739
0 0.038519463495399094 0.28083242591180557 0.039540474246244794 0.10228985182361114