0 0 0.550442278125 0.0087890625 0.5648243796875 0.0439453125 0.5752840906250001 0.0595703125 0.5752840906250001 0.0673828125 0.5700542359375 0.072265625 0.563516915625 0.078125 0.54782735 0.078125 0.5373676390625 0.07421875 0.5216780734375 0.0703125 0.5138332906249999 0.0576171875 0.49945118749999995 0.0302734375 0.49160640468750005 0.0126953125 0.49945118749999995 0.00390625 0.5112183625 0 0.5190631453125001 0 0.550442278125
0 0.01953125 0.4824541578125 0.015625 0.4510750265625 0.0107421875 0.44453770625000005 0.0009765625 0.43930785156249996 0 0.5059885078125 0.0048828125 0.5072959703125 0.013671875 0.49552879687500007 0.01953125 0.4824541578125
0 0.0322265625 0.4419227796875 0.037109375 0.43538545937500006 0.041015625 0.41969589375 0.041015625 0.41185111093750004 0.037109375 0.39616154375 0.0224609375 0.3791645140625 0.0146484375 0.3791645140625 0.0009765625 0.3843943703125 0 0.43538545937500006 0.0146484375 0.44453770625000005 0.0263671875 0.44453770625000005 0.0322265625 0.4419227796875
0 0.0556640625 0.49945118749999995 0.0615234375 0.502066115625 0.0751953125 0.502066115625 0.0849609375 0.49422133281249997 0.09375 0.477224303125 0.09375 0.4667645921875 0.08984375 0.44846009843749995 0.0830078125 0.43930785156249996 0.0673828125 0.4262332125 0.0498046875 0.43146306875 0.037109375 0.4510750265625 0.03515625 0.4615347359375 0.037109375 0.474609375 0.041015625 0.4850690859375 0.0556640625 0.49945118749999995
0 0.0888671875 0.5491348140625 0.0966796875 0.5517497421875001 0.1083984375 0.5491348140625 0.1123046875 0.5465198859375 0.123046875 0.5295228562500001 0.125 0.5216780734375 0.125 0.5059885078125 0.123046875 0.4981437234375 0.1123046875 0.48899147656249997 0.1064453125 0.48637655 0.0947265625 0.48637655 0.0869140625 0.49160640468750005 0.078125 0.5033735796875 0.076171875 0.5112183625 0.076171875 0.5295228562500001 0.078125 0.5373676390625 0.0888671875 0.5491348140625
0 0.1826171875 0.6877259812500001 0.1962890625 0.6955707640625 0.2138671875 0.6955707640625 0.228515625 0.683803590625 0.232421875 0.6733438796875 0.232421875 0.6498095296875 0.228515625 0.63934981875 0.2236328125 0.6328125 0.2080078125 0.6249677171875 0.1982421875 0.6249677171875 0.1748046875 0.6406572828125 0.169921875 0.6471946015625 0.169921875 0.6654990953125 0.171875 0.6733438796875 0.1826171875 0.6877259812500001
0 0.1416015625 0.5517497421875001 0.1552734375 0.5517497421875001 0.166015625 0.5373676390625 0.16516280625 0.51651599375 0.1598582640625 0.5100613578125001 0.1526247765625 0.5055431171875 0.1416015625 0.50468104375 0.1357421875 0.5099108984375 0.130859375 0.51644821875 0.130859375 0.5373676390625 0.1328125 0.5425974953125 0.1416015625 0.5517497421875001
0 0.1806640625 0.5517497421875001 0.1904296875 0.5517497421875001 0.201171875 0.5399825671875 0.203125 0.5347527125 0.203125 0.5216780734375 0.197265625 0.5059885078125 0.1923828125 0.49945118749999995 0.1865234375 0.49422133281249997 0.1826171875 0.49422133281249997 0.1767578125 0.4968362609375 0.16796875 0.508603434375 0.166015625 0.5138332906249999 0.166015625 0.5347527125 0.1748046875 0.5491348140625 0.1806640625 0.5517497421875001
0 0.1201171875 0.48899147656249997 0.1298828125 0.483761621875 0.1328125 0.4798392296875 0.13671875 0.4667645921875 0.13671875 0.45891980937500004 0.1259765625 0.4419227796875 0.1162109375 0.4366929234375 0.1103515625 0.4366929234375 0.0966796875 0.44453770625000005 0.09375 0.44846009843749995 0.09375 0.4667645921875 0.1064453125 0.48637655 0.1201171875 0.48899147656249997
0 0.0732421875 0.43146306875 0.0849609375 0.43930785156249996 0.1025390625 0.43930785156249996 0.1123046875 0.43407799531249996 0.119140625 0.4249257484375 0.125 0.398776471875 0.125 0.37785704999999997 0.1103515625 0.355630165625 0.0908203125 0.34778538281250004 0.0791015625 0.350400309375 0.0732421875 0.3530152375 0.060546875 0.3726271953125 0.056640625 0.385701834375 0.056640625 0.398776471875 0.060546875 0.4144660375 0.0732421875 0.43146306875
0 0.0380859375 0.389624225 0.0537109375 0.389624225 0.068359375 0.3569376296875 0.068359375 0.34647791875 0.064453125 0.3386331359375 0.0595703125 0.332095815625 0.0517578125 0.32686596093750003 0.0361328125 0.32686596093750003 0.0283203125 0.332095815625 0.01953125 0.34647791875 0.017578125 0.35955255625000004 0.021484375 0.3700122671875 0.0283203125 0.3817794421875 0.0380859375 0.389624225
0 0.021484375 0.30986893125 0.021484375 0.30202414843750003 0.009765625 0.270645015625 0.0009765625 0.264107696875 0 0.33078835156249997 0.0048828125 0.332095815625 0.017578125 0.31771371406250004 0.021484375 0.30986893125
0 0.017578125 0.2941793640625 0.0322265625 0.3111763953125 0.0556640625 0.3111763953125 0.0634765625 0.3085614671875 0.0673828125 0.30594653906249997 0.078125 0.28894950937499997 0.08203125 0.2758748703125 0.076171875 0.2418808109375 0.0673828125 0.22226885312500003 0.0478515625 0.2118091421875 0.0419921875 0.2118091421875 0.0263671875 0.21965392499999997 0.009765625 0.23403602812500002 0.005859375 0.2444957390625 0.005859375 0.25757037656250004 0.0078125 0.265415159375 0.017578125 0.2941793640625
0 0.0234375 0.215731534375 0.0234375 0.2026568953125 0.017578125 0.1895822578125 0.0068359375 0.1752001546875 0.0009765625 0.1752001546875 0 0.23403602812500002 0.0048828125 0.2353434921875 0.0146484375 0.227498709375 0.0234375 0.215731534375
0 0.0341796875 0.1961195765625 0.0400390625 0.19350464843749998 0.05078125 0.1817374734375 0.052734375 0.17389269062499998 0.052734375 0.160818053125 0.046875 0.14251355937500002 0.0400390625 0.1359762390625 0.0341796875 0.1333613125 0.0263671875 0.1359762390625 0.0166015625 0.1438210234375 0.009765625 0.15297327031250002 0.0078125 0.1712777640625 0.015625 0.18696732968750002 0.0244140625 0.1961195765625 0.0341796875 0.1961195765625
0 0.0947265625 0.34778538281250004 0.1103515625 0.34517045468749996 0.119140625 0.33078835156249997 0.12109375 0.31771371406250004 0.12109375 0.307254003125 0.1171875 0.29679429218750003 0.1064453125 0.282412190625 0.1005859375 0.2797972625 0.0888671875 0.2797972625 0.0830078125 0.282412190625 0.078125 0.28894950937499997 0.0703125 0.304639075 0.0703125 0.3203286421875 0.078125 0.33601820781249997 0.0947265625 0.34778538281250004
0 0.0908203125 0.277182334375 0.1005859375 0.277182334375 0.1123046875 0.2693375515625 0.12109375 0.25757037656250004 0.125 0.247110665625 0.125 0.23403602812500002 0.1103515625 0.2170389984375 0.0966796875 0.2170389984375 0.0908203125 0.21965392499999997 0.08203125 0.228806171875 0.078125 0.23665095625000002 0.078125 0.2601853046875 0.080078125 0.265415159375 0.0908203125 0.277182334375
0 0.0693359375 0.2144240703125 0.0771484375 0.21965392499999997 0.0908203125 0.21965392499999997 0.0986328125 0.2170389984375 0.109375 0.20788675156249997 0.11328125 0.1843524015625 0.111328125 0.1712777640625 0.107421875 0.160818053125 0.0927734375 0.1438210234375 0.0810546875 0.1438210234375 0.0615234375 0.15951058906249999 0.056640625 0.1660479078125 0.0546875 0.1712777640625 0.0546875 0.1895822578125 0.05859375 0.20004196875 0.0693359375 0.2144240703125
0 0.1513671875 0.18827479375 0.1669921875 0.18827479375 0.17578125 0.179122546875 0.18359375 0.160818053125 0.185546875 0.1320538484375 0.1796875 0.11636428125 0.1728515625 0.107212034375 0.1669921875 0.10198217968750001 0.1435546875 0.10198217968750001 0.1337890625 0.107212034375 0.12890625 0.1137493546875 0.125 0.1268239921875 0.123046875 0.137283703125 0.123046875 0.155588196875 0.1298828125 0.1699703 0.1513671875 0.18827479375
0 0.1357421875 0.24057334687499998 0.1455078125 0.24057334687499998 0.154296875 0.2314211 0.158203125 0.2026568953125 0.1533203125 0.1961195765625 0.1435546875 0.18827479375 0.1298828125 0.18827479375 0.1240234375 0.1908897203125 0.119140625 0.197427040625 0.115234375 0.20788675156249997 0.115234375 0.215731534375 0.1298828125 0.23795841874999998 0.1357421875 0.24057334687499998
0 0.1923828125 0.2693375515625 0.21875 0.24972559374999997 0.22265625 0.23403602812500002 0.220703125 0.2209613890625 0.21484375 0.20788675156249997 0.1982421875 0.185659865625 0.1806640625 0.185659865625 0.1728515625 0.18827479375 0.1630859375 0.1961195765625 0.158203125 0.2052718234375 0.15625 0.2418808109375 0.1630859375 0.2536479859375 0.1767578125 0.26672262343750003 0.1923828125 0.2693375515625
0 0.1533203125 0.2928719015625 0.1572265625 0.295486828125 0.1708984375 0.2928719015625 0.1767578125 0.2902569734375 0.181640625 0.2837196546875 0.18359375 0.27325994374999996 0.1708984375 0.25887784062499997 0.1552734375 0.245803203125 0.146484375 0.25495545000000003 0.142578125 0.265415159375 0.142578125 0.270645015625 0.146484375 0.2837196546875 0.1533203125 0.2928719015625
0 0.1494140625 0.3817794421875 0.1611328125 0.38700929687499996 0.1728515625 0.38700929687499996 0.1845703125 0.3817794421875 0.193359375 0.367397340625 0.19921875 0.34647791875 0.19921875 0.31771371406250004 0.1845703125 0.295486828125 0.1806640625 0.2928719015625 0.1533203125 0.295486828125 0.1396484375 0.3033316109375 0.12890625 0.31771371406250004 0.126953125 0.325558496875 0.126953125 0.3490928453125 0.130859375 0.35955255625000004 0.1494140625 0.3817794421875
0 0.1376953125 0.45499741718750003 0.1435546875 0.45761234531249995 0.1572265625 0.45761234531249995 0.1650390625 0.4523824890625 0.171875 0.440615315625 0.173828125 0.43277053125 0.173828125 0.41185111093750004 0.171875 0.40400632812500004 0.1630859375 0.392239153125 0.1533203125 0.38700929687499996 0.1376953125 0.38700929687499996 0.1279296875 0.39485408125 0.123046875 0.40400632812500004 0.12109375 0.41185111093750004 0.12109375 0.4249257484375 0.123046875 0.43277053125 0.1376953125 0.45499741718750003
0 0.1845703125 0.49160640468750005 0.2001953125 0.49945118749999995 0.2119140625 0.49945118749999995 0.2197265625 0.4968362609375 0.232421875 0.4798392296875 0.234375 0.471994446875 0.234375 0.44846009843749995 0.23046875 0.43015560468749997 0.2216796875 0.4210033578125 0.2099609375 0.41315857500000003 0.1943359375 0.410543646875 0.1845703125 0.4157735015625 0.173828125 0.43277053125 0.171875 0.440615315625 0.171875 0.4641496640625 0.17578125 0.477224303125 0.1845703125 0.49160640468750005
0 0.2080078125 0.410543646875 0.2197265625 0.4183884296875 0.2412109375 0.4183884296875 0.2490234375 0.41315857500000003 0.265625 0.3935466171875 0.26953125 0.37785704999999997 0.26953125 0.362167484375 0.259765625 0.34386299062500003 0.2490234375 0.3294808890625 0.2392578125 0.3242510328125 0.2275390625 0.3242510328125 0.2119140625 0.3294808890625 0.205078125 0.3412480625 0.197265625 0.362167484375 0.197265625 0.3700122671875 0.203125 0.398776471875 0.2080078125 0.410543646875
0 0.2158203125 0.32686596093750003 0.2353515625 0.3216361046875 0.244140625 0.3124838578125 0.248046875 0.30202414843750003 0.248046875 0.2811047265625 0.244140625 0.2680300875 0.2392578125 0.26149276875 0.2275390625 0.2536479859375 0.2138671875 0.2562629125 0.2060546875 0.26149276875 0.2001953125 0.26672262343750003 0.193359375 0.2784897984375 0.19140625 0.2915644375 0.1953125 0.307254003125 0.2001953125 0.31640625 0.2158203125 0.32686596093750003
0 0.2255859375 0.20657928750000001 0.2353515625 0.20396435937500002 0.24609375 0.1895822578125 0.25 0.17650761875 0.248046875 0.1503583421875 0.2333984375 0.1359762390625 0.2158203125 0.1359762390625 0.2080078125 0.1412060953125 0.19921875 0.155588196875 0.197265625 0.17389269062499998 0.201171875 0.18696732968750002 0.2099609375 0.1987345046875 0.2255859375 0.20657928750000001
0 0.2861328125 0.2353434921875 0.3037109375 0.2353434921875 0.3115234375 0.2301136359375 0.318359375 0.2209613890625 0.32421875 0.2052718234375 0.328125 0.18696732968750002 0.328125 0.17650761875 0.322265625 0.155588196875 0.3154296875 0.14643595 0.3076171875 0.1412060953125 0.2919921875 0.1359762390625 0.2822265625 0.1359762390625 0.2666015625 0.14643595 0.259765625 0.155588196875 0.2578125 0.1895822578125 0.259765625 0.21050167812499998 0.2705078125 0.22488378125000003 0.2861328125 0.2353434921875
0 0.2548828125 0.28764204531250004 0.2626953125 0.2928719015625 0.2705078125 0.2928719015625 0.2841796875 0.28502711718749996 0.287109375 0.2811047265625 0.291015625 0.2680300875 0.291015625 0.24972559374999997 0.2841796875 0.2353434921875 0.2763671875 0.2301136359375 0.2646484375 0.227498709375 0.2548828125 0.2327285640625 0.244140625 0.247110665625 0.2421875 0.2601853046875 0.24609375 0.2758748703125 0.248046875 0.2811047265625 0.2548828125 0.28764204531250004
0 0.2744140625 0.35824509375 0.2880859375 0.35824509375 0.302734375 0.3412480625 0.302734375 0.32294356875 0.2880859375 0.300716684375 0.2802734375 0.29810175625 0.2685546875 0.300716684375 0.259765625 0.30986893125 0.255859375 0.3203286421875 0.255859375 0.33601820781249997 0.2685546875 0.355630165625 0.2744140625 0.35824509375
0 0.3154296875 0.4157735015625 0.328125 0.40139139999999995 0.330078125 0.3935466171875 0.330078125 0.37785704999999997 0.326171875 0.3647824125 0.3193359375 0.355630165625 0.3095703125 0.350400309375 0.2998046875 0.350400309375 0.2802734375 0.36608987656249997 0.279296875 0.3883167609375 0.2939453125 0.410543646875 0.3017578125 0.4157735015625 0.3154296875 0.4157735015625
0 0.2646484375 0.465457128125 0.2724609375 0.465457128125 0.2822265625 0.46022727343750003 0.296875 0.440615315625 0.296875 0.41969589375 0.294921875 0.4144660375 0.2802734375 0.3974690078125 0.2724609375 0.3974690078125 0.2587890625 0.40269886406250005 0.24609375 0.41969589375 0.244140625 0.4249257484375 0.24609375 0.44846009843749995 0.2548828125 0.46022727343750003 0.2646484375 0.465457128125
0 0.2197265625 0.5517497421875001 0.2314453125 0.5517497421875001 0.2392578125 0.5465198859375 0.248046875 0.5321377843749999 0.24714235156250003 0.5112628046875 0.241837765625 0.5060991078125 0.232675378125 0.49770804843749994 0.2216796875 0.4968362609375 0.2109375 0.5059885078125 0.20703125 0.51644821875 0.20703125 0.5347527125 0.2119140625 0.5465198859375 0.2197265625 0.5517497421875001
0 0.2666015625 0.543904959375 0.2783203125 0.543904959375 0.2880859375 0.536060175 0.294921875 0.5216780734375 0.294921875 0.5033735796875 0.2890625 0.4850690859375 0.2822265625 0.4785317671875 0.2685546875 0.4785317671875 0.26171875 0.4850690859375 0.251953125 0.5007586515625 0.251953125 0.526907928125 0.2587890625 0.538675103125 0.2666015625 0.543904959375
0 0.3095703125 0.48899147656249997 0.322265625 0.4693795203125 0.322265625 0.4641496640625 0.31640625 0.44846009843749995 0.3095703125 0.44453770625000005 0.2958984375 0.44453770625000005 0.2919921875 0.44715263437499997 0.283203125 0.45891980937500004 0.283203125 0.474609375 0.2958984375 0.48899147656249997 0.3095703125 0.48899147656249997
0 0.3251953125 0.5334452484375001 0.3408203125 0.536060175 0.3505859375 0.5308303203125 0.35546875 0.5242930015625 0.359375 0.5112183625 0.359375 0.4981437234375 0.35546875 0.4850690859375 0.3515625 0.477224303125 0.3447265625 0.4706869828125 0.3349609375 0.46807205625000003 0.3251953125 0.4706869828125 0.310546875 0.49029894062499996 0.310546875 0.5138332906249999 0.314453125 0.5216780734375 0.3251953125 0.5334452484375001
0 0.3447265625 0.46807205625000003 0.3525390625 0.4628422 0.359375 0.45368995312499993 0.36328125 0.4380003875 0.36328125 0.43015560468749997 0.359375 0.417080965625 0.3505859375 0.40792871875000003 0.3427734375 0.40269886406250005 0.3310546875 0.40269886406250005 0.3212890625 0.410543646875 0.314453125 0.41969589375 0.3125 0.4275406765625 0.3125 0.440615315625 0.3271484375 0.46807205625000003 0.3447265625 0.46807205625000003
0 0.3115234375 0.3242510328125 0.3193359375 0.3242510328125 0.3369140625 0.31640625 0.345703125 0.304639075 0.349609375 0.2941793640625 0.349609375 0.270645015625 0.345703125 0.2601853046875 0.3349609375 0.24841812968750002 0.3251953125 0.245803203125 0.3076171875 0.24841812968750002 0.294921875 0.2601853046875 0.291015625 0.27325994374999996 0.2890625 0.28894950937499997 0.291015625 0.30202414843750003 0.3017578125 0.31902117812499997 0.3115234375 0.3242510328125
0 0.3427734375 0.243188275 0.3583984375 0.243188275 0.3720703125 0.2327285640625 0.380859375 0.2183464625 0.380859375 0.1895822578125 0.376953125 0.179122546875 0.3701171875 0.1699703 0.3583984375 0.16474044375000002 0.3408203125 0.16474044375000002 0.330078125 0.179122546875 0.328125 0.1895822578125 0.326171875 0.2026568953125 0.326171875 0.22619124531249998 0.3349609375 0.23795841874999998 0.3427734375 0.243188275
0 0.3388671875 0.15428073281250002 0.3466796875 0.15166580624999998 0.353515625 0.14251355937500002 0.353515625 0.124209065625 0.34765625 0.11113442656250001 0.3408203125 0.1045971078125 0.3271484375 0.1045971078125 0.3212890625 0.10982696249999999 0.31640625 0.11897920937499999 0.314453125 0.1320538484375 0.318359375 0.1451284859375 0.3251953125 0.15428073281250002 0.3388671875 0.15428073281250002
0 0.3779296875 0.1725852265625 0.3857421875 0.1778150828125 0.4072265625 0.1725852265625 0.4208984375 0.16474044375000002 0.42578125 0.15297327031250002 0.427734375 0.14251355937500002 0.42578125 0.1320538484375 0.41796875 0.1137493546875 0.4111328125 0.1045971078125 0.4033203125 0.09936725156250001 0.3935546875 0.09936725156250001 0.3857421875 0.1045971078125 0.375 0.11897920937499999 0.369140625 0.1320538484375 0.3671875 0.14251355937500002 0.369140625 0.155588196875 0.373046875 0.1660479078125 0.3779296875 0.1725852265625
0 0.3896484375 0.2301136359375 0.4130859375 0.24841812968750002 0.4208984375 0.2510330578125 0.4365234375 0.243188275 0.447265625 0.22357631718749998 0.447265625 0.197427040625 0.439453125 0.1817374734375 0.4287109375 0.1725852265625 0.4169921875 0.1699703 0.4033203125 0.1725852265625 0.3935546875 0.1778150828125 0.384765625 0.1895822578125 0.3828125 0.1948121125 0.3828125 0.21050167812499998 0.384765625 0.2209613890625 0.3896484375 0.2301136359375
0 0.3623046875 0.300716684375 0.3759765625 0.3085614671875 0.3818359375 0.3085614671875 0.3916015625 0.3033316109375 0.400390625 0.2941793640625 0.40625 0.2758748703125 0.408203125 0.2628002328125 0.40234375 0.247110665625 0.3955078125 0.23795841874999998 0.3857421875 0.2327285640625 0.3740234375 0.2327285640625 0.3623046875 0.24057334687499998 0.35546875 0.24972559374999997 0.3515625 0.2601853046875 0.3515625 0.2811047265625 0.35546875 0.2915644375 0.3623046875 0.300716684375
0 0.3701171875 0.3817794421875 0.3740234375 0.3791645140625 0.384765625 0.3647824125 0.388671875 0.3517077734375 0.38671875 0.33601820781249997 0.3779296875 0.3242510328125 0.3681640625 0.31640625 0.3583984375 0.31379132187500003 0.3486328125 0.31640625 0.3427734375 0.3216361046875 0.3359375 0.3334032796875 0.333984375 0.3517077734375 0.33984375 0.367397340625 0.3525390625 0.3817794421875 0.3701171875 0.3817794421875
0 0.4111328125 0.3974690078125 0.4306640625 0.3974690078125 0.4365234375 0.39485408125 0.4453125 0.385701834375 0.447265625 0.380471978125 0.44921875 0.3517077734375 0.443359375 0.33601820781249997 0.4384765625 0.3294808890625 0.4306640625 0.3242510328125 0.4072265625 0.3242510328125 0.396484375 0.3334032796875 0.392578125 0.3412480625 0.392578125 0.37785704999999997 0.3994140625 0.389624225 0.4111328125 0.3974690078125
0 0.3916015625 0.46022727343750003 0.4033203125 0.46022727343750003 0.4140625 0.44846009843749995 0.41796875 0.4380003875 0.419921875 0.4249257484375 0.4140625 0.40400632812500004 0.4091796875 0.3974690078125 0.3994140625 0.389624225 0.3935546875 0.389624225 0.3779296875 0.4000839359375 0.373046875 0.4092361828125 0.369140625 0.422310821875 0.369140625 0.43277053125 0.3779296875 0.4523824890625 0.3916015625 0.46022727343750003
0 0.3603515625 0.49945118749999995 0.3701171875 0.5072959703125 0.3759765625 0.5072959703125 0.3837890625 0.50468104375 0.392578125 0.49291386875 0.39453125 0.474609375 0.392578125 0.4667645921875 0.3857421875 0.45761234531249995 0.3779296875 0.4523824890625 0.3681640625 0.4523824890625 0.357421875 0.4641496640625 0.353515625 0.471994446875 0.353515625 0.4824541578125 0.357421875 0.49552879687500007 0.3603515625 0.49945118749999995
0 0.3759765625 0.543904959375 0.3857421875 0.5465198859375 0.400390625 0.5295228562500001 0.400390625 0.5242930015625 0.396484375 0.51644821875 0.3876953125 0.5072959703125 0.3798828125 0.5072959703125 0.3720703125 0.5125258265625 0.3671875 0.5190631453125001 0.3671875 0.5321377843749999 0.369140625 0.5373676390625 0.3759765625 0.543904959375
0 0.4130859375 0.5334452484375001 0.4306640625 0.5334452484375001 0.4384765625 0.5282153921875 0.4453125 0.5190631453125001 0.44921875 0.508603434375 0.451171875 0.4850690859375 0.44921875 0.474609375 0.4423828125 0.4628422 0.4228515625 0.44976756250000005 0.4189453125 0.44976756250000005 0.4072265625 0.45761234531249995 0.39453125 0.477224303125 0.392578125 0.4850690859375 0.392578125 0.508603434375 0.4072265625 0.5308303203125 0.4130859375 0.5334452484375001
0 0.4423828125 0.4628422 0.4521484375 0.4628422 0.4580078125 0.46022727343750003 0.4638671875 0.45499741718750003 0.47265625 0.440615315625 0.474609375 0.4275406765625 0.47265625 0.417080965625 0.46484375 0.398776471875 0.4560546875 0.392239153125 0.4423828125 0.392239153125 0.4306640625 0.4000839359375 0.423828125 0.41185111093750004 0.421875 0.41969589375 0.423828125 0.43538545937500006 0.4375 0.45891980937500004 0.4423828125 0.4628422
0 0.4599609375 0.3608600203125 0.4658203125 0.3634749484375 0.4853515625 0.3634749484375 0.498046875 0.3490928453125 0.50390625 0.3334032796875 0.50390625 0.30986893125 0.501953125 0.30202414843750003 0.4912109375 0.28764204531250004 0.4775390625 0.277182334375 0.4619140625 0.2797972625 0.4541015625 0.28502711718749996 0.443359375 0.304639075 0.44140625 0.3124838578125 0.443359375 0.33601820781249997 0.451171875 0.3543227015625 0.4599609375 0.3608600203125
0 0.4150390625 0.3216361046875 0.4287109375 0.3216361046875 0.4375 0.3124838578125 0.4453125 0.29679429218750003 0.443359375 0.2758748703125 0.4326171875 0.264107696875 0.4169921875 0.264107696875 0.404296875 0.2784897984375 0.40234375 0.28633458125 0.40234375 0.30202414843750003 0.404296875 0.30986893125 0.4150390625 0.3216361046875
0 0.4521484375 0.282412190625 0.4580078125 0.282412190625 0.4677734375 0.277182334375 0.474609375 0.2680300875 0.4765625 0.2601853046875 0.4765625 0.2444957390625 0.4677734375 0.2301136359375 0.4541015625 0.22488378125000003 0.4482421875 0.227498709375 0.439453125 0.2392658828125 0.4375 0.2444957390625 0.4375 0.2628002328125 0.4443359375 0.277182334375 0.4521484375 0.282412190625
0 0.4853515625 0.2536479859375 0.4970703125 0.2536479859375 0.505859375 0.2444957390625 0.509765625 0.23403602812500002 0.509765625 0.215731534375 0.4951171875 0.1987345046875 0.4853515625 0.1987345046875 0.4814453125 0.20134943125000002 0.470703125 0.215731534375 0.470703125 0.23403602812500002 0.4814453125 0.2510330578125 0.4853515625 0.2536479859375
0 0.4521484375 0.20134943125000002 0.4619140625 0.20657928750000001 0.4716796875 0.20657928750000001 0.4814453125 0.20134943125000002 0.490234375 0.1895822578125 0.4921875 0.1843524015625 0.4921875 0.160818053125 0.490234375 0.15297327031250002 0.484375 0.14251355937500002 0.4755859375 0.1333613125 0.4716796875 0.130746384375 0.4580078125 0.130746384375 0.4501953125 0.1359762390625 0.44140625 0.1477434140625 0.439453125 0.15297327031250002 0.439453125 0.179122546875 0.443359375 0.1895822578125 0.4521484375 0.20134943125000002
0 0.4814453125 0.428848140625 0.4892578125 0.43146306875 0.5009765625 0.428848140625 0.51171875 0.41185111093750004 0.513671875 0.40400632812500004 0.51171875 0.3883167609375 0.5078125 0.37785704999999997 0.4970703125 0.36608987656249997 0.4833984375 0.36608987656249997 0.466796875 0.385701834375 0.46484375 0.39616154375 0.470703125 0.4144660375 0.47265625 0.41969589375 0.4814453125 0.428848140625
0 0.4775390625 0.525600465625 0.4951171875 0.525600465625 0.5009765625 0.5229855375 0.505859375 0.51644821875 0.513671875 0.4981437234375 0.513671875 0.4798392296875 0.50390625 0.45891980937500004 0.4951171875 0.44976756250000005 0.4853515625 0.44453770625000005 0.4755859375 0.44453770625000005 0.4658203125 0.4523824890625 0.455078125 0.4667645921875 0.453125 0.474609375 0.451171875 0.49029894062499996 0.455078125 0.5033735796875 0.4619140625 0.5151407546875 0.4775390625 0.525600465625
0 0.4970703125 0.1412060953125 0.5048828125 0.1359762390625 0.513671875 0.11897920937499999 0.51171875 0.10067471562500001 0.5068359375 0.09152246875 0.4990234375 0.0862926140625 0.4912109375 0.0836776859375 0.4814453125 0.0862926140625 0.47265625 0.10067471562500001 0.470703125 0.1085194984375 0.470703125 0.1268239921875 0.4892578125 0.1412060953125 0.4970703125 0.1412060953125
0 0.5087890625 0.2118091421875 0.5126953125 0.2144240703125 0.5400390625 0.2170389984375 0.5576171875 0.209194215625 0.564453125 0.197427040625 0.568359375 0.179122546875 0.56640625 0.1477434140625 0.5625 0.137283703125 0.5537109375 0.1255165296875 0.5380859375 0.11767174531249999 0.5283203125 0.11767174531249999 0.5087890625 0.130746384375 0.498046875 0.1477434140625 0.494140625 0.158203125 0.494140625 0.192197184375 0.49609375 0.197427040625 0.5087890625 0.2118091421875
0 0.5478515625 0.277182334375 0.5576171875 0.27456740625 0.5703125 0.2628002328125 0.57421875 0.247110665625 0.57421875 0.2314211 0.5703125 0.2209613890625 0.5654296875 0.2144240703125 0.5615234375 0.2118091421875 0.5498046875 0.2118091421875 0.5361328125 0.21965392499999997 0.529296875 0.228806171875 0.52734375 0.23403602812500002 0.52734375 0.252340521875 0.5419921875 0.27456740625 0.5478515625 0.277182334375
0 0.5048828125 0.30594653906249997 0.5107421875 0.3111763953125 0.5263671875 0.3111763953125 0.537109375 0.2994092203125 0.5390625 0.2941793640625 0.5390625 0.27325994374999996 0.5283203125 0.2562629125 0.5185546875 0.2510330578125 0.5126953125 0.2510330578125 0.5048828125 0.2536479859375 0.49609375 0.2628002328125 0.4921875 0.27325994374999996 0.4921875 0.2811047265625 0.498046875 0.29679429218750003 0.5048828125 0.30594653906249997
0 0.5283203125 0.3817794421875 0.544921875 0.3569376296875 0.544921875 0.33601820781249997 0.54296875 0.33078835156249997 0.5322265625 0.31902117812499997 0.5166015625 0.31902117812499997 0.5107421875 0.3216361046875 0.505859375 0.328173425 0.498046875 0.3490928453125 0.5 0.367397340625 0.5126953125 0.3817794421875 0.5283203125 0.3817794421875
0 0.5478515625 0.423618284375 0.5537109375 0.4262332125 0.5615234375 0.423618284375 0.5693359375 0.4183884296875 0.576171875 0.4066212546875 0.576171875 0.380471978125 0.57421875 0.3726271953125 0.5654296875 0.3608600203125 0.5595703125 0.35824509375 0.5458984375 0.3608600203125 0.5419921875 0.3634749484375 0.533203125 0.37785704999999997 0.53125 0.38308690625 0.53125 0.40400632812500004 0.5341796875 0.410543646875 0.5478515625 0.423618284375
0 0.5166015625 0.4706869828125 0.5302734375 0.46807205625000003 0.5380859375 0.4628422 0.544921875 0.4510750265625 0.546875 0.44323024218749996 0.546875 0.4275406765625 0.544921875 0.422310821875 0.5341796875 0.410543646875 0.5283203125 0.40792871875000003 0.5146484375 0.410543646875 0.501953125 0.4275406765625 0.5 0.43538545937500006 0.5 0.45368995312499993 0.5107421875 0.46807205625000003 0.5166015625 0.4706869828125
0 0.5322265625 0.5229855375 0.5361328125 0.5229855375 0.5498046875 0.5125258265625 0.556640625 0.5007586515625 0.5546875 0.4850690859375 0.548828125 0.474609375 0.5400390625 0.465457128125 0.5263671875 0.46807205625000003 0.515625 0.4798392296875 0.513671875 0.49291386875 0.515625 0.5033735796875 0.5224609375 0.5151407546875 0.5322265625 0.5229855375
0 0.5498046875 0.3294808890625 0.5595703125 0.332095815625 0.5712890625 0.32686596093750003 0.578125 0.31771371406250004 0.580078125 0.2994092203125 0.578125 0.2915644375 0.5693359375 0.2797972625 0.5576171875 0.27456740625 0.5439453125 0.282412190625 0.5390625 0.2915644375 0.537109375 0.2994092203125 0.537109375 0.31509878593749996 0.5419921875 0.3242510328125 0.5498046875 0.3294808890625
0 0.5888671875 0.2902569734375 0.599609375 0.2811047265625 0.6015625 0.2758748703125 0.6015625 0.2601853046875 0.5947265625 0.24841812968750002 0.5908203125 0.245803203125 0.5810546875 0.245803203125 0.572265625 0.25495545000000003 0.568359375 0.265415159375 0.568359375 0.2758748703125 0.5791015625 0.2902569734375 0.5888671875 0.2902569734375
0 0.5830078125 0.2353434921875 0.6044921875 0.2327285640625 0.6123046875 0.227498709375 0.6171875 0.2209613890625 0.625 0.1843524015625 0.625 0.17389269062499998 0.6103515625 0.15166580624999998 0.5947265625 0.1438210234375 0.5869140625 0.14643595 0.572265625 0.16343297968749998 0.568359375 0.17389269062499998 0.56640625 0.1895822578125 0.568359375 0.215731534375 0.5791015625 0.2327285640625 0.5830078125 0.2353434921875
0 0.6416015625 0.2301136359375 0.6474609375 0.2301136359375 0.658203125 0.2183464625 0.658203125 0.197427040625 0.6513671875 0.18827479375 0.6474609375 0.185659865625 0.6376953125 0.185659865625 0.630859375 0.192197184375 0.62890625 0.197427040625 0.62890625 0.215731534375 0.6337890625 0.22488378125000003 0.6416015625 0.2301136359375
0 0.693359375 0.228806171875 0.6953125 0.21311660625 0.693359375 0.2052718234375 0.6865234375 0.1961195765625 0.6787109375 0.1908897203125 0.6748046875 0.1908897203125 0.6630859375 0.1987345046875 0.66015625 0.2052718234375 0.658203125 0.22619124531249998 0.6708984375 0.243188275 0.6806640625 0.243188275 0.693359375 0.228806171875
0 0.6552734375 0.3085614671875 0.6630859375 0.3033316109375 0.66796875 0.2941793640625 0.669921875 0.2628002328125 0.666015625 0.24972559374999997 0.6591796875 0.24057334687499998 0.6220703125 0.24057334687499998 0.615234375 0.24972559374999997 0.6144568968749999 0.26660548125 0.6144568968749999 0.2846785078125 0.6259765625 0.3033316109375 0.6337890625 0.3085614671875 0.6552734375 0.3085614671875
0 0.5888671875 0.34778538281250004 0.6064453125 0.34778538281250004 0.6123046875 0.34517045468749996 0.62109375 0.33601820781249997 0.626953125 0.32294356875 0.626953125 0.31509878593749996 0.623046875 0.2994092203125 0.6162109375 0.2902569734375 0.6083984375 0.28502711718749996 0.5986328125 0.28502711718749996 0.5869140625 0.2928719015625 0.58203125 0.30202414843750003 0.578125 0.3203286421875 0.578125 0.3334032796875 0.580078125 0.3386331359375 0.5888671875 0.34778538281250004
0 0.5927734375 0.423618284375 0.6025390625 0.428848140625 0.6201171875 0.423618284375 0.630859375 0.4092361828125 0.634765625 0.398776471875 0.634765625 0.37524212343749996 0.630859375 0.362167484375 0.6240234375 0.3530152375 0.6162109375 0.34778538281250004 0.6044921875 0.34778538281250004 0.5869140625 0.35824509375 0.576171875 0.3726271953125 0.578125 0.40400632812500004 0.58203125 0.41185111093750004 0.5927734375 0.423618284375
0 0.5751953125 0.4759168390625 0.5927734375 0.4759168390625 0.59765625 0.471994446875 0.6015625 0.4615347359375 0.6015625 0.44323024218749996 0.5947265625 0.43146306875 0.5869140625 0.4262332125 0.5732421875 0.4262332125 0.5673828125 0.43146306875 0.5625 0.440615315625 0.560546875 0.44846009843749995 0.5625 0.4641496640625 0.5712890625 0.4733019109375 0.5751953125 0.4759168390625
0 0.5791015625 0.5308303203125 0.5927734375 0.525600465625 0.59765625 0.5190631453125001 0.6015625 0.5059885078125 0.599609375 0.49029894062499996 0.5947265625 0.483761621875 0.5869140625 0.4785317671875 0.5712890625 0.4785317671875 0.56640625 0.4824541578125 0.55859375 0.4981437234375 0.5625 0.51644821875 0.5732421875 0.5282153921875 0.5791015625 0.5308303203125
0 0.6181640625 0.5151407546875 0.6220703125 0.5177556812499999 0.6376953125 0.5177556812499999 0.6416015625 0.5151407546875 0.650390625 0.5033735796875 0.654296875 0.49291386875 0.654296875 0.471994446875 0.65234375 0.4641496640625 0.6435546875 0.4523824890625 0.6298828125 0.44453770625000005 0.6162109375 0.44453770625000005 0.60546875 0.4510750265625 0.599609375 0.4667645921875 0.599609375 0.4876840140625 0.6015625 0.49291386875 0.6181640625 0.5151407546875
0 0.6767578125 0.5072959703125 0.6865234375 0.5151407546875 0.7041015625 0.5177556812499999 0.7158203125 0.5099108984375 0.72265625 0.5007586515625 0.732421875 0.4693795203125 0.732421875 0.4510750265625 0.728515625 0.440615315625 0.7197265625 0.428848140625 0.7158203125 0.4262332125 0.6943359375 0.423618284375 0.6845703125 0.428848140625 0.671875 0.44323024218749996 0.6640625 0.4641496640625 0.6640625 0.4850690859375 0.66796875 0.49552879687500007 0.6767578125 0.5072959703125
0 0.6474609375 0.45499741718750003 0.6611328125 0.4523824890625 0.6650390625 0.44976756250000005 0.671875 0.4380003875 0.673828125 0.43015560468749997 0.671875 0.4144660375 0.66796875 0.40400632812500004 0.6591796875 0.39485408125 0.6435546875 0.392239153125 0.634765625 0.40139139999999995 0.62890625 0.4144660375 0.626953125 0.422310821875 0.626953125 0.440615315625 0.6416015625 0.4523824890625 0.6474609375 0.45499741718750003
0 0.6533203125 0.392239153125 0.6611328125 0.392239153125 0.6748046875 0.38700929687499996 0.68359375 0.3726271953125 0.689453125 0.3569376296875 0.689453125 0.33078835156249997 0.68359375 0.31771371406250004 0.6728515625 0.3085614671875 0.6572265625 0.3085614671875 0.6435546875 0.31640625 0.640625 0.3203286421875 0.6328125 0.35955255625000004 0.638671875 0.380471978125 0.6435546875 0.38700929687499996 0.6533203125 0.392239153125
0 0.6923828125 0.3242510328125 0.7080078125 0.332095815625 0.7197265625 0.332095815625 0.7353515625 0.3242510328125 0.75 0.307254003125 0.75390625 0.2941793640625 0.751953125 0.27325994374999996 0.740234375 0.23665095625000002 0.7333984375 0.22488378125000003 0.7236328125 0.21965392499999997 0.7080078125 0.21965392499999997 0.6982421875 0.227498709375 0.677734375 0.25495545000000003 0.673828125 0.265415159375 0.67578125 0.2994092203125 0.681640625 0.3124838578125 0.6923828125 0.3242510328125
0 0.7529296875 0.389624225 0.7626953125 0.392239153125 0.7744140625 0.38700929687499996 0.791015625 0.3647824125 0.79296875 0.35955255625000004 0.79296875 0.33078835156249997 0.791015625 0.32294356875 0.7802734375 0.3085614671875 0.7685546875 0.3033316109375 0.7568359375 0.3033316109375 0.73828125 0.328173425 0.73828125 0.3543227015625 0.744140625 0.37785704999999997 0.7529296875 0.389624225
0 0.7021484375 0.423618284375 0.7158203125 0.423618284375 0.7197265625 0.4210033578125 0.7255859375 0.4157735015625 0.734375 0.40139139999999995 0.736328125 0.3935466171875 0.736328125 0.37524212343749996 0.7275390625 0.3608600203125 0.7158203125 0.350400309375 0.6943359375 0.350400309375 0.689453125 0.3569376296875 0.68359375 0.3726271953125 0.681640625 0.380471978125 0.681640625 0.398776471875 0.6982421875 0.4210033578125 0.7021484375 0.423618284375
0 0.7412109375 0.5072959703125 0.7529296875 0.5125258265625 0.7666015625 0.5125258265625 0.779296875 0.4981437234375 0.78125 0.49291386875 0.78125 0.471994446875 0.775390625 0.45630488125 0.7705078125 0.44976756250000005 0.7607421875 0.44976756250000005 0.7392578125 0.45499741718750003 0.734375 0.4615347359375 0.732421875 0.4693795203125 0.732421875 0.4876840140625 0.734375 0.49552879687500007 0.7412109375 0.5072959703125
0 0.7568359375 0.4523824890625 0.767578125 0.440615315625 0.767578125 0.4249257484375 0.765625 0.41969589375 0.7568359375 0.410543646875 0.7451171875 0.41315857500000003 0.73828125 0.422310821875 0.73828125 0.44323024218749996 0.7451171875 0.4523824890625 0.7568359375 0.4523824890625
0 0.7978515625 0.5177556812499999 0.8037109375 0.5151407546875 0.814453125 0.4981437234375 0.81640625 0.4876840140625 0.814453125 0.474609375 0.8095703125 0.46807205625000003 0.7958984375 0.4628422 0.7802734375 0.465457128125 0.779296875 0.5007586515625 0.78125 0.508603434375 0.7880859375 0.5151407546875 0.7978515625 0.5177556812499999
0 0.7958984375 0.45499741718750003 0.8017578125 0.45761234531249995 0.8173828125 0.45761234531249995 0.8310546875 0.4523824890625 0.84375 0.4380003875 0.849609375 0.4249257484375 0.8515625 0.4144660375 0.8515625 0.398776471875 0.849609375 0.3909316890625 0.84375 0.37785704999999997 0.8349609375 0.36608987656249997 0.8251953125 0.35824509375 0.8095703125 0.35824509375 0.7880859375 0.37393465937500003 0.779296875 0.385701834375 0.7734375 0.4066212546875 0.775390625 0.422310821875 0.78125 0.4380003875 0.7958984375 0.45499741718750003
0 0.8193359375 0.355630165625 0.8330078125 0.3634749484375 0.8388671875 0.3634749484375 0.8486328125 0.35824509375 0.853515625 0.3517077734375 0.857421875 0.3412480625 0.857421875 0.30986893125 0.85546875 0.30202414843750003 0.8486328125 0.2902569734375 0.8408203125 0.28764204531250004 0.8271484375 0.2902569734375 0.814453125 0.307254003125 0.806640625 0.32294356875 0.806640625 0.33078835156249997 0.810546875 0.3412480625 0.8193359375 0.355630165625
0 0.8740234375 0.49945118749999995 0.8779296875 0.4968362609375 0.888671875 0.4824541578125 0.89453125 0.45630488125 0.890625 0.440615315625 0.8798828125 0.4262332125 0.8662109375 0.4210033578125 0.8525390625 0.423618284375 0.833984375 0.45368995312499993 0.83203125 0.4693795203125 0.833984375 0.4824541578125 0.8486328125 0.49945118749999995 0.8740234375 0.49945118749999995
0 0.8701171875 0.4157735015625 0.8828125 0.39616154375 0.8828125 0.3883167609375 0.87890625 0.3726271953125 0.8740234375 0.3634749484375 0.8681640625 0.3608600203125 0.8564453125 0.3608600203125 0.8525390625 0.3634749484375 0.84375 0.37524212343749996 0.8515625 0.41185111093750004 0.8544921875 0.4157735015625 0.8701171875 0.4157735015625
0 0.9228515625 0.4210033578125 0.9287109375 0.4183884296875 0.939453125 0.40400632812500004 0.9453125 0.3883167609375 0.9453125 0.3726271953125 0.943359375 0.3647824125 0.94140625 0.35955255625000004 0.9306640625 0.34778538281250004 0.9189453125 0.34517045468749996 0.9111328125 0.34778538281250004 0.9013671875 0.35824509375 0.892578125 0.3726271953125 0.890625 0.380471978125 0.890625 0.40400632812500004 0.9033203125 0.4210033578125 0.9228515625 0.4210033578125
0 0.9111328125 0.4968362609375 0.9267578125 0.4968362609375 0.9384765625 0.48899147656249997 0.94921875 0.474609375 0.953125 0.45630488125 0.953125 0.44584517031250004 0.94921875 0.43538545937500006 0.9365234375 0.4210033578125 0.9287109375 0.4210033578125 0.9111328125 0.4262332125 0.9033203125 0.43407799531249996 0.8984375 0.44323024218749996 0.89453125 0.45891980937500004 0.89453125 0.471994446875 0.8984375 0.4824541578125 0.9111328125 0.4968362609375
0 0.9794921875 0.483761621875 0.9833984375 0.48114669374999997 0.990234375 0.4693795203125 0.990234375 0.4510750265625 0.9814453125 0.4366929234375 0.9755859375 0.43407799531249996 0.9619140625 0.43407799531249996 0.953125 0.440615315625 0.951171875 0.474609375 0.9599609375 0.48637655 0.9716796875 0.48637655 0.9794921875 0.483761621875
0 0.821771309375 0.685111053125 0.839349434375 0.685111053125 0.843255684375 0.6824961265625 0.853997871875 0.6681140234375 0.857904121875 0.6576543125 0.859857246875 0.6498095296875 0.859857246875 0.623660253125 0.853021309375 0.61450800625 0.843255684375 0.6066632234375 0.829583809375 0.6092781515625 0.817865059375 0.617122934375 0.812982246875 0.623660253125 0.807432921875 0.653492896875 0.809075996875 0.6733438796875 0.813958809375 0.6798811984375 0.821771309375 0.685111053125