0 0.1448162734375 0.6809895828125 0.13648232031250002 0.671875 0.132148065625 0.6692708328125 0.12555566093749998 0.6671875 0.118133790625 0.6671875 0.10977861562499999 0.6679411921875 0.12226321250000001 0.7439029421875001 0.1230758203125 0.7447916671875 0.12966822656250002 0.746875 0.13191431874999998 0.746875 0.1432761828125 0.7369791671875 0.153184390625 0.7213054125 0.15337924687499999 0.6955531671874999 0.15260829843749998 0.6908623828125 0.1448162734375 0.6809895828125
0 0.165420103125 0.6796875 0.173808265625 0.6653645828125 0.17490538125 0.66015625 0.17581560000000002 0.6419270828125 0.1732475734375 0.6263020828125 0.170438440625 0.62109375 0.1597233578125 0.609375 0.15016388593750002 0.6046875 0.13239045 0.6046875 0.128045353125 0.6067708328125 0.1127006984375 0.6263020828125 0.1120315875 0.6341145828125 0.1158836265625 0.6575520828125 0.119120765625 0.6653645828125 0.128310728125 0.6796875 0.13459810781249998 0.6822916671875 0.1536905140625 0.684375 0.1591592609375 0.684375 0.165420103125 0.6796875
0 0.120574046875 0.6046875 0.1431326359375 0.6046875 0.151184746875 0.5996093734375 0.155226315625 0.59270833125 0.1404644421875 0.502890621875 0.13058632187500002 0.4980468734375 0.12668007187500002 0.4980468734375 0.11581733125 0.50325520625 0.10886084062500001 0.508463540625 0.09894755625 0.5253906234375 0.09388998125 0.55403645625 0.094076878125 0.567057290625 0.10378829375000001 0.590494790625 0.11212224687500001 0.5996093734375 0.120574046875 0.6046875
0 0.07687719531250001 0.4403695328125 0.07415125156249999 0.451168703125 0.074356484375 0.452417425 0.0777890265625 0.4655084734375 0.089973890625 0.4791015625 0.099227740625 0.4875 0.10980993593749999 0.4875 0.0996511921875 0.4256897546875 0.094657671875 0.4244140625 0.08409220625 0.43669066562500003 0.07687719531250001 0.4403695328125
0 0.1448438515625 0.5075520859375 0.1565626015625 0.5075520859375 0.1650442140625 0.49973958593749995 0.168857015625 0.4932291703125 0.1702409640625 0.48441840625 0.1633215578125 0.442317709375 0.15153496718749998 0.42942708593749995 0.1472007140625 0.4268229203125 0.1315757140625 0.4268229203125 0.11961585625 0.43723958593749995 0.1127528140625 0.44895833593749995 0.11098658593749999 0.4619791703125 0.11312660781249999 0.4750000015625 0.1215540109375 0.4906250015625 0.1298879640625 0.49973958593749995 0.1448438515625 0.5075520859375
0 0.1811014640625 0.5169270828125 0.189863421875 0.5286458328125 0.20329418906250002 0.5390625 0.20958156875 0.5416666671875 0.22520656875 0.5416666671875 0.2417417875 0.5234375 0.2462237015625 0.5091145828125 0.246266390625 0.49065755156249996 0.24239830156250003 0.4671223953125 0.240044740625 0.4596354171875 0.22456740000000003 0.4427083328125 0.21394576562499998 0.4375 0.1998458859375 0.4348958328125 0.1909362703125 0.4401041671875 0.1774512921875 0.453125 0.1721133703125 0.4622395828125 0.17144425937500002 0.4700520828125 0.1782923296875 0.51171875 0.1811014640625 0.5169270828125
0 0.235385228125 0.59765625 0.2406297015625 0.58203125 0.24059699375000002 0.5797526046875 0.2352790390625 0.547395834375 0.23463763906250001 0.5455729171875 0.2290193703125 0.53515625 0.2163511625 0.5234375 0.2104917875 0.5234375 0.17680644843749999 0.5442708328125 0.1714685265625 0.5533854171875 0.17293943750000002 0.57421875 0.1763634734375 0.5950520828125 0.1796006109375 0.6028645828125 0.19031569375 0.6145833328125 0.1946499484375 0.6171875 0.2141811984375 0.6171875 0.226997065625 0.6119791671875 0.235385228125 0.59765625
0 0.2152124265625 0.7577473953125 0.22052188906249998 0.7609375 0.2667132953125 0.7609375 0.26837480625 0.7603515625 0.28185978437500003 0.7473307296875 0.2856725859375 0.7408203125 0.3004254921875 0.7061020359375 0.29124236406250004 0.6502278640625 0.27703401875 0.6288411453125 0.26912807031249997 0.6223307296875 0.24526256562499998 0.6197265625 0.2183468203125 0.6223307296875 0.20052758750000002 0.6327473953125 0.18365781406249998 0.6548828125 0.1792693484375 0.6757161453125 0.186358528125 0.7069661453125 0.20406934062499998 0.7434244796875 0.2152124265625 0.7577473953125
0 0.35214742499999996 0.7510416703125 0.3516054234375 0.713281253125 0.3476506625 0.6892187515625 0.338303625 0.6846354203125 0.334397375 0.6846354203125 0.3215815078125 0.6898437515625 0.3181032625 0.6924479203125 0.3081899796875 0.7093750015625 0.31180091249999997 0.7432291703125 0.3174191796875 0.7536458359375 0.320990875 0.7575520859375 0.322944 0.7575520859375 0.35214742499999996 0.7510416703125
0 0.3445747015625 0.6731770828125 0.345406775 0.6660590265625 0.3358979421875 0.608203125 0.3358277140625 0.6080729171875 0.32987489062500003 0.6015625 0.318825253125 0.59375 0.301247128125 0.59375 0.28885926562500003 0.6015625 0.2789459828125 0.6184895828125 0.2760826390625 0.63671875 0.2795066734375 0.6575520828125 0.2879340765625 0.6731770828125 0.2962680296875 0.6822916671875 0.3264209125 0.6875 0.3342334125 0.6875 0.3407619 0.6796875 0.3445747015625 0.6731770828125
0 0.26462239374999996 0.58125 0.27371890625 0.5890625 0.284340540625 0.594270834375 0.2899804890625 0.5953125 0.29953578125 0.5953125 0.310306828125 0.5799479171875 0.31739189687499997 0.562152778125 0.31250551249999997 0.532421875 0.3074192171875 0.51484375 0.2923698796875 0.500520834375 0.2758888703125 0.4953125 0.264598125 0.49791666718750005 0.257641634375 0.503125 0.249253471875 0.5174479171875 0.2468181328125 0.53828125 0.25024216875 0.559114584375 0.25586043593749996 0.56953125 0.26462239374999996 0.58125
0 0.3478054953125 0.5125 0.3628783 0.5026041671875 0.3677882171875 0.4908854171875 0.35574988125 0.44140625 0.3398445359375 0.421875 0.3246651140625 0.409375 0.305368240625 0.409375 0.29559177187499996 0.4140625 0.2913509671875 0.41796875 0.287203609375 0.4283854171875 0.2865344984375 0.4361979171875 0.2888614171875 0.4622395828125 0.2985728328125 0.4856770828125 0.31209705 0.5026041671875 0.3207655578125 0.5078125 0.3338406546875 0.5125 0.3478054953125 0.5125
0 0.23713077343750003 0.40358072968750003 0.24384615781250002 0.4087890625 0.24570027031250002 0.409375 0.273446853125 0.409375 0.2800995234375 0.40358072968750003 0.29044081093749996 0.3892578125 0.29201565 0.3792317703125 0.2843757703125 0.3327473953125 0.276931565625 0.3189453125 0.26664448749999997 0.3098307296875 0.2473543453125 0.2994140625 0.2239168453125 0.2994140625 0.2204385984375 0.3020182296875 0.212478440625 0.3189453125 0.20894598593749997 0.3449869796875 0.2115140125 0.3606119796875 0.2212254265625 0.3840494796875 0.23713077343750003 0.40358072968750003
0 0.3708758828125 0.7556640625 0.383878646875 0.7634765625 0.38529330625 0.7640625 0.4119534625 0.7640625 0.41317552187500006 0.7634765625 0.4201320125 0.7582682296875001 0.42742305937499997 0.749153646875 0.43205263125000004 0.717903646875 0.42734458125 0.6892578125 0.41977318906249994 0.678841146875 0.40234272187500003 0.6619140625 0.389339959375 0.6541015625 0.375668084375 0.6541015625 0.35351459687500003 0.6619140625 0.3455544390625 0.678841146875 0.34336020624999997 0.6892578125 0.34739914375000003 0.725716146875 0.3553985421875 0.7387369796875001 0.3708758828125 0.7556640625
0 0.34093411875 0.5794270828125 0.3590729359375 0.6184895828125 0.38189332187499997 0.634475253125 0.3929844109375 0.640625 0.40427515625000005 0.6380208328125 0.4147098921875 0.6302083328125 0.42352606093749995 0.6184895828125 0.4259614 0.59765625 0.425774503125 0.5846354171875 0.42363447968749995 0.5716145828125 0.41758820781250006 0.55859375 0.404398546875 0.5377604171875 0.387396084375 0.5234375 0.372440196875 0.515625 0.3572432015625 0.5182291671875 0.34333021874999997 0.5286458328125 0.337992296875 0.5377604171875 0.3355569578125 0.55859375 0.337268975 0.5690104171875 0.34093411875 0.5794270828125
0 0.4684855109375 0.7265625 0.47587000625 0.7239583328125 0.48630474375 0.7161458328125 0.49130810937499997 0.7109375 0.5012213937500001 0.6940104171875 0.5034156249999999 0.68359375 0.502815953125 0.673111978125 0.501118203125 0.6627821171875 0.4935173125 0.6471354171875 0.4828022296875 0.6354166671875 0.4693714625 0.625 0.4537464625 0.625 0.4483150921875 0.6276041671875 0.43330499375000003 0.6432291671875 0.4264419515625 0.6549479171875 0.42400661250000005 0.67578125 0.4265746390625 0.69140625 0.43023978124999995 0.7018229171875 0.4358580484375 0.7122395828125 0.44181087343750003 0.71875 0.4587198859375 0.7265625 0.4684855109375 0.7265625
0 0.4573693328125 0.5950520828125 0.46017846718750005 0.6002604171875 0.473274678125 0.6145833328125 0.48432431718749996 0.6223958328125 0.490611696875 0.625 0.5081898218750001 0.625 0.5136211921875 0.6223958328125 0.5205776828124999 0.6171875 0.5304909671875 0.6002604171875 0.533113203125 0.5924479171875 0.53585599375 0.579427084375 0.5316562 0.553873696875 0.5117914578125 0.5221354171875 0.505838634375 0.515625 0.48892962031250004 0.5078125 0.47373262499999996 0.5104166671875 0.46220077187499997 0.5234375 0.4553377296875 0.53515625 0.450949265625 0.5559895828125 0.45073226875000005 0.5653645828125 0.4529150921875 0.578645834375 0.4573693328125 0.5950520828125
0 0.4994246015625 0.7225911453125 0.4987554890625 0.7304036453125 0.5017515203125 0.7486328125 0.50779779375 0.7616536453125 0.516131746875 0.7707682296875 0.5353765328125 0.784375 0.563607328125 0.784375 0.5716752546875 0.7759765625 0.575060053125 0.7668619796875 0.5748731546875 0.7538411453125 0.5699239984375 0.7356119796875 0.5671148640625 0.7304036453125 0.55316264375 0.7108723953125 0.533444496875 0.6978515625 0.509337884375 0.7056640625 0.5058596390625001 0.7082682296875 0.4994246015625 0.7225911453125
0 0.4311406640625 0.52578125 0.43690659062500004 0.519270834375 0.4441041890625 0.503645834375 0.44782354062499996 0.490625 0.4500177734375 0.480208334375 0.445737728125 0.45416666718750004 0.4420725859375 0.44375 0.433645184375 0.428125 0.42012096718749997 0.41119791718750004 0.40711820468750004 0.40338541718750004 0.3914612421875 0.3984375 0.3897034359375 0.3984375 0.381299575 0.40078125 0.372389959375 0.405989584375 0.359426434375 0.428125 0.35766020625 0.441145834375 0.358516215625 0.44635416718750004 0.37898195156250003 0.511458334375 0.38298165 0.51796875 0.411311021875 0.528125 0.42449461875 0.528125 0.4311406640625 0.52578125
0 0.4644230875 0.37890625 0.4676047234375 0.36380208281250004 0.4630250765625 0.3359375 0.45934124374999996 0.32421875 0.4500578328125 0.3033854171875 0.4341524875 0.2838541671875 0.4184539140625 0.26875 0.38958021875000004 0.26875 0.370796478125 0.2786458328125 0.35716384218749997 0.30859375 0.3517879734375 0.334114584375 0.3579512375 0.37161458281250004 0.3632885921875 0.3815104171875 0.374003675 0.3932291671875 0.390473840625 0.403125 0.42315612968750005 0.403125 0.458416053125 0.3958333328125 0.4644230875 0.37890625
0 0.46247073437499997 0.308203125 0.4667507796875 0.3342447921875 0.47713130625 0.3498697921875 0.4949897765625 0.3694010421875 0.49932403125 0.3720052078125 0.5099236578124999 0.375 0.5282342046874999 0.375 0.5290489109375 0.374609375 0.5394836468750001 0.366796875 0.54939693125 0.3498697921875 0.550494046875 0.3446614578125 0.55099588125 0.3388020828125 0.5460738296875001 0.3088541671875 0.5404088375 0.2951822921875 0.5272191765625001 0.2743489578125 0.5193132281249999 0.2678385421875 0.5071664734375 0.265234375 0.4954477234375 0.265234375 0.4787256078125 0.2704427078125 0.4737222421875 0.2756510421875 0.465334078125 0.2899739578125 0.463139846875 0.300390625 0.46247073437499997 0.308203125
0 0.44665494375000003 0.47044270781249997 0.4518452078125 0.47825520781249997 0.46494141874999995 0.492578125 0.4692756734375 0.49518229218750004 0.47590153281249997 0.496875 0.49894840625 0.496875 0.5024787984375 0.49518229218750004 0.5128200875 0.480859375 0.5165394390625 0.46783854218750004 0.5168739953125 0.46393229218750004 0.5121659468749999 0.43528645781249997 0.5101193734375 0.42877604218750004 0.4965017078125 0.40533854218750004 0.486642634375 0.398828125 0.463205134375 0.398828125 0.4492921515625 0.40924479218750004 0.44090398906250006 0.42356770781249997 0.4382817515625 0.43138020781249997 0.4372943484375 0.43606770937499995 0.4396911734375 0.4506510421875 0.44665494375000003 0.47044270781249997
0 0.6340744625 0.79140625 0.64289063125 0.7796875 0.6477071 0.761458334375 0.6472377921875 0.753255209375 0.6410459937499999 0.715581596875 0.63676588125 0.706770834375 0.628431928125 0.69765625 0.6134326296875 0.6875 0.5931689609374999 0.6875 0.5865602937500001 0.6924479171875 0.57817213125 0.706770834375 0.5714025375 0.725 0.5752545765625 0.7484375 0.5802037328125 0.7666666671875 0.5858220015625 0.777083334375 0.5941559546875 0.7861979171875 0.618053415625 0.79375 0.6309440421875 0.79375 0.6340744625 0.79140625
0 0.54624630625 0.6705729171875 0.5593425171875 0.6848958328125 0.5680110265625 0.6901041671875 0.5973079015625 0.6901041671875 0.6077426390625 0.6822916671875 0.6161308015625 0.66796875 0.6209472703125 0.6497395828125 0.620807096875 0.6399739578125 0.6198708374999999 0.63427734375 0.60652780625 0.59765625 0.6025281078125 0.5911458328125 0.5550382046875 0.5755208328125 0.5491788296875 0.5755208328125 0.5361218578125 0.5911458328125 0.5292588140625 0.6028645828125 0.5255394625 0.6158854171875 0.5289634984375 0.63671875 0.5322006359375 0.64453125 0.54624630625 0.6705729171875
0 0.606822903125 0.5263671875 0.6010233390625 0.5169270828125 0.595070515625 0.5104166671875 0.5864020062499999 0.5052083328125 0.5718741234375 0.5 0.5582022484375 0.5 0.54481071875 0.51953125 0.5432313890625 0.5455729171875 0.551658790625 0.5611979171875 0.5647550015625 0.5755208328125 0.5820920203125 0.5859375 0.5899045203125 0.5859375 0.6061986312500001 0.578125 0.6126336703125 0.5638020828125 0.612825665625 0.562890625 0.606822903125 0.5263671875
0 0.5839671953125001 0.4859374984375 0.5876323390625 0.496354165625 0.5936786109375001 0.5093749984375 0.601250003125 0.519791665625 0.6139182109375 0.531510415625 0.6186858921875 0.534375 0.65003354375 0.534375 0.6549338359375 0.531510415625 0.6698504859375001 0.5093749984375 0.672256434375 0.48717447812500003 0.6676018859374999 0.45885416562500003 0.667149771875 0.457291665625 0.658294365625 0.4390624984375 0.6475792828125 0.4273437484375 0.6389107734375 0.422135415625 0.62090464375 0.4195312484375 0.6018013984375 0.422135415625 0.5878884171875 0.43255208281249996 0.5829784984375 0.44427083281249996 0.5796871515625 0.45989583281249996 0.5839671953125001 0.4859374984375
0 0.6230448390625 0.6060546875 0.631472240625 0.6216796875 0.639043634375 0.6320963546875 0.6469495828125 0.6386067703125 0.6581102890625 0.6453125 0.68661370625 0.6453125 0.697302828125 0.6360026046875 0.70264075 0.6268880203125 0.7089823390625 0.6060546875 0.709175225 0.5977213531250001 0.7046383781250001 0.5701171875 0.7017062625 0.5617838546875 0.6960879953125 0.5513671875 0.6853729125 0.5396484375 0.6528389 0.5318359375 0.641548153125 0.5344401046875 0.6345916625 0.5396484375 0.6161967671874999 0.5643880203125 0.615661478125 0.5706380203125 0.6204551281249999 0.5998046875 0.6230448390625 0.6060546875
0 0.5843203625 0.441145834375 0.58440475 0.4375 0.5802138734375 0.41200086875 0.56556664375 0.386458334375 0.549420190625 0.37734375 0.531456853125 0.375 0.5291131124999999 0.375 0.5225044453125001 0.3799479171875 0.511066040625 0.3994791671875 0.5092998140625 0.4125 0.5135798578124999 0.43854166718750004 0.5191981265625001 0.44895833281249997 0.5303412125 0.46328125 0.5491491 0.4734375 0.5616588671875 0.4734375 0.5767882078125 0.46067708281249997 0.5843203625 0.441145834375
0 0.5963241906250001 0.4140625 0.62122655 0.4140625 0.627955475 0.41341145937499996 0.632958840625 0.4082031265625 0.639724975 0.3938151046875 0.632785953125 0.3515950546875 0.624546409375 0.33919271093750003 0.60644683125 0.3300781265625 0.59082183125 0.3300781265625 0.5803870953125 0.3378906265625 0.5704738125000001 0.35481771093750003 0.5698046999999999 0.36263021093750003 0.5712756109375 0.3834635421875 0.5801310171875 0.40169270937499996 0.59475235 0.41341145937499996 0.5963241906250001 0.4140625
0 0.7041060671875 0.4765625 0.7232093125 0.4739583328125 0.736025178125 0.46875 0.7478915875000001 0.4518229171875 0.7492298109375 0.4361979171875 0.7489169390625 0.43072916718750004 0.7424540703125 0.39140625 0.741097725 0.38671875 0.7335263328125 0.3763020828125 0.7204301203125001 0.3619791671875 0.7137147359375 0.3567708328125 0.7093804828125 0.3541666671875 0.693327478125 0.3515625 0.685514978125 0.3515625 0.6726991109375 0.3567708328125 0.66192981875 0.3684895828125 0.6577824624999999 0.37890625 0.656016234375 0.3919270828125 0.657059140625 0.41015625 0.66091118125 0.43359375 0.6645763234375 0.4440104171875 0.6673854578125 0.44921875 0.687197053125 0.46875 0.7041060671875 0.4765625
0 0.70194451875 0.5572916671875 0.71366326875 0.5572916671875 0.7280042546875001 0.5494791671875 0.7333421765625 0.5403645828125 0.7355364093750001 0.5299479171875 0.7321123734375 0.5091145828125 0.7256380953125 0.4934895828125 0.716448134375 0.4791666671875 0.7038733749999999 0.4739583328125 0.6828170046875 0.4765625 0.6743353921875 0.484375 0.6689974703125 0.4934895828125 0.6717523953125 0.5221354171875 0.6853700609375 0.5455729171875 0.691322884375 0.5520833328125 0.70194451875 0.5572916671875
0 0.720467365625 0.6156250015625 0.7277976515625 0.6364583359375 0.73341591875 0.6468750015625 0.741749871875 0.6559895859375 0.7527995109375001 0.6638020859375 0.7742838859375001 0.6638020859375 0.7979624921874999 0.6533854203125 0.8017752937499999 0.6468750015625 0.8035415218749999 0.6338541703125 0.803090509375 0.6177408890625 0.7985697125 0.590234378125 0.7982185703125 0.5895833359375 0.7875034875 0.5778645859375 0.7654042109375 0.5622395859375 0.75911683125 0.5596354203125 0.75130433125 0.5596354203125 0.7458729609375 0.5622395859375 0.735438225 0.5700520859375 0.7289097375 0.5778645859375 0.7224747 0.5921875015625 0.720467365625 0.6156250015625
0 0.6983835390625 0.6425781265625 0.6818483203125 0.66080729375 0.6765103984375 0.6699218765625 0.6762692921875 0.68033854375 0.6788373187500001 0.69596354375 0.6848835906249999 0.7089843765625 0.697979803125 0.72330729375 0.709029440625 0.73111979375 0.7156679593749999 0.734375 0.7354433625000001 0.734375 0.7407074453125 0.733723959375 0.7550484328125 0.725911459375 0.7649617156249999 0.7089843765625 0.7673970546875 0.68815104375 0.7624478984375 0.6699218765625 0.7532579359375 0.655598959375 0.72682440625 0.63736979375 0.7205370265625 0.6347656265625 0.7146776515625 0.6347656265625 0.6983835390625 0.6425781265625
0 0.6884417484375 0.8078776046874999 0.69711025625 0.8130859375 0.699468025 0.8140625 0.7165578640625 0.8140625 0.72445400625 0.8130859375 0.7319861609375 0.7935546875 0.73252145 0.7873046875 0.7294398171875 0.7685546875 0.72685010625 0.7623046875 0.7137538953125 0.7479817703125 0.709419640625 0.745377603125 0.6992260109374999 0.7427734375 0.6914135109374999 0.7427734375 0.685982140625 0.745377603125 0.6825038953125 0.7479817703125 0.6713705156249999 0.7669921875 0.6758217609375 0.7940755187499999 0.6884417484375 0.8078776046874999
0 0.8266074390625 0.825 0.8363465265625001 0.8177083328125001 0.8478783796875 0.8046875 0.8512631765625001 0.7955729171875 0.8511323484375 0.7864583328125 0.8500195375 0.7796875 0.8405088546874999 0.75390625 0.824603509375 0.734375 0.8092196156250001 0.7239583328125 0.8041897125 0.721875 0.7672365875 0.721875 0.7542910093749999 0.734375 0.748283975 0.7513020828125 0.7481152 0.75859375 0.751346634375 0.7782552078125 0.75794118125 0.7981770828125 0.760750315625 0.8033854171874999 0.771465396875 0.8151041671874999 0.78013390625 0.8203125 0.7949668156249999 0.825 0.8266074390625 0.825
0 0.7970550234375 0.6915364578125 0.8059104296875 0.709765625 0.8142443828125 0.7188802078125 0.8506304359374999 0.7501302078125 0.8623458828125001 0.75625 0.8788823390625 0.75625 0.9079401718750001 0.7423177078125 0.9253313999999999 0.729296875 0.9345380484374999 0.7045052078125 0.9326205875 0.6928385421875001 0.927299496875 0.6759114578125 0.9132538265625 0.649869790625 0.907301003125 0.643359375 0.8468083375000001 0.619921875 0.8370427125000001 0.619921875 0.826179971875 0.6251302078125 0.805738503125 0.643359375 0.7943000984374999 0.662890625 0.7940589921875 0.673307290625 0.7970550234375 0.6915364578125
0 0.9005823718749999 0.8365885390625 0.9056276515624999 0.8390625 0.9440944453125001 0.8390625 0.9497450515624999 0.8326822890625 0.9556586375 0.8092447890625 0.9558997437500001 0.7988281234375 0.9558623640624999 0.7962239546875 0.9531258578124999 0.7795738453125 0.9500761921875001 0.7722255703124999 0.9425885984375 0.7645243374999999 0.9302829828125001 0.7558593734375 0.8892673578125001 0.7558593734375 0.8838359875 0.758463540625 0.8730666953125 0.770182290625 0.87063135625 0.7910156234375 0.8727713781249999 0.8040364578125001 0.88834216875 0.8274739578125001 0.9005823718749999 0.8365885390625
0 1 0.56553470625 0.989080571875 0.5598307296875 0.9788869421875 0.5572265625 0.9671681921875 0.5572265625 0.947823840625 0.5702473953125 0.9343388625 0.5832682296875 0.9202782218750001 0.6106119796875 0.9182708875 0.6340494796875 0.9298812171874999 0.6809244796875 0.9405962999999999 0.6926432296875 0.9603144468749999 0.7056640625 1 0.7209168609375001 1 0.56553470625
0 0.8244904890625 0.5768229171875 0.843726421875 0.6106770828125 0.8568226343750001 0.625 0.8741596515625 0.6354166671875 0.8995502765625 0.6354166671875 0.912794146875 0.6328125 0.9197506390625 0.6276041671875 0.9247540046875 0.6223958328125 0.9377175296875 0.6002604171875 0.9444871234375001 0.58203125 0.9462533499999999 0.5690104171875 0.9464944578125 0.55859375 0.9443544359375 0.5455729171875 0.9318338859375 0.5169270828125 0.918737675 0.5026041671875 0.8793013796875 0.4765625 0.8573890000000001 0.4739583328125 0.8460982546875 0.4765625 0.8337103921875 0.484375 0.8242251140624999 0.50390625 0.8194086453124999 0.5221354171875 0.8184984265624999 0.5403645828125 0.8244904890625 0.5768229171875
0 0.760185021875 0.5598958328125 0.77275978125 0.5651041671875 0.79229103125 0.5651041671875 0.801200646875 0.5598958328125 0.8092542546875 0.5494791671875 0.8145921765624999 0.5403645828125 0.8156892921875001 0.53515625 0.8163584046875 0.52734375 0.8103663421875 0.4908854171875 0.7983672453125 0.4713541671875 0.7738868390625 0.453125 0.765646334375 0.4505208328125 0.751974459375 0.4505208328125 0.7319609953125 0.4713541671875 0.7274790828125 0.4856770828125 0.7268099703125 0.4934895828125 0.734755159375 0.5299479171875 0.7455636890624999 0.5481770828125 0.760185021875 0.5598958328125
0 0.8612037875 0.4009114578125 0.8518634171875 0.38359375 0.84395746875 0.3770833328125 0.8274764593749999 0.371875 0.8098983343749999 0.371875 0.7975104734375 0.3796875 0.7891223093749999 0.394010415625 0.7836367296875 0.42005208281249995 0.802016653125 0.44869791562500005 0.813159740625 0.46302083281249995 0.8261625046875001 0.47083333281249995 0.8480748828125 0.4734375 0.8615598609375 0.46041666562500005 0.868543090625 0.4455669984375 0.8612037875 0.4009114578125