0 0.6640625 0.32734375 0.03671875 0.0515625
0 0.3703125 0.546875 0.03203125 0.040625
0 0.3546875 0.58203125 0.03203125 0.03984375
0 0.42890625 0.421875 0.0421875 0.05625
0 0.2734375 0.5375 0.03515625 0.04296875
0 0.28515625 0.43984375 0.0359375 0.0484375
0 0.1203125 0.59609375 0.04296875 0.05546875
0 0.3234375 0.47890625 0.0453125 0.05859375
0 0.440625 0.5375 0.05078125 0.06171875
0 0.05390625 0.528125 0.05703125 0.065625
0 0.51640625 0.39453125 0.0546875 0.06484375
0 0.15234375 0.56015625 0.05 0.0671875
0 0.3515625 0.509375 0.03125 0.04375
0 0.46796875 0.41875 0.03671875 0.04765625
0 0.50234375 0.58984375 0.040625 0.05703125
0 0.2359375 0.45703125 0.03359375 0.04375
0 0.53046875 0.340625 0.03671875 0.046875
0 0.0671875 0.60234375 0.05546875 0.065625
0 0.43359375 0.3703125 0.03359375 0.046875
0 0.36640625 0.40546875 0.03203125 0.04375
0 0.71015625 0.25234375 0.04296875 0.06796875
0 0.3953125 0.44765625 0.0375 0.05
0 0.24375 0.56171875 0.02890625 0.03671875
0 0.4609375 0.37421875 0.025 0.03671875
0 0.25234375 0.41484375 0.03671875 0.053125
0 0.309375 0.528125 0.03203125 0.04453125
0 0.3484375 0.4421875 0.03515625 0.0421875
0 0.7703125 0.32109375 0.03359375 0.04921875
0 0.490625 0.5421875 0.04296875 0.05625
0 0.0203125 0.5640625 0.0390625 0.046875
0 0.23828125 0.5171875 0.04609375 0.05703125
0 0.7046875 0.5578125 0.0296875 0.04765625
0 0.39296875 0.5921875 0.03046875 0.0359375
0 0.190625 0.5015625 0.07109375 0.0765625
0 0.396875 0.38828125 0.03984375 0.0484375
0 0.87421875 0.178125 0.0390625 0.0578125
0 0.9703125 0.2375 0.03046875 0.0390625
0 0.2765625 0.4890625 0.03984375 0.05390625
0 0.75625 0.56015625 0.03125 0.05
0 0.37109375 0.4765625 0.0359375 0.046875
0 0.3859375 0.51328125 0.025 0.03828125
0 0.49921875 0.49453125 0.03046875 0.03671875
0 0.82109375 0.21484375 0.03359375 0.05546875
0 0.32109375 0.4265625 0.03203125 0.03984375
0 0.5765625 0.60625 0.02578125 0.03515625
0 0.57421875 0.33203125 0.0265625 0.04453125
0 0.7953125 0.4546875 0.034375 0.04609375
0 0.43984375 0.4765625 0.0359375 0.05078125
0 0.9046875 0.58125 0.02890625 0.046875
0 0.6359375 0.4703125 0.0484375 0.06796875
0 0.59609375 0.2875 0.04609375 0.06171875
0 0.8421875 0.16875 0.02890625 0.04375
0 0.9484375 0.20234375 0.0375 0.0546875
0 0.9359375 0.5875 0.025 0.03671875
0 0.55625 0.53515625 0.0265625 0.04453125
0 0.21015625 0.409375 0.040625 0.0484375
0 0.8109375 0.49296875 0.028125 0.0390625
0 0.4 0.55078125 0.02734375 0.04453125
0 0.92421875 0.11796875 0.02890625 0.04140625
0 0.84140625 0.25390625 0.03125 0.04296875
0 0.684375 0.52578125 0.034375 0.0484375
0 0.7984375 0.5984375 0.03984375 0.0484375
0 0.3859375 0.34296875 0.02734375 0.04453125
0 0.61796875 0.3375 0.03359375 0.0515625
0 0.1859375 0.440625 0.03125 0.04296875
0 0.75703125 0.4640625 0.03203125 0.0421875
0 0.6421875 0.53203125 0.046875 0.0578125
0 0.65703125 0.38046875 0.03671875 0.0546875
0 0.09921875 0.55 0.04140625 0.05625
0 0.584375 0.54453125 0.0296875 0.04140625
0 0.69140625 0.29609375 0.02578125 0.0375
0 0.77578125 0.490625 0.0296875 0.0421875
0 0.1765625 0.60390625 0.034375 0.0453125
0 0.7875 0.2140625 0.0265625 0.04609375
0 0.5265625 0.471875 0.03359375 0.03984375
0 0.7984375 0.25546875 0.0296875 0.0421875
0 0.01484375 0.61328125 0.0296875 0.05078125
0 0.77265625 0.4328125 0.03203125 0.0390625
0 0.83203125 0.09453125 0.04375 0.0546875
0 0.78359375 0.56328125 0.0234375 0.040625
0 0.6734375 0.56796875 0.0296875 0.04296875
0 0.278125 0.57734375 0.03046875 0.03984375
0 0.540625 0.596875 0.02421875 0.03984375
0 0.73125 0.290625 0.02890625 0.03828125
0 0.88515625 0.12734375 0.0421875 0.0515625
0 0.33359375 0.5515625 0.02734375 0.0375
0 0.9234375 0.3984375 0.02890625 0.03828125
0 0.69296875 0.1921875 0.040625 0.0640625
0 0.5625 0.575 0.03203125 0.0421875
0 0.934375 0.275 0.0453125 0.06328125
0 0.3109375 0.575 0.0296875 0.03984375
0 0.503125 0.44609375 0.03359375 0.046875
0 0.903125 0.4390625 0.0359375 0.05
0 0.446875 0.3328125 0.02421875 0.03984375
0 0.98515625 0.196875 0.0296875 0.0625
0 0.21015625 0.55546875 0.034375 0.05078125
0 0.4390625 0.59921875 0.05078125 0.0640625
0 0.7515625 0.50859375 0.0296875 0.040625
0 0.91484375 0.240625 0.03125 0.04140625
0 0.15546875 0.45703125 0.034375 0.0421875
0 0.828125 0.43515625 0.03671875 0.0484375
0 0.78984375 0.13671875 0.0265625 0.0421875
0 0.9546875 0.55 0.03359375 0.053125
0 0.47265625 0.32578125 0.0296875 0.04296875
0 0.59375 0.37265625 0.0359375 0.046875
0 0.890625 0.22109375 0.028125 0.0359375
0 0.734375 0.1984375 0.0265625 0.040625
0 0.825 0.14140625 0.028125 0.0375
0 0.90546875 0.52421875 0.03828125 0.05234375
0 0.803125 0.17421875 0.0234375 0.0375
0 0.5296875 0.52421875 0.0359375 0.046875
0 0.46484375 0.50390625 0.03046875 0.03671875
0 0.475 0.46484375 0.0375 0.0453125
0 0.740625 0.60234375 0.028125 0.0421875
0 0.49375 0.35390625 0.02890625 0.03984375
0 0.68046875 0.60546875 0.0265625 0.03671875
0 0.796875 0.53125 0.025 0.04296875
0 0.86875 0.5421875 0.0328125 0.04609375
0 0.953125 0.1265625 0.03046875 0.034375
0 0.578125 0.4 0.03046875 0.034375
0 0.87734375 0.42109375 0.0265625 0.0390625
0 0.77109375 0.24765625 0.0234375 0.03125
0 0.75546875 0.3640625 0.02890625 0.04296875
0 0.55234375 0.38125 0.0265625 0.0421875
0 0.73203125 0.440625 0.03125 0.04140625
0 0.88984375 0.61875 0.0375 0.04296875
0 0.978125 0.465625 0.02265625 0.03359375
0 0.7 0.33515625 0.025 0.034375
0 0.88046875 0.25859375 0.02734375 0.0359375
0 0.596875 0.57890625 0.02109375 0.0328125
0 0.8453125 0.51640625 0.02421875 0.03359375
0 0.68125 0.47734375 0.03828125 0.04296875
0 0.9859375 0.26328125 0.028125 0.0515625
0 0.36171875 0.36171875 0.0265625 0.0390625
0 0.55625 0.43671875 0.05390625 0.06328125
0 0.12734375 0.503125 0.05 0.06015625
0 0.71015625 0.6046875 0.0203125 0.04375
0 0.7625 0.2078125 0.02421875 0.040625
0 0.96875 0.503125 0.02734375 0.03671875
0 0.93125 0.16015625 0.03125 0.0484375
0 0.90625 0.1703125 0.02890625 0.05234375
0 0.3359375 0.39140625 0.02578125 0.03828125
0 0.64453125 0.290625 0.0375 0.0515625
0 0.7609375 0.39765625 0.02890625 0.034375
0 0.76484375 0.60625 0.01640625 0.04375
0 0.69765625 0.41328125 0.04609375 0.05546875
0 0.77578125 0.17265625 0.025 0.03828125
0 0.76875 0.53125 0.01953125 0.03203125
0 0.884375 0.56328125 0.02734375 0.03671875
0 0.72734375 0.48125 0.02265625 0.02890625
0 0.99296875 0.30703125 0.0125 0.04140625
0 0.94921875 0.61640625 0.03671875 0.0484375
0 0.57578125 0.46484375 0.03359375 0.0421875
0 0.81328125 0.52734375 0.02265625 0.03984375
0 0.99296875 0.47890625 0.01328125 0.0453125
0 0.62421875 0.5765625 0.0234375 0.0375
0 0.4078125 0.50390625 0.02265625 0.04765625
0 0.6953125 0.484375 0.02578125 0.04375
0 0.91953125 0.61796875 0.0171875 0.034375
0 0.925 0.20234375 0.021875 0.040625
0 0.9921875 0.39375 0.01484375 0.040625
0 0.75859375 0.28046875 0.02421875 0.046875
0 0.77890625 0.28125 0.01953125 0.034375
0 0.684375 0.365625 0.0234375 0.040625
0 0.50390625 0.29375 0.03046875 0.05390625
0 0.415625 0.3265625 0.0203125 0.04453125
0 0.571875 0.596875 0.02265625 0.021875