0 0.33580894114212007 0.6847891547897733 0.07407316428688589 0.08955156781134832
0 0.28136418026770516 0.7348286072179135 0.055506377414319095 0.06238278186850721
0 0.09098321387953308 0.5697251297834557 0.05567167984777566 0.0640457796251713
0 0.05240216943047128 0.38400893863808666 0.05599001482874762 0.07185827962517113
0 0.19440132703512553 0.4311603864473733 0.07351756917758409 0.08309773079135674
0 0.9410601042211628 0.3238268550398355 0.03960101087441501 0.05265363855894432
0 0.3526104164647218 0.40682327916295274 0.059445619695660666 0.0752752033517444
0 0.07742868574209365 0.30730168613080416 0.06734350605971957 0.07999186987819389
0 0.23571337102707676 0.22352138268644958 0.10069849612139663 0.13256130826064752
0 0.9134961783277198 0.3668266972805613 0.04174082535158128 0.06207978567889487
0 0.44656736901272936 0.6348239102000497 0.039410009885831696 0.04796613855894449
0 0.11770883444949934 0.39373093111623925 0.09068682615945271 0.1166635236209114
0 0.1256925004199295 0.7928731247688907 0.07244268577927468 0.09262542069139794
0 0.6840182198482132 0.1630411530739137 0.06587037161104056 0.08453340801490725
0 0.7813959441450506 0.2878940520576993 0.07046402403492849 0.11588001924148043
0 0.4704730315974805 0.2592927127864745 0.03806852094095845 0.05095085970898561
0 0.27614873414548813 0.47890521615168674 0.07575039606917891 0.10198800964131553
0 0.16140580182625458 0.549873282528165 0.08041650902546911 0.09441808273117527
0 0.595975755894318 0.38496396568946833 0.10773870146838505 0.11862278953043308
0 0.4352159639167141 0.18396009217421874 0.029593320099733235 0.03685351016920828
0 0.5359243462753164 0.7453642565974106 0.053136264210883154 0.06884902993858155
0 0.623795713879533 0.5852283901417901 0.045910366359192524 0.05907981197210717
0 0.5076110038799706 0.7875601167848251 0.036378686948569695 0.0477803956023628
0 0.3658665142600939 0.7341586689755383 0.04291701186299814 0.05743206677218957
0 0.7449412020165349 0.6450700545649818 0.0654923488211363 0.07525606426490725
0 0.42062429292900594 0.5996532883341528 0.05730182603123222 0.06575139998179384
0 0.3873966629674996 0.8200423446815013 0.055595742965640224 0.06696978411184347
0 0.10921856072350314 0.5061172708496825 0.05956068380210837 0.08288670783841638
0 0.8364203892786846 0.5499597945358519 0.05573501451981535 0.07038775286184329
0 0.0270355278582385 0.5865429052519918 0.054071055716477 0.07042933043837536
0 0.2936810854380825 0.3941581431112908 0.05927600575078733 0.07829402258175264
0 0.260968108632606 0.6787006276718847 0.05905134783255317 0.07038670783841657
0 0.35214620695945087 0.6101755996960662 0.033130332143442943 0.04466212363911755
0 0.12972069760509175 0.25250653754272995 0.09469968775644104 0.10263691818411554
0 0.260880514297275 0.33532270071228054 0.04090486370237523 0.04635144641556703
0 0.41035788536153284 0.1605536844149445 0.03457345652557855 0.04177790024574022
0 0.30333726973448244 0.3107462495377816 0.07240902884962379 0.08940560594806186
0 0.28916604589475553 0.5817490713245362 0.05614304737626306 0.07800778186850721
0 0.5920999752854207 0.1345547887298642 0.03313431133070512 0.04475977988911754
0 0.014845001451503253 0.6807331744523217 0.029690002903006506 0.05450522077885367
0 0.6540946620160975 0.4367143337944416 0.05095052291812472 0.0606895725619669
0 0.0011909453618472753 0.6285114449062927 0.0023818907236945507 0.07254739205592173
0 0.15835776178863598 0.7398534248480331 0.052053260627269095 0.05184547641192587
0 0.08922044262499483 0.6705745759433898 0.06402717274698173 0.07999291490162061
0 0.3942236190127294 0.6333008626281899 0.03309236370237514 0.046124125882453626
0 0.12312059874677432 0.7216202503957114 0.03289738352652991 0.04133896963245363
0 0.04856095053366023 0.6318470450645773 0.034845864690958385 0.05085708998907634
0 0.3128342865403964 0.2312406059642723 0.05602002489529108 0.07020096488183505
0 0.9084319935370283 0.45271873317393857 0.03960101087441501 0.05265363855894432
0 0.36325609779537216 0.3375193496960661 0.030102988393442942 0.04457403693253603
0 0.3390864969598884 0.8155079573761981 0.03951164532309388 0.04806663631560824
0 0.12829487148418733 0.6138304824490227 0.05222801254264904 0.060921824648598036
0 0.6305921309129084 0.1880806055020539 0.03606831034212199 0.04016320810236289
0 0.6253064757425312 0.5289556580884787 0.03791515606928826 0.049580830702321776
0 0.8045456481759331 0.5067948162434643 0.03806852094095845 0.05095085970898552
0 0.8708457633086919 0.3577639343484375 0.03328767620237514 0.046129808895781464
0 0.5113381121298282 0.2737787616119755 0.02975066415866543 0.03832119542587211
0 0.9745066155898694 0.2708298871722891 0.03367730422991144 0.06047959463245363
0 0.552941974791129 0.13576193606429715 0.030035342209986382 0.04291388068253612
0 0.449063605209746 0.3048181614536909 0.03957133313202608 0.04953148006560824
0 0.16111398315690498 0.4802511043149197 0.03797086469095836 0.050948018202321775
0 0.47886514623594767 0.11092340894640847 0.032927061268918575 0.04446112812578971
0 0.556832412473208 0.8273189502500621 0.03759648876416168 0.04654780393899394
0 0.8371114559708677 0.6289797048024086 0.0409725098858317 0.04801160266556703
0 0.46650979589475555 0.5869092474262105 0.03143618663963732 0.04617347651916699
0 0.5263768858186433 0.5573641514245611 0.04262437543715265 0.05264406901552583
0 0.6575167282511701 0.12237904915470546 0.03978405348847378 0.05714582605894436
0 0.46910160220681546 0.7152615679593239 0.037554873459986385 0.04313267669565768
0 0.3842079263505535 0.3608120971887837 0.036382666135831784 0.04787805185236289
0 0.7219692756288005 0.6905500391255756 0.03456549815105418 0.041582587745740265
0 0.19676498167403023 0.4883280287672413 0.03137285196759763 0.039831503282495004
0 0.8722743176435854 0.4954685228282396 0.05781116200078742 0.07825139998179384
0 0.43155511163553656 0.2738038421742187 0.029525673916276675 0.03519335391920819
0 0.39628352612309203 0.6787270228947466 0.036663364999890646 0.0523730808590269
0 0.32304234429815004 0.748556138096726 0.03603034190105418 0.04162521034569906
0 0.5639458700013126 0.6335462181967507 0.04240336438202626 0.049613883758861735
0 0.9017204426249947 0.694215911387184 0.041549824362998325 0.05739228567889487
0 0.017855152662421984 0.7967673514119258 0.03571030532484397 0.04182620585902672
0 0.768791173384804 0.38608149947127457 0.029712695717597624 0.03978319766920828
0 0.6280295691264601 0.48132214014179003 0.0331600098858317 0.04778428213245363
0 0.6454756901907179 0.30271140683483744 0.03478617688202625 0.04939224623907634
0 0.5891315538034209 0.5529327156894683 0.03293535196759763 0.03987696738911754
0 0.3533200236888151 0.293428368896396 0.03121152872140325 0.038266161775830906
0 0.7603605439547703 0.20906435840504778 0.03465884288963732 0.04626724623907626
0 0.20394878749179854 0.6191604916202228 0.08026314415379901 0.09304805372451135
0 0.2872693289751108 0.8202576418576497 0.03405134783255317 0.06965928213245362
0 0.525626105209746 0.3070459026782023 0.026498330166276673 0.035105267212626856
0 0.5625226328528938 0.5724950579301942 0.0348201661358317 0.047832587745740084
0 0.32952042635055345 0.35922085345698984 0.0327657380227242 0.042895786619125784
0 0.7701971644875554 0.42835992768451997 0.03443783183451075 0.04323706098241224
0 0.8488646284414505 0.20616433042922927 0.032845321767967305 0.044848911619125784
0 0.7289832099623814 0.21128007627259415 0.025156508897248565 0.04286946159934022
0 0.4503807074909235 0.21490621529375692 0.031342841901054186 0.04148881802583091
0 0.440554721331088 0.14891750244077545 0.03277800790866543 0.03840928213245363
0 0.3645149198875818 0.7865251510288497 0.029529653103538767 0.035291010169208194
0 0.35196181764358536 0.4803289753228868 0.057544556454223364 0.07170843123179385
0 0.4068906926621759 0.2840366485215672 0.028315498151054184 0.041400731319249484
0 0.7443031679475964 0.4111807878719344 0.03144447733831619 0.04158931578249483
0 0.8822409307619967 0.7499658062143345 0.04317167984777583 0.06368206677218957
0 0.537821063194961 0.5068556860642971 0.03315603069856969 0.04768662588245363
0 0.42214698365119663 0.4854998601209074 0.03308838451511313 0.046026469632453625
0 0.6840116081754954 0.2975752774470931 0.05314538136865181 0.08104185365526187
0 0.04199527414592567 0.6778044027447093 0.029847988084510724 0.043103510169208194
0 0.15537202464021727 0.6787568004748536 0.05950132831733077 0.0766423908517444
0 0.6709943660469799 0.6554332415537157 0.03637835462441501 0.05255986883903496
0 0.7450486313700191 0.5848456084050477 0.03782181133070513 0.04489617220898552
0 0.5890440290888416 0.6702566080093364 0.05617736895422336 0.07166865013849914
0 0.247697423384804 0.37091921991261045 0.03283769571759763 0.03987412588245363
0 0.18366409828966376 0.3299472274344578 0.11048169949121864 0.10933871774367834
0 0.5970687292025723 0.5117083221159591 0.02637895454841228 0.032175579712626856
0 0.4194251847535105 0.32194582548117134 0.03450547801796731 0.044897217232412426
0 0.7812288008748525 0.1768201597378313 0.03257838389724856 0.04308541610579795
0 0.5959598739556453 0.6157055003292043 0.026333027732820112 0.03344226945596276
0 0.5570299555137572 0.22739550659741056 0.032981278783189794 0.03861027764578147
0 0.8178720246402171 0.6980335816828704 0.03049294874513393 0.05414434943253603
0 0.42685575239709583 0.7922499652937569 0.03453548808451075 0.043239902489076346
0 0.7780667198110321 0.5615588725908127 0.055858701649096607 0.06863562337517112
0 0.525741579963694 0.8225034181176085 0.022065498151054186 0.0412188748927587
0 0.8677208329294436 0.8183748254146643 0.03307031201035606 0.04797675312578988
0 0.4533466096211892 0.6796052127864745 0.03433652872140325 0.038357089989076346
0 0.4763648873386991 0.15308817689309712 0.03154611277557855 0.04168981353915879
0 0.9090925212173572 0.32133234085407053 0.024422182685304605 0.0272416200926763
0 0.8003595779865276 0.8398801008832002 0.031185830166276674 0.035241659532494654
0 0.4191307074909235 0.21399693316130328 0.020142715541752308 0.034725256779472156
0 0.6002732781374395 0.27949521568946833 0.02962299784212199 0.039975668662544275
0 0.5756817964262282 0.19195811177026006 0.03664131330787139 0.05422570810236289
0 0.9431239644110058 0.1963921768265901 0.026422393284141067 0.03802927169929902
0 0.3833113408381089 0.7667354882550106 0.029207006611149923 0.03216032715588035
0 0.6756738902672677 0.5405894915537158 0.033092696026529825 0.041344652645781466
0 0.702006874487118 0.22066343646000855 0.03156783214344294 0.04461665953249483
0 0.9275215972638996 0.7520655153063922 0.03816584486680341 0.055733174452321774
0 0.6168625533463103 0.16030494648913846 0.021454526744236802 0.028618377136094875
0 0.7234627218253795 0.15480275573948074 0.026599633279383993 0.03998523820596289
0 0.5378648255522507 0.4481937399043631 0.031274863393442945 0.04460813501250307
0 0.48756768969642633 0.30046328206594664 0.03630092663488042 0.04826583534569897
0 0.5719930637264337 0.109722273290458 0.031118183982820114 0.03358150328249483
0 0.004455681476504904 0.7435143192794722 0.008911362953009807 0.08858545554561648
0 0.2387827494313463 0.8008567724990352 0.028217841901054187 0.04139788981258548
0 0.3845554362363853 0.313891633082161 0.02359832040866543 0.03814218050604534
0 0.9653001229670621 0.6311452615454686 0.021653486107344123 0.03350118963609496
0 0.3332025473776303 0.5759908163099713 0.02944177865961679 0.03792204590588035
0 0.7998740997353575 0.7366187085633323 0.0340937982984121 0.032400058739076344
0 0.8314304362363852 0.3268943675762478 0.029495663849733234 0.03685066866254436
0 0.602411509317178 0.7645067131821859 0.03589869639724856 0.04318202733237122
0 0.6197938937644898 0.12675666059576113 0.023339340912470873 0.0365739974927175
0 0.7899539075674732 0.4617861931239261 0.026532319420082294 0.03354560871929078
0 0.24573438087572747 0.5726635763391011 0.03883269540866543 0.03858545554561647
0 0.5629351042211628 0.31282454123714665 0.05586699234777566 0.06405146263849897
0 0.021680115552688273 0.6388866552519918 0.029660966283189694 0.03851366641920819
0 0.7159035953239142 0.35951298779279206 0.07200099599317618 0.08178557694139794
0 0.4846747944490618 0.19869619358614457 0.036513979315482635 0.05110070810236289
0 0.7564516353615328 0.17062398403186838 0.032774028721403246 0.038311625882453626
0 0.9202966180613273 0.2575198934404953 0.0760473440064409 0.1020941904113073
0 0.25418225635142855 0.7684534494586392 0.027899506920082206 0.03358538981258548
0 0.3452529253247893 0.7601528676427549 0.023212006920082295 0.03344899749271768
0 0.8274153927759066 0.1374908867765777 0.026213652114955723 0.030512581955962893
0 0.005166366578452494 0.4980881590129155 0.010332733156904987 0.04617631802583091
0 0.6279406803048863 0.3491317657686106 0.034879853944763894 0.049297431495740264
0 0.3763012203425048 0.15174097406924553 0.027967153103538766 0.035245546062585564
0 0.22698833395520773 0.39925716857982685 0.03411949685353877 0.03542456098241242
0 0.5724493670727441 0.2520916297169487 0.03102019540866543 0.03835813501250307
0 0.9334346521302657 0.49177287298652417 0.029784321088316544 0.04154101016920819
0 0.8953032993547966 0.5829601626408252 0.03478253001891858 0.04451511675240418
0 0.6005398749814095 0.2153645195295343 0.031091820779383994 0.04011594751250307
0 0.812779889810157 0.15114420981697357 0.03124551797520887 0.03670650328249483
0 0.9782736027382881 0.3319492435987798 0.02071936537060921 0.05366488626614441
0 0.9350488902672677 0.5481365332530809 0.02978432108831619 0.04154101016920819
0 0.8206070468833386 0.5925193675762477 0.03571598610734448 0.03391036659569906
0 0.8024353670355631 0.654564726510021 0.03947367688202626 0.049528638558944314