0 0.15712866802410994 0.25354426535645347 0.0959980140488231 0.10730224467894267
0 0.1663830800553261 0.4498652820257716 0.1257805333414283 0.16532844376590833
0 0.5094314744465451 0.25842540607095127 0.058536196291098366 0.07407384667409059
0 0.7527654788575593 0.791267367441086 0.11360919281400292 0.14352035059774373
0 0.39798936341069713 0.20709816872213382 0.12506955393452204 0.14989989259925496
0 0.8342865530315331 0.5334645054503128 0.12250752812603913 0.16060571743216415
0 0.5618283768668227 0.49667993141308725 0.11006963909115867 0.13557383168065282
0 0.5765846749215149 0.2896941347469508 0.08845206255627822 0.11043513059456203
0 0.1917803912274596 0.7558158373647258 0.09362576753986111 0.11976701834519829
0 0.5512107021724505 0.6396123187459963 0.11396869487754593 0.1447932908477835
0 0.7250664405253472 0.30549295210054084 0.06341347559061923 0.07588733950807355
0 0.3914971082107728 0.7784646387253155 0.10213513886503094 0.1294305101796187
0 0.27006800203616493 0.38071638737268004 0.11220023122987133 0.14643185676419818
0 0.905687919494448 0.43892471212599415 0.0869211007460187 0.10729422192770972
0 0.7946795776804769 0.3047395214433132 0.07140385798261537 0.08495921217576097
0 0.024380285169274415 0.627017033338636 0.04876057033854883 0.13528293034392574
0 0.5943686391912946 0.38292651408335987 0.08001088555778502 0.09462384034352792
0 0.3150762075995174 0.49146353071290694 0.0900550908805597 0.11308889434476085
0 0.46724621721045584 0.4518026887332697 0.09699131105805474 0.1243932247622892
0 0.1758731874731294 0.5969402766947715 0.09166960085908267 0.11037497334499946
0 0.8154878861390769 0.6833372361154947 0.1089323439616777 0.14180678668045382
0 0.646290744572933 0.15292138808876865 0.08844694460908258 0.11033747434456198
0 0.470840449458917 0.7113776834022696 0.09666376243753572 0.1181432247622892
0 0.08100774480007569 0.5723846246817266 0.09696696708192701 0.11834194626232897
0 0.3330836584131715 0.2970231873806342 0.08322289066011042 0.09632035926061881
0 0.4687600503179997 0.6019117767345423 0.08604468601571931 0.09615800042766995
0 0.49522621155624635 0.17148848006840595 0.08515305235162743 0.10707845542747108
0 0.7175903759623117 0.5227259054344044 0.13826476424655815 0.16703525810092543
0 0.39356197648271 0.6346510040579064 0.08061010063295485 0.10419528917687444
0 0.3723298648810352 0.3834697647199067 0.0697697067218769 0.08357384334221551
0 0.49949987449197353 0.3435180214035422 0.07021579863446163 0.08836127225890866
0 0.12906570726083316 0.7144363120225898 0.04514055553186669 0.05683855225572696
0 0.4873706094539683 0.530209499403224 0.051425550655669026 0.06130353617321553
0 0.24286925769037446 0.6610396867043165 0.0950142573352104 0.11646488717874384
0 0.26301026006522366 0.8137107007081343 0.10062852103089917 0.1323408800127268
0 0.03867748190977692 0.4851204346753633 0.07031857283165732 0.08846006484225519
0 0.0016218996468534835 0.8205670386696362 0.003243799293706967 0.09718762850592597
0 0.10055892695767983 0.661728935351681 0.06156354004109836 0.07410907300783479
0 0.6132216220055827 0.8435827507558595 0.08256114936653773 0.11348967792707328
0 0.8407932598380811 0.39439291478354005 0.09664287539546983 0.11960693217894267
0 0.05005323665947531 0.7901261080124085 0.06181943740087881 0.07899188550783479
0 0.44480240841317153 0.2983231527291335 0.07886293928062944 0.10251581525998255
0 0.6210938342391976 0.559125934754905 0.05654378872666719 0.06585254034054522
0 0.7853532445729331 0.1545395267743132 0.08830447259417244 0.10389443451125517
0 0.9368383429456248 0.545601973464312 0.0789925384437538 0.16644316000954512
0 0.5399003086857427 0.8106787967456782 0.0750410679554598 0.0929068674261984
0 0.07869721506274927 0.7208857593491357 0.06146588379109834 0.07410793667448826
0 0.3862452007021125 0.4610226000556793 0.06211240615087883 0.07899529450787454
0 0.8658518928093393 0.28915143145285815 0.08295634215265543 0.09309656667727229
0 0.24773822139432733 0.5532180960375437 0.0767779934133939 0.09439102884309047
0 0.5945711985544058 0.7370509400859051 0.07372934736804453 0.09767384234265286
0 0.6656273270031084 0.7535122814289956 0.07323802443726599 0.08829884234265287
0 0.6802352973773236 0.25103217142740475 0.07514896009985109 0.09310331625954502
0 0.7993095239715753 0.23131111211008584 0.04984340937345344 0.05718606500636332
0 0.08508217039895913 0.40514258068109027 0.07309513716907245 0.08371013492599957
0 0.033147575333893675 0.337209646005727 0.06629515066778735 0.10549777409392566
0 0.42570052634642436 0.37940043006045177 0.04355205054260516 0.058186422088834976
0 0.850701605608781 0.20533041478354006 0.05636894801544941 0.06624089267385198
0 0.4127833672558843 0.5363771360598154 0.07385854180778502 0.09455225134269263
0 0.5714611629357274 0.17862936541213276 0.07253105212549968 0.10088058992580073
0 0.9431348513133677 0.753614468133312 0.041014503618044526 0.09729317067154533
0 0.7442867520361649 0.3862344221037225 0.08364297758343398 0.10247383934396534
0 0.022918563716324836 0.7364738493395906 0.04583712743264967 0.09146134134309047
0 0.64097032225341 0.44835206675681405 0.07335615247604857 0.08869060367599957
0 0.8933672246736876 0.688933802792767 0.07987670807864333 0.11999742034332908
0 0.30184478799352776 0.7141015993793615 0.06382844456674715 0.08194316334142009
0 0.0020898255885411464 0.5290789726686818 0.004179651177082293 0.08472044533736352
0 0.30975354251608356 0.5930260307129069 0.08010854180778511 0.09462497667687444
0 0.742032612506186 0.23533499343567713 0.05688157324157732 0.07229785284054513
0 0.20599553595736286 0.3354124306969986 0.05709223958316416 0.07259309425723828
0 0.2556480551792397 0.2531271893698165 0.10293976742679725 0.11684989892981754
0 0.7103975101767653 0.16773841343090462 0.05040679881825394 0.06607392008970994
0 0.5324075497521727 0.40174869207508745 0.056564260515449584 0.06624316534054504
0 0.7328734599743665 0.6487616941040407 0.07530761646291495 0.09613066000954511
0 0.10794762381460506 0.78923631735359 0.07496941669472124 0.09153967992619841
0 0.9671510419502567 0.39977185280072114 0.02989746021291495 0.09560226500338054
0 0.1848110962249852 0.6650544773631349 0.03856812485854331 0.05061348317154533
0 0.8410500508838264 0.8071474534531763 0.07177718778240631 0.11629209609225519
0 0.9311427001362855 0.2664593661282214 0.059689260515449406 0.06627952800763595
0 0.6539605659218319 0.6181378554264503 0.06339770649574898 0.07744870317472703
0 0.13917985018171408 0.34245222402131714 0.06313669118877296 0.07246823442472686
0 0.9514176628241856 0.8342286688016756 0.01158595318850324 0.04229658800127254
0 0.953157141000317 0.3386343581317212 0.06388391147933206 0.08672604692472685