0 0.725461357277329 0.6531850174251776 0.08281434523075966 0.10399770401018138
0 0.8556276510442629 0.29017758211326755 0.11841482277271567 0.12314542068148793
0 0.3934595377668712 0.30977772605027043 0.09825277427621479 0.09656687517902221
0 0.6742000522890182 0.2857247974219959 0.07546320988285889 0.0881058025093461
0 0.2592182827924937 0.5056976586966805 0.0569038056293639 0.07237619142365297
0 0.16429686910018362 0.5303516660168628 0.10118583693238983 0.11982269867918127
0 0.5994791977342037 0.6696719887412239 0.07673419805710147 0.0868521799261984
0 0.9546636052027365 0.6597548327895852 0.08388990557807965 0.09630217792707345
0 0.4719155018740998 0.2841515647278608 0.06976640308798814 0.07730679834201659
0 0.7576171261491534 0.3358707954328136 0.09114449561945541 0.09160565567810738
0 0.9499696468950779 0.29908096212599417 0.0758258073414833 0.0928909587593461
0 0.11102127159433892 0.7131636186744087 0.07698433936945541 0.09144088734285187
0 0.7435089271887719 0.4278128474299502 0.09231514434905783 0.10576694826145391
0 0.30879499814912215 0.6655090107017712 0.06671091646968996 0.07561255209161892
0 0.7480243641258062 0.7346259214274047 0.06024631797376952 0.07270779550743711
0 0.29054987055007614 0.43503117003499836 0.08580614616432616 0.10227625417727229
0 0.7023762869416785 0.5030486574235867 0.06618854932749904 0.07258179934157916
0 0.15274590769224738 0.6457403086807721 0.08129333107108563 0.10710225000994278
0 0.37678705893700287 0.6460055800445434 0.09207688908448919 0.10391034317810739
0 0.08341464461999283 0.5754636240054088 0.08729173283448921 0.10385466284412459
0 0.28847176537056163 0.726936859365044 0.059325810556520954 0.06313521034074406
0 0.24487697595330524 0.8005828973583625 0.0887298906404335 0.10094429301101648
0 0.8919636182749912 0.7284951947803584 0.10855142619579325 0.11659102018021521
0 0.8351160867318972 0.41092588677590414 0.11017492868588477 0.13544094909690846
0 0.5072521184754837 0.4414555347310425 0.0787569517657257 0.09165665384309048
0 0.5362632670209468 0.3504674554025877 0.08713924777213541 0.09926709176081765
0 0.7963155410908633 0.49633612810308614 0.06826601652155481 0.07553307717516447
0 0.5846667234545055 0.43298960140831466 0.07344191309847722 0.08203293367580074
0 0.4738844340372491 0.5058538420591792 0.06493976099766208 0.07412839067472703
0 0.19105843341254927 0.40967608668840805 0.09867614357108563 0.10730451734563573
0 0.9085176979346963 0.3907048407860854 0.0823200056299445 0.09618634034352791
0 0.9642396326912804 0.21424288546303946 0.07152073461743917 0.08850672292727228
0 0.533049636946323 0.689193600731997 0.061737847667825106 0.07565225534094289
0 0.8767628255337424 0.6206008787794038 0.07974079888693844 0.08532604259328931
0 0.09467606641018003 0.8167880580044544 0.0692413527511572 0.08969209709181776
0 0.47657449399993723 0.6752669133911338 0.05991186338344327 0.06958165917409058
0 0.8142278593519213 0.650315103437268 0.07964785939043359 0.10083861400978371
0 0.6443852655710542 0.44851515141626896 0.06509964600815117 0.07881361800803362
0 0.6733795616362952 0.7384407174172234 0.09509234678670389 0.101213467178545
0 0.9070941400466006 0.21740370078767626 0.06351640308798814 0.07723407300783487
0 0.6157023132866805 0.3584168627466327 0.06472370557749904 0.07256475434138032
0 0.6808457516736072 0.5691458247533141 0.06383011475815117 0.07879884567452819
0 0.4188310037481996 0.5621942013844522 0.09541200148075948 0.10414429101189153
0 0.6324843037389108 0.1884498080839961 0.08933522946327663 0.11022050042766995
0 0.761622154992955 0.5638412540976774 0.0835406510914833 0.09298072909372675
0 0.5962968433798818 0.7718884694064057 0.09475532432866025 0.1199430131783064
0 0.356144517445154 0.7238214973742709 0.06830750236188088 0.07865580450847105
0 0.23491979026567092 0.6794800566915897 0.07815015601864025 0.08364884134309047
0 0.500250637571023 0.7816987267265881 0.11109071934963843 0.12949982651376074
0 0.18275456163629522 0.7327317786839538 0.06577595513693849 0.08516354692472686
0 0.2313435817575197 0.6013823286919079 0.0685383576783142 0.08041475334181776
0 0.17394916931460944 0.8122465560152721 0.06171116172376952 0.07272484050763595
0 0.3646870327924937 0.506924898710998 0.058466305629363904 0.07239437275719851
0 0.44205317096499464 0.4360135093889065 0.054548054254656184 0.06317718625676108
0 0.3109080695104577 0.3431618433720437 0.07383119650115715 0.0897455047591075
0 0.5889846027039367 0.28395266474376923 0.07033765601864025 0.0835579346753633
0 0.5280112139067359 0.26216802406904227 0.06648891802563436 0.07268286459161892
0 0.563917438186434 0.4990958594048148 0.06513507349766208 0.07413066334142009
0 0.7716661255244537 0.24314749343567713 0.06709425684847722 0.08195907200827239
0 0.6230090182703466 0.5372503874124509 0.07549875269929238 0.08986247867599957
0 0.3653839271887719 0.42341296471195244 0.07383859644929239 0.0898431610091075
0 0.4127981817621641 0.7916089813812706 0.06846144434847723 0.0819749806751247
0 0.9845199343555986 0.5877712921307667 0.030960131288802727 0.09464763492599956
0 0.5302062116316508 0.5486595073997241 0.0512765122161948 0.0599193036730167
0 0.4306383838228234 0.22356805338954286 0.05873998838344345 0.06956802317393151
0 0.9954229294814677 0.6909871987984939 0.009154141037064533 0.07577036559118148
0 0.30860389876917765 0.5702783267027256 0.08944768560954693 0.11041694926101649
0 0.7083606421211931 0.21118842142740477 0.0766083989388033 0.08519202367619841
0 0.460884758722577 0.365201570058861 0.07648999976864027 0.0836295236761984
0 0.6107942834171937 0.6026753927434509 0.05430385596619498 0.05995453000676108
0 0.9595725576876031 0.46701334945890327 0.0722701534254 0.08845892850890884
0 0.9948766325910341 0.4973190147994485 0.010246734817931724 0.08810673358927232
0 0.3308261313472456 0.7914357113701347 0.07405465186945541 0.0914067973424542
0 0.8775072641211619 0.5480173541135857 0.05968100806701031 0.06782271034074405
0 0.9298393587272213 0.5587735881205853 0.06913035352912936 0.08822725334181776
0 0.564610642121193 0.20951573874122387 0.0632514618793639 0.0724500530911815
0 0.6843698029137182 0.3787299100890868 0.07157310137644934 0.08054763592556213
0 0.6606292626712692 0.6422833327498144 0.06171710474766208 0.07409089167428942
0 0.8080622149556431 0.7337634027689044 0.06542670065034209 0.08184209809138032
0 0.5505555230442314 0.621488480068406 0.06306354932749905 0.07254543667448825
0 0.07051374814912217 0.6627363573360908 0.04550010889684701 0.0660965783388349
0 0.8999491039533366 0.47334461811740364 0.06673905933798814 0.07727157200827221
0 0.8262174512586886 0.5716179387730406 0.056689207133443276 0.06954416017365314
0 0.23279472490439806 0.33210561736154415 0.07144730225815117 0.07888747967556213
0 0.49096703549178605 0.5973782707272244 0.07764584860197239 0.09759550375954511
0 0.47869645290907376 0.18822144672976984 0.07372019727912935 0.08828066100910754
0 0.06759150292300697 0.7477835193348181 0.027676559337988182 0.07681703866963616
0 0.9672363054125179 0.7535684674569942 0.05863347526106573 0.07073762550723828
0 0.40804594648480386 0.4816709073838158 0.05447842554603177 0.058395439006800845
0 0.570334304163118 0.5631765407383604 0.04799162720570589 0.05519771367261903
0 0.993420315070356 0.3044229901336302 0.013159369859288006 0.11139651025421574
0 0.41942576744515403 0.7245578413828614 0.06662066016782511 0.07570907200827222
0 0.974948955813213 0.3837832261298122 0.050102088373574105 0.08373961117520415
0 0.8168709591328511 0.18044804610913134 0.06683671558798814 0.07727270834161892