0 0.2086116390625 0.6143468828125 0.210060671875 0.6148679609375 0.23884322343750003 0.6157054484375 0.253168253125 0.6051942640625 0.25883653125 0.592081259375 0.2605653296875 0.5780177953125001 0.2601171296875 0.56518305625 0.25004578125 0.5437150484375 0.23489510937500002 0.5289067203125 0.23089754375 0.5261781328125 0.22308504375 0.5259508109375 0.211548925 0.5308396875 0.1982423109375 0.5409015859374999 0.19358778593749998 0.5472968296875 0.191162165625 0.5708918875 0.1953227765625 0.5969804546875 0.2086116390625 0.6143468828125
0 0.295810446875 0.5691862234375 0.3041870140625 0.55702978125 0.3075063609375 0.5459662140625 0.309085528125 0.537096684375 0.30837936250000003 0.5168747609375 0.3036816640625 0.502764353125 0.2821290453125 0.486744925 0.2645509203125 0.4862334546875 0.2473996171875 0.5027197203125 0.24573244062500002 0.5340128984375 0.25449256875000004 0.559923896875 0.269426134375 0.5699679703125 0.2760519703125 0.571521653125 0.2922845890625 0.571993975 0.295810446875 0.5691862234375
0 0.36356258750000003 0.5927255312499999 0.3715577171875 0.59818270625 0.378594009375 0.6010408328125 0.39890198906249996 0.601631734375 0.4047608421875 0.59914881875 0.4150921109375 0.5876942109375001 0.420586225 0.5774049906250001 0.4226129078125 0.569790415625 0.42165067343749996 0.5422356140625 0.419033865625 0.5329512203125 0.41178700937499996 0.520985140625 0.3996116828125 0.507569521875 0.38966342656249997 0.5020555140625 0.37599155156249997 0.501657703125 0.36073181249999997 0.5116627734375 0.3469508703125 0.536078359375 0.3479553390625 0.5648425625 0.350182409375 0.572744178125 0.36356258750000003 0.5927255312499999
0 0.277269575 0.677699121875 0.3111888234375 0.678686071875 0.31225655625000004 0.6781350234375 0.32249650937499996 0.6640654859375 0.3242652921875 0.6588974640624999 0.32326054531250004 0.6301252828125 0.309882359375 0.6101469015625 0.299934103125 0.6046328953125 0.290168478125 0.6043487437499999 0.2728642984375 0.611682059375 0.26634796562499996 0.6206354000000001 0.2642891125 0.6333757375 0.26459656875 0.6487587078125 0.2646013453125 0.648895465625 0.2687486 0.6682259562499999 0.277269575 0.677699121875
0 0.3506443828125 0.698565059375 0.3757854421875 0.6992965890625 0.38564304531250004 0.6928334390625001 0.392159378125 0.6838800968750001 0.395005359375 0.6731872890624999 0.39448029687499997 0.6581514562499999 0.3908809640625 0.647271109375 0.37954522812499997 0.6299615125 0.36559940625 0.62171891875 0.35778690625 0.6214915984375 0.3462507875 0.6263804734375 0.33591951875000003 0.63783508125 0.3305167203125 0.6507392296875001 0.33142987343749997 0.67688850625 0.342765609375 0.6941981015625001 0.3506443828125 0.698565059375
0 0.41602877187500004 0.6069975453125 0.41563443906249997 0.6269706453125 0.427023203125 0.6432779375 0.4363790625 0.6464277515625 0.45353066093749994 0.6469268125000001 0.4600819859375 0.642631425 0.470230625 0.6259469609375 0.4735889828125 0.61037105625 0.47108796562500005 0.594624659375 0.46263625937499997 0.5760928453124999 0.4536189078125 0.5692997906249999 0.4361320984375 0.571403246875 0.42654910468749996 0.5763489515625 0.4201240859375 0.5879172203125 0.41602877187500004 0.6069975453125
0 0.4218776828125 0.72934624375 0.43462686718750004 0.735348771875 0.4496716140625 0.7357865296874999 0.45752370000000003 0.72721390625 0.46470780312500004 0.722222359375 0.46527694375 0.7187601875 0.46367816250000005 0.67297708125 0.44715437187499996 0.6537686093749999 0.42762312187499996 0.6532003078125 0.4218550625 0.6556447484375 0.41236338281249996 0.6632053796874999 0.407708859375 0.6696006234375 0.4041678703125 0.6799466734374999 0.4048983921875 0.7008660953125 0.40730809375000004 0.7139975640625 0.41037475468749995 0.7180052 0.4218776828125 0.72934624375
0 0.490432078125 0.7192082906249999 0.510908440625 0.7182432546874999 0.5187303828125 0.7206258984375 0.538532534375 0.7212020828125 0.5435494656250001 0.7037740875 0.5440953875 0.69619234375 0.5433481437500001 0.67479406875 0.5396787203125 0.6488037765625 0.5263898578124999 0.631437353125 0.516441603125 0.6259233453124999 0.5026784125 0.6229106062499999 0.4892804828125 0.6303575796875001 0.48090233906249996 0.6418690171875 0.4722324984375 0.672964 0.47528140625 0.7043999624999999 0.48252826249999997 0.716366040625 0.490432078125 0.7192082906249999
0 0.467034259375 0.590288375 0.47557728125 0.611435115625 0.486639071875 0.620899928125 0.49478637656249996 0.6247135453125 0.508449409375 0.6251110984375 0.52365713125 0.619364775 0.5357588953125 0.6027371390625 0.5371641281249999 0.587104403125 0.532436040625 0.5634563953125 0.517194053125 0.5460331375 0.5073371140625 0.5431340625 0.485944053125 0.54512385625 0.47188916562500005 0.5616946609375 0.46834817656250005 0.5720407109375001 0.467034259375 0.590288375
0 0.539102034375 0.5867254187500001 0.5396499265625 0.602414984375 0.5439214375 0.612988353125 0.5572102984375 0.63035478125 0.559805859375 0.63128815625 0.58286400625 0.6319590796875 0.59023079375 0.6260910375 0.5966558125 0.6145227671875 0.5978784140625 0.5936601765625 0.5953773984375 0.5779137796875 0.5911058875 0.5673404093750001 0.5839503453125 0.5579892578125001 0.5680514 0.5496898328125 0.5602389 0.5494625109375 0.5407812125 0.5789374640625 0.539102034375 0.5867254187500001
0 0.6056124109375001 0.714560828125 0.6039002499999999 0.665530934375 0.6016002546875 0.6625252078125 0.5816124281249999 0.648882265625 0.5679405531249999 0.6484844546875 0.5501620453125 0.6701714562500001 0.54662105625 0.680517503125 0.5453071390625001 0.6987651687499999 0.5646380062499999 0.7215319390625 0.5700729640625 0.725241640625 0.597263 0.7260327890625 0.6056124109375001 0.714560828125
0 0.5988266546875 0.60963954375 0.5936978015625 0.630388478125 0.5945196390625 0.6539228265625 0.6037196203125 0.6659457375 0.6051890953125 0.6669487453125 0.6202574125 0.6673871890624999 0.6263700203125 0.6654291046874999 0.65347865 0.6660874390625 0.6604693125 0.6427804109374999 0.659921421875 0.6270908453125 0.65769435 0.61918923125 0.6423610484375 0.5991510484375 0.6285065421875 0.5935233828124999 0.6206940421875 0.5932960625 0.6053429890625 0.6006862046875 0.5988266546875 0.60963954375
0 0.6049388625 0.5891135328125 0.609002990625 0.5905750125 0.6320369 0.5912452312500001 0.643727415625 0.5824053546875 0.6594614828124999 0.5580465968749999 0.660731775 0.54972429375 0.6599829890625 0.5282818875 0.6582743843750001 0.5240525390624999 0.6449855234374999 0.506686109375 0.6308570718750001 0.4932136625 0.61123450625 0.4900304328125 0.5976539468750001 0.49224755 0.5835990578125 0.5088183546875 0.5786416734375 0.523302825 0.5795456953125 0.5491906109375 0.5834722390625 0.561060075 0.6049388625 0.5891135328125
0 0.4717831 0.55224225 0.47671425625 0.5490091296874999 0.4852597546875 0.5345830312500001 0.487781990625 0.5139454453125001 0.487381015625 0.5024630265625001 0.4861633890625 0.4869090765625 0.4709650734375 0.465409990625 0.44245085156249997 0.46180723593749995 0.42905292343749996 0.46925420781250005 0.42271921875 0.48343740312500005 0.42137587656250003 0.489667765625 0.422558409375 0.5235310796875 0.43058753125000004 0.5411363031249999 0.4383412578125 0.5512691921874999 0.4717831 0.55224225
0 0.5317497 0.465579475 0.523462871875 0.479705840625 0.5200131984375 0.49266681874999996 0.5228794765625 0.518872928125 0.5313311828125 0.5374047421875 0.5384867234375 0.54675589375 0.5482943421875001 0.551346675 0.553792028125 0.551506640625 0.5600624140625 0.5499959515625 0.56955409375 0.542435321875 0.5760704265625 0.5334819796875 0.5813819109375 0.5179629015625 0.5803774421875 0.4891986984375 0.5782416875 0.4839120140625 0.565044140625 0.4691605140625 0.555095884375 0.463646509375 0.537517759375 0.4631350375 0.5317497 0.465579475
0 0.6201113390625 0.45927557343750003 0.6191103828125 0.43061194374999995 0.6086326265625 0.41691918437500003 0.5968225609375 0.41396327812499994 0.5871482515625 0.416294053125 0.5795183828125 0.4212965890625 0.567325303125 0.43530929374999994 0.5698263203125 0.45105569218749997 0.57409783125 0.4616290625 0.59129294375 0.4791091484375 0.6106415625 0.47444759375 0.6201113390625 0.45927557343750003
0 0.6876144015625 0.49608580468749996 0.697690690625 0.4822411390625 0.70030204375 0.476004134375 0.6995471703125 0.4543874 0.696229646875 0.440402296875 0.6830320999999999 0.42565079843750003 0.67503696875 0.420193625 0.6576414749999999 0.42491200625000003 0.6435865859375001 0.44148280937499995 0.6444997390625 0.4676320875 0.64877125 0.478205459375 0.6559267921874999 0.48755661093749997 0.6689954890625 0.49554405 0.6876144015625 0.49608580468749996
0 0.6589687296875 0.7297148828125 0.674958990625 0.740629234375 0.681420759375 0.742529740625 0.695548378125 0.7429408125 0.715974615625 0.7418226671875 0.7294638609375 0.736990621875 0.749104178125 0.7127455265625 0.751944134375 0.7032770453125 0.750658790625 0.6664696046875 0.7262855781249999 0.6180398296875 0.7150411562500001 0.6033451609375 0.6740255312500001 0.6021517281250001 0.6550421734375 0.6172729921875 0.6503876484375 0.6236682375 0.64367093125 0.6548200484375 0.6450406609375 0.6940439640625 0.647541678125 0.709790359375 0.6518131890625 0.72036373125 0.6589687296875 0.7297148828125
0 0.6701418953125 0.5845268359375 0.679341878125 0.596549746875 0.6837510421874999 0.5989936078125 0.7170440265625 0.5999623359374999 0.73059745625 0.5836736421875 0.73563499375 0.560309784375 0.7331339765625 0.5445633875 0.7278402453124999 0.5326541375 0.7016277828125 0.5083809953125 0.6897264015625 0.5028101625 0.6820052171875 0.50519776875 0.6623649 0.529442865625 0.6616901890625 0.565995021875 0.6701418953125 0.5845268359375
0 0.7017103609374999 0.5051583734375 0.71100165625 0.519796209375 0.7287736312499999 0.5331844 0.7303100812500001 0.5332291062500001 0.74652316875 0.5312788671875001 0.7655978421875 0.518772528125 0.772205490625 0.5124341125 0.77733434375 0.491685184375 0.7762385593750001 0.46030604999999997 0.7739201734375001 0.44978950937500006 0.762675753125 0.43509484218749994 0.754680621875 0.42963766718749996 0.737102496875 0.429126196875 0.7179365078125 0.4390176046875 0.7057434296875 0.453030309375 0.70229375625 0.4659912890625 0.698935396875 0.48156719218750005 0.6994832890625 0.4972567625 0.7017103609374999 0.5051583734375
0 0.7821489078125 0.5792702281250001 0.7838202421875 0.5800525515625 0.8103743046874999 0.5808251953125 0.8152607171874999 0.5776214125 0.8255919859375 0.5661668046874999 0.8309947843750001 0.55326265625 0.8317537093749999 0.5302967562500001 0.8315041140625 0.5231492875 0.82535354375 0.5034653687499999 0.8202424421875 0.496785975 0.8102941875 0.49127196875 0.792807378125 0.493375425 0.7812712578125 0.49826430000000005 0.776616734375 0.50465954375 0.7659065093749999 0.5220242734375 0.76685923125 0.5493066859375 0.7688600453125 0.561903803125 0.7821489078125 0.5792702281250001
0 0.77791466875 0.6703362328125 0.8167945375000001 0.66624298125 0.8306667953125 0.6444423203125 0.8310208937500001 0.6434077171875 0.8298753031249999 0.610602259375 0.8201883999999999 0.5958104234375 0.8101488296875001 0.5876814890625 0.7982474484375001 0.582110653125 0.7865286984375001 0.5817696734375 0.7807606390624999 0.584214109375 0.7741529890625001 0.5905525234375 0.7631647625 0.6111309640625 0.7622161046875 0.6398383375 0.7687146874999999 0.6583133218749999 0.77791466875 0.6703362328125
0 0.7620418015625 0.727037959375 0.7719900562500001 0.7325519625 0.7876150562500001 0.733006603125 0.7991511765625 0.72811773125 0.80394669375 0.7173790265625 0.8032037796875 0.69610471875 0.8028012328124999 0.6929582812499999 0.7985297203124999 0.6823849109375 0.7937211859375 0.6742718515624999 0.785332175 0.6676334125000001 0.769707175 0.667178771875 0.7563092453125 0.6746257453125 0.7535165312500001 0.678462890625 0.7538817921875001 0.6889226015625 0.7588838250000001 0.7204153953125 0.7620418015625 0.727037959375
0 0.8223038421875 0.656388775 0.8232169953125 0.6825380515624999 0.8299895234375001 0.7088578171875 0.845322825 0.7288960015625 0.85676400625 0.7367053218749999 0.885185590625 0.73753230625 0.8922891406250001 0.732874853125 0.900667284375 0.7213634140625 0.8991149249999999 0.67690964375 0.8948434140625 0.666336271875 0.8775569859375001 0.6462412578125 0.8596136 0.6352700765625 0.8380379093749999 0.63203001875 0.834222975 0.6345312843750001 0.823983021875 0.648600821875 0.8223038421875 0.656388775
0 0.853340796875 0.61208586875 0.8634561015625 0.618270703125 0.8916133546875 0.6190899953125 0.8925859265625 0.618452328125 0.9099078578125 0.5836906875000001 0.9113369359375 0.5743280953125 0.910457265625 0.5491376265625 0.9041753031249999 0.5312784749999999 0.8970197609375001 0.5219273234374999 0.8789850593749999 0.5083412109375 0.8633600593749999 0.5078865703125001 0.853777065625 0.512832278125 0.8379516828125 0.5345761046875 0.8310467546875 0.554750903125 0.8319964343749999 0.581946153125 0.838190125 0.597277540625 0.853340796875 0.61208586875
0 0.8150327546874999 0.48728342343750003 0.8261858609375 0.499363165625 0.83059503125 0.501807028125 0.8555723546875 0.5025337953125 0.868880665625 0.49276864375 0.8753970000000001 0.483815303125 0.8764481343750001 0.4692171734375 0.8759093734375 0.45378909843750004 0.867620003125 0.42873133125 0.8605557781250001 0.4219951046875 0.8289405171875 0.4106261125 0.8211280171875 0.41039879062500007 0.8173130828125 0.41290005937499996 0.807073128125 0.42696959687499997 0.8021157437499999 0.44145406718749997 0.8022435859374999 0.445114965625 0.804171346875 0.4556201390625 0.8150327546874999 0.48728342343750003
0 0.799840571875 0.39585730468749997 0.8109936781249999 0.40793704531249997 0.820851934375 0.41255152968750003 0.8295696124999999 0.41280518749999995 0.8423349921875 0.41146125468749994 0.8556416062500001 0.40139935624999995 0.862157940625 0.3924460140625 0.8670268 0.37822019375 0.8654921968749999 0.33427488125 0.8567170828125 0.32045025625 0.8466775125 0.3123213234375 0.822233021875 0.3067173296875 0.8117038921875 0.3165282375 0.7996021296875 0.333155871875 0.796061140625 0.343501921875 0.7927027828125001 0.3590778265625 0.7932506734375 0.3747673921875 0.795569059375 0.38528393437499997 0.799840571875 0.39585730468749997
0 1 0.2886386390625 0.9983768718749999 0.2881612515625 0.9928816046875 0.28800135625 0.9420284390625 0.29384571249999997 0.9382135046875 0.2963469796875 0.9286127578125001 0.32872100937500004 0.929069334375 0.34179565 0.9335234765625 0.357598875 0.9503355750000001 0.3920475765625 0.957491115625 0.40139872812500005 0.9654862468750001 0.40685590468750005 0.9702688374999999 0.4090945546875 0.990914096875 0.40969527031249997 0.9986893718750001 0.40782201718750005 1 0.40709353125 1 0.2886386390625
0 0.8799839531250001 0.4657072234375 0.88248496875 0.4814536171875 0.9021810968749999 0.5146800984375 0.9034083796875001 0.5148520671875 0.932565546875 0.5157004546875 0.9546415265625001 0.5083697296875 0.959387365625 0.5045894140625 0.9630849859374999 0.491744496875 0.9612891187500001 0.44031758437499996 0.9610107343750001 0.43932988437500003 0.9567392234375 0.42875651093749995 0.93936148125 0.40604656875 0.9353639156250001 0.403317984375 0.929413225 0.40053256406250004 0.9196476 0.4002484125 0.9021607906250001 0.402351871875 0.8955531406249999 0.40869028281249997 0.88279441875 0.43444174999999996 0.8799839531250001 0.4657072234375
0 1 0.527681109375 0.9865546734375 0.5101102078124999 0.9766064171875 0.5045962015625001 0.9629345421875 0.5041983906249999 0.9571664828124999 0.506642828125 0.9400449343749999 0.5192059953125 0.9335286 0.5281593375 0.930916996875 0.5539448265625 0.9310783203125 0.5585645312499999 0.9373993468749999 0.5831296484374999 0.9629086359375 0.6071162640625001 0.9895899203124999 0.6078926109375 0.9918864640624999 0.6069193609375 1 0.6001689703124999 1 0.527681109375
0 1 0.4188449171875 0.9932772453125001 0.4232527015625 0.988027603125 0.42499898593749996 0.9835013859374999 0.4424863046875 0.9837678140625 0.45824165937499994 0.9880220984375001 0.480004525 0.9993060578125 0.49110689531249996 1 0.49112708749999995 1 0.4188449171875
0 0.9596480171874999 0.695038696875 0.9653247609375001 0.6899793328125 0.9773352093750001 0.6707367703125 0.9807848828125 0.6577757921875 0.9800543609375 0.63685636875 0.9757828500000001 0.6262829984375 0.96658286875 0.614260090625 0.9491380656249999 0.6035937578125 0.9326990078125 0.6031154296875 0.9159842484375 0.6180123609375 0.904065115625 0.6398698515625 0.9006154421874999 0.6528308265625 0.9008893890625 0.6606756109374999 0.9075706015625 0.6843804515625 0.920768146875 0.699131946875 0.9324731171874999 0.7030072484375001 0.9345486609375 0.7030676406249999 0.948111896875 0.69992756875 0.9596480171874999 0.695038696875
0 1 0.6634969374999999 0.997640228125 0.661335740625 0.9705704234375 0.668384903125 0.9584686609374999 0.6850125359375 0.95992970625 0.726851378125 0.9732185671875 0.7442178046875 0.985302578125 0.7550184953125 0.99076113125 0.7562133640625001 1 0.7564821875 1 0.6634969374999999