0 0.06223022408664934 0.80390625 0.12132055366622796 0.12353515625
0 0.3864182810310581 0.6578125 0.062157443494671935 0.07197265625
0 0.6086908292782365 0.6609375 0.10686582285721986 0.11875
0 0.4634218688058921 0.76875 0.07834254382053948 0.078125
0 0.3023824432339315 0.50234375 0.106216845343112 0.103125
0 0.3640241144015456 0.73203125 0.09090904545823655 0.0921875
0 0.5949002590539108 0.56328125 0.06499293636826113 0.07041015625
0 0.3080470441995124 0.67890625 0.08192973789083383 0.09541015625
0 0.21540760999719916 0.6953125 0.08572794677006615 0.10009765625
0 0.5697539477497406 0.76171875 0.1142451775790743 0.1048828125
0 0.06942363192976139 0.70078125 0.07336553669412862 0.0765625
0 0.14502787756999996 0.753125 0.07870918746098807 0.0779296875
0 0.3683160661989523 0.81796875 0.07372500708182575 0.090625
0 0.33089314503133815 0.58828125 0.0686780366941286 0.0765625
0 0.016448513042960636 0.6828125 0.03289702608592127 0.09365234375
0 0.013886500456398457 0.7640625 0.027773000912796914 0.0716796875
0 0.2648884433676867 0.76953125 0.082438788882369 0.08603515625
0 0.7382033249630602 0.80234375 0.11689005037690095 0.1232421875
0 0.19045114952485473 0.803125 0.08436075927006614 0.10009765625
0 0.5031163074348444 0.83359375 0.08817120883464717 0.09375
0 0.26480236433466803 0.5984375 0.08873130916051472 0.09990234375
0 0.43047390392920126 0.83984375 0.05476486729239376 0.0642578125
0 0.3816585484923962 0.49296875 0.07180303669412869 0.0765625
0 0.10061724593004147 0.63125 0.07653998021945281 0.0873046875
0 0.6698765661543672 0.72890625 0.1007446337195228 0.1046875
0 0.44382038631181525 0.69296875 0.08245077956214467 0.0861328125
0 0.5395699739974793 0.62578125 0.0742340580733611 0.08125
0 0.03954228100876554 0.61328125 0.059522580559253115 0.065625
0 0.4419681099526141 0.60625 0.0822469380059582 0.08447265625
0 0.39148748273929457 0.565625 0.06250517320816647 0.0748046875
0 0.30699486444613067 0.82109375 0.06848618581771788 0.075
0 0.1704065792113589 0.52734375 0.07732790346105811 0.0953125
0 0.1442723205141286 0.6765625 0.07013435138794218 0.07490234375
0 0.5103502547387344 0.7046875 0.07265956739358526 0.08115234375
0 0.5063173862449377 0.559375 0.08252099282900413 0.0875
0 0.19429801345825726 0.6 0.07403874557336101 0.08125
0 0.44239135114392114 0.5328125 0.06721344294970173 0.0654296875
0 0.48373136873901446 0.63515625 0.05748218418002082 0.0609375
0 0.13433861444613066 0.82109375 0.05398547310697488 0.05791015625
0 0.5850793249853526 0.846875 0.06821213099467194 0.07197265625
0 0.833392206536141 0.790625 0.0521334659805639 0.05634765625
0 0.8395888206032985 0.8546875 0.0522311222305639 0.05634765625