0 0.5151036460843981 0.71875 0.12457473057885 0.153125
0 0.4673877759020259 0.57265625 0.13125016875983525 0.1578125
0 0.13435103679778918 0.64765625 0.13045454645226337 0.1673828125
0 0.2514128506597596 0.65703125 0.12488613251274065 0.15478515625
0 0.4489059376506389 0.43125 0.10202377134073952 0.11552734375
0 0.6373400069604909 0.478125 0.10917789406758587 0.13125
0 0.596829257464694 0.625 0.11545110285490914 0.134375
0 0.21237249397104066 0.56796875 0.05783686525791225 0.0673828125
0 0.14597086985339608 0.825 0.10415783653316768 0.12509765625
0 0.7882787021526984 0.78203125 0.08658252494435104 0.1
0 0.24673143245485876 0.4671875 0.11554193031468038 0.13427734375
0 0.22629750822099864 0.8453125 0.07162273100773371 0.084375
0 0.5528325110709902 0.90078125 0.08753583315975426 0.11083984375
0 0.6440098960843981 0.71875 0.071750424835286 0.08759765625
0 0.3471734648900471 0.61875 0.09693609513387376 0.11259765625
0 0.9153871413928212 0.9015625 0.07021796241283837 0.0908203125
0 0.4910319975773369 0.84375 0.08386452994144573 0.10302734375
0 0.7123828376703093 0.746875 0.08064187369144556 0.10302734375
0 0.28798912504917623 0.7890625 0.09923815766538642 0.12177734375
0 0.7705281094618359 0.896875 0.04801594070624056 0.06240234375
0 0.7664040661308844 0.6703125 0.09536676634364483 0.1125
0 0.3618529599463685 0.728125 0.08531982248457988 0.10009765625
0 0.893605340520301 0.80234375 0.08576164066265975 0.1078125
0 0.43344373668157365 0.76875 0.08187864494725634 0.09697265625
0 0.41561673433578517 0.86015625 0.0598295790423304 0.07353515625
0 0.33671583817451245 0.89375 0.08911676634364492 0.1125
0 0.7165136907527321 0.56015625 0.09057000569998319 0.1109375
0 0.6332687740604405 0.8109375 0.07498946108238051 0.090625
0 0.8385679152780346 0.88671875 0.09236740698440116 0.11708984375
0 0.6745818249329607 0.91015625 0.08934689202463009 0.1171875
0 0.17578369201323973 0.92734375 0.08455977358238065 0.090625
0 0.12150183951189475 0.50859375 0.09166542554778392 0.10146484375
0 0.21570993346326492 0.7609375 0.07142058971750487 0.08427734375
0 0.07570229249777236 0.75859375 0.05515756232321789 0.1421875
0 0.0628695207062458 0.60859375 0.049031240771724736 0.12021484375
0 0.2379394845878867 0.93359375 0.06039226225773362 0.084375
0 0.72184495500269 0.8375 0.04302319833273778 0.056640625
0 0.5585483714428799 0.51328125 0.07287382907384306 0.08271484375
0 0.3729715043626009 0.49609375 0.0711904640365196 0.07958984375
0 0.06921698173789508 0.878125 0.021511417177275984 0.0841796875
0 0.039771238271057496 0.45703125 0.02337567690975433 0.11083984375