0 0.1137578203125 0.9129201703125001 0.11508828281250001 0.9137305671875 0.143230771875 0.9132393375 0.14500782031249998 0.9123746984375 0.1542383890625 0.8978050890624999 0.1581738828125 0.8793983187500001 0.1557003234375 0.8558639703124999 0.1529226796875 0.8480532796875 0.1381660671875 0.8286629187500001 0.125622796875 0.8210226875 0.115857171875 0.8211931484375 0.099653246875 0.8345746125 0.0934751640625 0.8595698390625 0.09539904375 0.8778743328124999 0.10095433281249999 0.8934957156250001 0.10818790781250001 0.9064680781250001 0.1137578203125 0.9129201703125001
0 0.0935129515625 0.7407816281249999 0.0893026171875 0.756573471875 0.089273371875 0.7749120578124999 0.09482866250000001 0.7905334390625 0.11321668437500002 0.8072406875 0.1257599546875 0.8148809187499999 0.1394318296875 0.814642275 0.160960071875 0.7867593859374999 0.16517040624999998 0.77096754375 0.16574933281249998 0.7578588125 0.1618723265625 0.7395884109375 0.1568667171875 0.7291968859375 0.1404318203125 0.71245554375 0.13625072968750002 0.7099088015625 0.12843822968750002 0.71004516875 0.099951253125 0.7275706234375 0.0935129515625 0.7407816281249999
0 0.0977282484375 0.840461359375 0.0966808015625 0.8304955796875 0.09161204843750001 0.78971634375 0.0844963265625 0.8039288499999999 0.08731365468749999 0.83073393125 0.09409929375000001 0.8405247031249999 0.0977282484375 0.840461359375
0 0.08387343750000001 0.676993021875 0.074917709375 0.69417755625 0.0737891046875 0.7020564312500001 0.0751633046875 0.71513106875 0.08044375468750001 0.7281375234375 0.08824163125 0.7371704484375 0.0995709984375 0.7418111 0.10047385 0.741795340625 0.0944782046875 0.6754980515625 0.09099502968749999 0.67465003125 0.0886030578125 0.674691784375 0.08387343750000001 0.676993021875
0 0.09816982656249999 0.6604364953124999 0.104078715625 0.6560706421875 0.10995271250000001 0.6467990734375 0.1101632296875 0.64600948125 0.10588946875000001 0.6053473578124999 0.104441290625 0.6036698140625 0.09162318124999999 0.593414653125 0.07990443124999999 0.5936192046875 0.067042453125 0.6108719234375 0.0659138484375 0.6187508015625001 0.067837728125 0.6370552968750001 0.07061537343749999 0.6448659859375 0.080641215625 0.6564797453125 0.08903354687500001 0.6605959703125001 0.09816982656249999 0.6604364953124999
0 0.12746687031249998 0.6970799296875 0.134729690625 0.6917137078125 0.139261059375 0.6845613546875 0.13640272343749998 0.65736610625 0.1359021640625 0.6563269546875 0.1258763203125 0.64471319375 0.1122044453125 0.6449518375000001 0.104941625 0.650318059375 0.09934246875 0.6622045562500001 0.1012663484375 0.6805090500000001 0.10376915312499999 0.6857048140625001 0.11156702968750001 0.6947377390625 0.1177012453125 0.697250390625 0.12746687031249998 0.6970799296875
0 0.1896826828125 0.717487015625 0.18824985156250001 0.703854525 0.1829870015625 0.6938080531249999 0.16180671093750001 0.67845940625 0.15790046093750001 0.678527590625 0.1503481796875 0.690448178125 0.1475412890625 0.7009760734375 0.149190328125 0.7166656390624999 0.163898359375 0.7359921625 0.1776988359375 0.7357512734375 0.185720778125 0.729126621875 0.1896826828125 0.717487015625
0 0.20631282031249998 0.667203646875 0.20349571093750002 0.6404006390625 0.20307906406249998 0.6392290359375 0.19305322187500001 0.6276152749999999 0.18533111093750002 0.6229116593749999 0.1686097859375 0.6232035312499999 0.1601249359375 0.630809765625 0.1562040640625 0.6400472421875001 0.15480061875 0.6453111890625001 0.15699933906250002 0.6662306109375 0.17007766562499999 0.6882699890625 0.1769269453125 0.6903691171874999 0.1923928 0.690099159375 0.1990997015625 0.6851436843750001 0.20469885781250002 0.6732571875 0.20631282031249998 0.667203646875
0 0.15366013750000002 0.633529396875 0.1698786859375 0.6109786374999999 0.17128213125 0.6057146906249999 0.16880857031250002 0.5821803421875 0.1638029609375 0.571788815625 0.14987086875 0.5602432359375 0.14411530625 0.5578856875 0.13362630625 0.5580687734375 0.12838649375 0.5606182468750001 0.1211236734375 0.5659844734374999 0.1121679453125 0.5831690078125 0.1115890203125 0.5962777375 0.1151911859375 0.6119332109375 0.11796883124999999 0.6197439046875 0.13022263750000002 0.6339385 0.13964332031249999 0.636232075 0.14109008125 0.636206821875 0.15366013750000002 0.633529396875
0 0.0665867390625 0.6061999515625 0.07572406875 0.5917775109375001 0.075771984375 0.5868810640625 0.071865478125 0.5497131343749999 0.06993780625 0.5460333234375 0.057297725 0.535920596875 0.057134965625 0.5359234374999999 0.06452510624999999 0.6062359374999999 0.0665867390625 0.6061999515625
0 0.1043631375 0.5930176296874999 0.11521022656249999 0.5809311828125 0.1161707125 0.5691256546875 0.1148572953125 0.5566293203125 0.10161146562500001 0.5353233625 0.08766475 0.5329470781250001 0.0784488046875 0.53834739375 0.0728496484375 0.550233890625 0.0728204015625 0.5685724734375001 0.0758728875 0.57899809375 0.0817176390625 0.5880651109375 0.0881266953125 0.5931926921875 0.0887034953125 0.59329096875 0.1043631375 0.5930176296874999
0 0.0934154578125 0.479218340625 0.092286853125 0.4870972171875 0.0947604125 0.510631565625 0.1025436671875 0.5288337828125 0.1103415453125 0.5378667078125 0.1228848140625 0.5455069375 0.12358372343749999 0.5457211359375 0.147792821875 0.5452985640625 0.14827543906250001 0.5450637421875 0.155827721875 0.5331431578125 0.1611666625 0.5094724390625001 0.15951762187500002 0.493782871875 0.1564651375 0.48335725468749996 0.1372525953125 0.45880522343749996 0.126937290625 0.4537458265625 0.111312290625 0.45401856250000006 0.098739775 0.4647169171875 0.0934154578125 0.479218340625
0 0.08837863124999999 0.468529809375 0.0856009859375 0.46071911718749997 0.0805953765625 0.450327590625 0.06638844375 0.4361670859375 0.0460180515625 0.437832515625 0.0567514328125 0.5306454031250001 0.0743295578125 0.530338575 0.08215668125 0.5210329140625001 0.08917390625 0.49471317812500004 0.090027671875 0.484219375 0.08837863124999999 0.468529809375
0 0.0614565359375 0.43566454375 0.0704071546875 0.435508309375 0.0744612421875 0.434318503125 0.083402346875 0.426303259375 0.0873232203125 0.41706578125 0.0874726296875 0.41522936875000005 0.08446313125 0.3865959109375 0.0815223359375 0.38049088750000004 0.0759524234375 0.3740387984375 0.06759024375 0.3689453109375 0.05391836875 0.3691839546875 0.0449772625 0.3771991984375 0.0413312296875 0.38905160156249996 0.0443544703125 0.41781580468749996 0.046857275 0.42301156874999996 0.0588362421875 0.4345912375 0.0614565359375 0.43566454375
0 0.23812987031250002 0.8000440328125 0.2417612796875 0.7973609203125 0.2476352765625 0.7880893515625 0.248284225 0.7835589984375 0.24550147031249997 0.75708285625 0.2440623578125 0.7540952921875 0.229855425 0.7399347859375001 0.218136675 0.7401393374999999 0.21282697968750003 0.7454714703125 0.2086312671875 0.75209401875 0.20582437812499998 0.7626219140625 0.2077482578125 0.7809264078125 0.2105259015625 0.7887370984375 0.22250487031250002 0.8003167671875 0.23812987031250002 0.8000440328125
0 0.261030784375 0.8642221343750001 0.265346734375 0.8621221703125 0.2782087125 0.8448694515625 0.2760099921875 0.8239500296875001 0.2735071875 0.8187542671875001 0.2654344703125 0.8071064140624999 0.2570722890625 0.802012925 0.2531660390625 0.802081109375 0.23473415000000003 0.8128817390625 0.2305384375 0.8195042890625001 0.23078403125000002 0.8404578015625 0.247768609375 0.8624289984375 0.25703773281250003 0.8642918328125001 0.261030784375 0.8642221343750001
0 0.3014002453125 0.7937163640625 0.30699940312499996 0.7818298671874999 0.3081280078125 0.77395099375 0.3059292890625 0.7530315703125 0.300923678125 0.74264004375 0.29089783593749996 0.7310262843750001 0.28090090624999997 0.7261230421875 0.2745291359375 0.7262342609375 0.262150640625 0.73676751875 0.257954928125 0.743390065625 0.2551480390625 0.7539179609375 0.25511879375 0.772256546875 0.2606740828125 0.7878779296875 0.272927890625 0.8020725265624999 0.2768508890625 0.8044620640625 0.28721933125 0.8042810812500001 0.292459140625 0.8017316062500001 0.3014002453125 0.7937163640625
0 0.2245338421875 0.665566840625 0.2217269515625 0.6760947374999999 0.22337599218749998 0.691784303125 0.23115924687499997 0.7099865234375 0.24341305468750002 0.72418111875 0.24582698125000002 0.72516989375 0.25885686093750004 0.72494245625 0.2648974296875 0.7238061078125 0.27216025 0.7184398843750001 0.278034246875 0.7091683171875001 0.28224458124999996 0.6933764734375 0.2805955421875 0.6776869078125001 0.26919550000000003 0.6529985093749999 0.2527459796875 0.645426459375 0.2413020703125 0.6482459390625 0.232086125 0.65364625625 0.2245338421875 0.665566840625
0 0.312977871875 0.9355187359375 0.3185770296875 0.9236322390625 0.32009625937499997 0.9157465468750001 0.31756773125 0.8916892125 0.31668239374999996 0.8869891593749999 0.2996978171875 0.8650179640625 0.2932887625 0.859890384375 0.2815700125 0.8600949359375001 0.25808864374999996 0.8880119171875 0.2580594 0.9063505031249999 0.26138672343749997 0.9193910484375 0.27486208749999996 0.939118303125 0.3001599921875 0.9386767265625 0.312977871875 0.9355187359375
0 0.31029514062499997 0.8820689984375001 0.32982639062499997 0.8817280796875 0.3334578 0.87904496875 0.341284921875 0.86973930625 0.3436033375 0.8564255656249999 0.3395677703125 0.8180297109374999 0.33719156875 0.8121768062499999 0.3271657265625 0.8005630453125001 0.31462245625 0.7929228140625 0.30095058125 0.7931614578125 0.29173463593750004 0.798561771875 0.28110062343750003 0.818395328125 0.2816210578125 0.84196376875 0.2871763484375 0.8575851515625 0.2997049953125 0.8743946749999999 0.31029514062499997 0.8820689984375001
0 0.36338957031249997 0.9390284531249999 0.3765263875 0.9243906609374999 0.37955388125 0.91549624375 0.37681672499999996 0.8894539421875001 0.36878700000000003 0.878680565625 0.349834675 0.865912753125 0.345928425 0.8659809375 0.33866560625000003 0.8713471593750001 0.3280315921875 0.8911807140624999 0.3307799921875 0.917329990625 0.333282796875 0.92252575625 0.3474897296875 0.9366862593749999 0.35362394531249997 0.9391989125 0.36338957031249997 0.9390284531249999
0 0.2173429921875 0.646485084375 0.222223659375 0.6488789296874999 0.23940211718749999 0.648579078125 0.2558558125 0.6405733921875 0.2634080953125 0.6286528031249999 0.26425454843749996 0.622743646875 0.260166303125 0.5838465984375001 0.258186134375 0.5789691765625 0.2437043625 0.56219374375 0.22920796718749997 0.5545876046875 0.21944234218749997 0.5547580640625001 0.20491670312500002 0.5654905109375 0.195960975 0.5826750453125 0.1948323703125 0.5905539203125 0.19758077031250001 0.6167031984375 0.20731715 0.634871325 0.2173429921875 0.646485084375
0 0.19808800937499998 0.58198945625 0.20641698593750002 0.5639404390625 0.20421298124999998 0.5429707328125 0.1894527125 0.5258726953124999 0.1774591234375 0.5234623203125001 0.1718745875 0.526179521875 0.1623691796875 0.538134203125 0.160965734375 0.5433981515624999 0.16288961562499998 0.5617026453125 0.1653924203125 0.5668984078125 0.171237171875 0.5759654249999999 0.1799860296875 0.5823054265625001 0.19808800937499998 0.58198945625
0 0.214942440625 0.5487125984375 0.230567440625 0.5484398640625 0.23419885 0.5457567531249999 0.242296575 0.5329752328125 0.23793692656249998 0.49149594218750003 0.23707885312500002 0.48938239375 0.22287192031249997 0.47522188906249996 0.20724692031249997 0.4754946234375 0.1999841015625 0.4808608484375 0.19243181874999998 0.49278143593749996 0.189624928125 0.5033093296875 0.1915488078125 0.5216138234375001 0.19432645312500002 0.5294245156249999 0.20658026093749998 0.5436191125 0.214942440625 0.5487125984375
0 0.1685067515625 0.487620815625 0.1700436890625 0.488556978125 0.1886562484375 0.48823209375000004 0.1936225375 0.48456269062499996 0.19781825 0.47794014375 0.20035029999999998 0.46479731874999997 0.2004516109375 0.4625032921875 0.19818418124999998 0.4409301375 0.1976019 0.43864804062499996 0.192596290625 0.42825651562499994 0.180617321875 0.4166768453125 0.1764362328125 0.41413010312500004 0.1627643578125 0.41436874687499997 0.157179821875 0.41708594843749996 0.151305825 0.4263575171875 0.1473703296875 0.44476428749999997 0.14874452968750002 0.457838925 0.1685067515625 0.487620815625
0 0.12502943125 0.4048759765625 0.1138749828125 0.4011410921875 0.1018667703125 0.4079000078125 0.098785040625 0.415812975 0.10098376093749999 0.436732396875 0.11468523906250001 0.4503890984375 0.12910604375 0.4501373828125 0.133901809375 0.43995641250000006 0.1314190890625 0.416334896875 0.12502943125 0.4048759765625
0 0.0794290109375 0.3684863921875 0.08358085625 0.389371721875 0.09067183749999999 0.397585790625 0.10553608125 0.397326334375 0.10868201875000001 0.39548289375 0.11763774687499999 0.378298359375 0.118216671875 0.365189628125 0.1154390265625 0.3573789375 0.105413184375 0.3457651765625 0.09927896875 0.343252525 0.09537271875 0.3433207078125 0.0864316140625 0.35133595156249997 0.0805576171875 0.36060751875 0.0794290109375 0.3684863921875
0 0.12882562343749998 0.38979804375 0.1453393671875 0.41541596406250003 0.165228865625 0.4150687921875 0.1734434140625 0.4047375875 0.174846859375 0.399473640625 0.1723732984375 0.375939290625 0.16652854687500002 0.3668722734375 0.1559384015625 0.3591979515625 0.1461727765625 0.3593684109375 0.1386351171875 0.36211970625 0.13248627968749999 0.368776346875 0.12827594375 0.3845681859375 0.12882562343749998 0.38979804375
0 0.202879259375 0.3692456 0.20485431875 0.35545756875 0.20346954843749998 0.34228235625000003 0.18928049687499998 0.32363777968749996 0.1772869078125 0.32122740312500003 0.1644395515625 0.3293108296875 0.1602438390625 0.33593337968750003 0.1588403953125 0.341197325 0.1613139546875 0.364731675 0.1738426015625 0.38154119999999997 0.1771461828125 0.38355344375 0.1921223265625 0.38329203437500003 0.202879259375 0.3692456
0 0.2280895859375 0.4275916984375 0.22453540625 0.393775928125 0.21741685624999998 0.3842250640625 0.20347014218749998 0.3818487796875 0.19368989375 0.391188534375 0.1897543984375 0.409595303125 0.1908537578125 0.42005501250000005 0.19585936875 0.43044653750000006 0.2022957109375 0.43790228593749997 0.2187887703125 0.4376143984375 0.22096053124999998 0.43655771093749995 0.2280895859375 0.4275916984375
0 0.25211735 0.3490228234375 0.25631306249999997 0.34240027500000003 0.2627806078125 0.31085068125 0.2614064078125 0.2977760421875 0.2561259578125 0.2847695890625 0.248053240625 0.2731217359375 0.23718825625 0.262832484375 0.2224661828125 0.2606637875 0.22094708437500002 0.26069030312499997 0.212072471875 0.26589060781249996 0.2045201890625 0.277811196875 0.19863156875000001 0.29625205781249997 0.20110512812499998 0.31978640625 0.2038827734375 0.327597096875 0.20888838281250002 0.33798862500000004 0.223095315625 0.3521491296875 0.22877514375 0.3544756578125 0.24136195 0.35425595468750004 0.25211735 0.3490228234375
0 0.2860131703125 0.3904057921875 0.29188716718749996 0.38113422343750003 0.29315026718750004 0.376396671875 0.29137755 0.3595303875 0.286361121875 0.34717425625 0.2785632453125 0.33814133125 0.2743821546875 0.33559458750000004 0.2587571546875 0.335867321875 0.2526083171875 0.3425239625 0.24968067343749997 0.35004128125 0.2522329375 0.3743244515625 0.2635132765625 0.3914381 0.2851266125 0.3910608375 0.2860131703125 0.3904057921875
0 0.2643587125 0.4538560796875 0.2565462125 0.45399244687499996 0.24591219999999997 0.473826003125 0.24896468437500002 0.4842516203125 0.25278591875 0.48867807343749997 0.27051974375 0.488368528125 0.274355309375 0.483808425 0.2746009125 0.48288723593749994 0.2725464828125 0.46334065 0.2643587125 0.4538560796875
0 0.279840278125 0.5476299328125 0.2786447234375 0.5362549999999999 0.2741504921875 0.5288672296875 0.2685805796875 0.5224151406249999 0.2529555796875 0.522687875 0.2458398578125 0.5369003796875 0.24673045 0.5453738015625 0.2590313046875 0.561877696875 0.2600415515625 0.5621236546875 0.2709715453125 0.5619328703125 0.2785771765625 0.5523674859375001 0.279840278125 0.5476299328125
0 0.2683628765625 0.4868335328125 0.2658308265625 0.4999763546875 0.2674798671875 0.5156659218749999 0.28055819375 0.5377053015625 0.2819156734375 0.5382613421875 0.30905145156249997 0.537787684375 0.30985506875 0.5371939218749999 0.3174073515625 0.525273334375 0.31881079687499997 0.5200093875 0.31716175625 0.5043198203125 0.314109271875 0.4938942 0.3057617140625 0.4796314203125 0.297399534375 0.4745379328125 0.2873590703125 0.472093465625 0.277868284375 0.4748788515625 0.2683628765625 0.4868335328125
0 0.283956228125 0.635194359375 0.2939820703125 0.6468081203125 0.2986749 0.649109834375 0.3159585453125 0.648808146875 0.335026940625 0.6277536046875001 0.34538611406249997 0.6053051203125001 0.346288996875 0.5990020203124999 0.3455194453125 0.5916802234375 0.34153835312499997 0.5686961328125 0.3337404765625 0.5596632078125 0.312285346875 0.541699634375 0.286894721875 0.542142828125 0.2832633109375 0.544825940625 0.2757110296875 0.5567465296874999 0.2720503734375 0.577768225 0.272906465625 0.6008068625 0.273662275 0.6079979140625 0.283956228125 0.635194359375
0 0.3187208328125 0.7285936265624999 0.3245001453125 0.7230746078125 0.327026346875 0.7135995046875 0.326531634375 0.7088926343749999 0.32343003124999997 0.6942763125 0.3150824734375 0.68001353125 0.31090138437500003 0.6774667875 0.29722950937500003 0.6777054312499999 0.28436753124999997 0.6949581499999999 0.283244775 0.6991693078125001 0.2850744234375 0.7165772546875 0.29268584375 0.727559515625 0.2950615765625 0.7290066000000001 0.3187208328125 0.7285936265624999
0 0.367073790625 0.8740159859375 0.3727952734375 0.8763595765625001 0.3890335359375 0.8760761374999999 0.39777411093750004 0.8682406593750001 0.4044855296875 0.854835684375 0.401234784375 0.8239069000000001 0.396198184375 0.8067046296875 0.39285623593749996 0.802833375 0.38031296718749996 0.7951931437499999 0.36300968125 0.7981149000000001 0.3540685765625 0.8061301421874999 0.34846941875000004 0.8180166390625001 0.3473408140625 0.8258955140625 0.34953953437499996 0.8468149359374999 0.35732278906250003 0.865017153125 0.367073790625 0.8740159859375
0 0.340570225 0.7880066578125 0.34893240625 0.7931001453125 0.3537813640625 0.7937270375 0.370853115625 0.7934290484375001 0.37236990625 0.7926910421875 0.379632725 0.7873248203125 0.3871850078125 0.77540423125 0.38999189843750004 0.7648763359374999 0.389997015625 0.761667084375 0.3878429578125 0.7411725890625 0.38474069375000003 0.7335312968750001 0.36998408125000004 0.7141409375000001 0.3616219015625 0.7090474484375 0.3515814359375 0.70660298125 0.336506115625 0.712105571875 0.3253224234375 0.7267092703125 0.323918978125 0.73197321875 0.3219366078125 0.7503458968750001 0.3258136125 0.7686162984375 0.340570225 0.7880066578125
0 0.41266110625 0.9398437453125 0.4320910828125 0.9395045937500001 0.43811757343749996 0.936993134375 0.445944696875 0.9276874749999999 0.4490264265625 0.9197745078124999 0.449844665625 0.9140623218749999 0.44648886875000005 0.88213405625 0.4412870390625 0.8740644109375 0.4262409640625 0.8612284156250001 0.42010675 0.8587157640624999 0.402528625 0.859022590625 0.3969440890625 0.8617397953125 0.3910700921875 0.8710113625 0.385181471875 0.889452225 0.39211096093750003 0.9181482453124999 0.40463960937500004 0.9349577703125 0.41266110625 0.9398437453125
0 0.4072627796875 0.839836984375 0.41924174687500004 0.851416653125 0.42052479375 0.8520459562499999 0.441775875 0.8516750171874999 0.44631065625 0.8483244390625 0.455541225 0.8337548312499999 0.45753521406250003 0.8234048578125 0.45469405468749996 0.79637304375 0.45309690937499997 0.7918818953125 0.440843103125 0.7776873 0.430527796875 0.772627903125 0.418809046875 0.7728324546875001 0.4112713875 0.77558375 0.40596169218749995 0.7809158828125 0.4000876953125 0.7901874515625 0.3989590890625 0.7980663265625 0.40253200937500005 0.8320603859375 0.4072627796875 0.839836984375
0 0.3995258484375 0.761105375 0.405345821875 0.764650378125 0.42181476562500003 0.7643629125 0.4305010078125 0.7579449765625 0.43637500625000003 0.7486734078125 0.4391818953125 0.7381455124999999 0.43753285625 0.722455946875 0.43225240625000005 0.7094494921875001 0.42445452812499995 0.7004165671875 0.4160923484375 0.6953230796875001 0.40409875937499995 0.692912703125 0.3948828140625 0.6983130171874999 0.387055690625 0.707618678125 0.38284535625 0.7234105203125 0.3833950359375 0.728640375 0.3939559359375 0.754653284375 0.3995258484375 0.761105375
0 0.33242589843750003 0.6825933046875 0.349410475 0.7045645 0.353591565625 0.70711124375 0.363511540625 0.71059276875 0.37355445781249996 0.71041746875 0.3773039046875 0.70931706875 0.39044072343749997 0.6946792765625001 0.3932476125 0.6841513828125 0.3932644296875 0.6736066968750001 0.3917459375 0.6591592203125 0.38967469375 0.650157321875 0.3846690828125 0.6397657953125 0.37687120625000003 0.6307328703125 0.3685090265625 0.6256393828125 0.3565154359375 0.62322900625 0.3489777765625 0.625980303125 0.34171495625000003 0.631346525 0.330806103125 0.6485651515625 0.32854889374999996 0.664322903125 0.33242589843750003 0.6825933046875
0 0.3642021375 0.6182240875 0.3839865703125 0.6178787484375 0.3853449859375 0.616875065625 0.39360758906250004 0.58751083125 0.391753475 0.569870125 0.3884998296875 0.563115634375 0.38515788125 0.5592443796875 0.3706614875 0.5516382421875 0.3648021125 0.5517405171875 0.35195475625 0.5598239421875 0.3446773140625 0.574359459375 0.3440983890625 0.5874681890625 0.3474257140625 0.6005087359375 0.3619074859375 0.61728416875 0.3642021375 0.6182240875
0 0.38429260468750004 0.5333258234375 0.3909061734375 0.5171281828125001 0.3887456265625 0.4965719453125 0.38186291250000004 0.482283596875 0.374339875 0.47586559843750004 0.358714875 0.47613833281250006 0.3534051796875 0.481470465625 0.3441746125 0.496040071875 0.34664817187499997 0.519574421875 0.352492925 0.5286414390624999 0.361686303125 0.5353035734375 0.38209806562500004 0.534947284375 0.38429260468750004 0.5333258234375
0 0.3172262375 0.477008059375 0.33045053750000003 0.48106096562499995 0.3354382359375 0.4809739046875 0.3445699875 0.476530771875 0.352397109375 0.46722511093749997 0.35492331093749996 0.45775000468749993 0.35299943125 0.43944551406250004 0.350777315625 0.433196959375 0.3402017921875 0.41635334375 0.3318396125 0.4112598546875 0.3220739875 0.411430315625 0.3128580421875 0.41683063125 0.3053057609375 0.42875121875 0.302779559375 0.4382263234375 0.3049782796875 0.459145746875 0.3072003953125 0.4653943015625 0.3172262375 0.477008059375
0 0.346121815625 0.3055925015625 0.3384255125 0.3009046078125 0.323509425 0.30116496875 0.316824940625 0.30610388125 0.30619092812500004 0.3259374359375 0.3081148078125 0.3442419296875 0.315623221875 0.35982922031250003 0.325649065625 0.37144298125 0.335142965625 0.3760995 0.3518566515625 0.3758077609375 0.361868865625 0.360004396875 0.35772794375 0.320606153125 0.346121815625 0.3055925015625
0 0.356810134375 0.43800283437500004 0.3648828515625 0.4496506875 0.38073565625 0.4582681046875 0.40179202968750005 0.45790056406249996 0.40476987031249995 0.4568136328125 0.412032690625 0.4514474078125 0.4179066890625 0.4421758390625 0.42352046874999993 0.42112005156250004 0.4238533515625 0.41358253125 0.4229772984375 0.40524744999999995 0.41881894375 0.395004865625 0.4085182625 0.380776178125 0.3800751515625 0.37079375312499996 0.3722626515625 0.37093012187499996 0.36499983125 0.37629634375 0.3557692640625 0.39086595156250004 0.3529623734375 0.401393846875 0.35183376875 0.40927272343750004 0.3540324890625 0.43019214375 0.356810134375 0.43800283437500004
0 0.4292075203125 0.5153405875 0.4391517171875 0.502355425 0.43932100781249994 0.5011735921875 0.4363291796875 0.4727082359375 0.43000888593750003 0.4619092734375 0.4152376515625 0.45168820781249996 0.4054720265625 0.4518586671875 0.39625608125 0.45725898125000003 0.38785003281249997 0.479673371875 0.388674553125 0.4875181546875 0.39368016250000004 0.49790968125 0.4009137375 0.51088204375 0.40660245625 0.5157351609374999 0.4292075203125 0.5153405875
0 0.420663575 0.5600937765625 0.42106882343749996 0.550917665625 0.4204504328125 0.545034078125 0.41596204999999997 0.5339785906250001 0.41262010312499997 0.5301073359374999 0.4020299578125 0.5224330140625 0.3866797984375 0.5253206765625 0.3827457109375 0.5288473812500001 0.3837021546875 0.5379473296875 0.387185609375 0.558058409375 0.39633888281249996 0.570702140625 0.41245228593750005 0.57042088125 0.420663575 0.5600937765625
0 0.4057763578125 0.6534888999999999 0.41579032812500005 0.659588509375 0.43262899375 0.6592945890624999 0.4428857328125 0.652841153125 0.4516910296875 0.6337599421875 0.44778142968749995 0.596562596875 0.44521605624999994 0.591236940625 0.43519021249999995 0.5796231781250001 0.42069381874999995 0.5720170390625 0.40311569374999995 0.572323865625 0.3994842828125 0.5750069765625 0.390253715625 0.5895765859375001 0.385189615625 0.6158622312500001 0.3857392953125 0.6210920843750001 0.39324770937500003 0.636679375 0.4057763578125 0.6534888999999999
0 0.4683963390625 0.8727527421874999 0.459455234375 0.880767984375 0.448821221875 0.9006015406250001 0.447692615625 0.9084804140625 0.4496164953125 0.9267849078125 0.45266898125 0.937210528125 0.4601773953125 0.9527978171875 0.4721563625 0.9643774859375001 0.4745892234375 0.9653740171875 0.4972852578125 0.96497785625 0.4995001125 0.9639002 0.5140403765625 0.9439984609375 0.5182507109375 0.92820661875 0.518554796875 0.9124829609375 0.5155023109375 0.9020573421875 0.507993896875 0.8864700515624999 0.50019601875 0.8774371265625 0.4918338390625 0.8723436390625 0.4817933734375 0.8698991703125 0.4683963390625 0.8727527421874999
0 0.49148548593749997 0.8597208671875001 0.49426313125 0.8675315578125 0.5042889734375 0.87914531875 0.519060209375 0.8893663859375 0.532732084375 0.8891277421874999 0.546143740625 0.877104878125 0.5500792359375 0.8586981093749999 0.5476056765624999 0.8351637593750001 0.5328490640625 0.8157734 0.524486884375 0.8106799109375 0.51054016875 0.8083036265624999 0.504955634375 0.8110208312499999 0.4976928140625 0.8163870546875 0.4934971015625 0.8230096031249999 0.49069021093750004 0.8335374984374999 0.48956160625 0.8414163734375 0.49148548593749997 0.8597208671875001
0 0.4720105296875 0.8112627640625 0.47570640781250007 0.813513959375 0.497007525 0.8131421484375 0.5046639749999999 0.805453346875 0.5080359249999999 0.7975091171875001 0.5055101453125 0.77347793125 0.5013805171875 0.7649049203125 0.48912670937499997 0.750710325 0.48299249531250005 0.7481976734375 0.47127374531250005 0.748402225 0.464010925 0.753768446875 0.4584117671875 0.76565494375 0.45700832187499996 0.770918890625 0.4592070421875 0.7918383125 0.46421265156249997 0.8022298390625 0.4720105296875 0.8112627640625
0 0.43980676093750004 0.7310589234375 0.446215815625 0.7361865015625 0.45879195937499995 0.741802340625 0.4889082125 0.741276659375 0.496997065625 0.7353001124999999 0.501192778125 0.7286775624999999 0.5037540734375 0.6971961546875 0.50183019375 0.6788916609375 0.4990525484375 0.6710809703125 0.4887518671875 0.6568522828125001 0.46979954218750003 0.64408446875 0.45808079218750003 0.6442890203125 0.43937406250000005 0.6524747234375 0.4332252234375 0.6591313624999999 0.4287400484375 0.6723082796875001 0.4256290734375 0.69855983125 0.429506078125 0.7168302343749999 0.43980676093750004 0.7310589234375
0 0.4972249640625 0.6490384515625001 0.5023191734375 0.638863590625 0.49934815468749993 0.6105962234375 0.4906141828125 0.5954494828125 0.47945973437499995 0.5917145968749999 0.46661237968749997 0.5997980218750001 0.46409495156249997 0.60377155 0.4612880625 0.6142994453124999 0.4632119421875 0.6326039390625 0.465714746875 0.6377997046874999 0.4803966375 0.65063396875 0.4954204671875 0.6503717265625 0.4972249640625 0.6490384515625001
0 0.43412650937499997 0.570898978125 0.43950368125 0.579240634375 0.4555031875 0.590019190625 0.477214221875 0.589640221875 0.49419118125 0.5782860609375 0.50342175 0.563716453125 0.5054532390625 0.5495344765625 0.50501349375 0.5453505921875 0.502351634375 0.53491815625 0.49456837968749995 0.5167159390625 0.4800866078125 0.4999405046875 0.4611342828125 0.4871726953125 0.45359662187499994 0.489923990625 0.4426877703125 0.50714261875 0.43652430937500003 0.5229685515625 0.43399225937499997 0.5361113750000001 0.4322081265625 0.5526467828125 0.43412650937499997 0.570898978125
0 0.48130624843750003 0.46872589375 0.48058555781249995 0.4618689734375 0.4707426828125 0.44827267187500003 0.4498079875 0.45387753750000004 0.4464536375 0.4647817515625 0.44682742031249995 0.4683380515625 0.44948927968749997 0.47877048593750005 0.457561996875 0.49041834218749997 0.46189670781250003 0.491289496875 0.4731217671875 0.49109356249999997 0.475140121875 0.49011151406250003 0.48130624843750003 0.46872589375
0 0.439495590625 0.432090659375 0.44707437656250004 0.43519502499999996 0.46200613749999997 0.43493439062499994 0.46516105625000004 0.4342623921875 0.47634474843749997 0.41965869062500005 0.47915163906249997 0.4091307984375 0.4812959890625 0.3941609359375 0.4809936640625 0.391284515625 0.4772570046875 0.37248771875000003 0.46027242656249995 0.3505165234375 0.451910246875 0.345423034375 0.440191496875 0.3456275859375 0.4346069625 0.348344790625 0.41979185937499996 0.36563160156249996 0.41572186875000006 0.38089704687500003 0.41801953125 0.40275784375 0.4297445890625 0.4230918265625 0.439495590625 0.432090659375
0 0.41357124531249995 0.36043523906249997 0.410520521875 0.331409540625 0.3983781125 0.3173439859375 0.3866593625 0.3175485375 0.378832240625 0.3268541984375 0.37602535000000004 0.33738209218750004 0.3779492296875 0.3556865859375 0.380452034375 0.36088235156250004 0.38824991249999996 0.3699152765625 0.39322923125 0.37195486718750004 0.40641885 0.371724640625 0.41357124531249995 0.36043523906249997
0 0.375941403125 0.3077273015625 0.411097653125 0.307113646875 0.4147290640625 0.3044305359375 0.422281346875 0.292509946875 0.42418038437499994 0.2826528296875 0.4215923078125 0.258028928125 0.4151062625 0.2428604140625 0.40285245468750003 0.22866581406250003 0.39253715 0.22360641874999998 0.374959025 0.22391324687499997 0.3676962046875 0.22927946875 0.3567873515625 0.24649809843749998 0.35412080625 0.2564995953125 0.35728146562499996 0.286571265625 0.359781346875 0.2936008875 0.375941403125 0.3077273015625
0 0.41396597812499997 0.2354060140625 0.437282990625 0.2349990140625 0.4431250015625 0.22832670312499997 0.44564242812500005 0.2243531734375 0.44804787656249995 0.21186749374999997 0.44545063906250004 0.18715642500000002 0.4431981140625 0.1824802421875 0.433172271875 0.17086648124999998 0.42285696718750004 0.16580708125000002 0.41309134218750004 0.165977540625 0.4021971125 0.174026878125 0.3967579296875 0.1855737609375 0.39912940625000004 0.20813684999999998 0.40212399843749996 0.21987334062500002 0.4093575734375 0.23284570625 0.41396597812499997 0.2354060140625
0 0.46480637812500003 0.33780368125 0.4723586609375 0.32588309375 0.47337440468749997 0.31879210625 0.47186278593750003 0.304410003125 0.46710745625000005 0.2945380546875 0.45540332812499995 0.2855733125 0.44563770312499995 0.285743771875 0.43669659843749997 0.2937590140625 0.43099042968749995 0.30276568125000003 0.43114159062499996 0.30420389062500003 0.4372024109375 0.3264967484375 0.44722825312500003 0.338110509375 0.45726871874999997 0.340554978125 0.46480637812500003 0.33780368125
0 0.5190669781249999 0.24901167656249998 0.5157396546874999 0.23597113125 0.5060032734375 0.2178030046875 0.4917963421875 0.2036425 0.48785785625000005 0.2012435296875 0.467895959375 0.20159196562499998 0.45188007656250007 0.214818140625 0.44432779375000003 0.2267387296875 0.442070584375 0.242496478125 0.44316994374999996 0.252956190625 0.45318116406250003 0.2737392453125 0.470165740625 0.29571043750000003 0.4841669875 0.3030567796875 0.496623496875 0.30283935156249997 0.5165056828125001 0.280493084375 0.5190669781249999 0.24901167656249998
0 0.5170773375 0.3678460890625 0.5260184437500001 0.3598308453125 0.529939315625 0.35059336874999997 0.5308422 0.3442902671875 0.5289183203125 0.3259857734375 0.521910465625 0.3114376375 0.5079783734375 0.29989205937499996 0.49625962343749996 0.3000966109375 0.48704367812499993 0.305496928125 0.47867845937500003 0.324576409375 0.481062071875 0.3472549640625 0.48556712031249993 0.35660733906250003 0.4911370328125 0.363059428125 0.49949921249999996 0.36815291562499997 0.5170773375 0.3678460890625
0 0.482526075 0.4133111609375 0.4738451875 0.433110625 0.4713131375 0.44625344843750003 0.47296217656249995 0.461943015625 0.48074543125 0.48014523125 0.490771275 0.49175899375 0.4917158875 0.4923343671875 0.5258208296875 0.4917390640625 0.533465184375 0.4883940421875 0.5407280046875 0.4830278203125 0.548005446875 0.468492303125 0.5491340515625 0.4606134296875 0.5477598515625 0.447538790625 0.542479403125 0.43453233750000003 0.523266859375 0.4099803046875 0.512676715625 0.40230598124999994 0.500957965625 0.4025105328125 0.482526075 0.4133111609375
0 0.5473439578125 0.5633702375 0.5509094484375 0.56128095 0.5551051609375001 0.5546584 0.5591751515625 0.539392953125 0.55766353125 0.5250108515624999 0.55516365 0.517981228125 0.5443132890625 0.49852268437499997 0.52005126875 0.4910870046875 0.5108353234375 0.49648732031250004 0.50160475625 0.511056928125 0.5003416546875 0.5157944796875 0.5020900609375001 0.5324294421875 0.5174314828125001 0.5592455843749999 0.5260025515625 0.563742753125 0.5473439578125 0.5633702375
0 0.5036390515625 0.6216344578124999 0.5066915375 0.6320600765625 0.5169922203125 0.646288765625 0.518125628125 0.6468446734375 0.5396317078124999 0.646469284375 0.5440611296875 0.6431965515625 0.5482568421875 0.636574003125 0.5502392125 0.618201325 0.5424559578125 0.5999991062500001 0.5368860453125001 0.593547015625 0.528523865625 0.5884535296875 0.520711365625 0.5885898968750001 0.5114954203125001 0.5939902109374999 0.505621421875 0.6032617796874999 0.5036390515625 0.6216344578124999
0 0.4968395140625 0.6686421796875 0.49848855312499996 0.6843317453125 0.506561271875 0.6959796 0.51293971875 0.698592290625 0.5300512640624999 0.6982936078125 0.5302736109375 0.6981854234375 0.5361476078125 0.6889138546875 0.537551053125 0.68364990625 0.535352334375 0.6627304859375001 0.5272796171875 0.6510826328125 0.5169643109375001 0.6460232359375 0.5111049359375001 0.6461255125 0.5055204015625 0.6488427171875 0.49796811874999997 0.6607633046875 0.4968395140625 0.6686421796875
0 0.5220994765625 0.7782661015625 0.53842374375 0.7779811609375 0.539914415625 0.7768797609375 0.5491449828125 0.7623101515624999 0.5515504296875 0.7498244703125 0.549502871875 0.730343259375 0.5472503484375 0.725667071875 0.533043415625 0.71150656875 0.521324665625 0.7117111203125 0.5121087203125 0.717111434375 0.5045564375 0.7290320234375 0.5018898921875 0.7390335218749999 0.5036763515625 0.7560305515625 0.5061762328125 0.7630601734375 0.516202075 0.7746739359375 0.5220994765625 0.7782661015625
0 0.5739422125 0.8083483265625 0.5642943953125 0.79944471875 0.554291090625 0.7996193265625 0.5507941749999999 0.8022030640625 0.5435167328125 0.8167385796875 0.542388128125 0.8246174546875 0.5457154531249999 0.837658 0.555363271875 0.846561609375 0.5673558703125 0.8463522765624999 0.5764011499999999 0.8410519687500001 0.5805968625 0.8344294187499999 0.5792226625 0.821354778125 0.5739422125 0.8083483265625
0 0.5702701984375 0.9148993921875 0.5847665937500001 0.92250553125 0.5925790937500001 0.9223691640625 0.605151609375 0.9116708093750001 0.609347321875 0.9050482609375001 0.6121542125 0.8945203671874999 0.6126173515625 0.8840333828125001 0.6119577359374999 0.87775755625 0.6088561328125001 0.8631412359375 0.600783415625 0.8514933812500001 0.5943743593749999 0.8463658031250001 0.5798779656249999 0.8387596625 0.5720654656249999 0.8388960296875 0.5555720765625 0.8588318609375 0.5535405875 0.8730138375 0.5554644671875 0.8913183296874999 0.5599695171875 0.9006707046875 0.5702701984375 0.9148993921875
0 0.6060118890624999 0.9449885609375 0.6210433421875 0.9669938484375 0.6323131984375 0.97044776875 0.6429740109375001 0.9702616828125 0.6467088078125001 0.9691655812500001 0.6605652859375 0.9529973281249999 0.656574446875 0.915027040625 0.6529453796875 0.9074931828125001 0.645147503125 0.8984602578124999 0.6367853234374999 0.8933667703125 0.6306511078125 0.8908541187499999 0.6208854828125 0.8910245781249999 0.6153009484374999 0.8937417812499999 0.607748665625 0.9056623687500001 0.6035383296875 0.9214542124999999 0.6032342453124999 0.9371778703125001 0.6060118890624999 0.9449885609375
0 0.6317231078125001 0.842410484375 0.6281903578125 0.8087986078125 0.62643839375 0.8051615734374999 0.6144594265625 0.7935819046875 0.5988344265625 0.793854640625 0.58932901875 0.8058093187500001 0.586522128125 0.8163372140625 0.58621804375 0.8320608734375 0.5889956890625 0.8398715640625 0.5978350828125001 0.8520817265625 0.6246755390625001 0.851613225 0.6317231078125001 0.842410484375
0 0.592710640625 0.7877178515625001 0.5941140859375 0.7824539046875 0.5913046109375 0.7557235328125 0.58329296875 0.7446567749999999 0.577158753125 0.742144121875 0.56376171875 0.74499769375 0.5559345953125 0.7543033546875 0.5545311515625 0.759567303125 0.5567298703125 0.7804867234375 0.5625746234375 0.7895537390625 0.570913578125 0.79463308125 0.585740271875 0.7943742796875 0.592710640625 0.7877178515625001
0 0.5863234828125 0.702007471875 0.57635979375 0.7021813890625 0.5692090515625 0.7074648015625 0.56556301875 0.7193172046874999 0.5663875390625 0.7271619874999999 0.5713931484375 0.7375535140625 0.576579271875 0.741311721875 0.5903984984374999 0.74107050625 0.5959592546875 0.7292655375 0.595965103125 0.7255978203125 0.5942549875 0.709327159375 0.5863234828125 0.702007471875
0 0.564833659375 0.697484340625 0.5726377421875 0.700680990625 0.5928851421875 0.700327571875 0.599989909375 0.6968706859375 0.6094953171874999 0.6849160046875 0.6122501640625 0.6720312671875 0.6087665671875 0.638887059375 0.6012208718750001 0.6248067609375 0.590920190625 0.610578071875 0.5786517609375 0.60555276875 0.5669330109375 0.6057573203125 0.557717065625 0.611157634375 0.5487613375 0.6283421703125 0.5442761625 0.6415190843749999 0.5470245625 0.6676683609375 0.5548078171874999 0.6858705781250001 0.564833659375 0.697484340625
0 0.5568605046874999 0.58625285625 0.5732954015625 0.602994196875 0.6021376093749999 0.6140709078125 0.6102886562500001 0.6139286312500001 0.6134572625 0.61277206875 0.617652975 0.6061495203125 0.6272857843749999 0.57679015625 0.6247827781249999 0.5529756359375 0.620822440625 0.543220796875 0.6027092578125 0.529128475 0.590440828125 0.524103171875 0.570909578125 0.5244440906250001 0.5600153484375 0.532493425 0.554416190625 0.544379921875 0.5503462 0.55964536875 0.5505935562500001 0.5619988046875 0.554082859375 0.5784421656250001 0.5568605046874999 0.58625285625
0 0.591204178125 0.5250358578125 0.6189072046875 0.5245523000000001 0.6262045578125 0.519960878125 0.631803715625 0.508074384375 0.634335765625 0.4949315625 0.63186220625 0.4713972125 0.6290845609375 0.46358652031250003 0.6190587187500001 0.4519727578125 0.6087434125 0.44691336406250004 0.5872590375 0.447288375 0.5743970609375 0.46454109375 0.5715901703124999 0.4750689890625 0.5712860859375 0.490792646875 0.577116215625 0.5090289578125 0.5851889328125 0.520676809375 0.591204178125 0.5250358578125
0 0.5584510875 0.4436085546875 0.55940860625 0.44419179062499997 0.594445503125 0.44358021875000003 0.5975135875 0.4429267171875 0.60477640625 0.43756049218750004 0.6154104203124999 0.41772693906249997 0.619071075 0.396705240625 0.6190060203125001 0.3937591859375 0.6161202 0.3663024453125 0.6157729953125 0.36532610781249997 0.6054723125 0.3510974203125 0.5907010781250001 0.340876353125 0.5552699875 0.3388750796875 0.5477323281250001 0.34162637500000004 0.5379520796875 0.350966128125 0.5284028046875 0.3904286875 0.5297770046875 0.40350332499999997 0.5372854203124999 0.41909061562499994 0.5584510875 0.4436085546875
0 0.5698838562499999 0.32665496875 0.582412503125 0.34346449218749997 0.58659359375 0.3460112390625 0.60221859375 0.345738503125 0.6117240015625 0.3337838234375 0.6157939921875 0.31851837656250004 0.61430985625 0.3043977640625 0.6095545265625 0.2945258171875 0.6039846140625 0.2880737265625 0.591716184375 0.28304842343750003 0.585856809375 0.28315069843749996 0.5746877390625 0.2885851046875 0.5704920265625 0.2952076546875 0.567410296875 0.30312061875 0.5666419078125 0.3125650453125 0.5668892640625 0.3149184765625 0.5698838562499999 0.32665496875
0 0.532023065625 0.30526000781249996 0.5450199875 0.3098214203125 0.5468700296875 0.3097891265625 0.553507440625 0.3048849953125 0.5610597234375 0.292964409375 0.56246316875 0.2877004609375 0.5594399296875 0.25893625625 0.5569371249999999 0.25374049374999996 0.549139246875 0.24470756875 0.5407770671875001 0.2396140796875 0.5310114421875001 0.23978453906250002 0.52542690625 0.24250174375000003 0.5164711796875 0.2596862765625 0.5153425734375 0.267565153125 0.5169916140625 0.28325471874999997 0.5197692593750001 0.2910654109375 0.532023065625 0.30526000781249996
0 0.552038309375 0.2034080203125 0.54906805625 0.19609189062500001 0.5370890890625 0.184512221875 0.5234172140625 0.184750865625 0.51586493125 0.196671453125 0.5180636515625 0.2175908734375 0.52056645625 0.22278663437500001 0.525349090625 0.22720034843749998 0.5508885265625 0.22675455625000002 0.5539793671875 0.22187594375000003 0.552038309375 0.2034080203125
0 0.588967703125 0.2410740625 0.5948417015625 0.23180249375 0.5954732515625001 0.229433715625 0.5922058265625 0.19834624843749998 0.5809680984375001 0.18357974375 0.572880759375 0.1811011859375 0.5653430984375001 0.183852478125 0.555837690625 0.19580715937499998 0.554434246875 0.20107110625 0.5544050015625 0.219409690625 0.5571826468750001 0.2272203859375 0.567483328125 0.24144907343750002 0.5817048828125 0.24644028437499998 0.588967703125 0.2410740625
0 0.5269294359375001 0.1587391078125 0.54087015 0.1688248953125 0.5486363703125 0.17200603750000001 0.5643331015624999 0.17173205 0.570167025 0.1683135171875 0.5793975921875 0.1537439078125 0.581853621875 0.144532 0.5780058625 0.1079230140625 0.5761287578125 0.1040261921875 0.5661029156249999 0.09241242968749999 0.54937855625 0.0822254546875 0.53765980625 0.08243000624999999 0.5248124515625 0.0905134328125 0.518938453125 0.0997850015625 0.514453278125 0.11296191562499999 0.5138743531250001 0.126070646875 0.5180261984375 0.146955975 0.5269294359375001 0.1587391078125
0 0.5988402921875 0.19910256875000001 0.6107655109375 0.20535963437500002 0.6280269625 0.205058334375 0.630639971875 0.203786953125 0.6401453796875 0.19183227187500002 0.6409918328125 0.185923115625 0.6381060140625 0.1584663765625 0.6360227796875 0.15260835625 0.6237689718749999 0.1384137609375 0.6134536671874999 0.133354365625 0.6075942921874999 0.1334566421875 0.5950987234375 0.138499771875 0.5885981 0.1481967078125 0.5863408890625 0.1639544578125 0.58826476875 0.1822589515625 0.5910424140625 0.19006964375 0.5988402921875 0.19910256875000001
0 0.6370664609375 0.1522990578125 0.644849715625 0.170501275 0.650419628125 0.176953365625 0.667169796875 0.18715606093749998 0.6905349625 0.1867482203125 0.6905814875 0.1867312390625 0.703154003125 0.176032884375 0.71210973125 0.1588483484375 0.714074553125 0.151478821875 0.7116834453124999 0.12872895 0.70270668125 0.106617978125 0.6949088031249999 0.097585053125 0.68013756875 0.0873639859375 0.670097103125 0.08491951875 0.65474694375 0.08780718125 0.6474841234375 0.0931734046875 0.639931840625 0.1050939921875 0.635446665625 0.11827090625 0.6343180609375 0.12614978125 0.6370664609375 0.1522990578125
0 0.62942136875 0.2731759546875 0.6305499734375 0.2652970796875 0.6244450046875001 0.24444584218749998 0.6188750921875 0.23799375312499998 0.61153495625 0.2335228015625 0.6081929421875001 0.2335811375 0.6010221265625 0.23568565156250001 0.592081021875 0.24370089374999998 0.589838434375 0.2502893515625 0.5917623140625 0.268593846875 0.594539959375 0.2764045375 0.6045658015625001 0.28801829687499997 0.6092005406250001 0.2899167453125 0.612065125 0.28986674375 0.6218690859375 0.28509654375000004 0.62942136875 0.2731759546875
0 0.6284545640625 0.399156325 0.64808829375 0.39881361718749997 0.6587687765625 0.3876388953125 0.6610644812500001 0.3769016125 0.657926725 0.34704785625 0.656049621875 0.3431510328125 0.64825174375 0.3341181078125 0.6398895640625 0.3290246203125 0.6281708140625 0.329229171875 0.6155983 0.3399275265625 0.6099991421875 0.3518140234375 0.609969896875 0.370152609375 0.6180279921875 0.39096975624999997 0.6213699390625 0.39484100624999996 0.6284545640625 0.399156325
0 0.627465375 0.46400531718750004 0.6397191828125 0.47819991249999994 0.648161371875 0.48334213593750003 0.674589321875 0.48288083437499996 0.686044503125 0.4721518515625 0.6916436609375001 0.46026535468749996 0.693279115625 0.4451078953125 0.6923652734375 0.4364132609375 0.690023865625 0.426237203125 0.679723184375 0.4120085140625 0.6691330390625 0.40433419062500003 0.652958359375 0.399377071875 0.645145859375 0.39951343906250003 0.6339767890625 0.40494784531250005 0.624746221875 0.4195174546875 0.62193933125 0.43004535 0.6219100859375 0.44838393437499996 0.627465375 0.46400531718750004
0 0.6731808 0.56900058125 0.6805184171875001 0.5619934453125001 0.6767463078125 0.526104221875 0.671492740625 0.5156806390625001 0.6572711859375 0.5106894265624999 0.6494586859375 0.51082579375 0.64387415 0.5135429984375001 0.6346435828125 0.52811260625 0.634889178125 0.54906611875 0.6398947875000001 0.559457646875 0.6476926640625 0.568490571875 0.6499286234375 0.5694064484375 0.6731808 0.56900058125
0 0.647474696875 0.6539790765625 0.6721543421875 0.6535482921875 0.6796094109374999 0.6464289937500001 0.686901475 0.6227241859375 0.6836033953125 0.591345053125 0.6713495890625001 0.5771504578125 0.654625228125 0.5669634828125 0.637047103125 0.5672703109375 0.6314625687500001 0.5699875140625 0.6191502703125 0.5924700875 0.6166182203125 0.605612909375 0.6179924203125 0.6186875484375001 0.6282784796875001 0.64208553125 0.6380294828124999 0.6510843640624999 0.647474696875 0.6539790765625
0 0.6441679953125 0.7350865609375 0.6519804953125 0.73495019375 0.6687341 0.72679858125 0.6746080984375 0.7175270125 0.6777501609375001 0.699483390625 0.676854640625 0.690963084375 0.671614103125 0.6704242234375 0.6635413859375 0.6587763718749999 0.650998115625 0.6511361375 0.631466865625 0.6514770578125 0.624204046875 0.65684328125 0.6135700328125 0.6766768359374999 0.614365309375 0.70286020625 0.6193709187499999 0.71325173125 0.633852690625 0.7300271656249999 0.6441679953125 0.7350865609375
0 0.643537609375 0.7835430718749999 0.6463444984375 0.773015178125 0.6441457796875001 0.7520957562499999 0.63552338125 0.735218046875 0.62176671875 0.728000040625 0.6143126953125 0.7281301499999999 0.6095830765625 0.7304313859375 0.5986742234375 0.7476500140625 0.59754561875 0.7555288906250001 0.5991946593749999 0.77121845625 0.60420026875 0.7816099828125 0.611998146875 0.7906429078125 0.6197202578125001 0.7953465234375 0.6308313671875 0.795152578125 0.639341896875 0.7901656203125 0.643537609375 0.7835430718749999
0 0.67669638125 0.8719023296874999 0.6792225828125 0.8624272265625 0.6778483828125 0.8493525890625 0.6728486218749999 0.8352933421875001 0.6608696546874999 0.8237136749999999 0.655076228125 0.8213406140625 0.6446595625 0.8215224375 0.6393852796874999 0.8240886859375 0.6301547109375 0.83865829375 0.6278758671875 0.850486834375 0.6297722625 0.8685298343750001 0.6342773109375 0.8778822093749999 0.6418003484375 0.88430020625 0.6541113359375 0.8917989515625001 0.666199009375 0.8915879609375 0.67221120625 0.8850792453125 0.67669638125 0.8719023296874999
0 0.707557178125 0.9700464328124999 0.7131417124999999 0.9673292281249999 0.72237228125 0.9527596203125 0.722823721875 0.9496080687499999 0.7202035812500001 0.9246790921875 0.7112763234374999 0.9123475640625 0.7029141437499999 0.907254075 0.6911953937499999 0.9074586265625 0.6856108578125 0.9101758296875 0.6777837359375 0.9194814906250001 0.67470200625 0.9273944578125001 0.676900725 0.9483138796875 0.67940353125 0.9535096421875 0.695838428125 0.970250984375 0.707557178125 0.9700464328124999
0 0.75855609375 0.9321356468750001 0.7560122984375 0.9079330390625 0.74731394375 0.8959177 0.7431328546875 0.8933709578125001 0.7314141046875 0.893575509375 0.72358698125 0.9028811703124999 0.7221835359375001 0.9081451156250001 0.724107415625 0.9264496093749999 0.7342728359375 0.9404914578125 0.7540605578124999 0.9401460625 0.7581350609374999 0.9337148296875 0.75855609375 0.9321356468750001
0 0.71990255 0.8622411 0.718363446875 0.8475975046875 0.7141390859375 0.8371923406249999 0.702579453125 0.8283382749999999 0.6944233484375 0.828480640625 0.6854065140625 0.8337642828125 0.680690690625 0.8466084 0.6829522296875 0.86812551875 0.6867368468749999 0.8743467984375 0.6900787937499999 0.8782180531250001 0.7001712375 0.883168140625 0.700677603125 0.8831593015625 0.7135162937499999 0.87780895 0.719390290625 0.86853738125 0.71990255 0.8622411
0 0.6781153984375 0.777425740625 0.66746538125 0.771508871875 0.6484838109375 0.7770796437499999 0.642884653125 0.7889661421875 0.6450833734375 0.8098855625000001 0.647586178125 0.8150813265625001 0.6572605499999999 0.8244332203125 0.67442775625 0.824133565625 0.678546715625 0.8210902203125 0.682113071875 0.8154610546875001 0.6781153984375 0.777425740625
0 0.73026889375 0.811935584375 0.727760096875 0.7880659875 0.723219865625 0.7774480265625 0.71987791875 0.7735767734375 0.698118703125 0.7713368578125 0.6869350109375 0.78594055625 0.6855315656250001 0.7912045046875 0.6869057656249999 0.8042791421875 0.6896834109375 0.8120898343749999 0.702839571875 0.8252030015624999 0.720342509375 0.8248974859375 0.73026889375 0.811935584375
0 0.6915774203125 0.7737424859375001 0.6929549265625 0.7734031046875 0.6971143015625 0.764573134375 0.694350196875 0.7382744328124999 0.6863295218750001 0.728983425 0.6801953078125 0.726470775 0.6723828078125 0.7266071421875 0.6642808453125 0.733297875 0.6614739546874999 0.7438257687500001 0.6628481546875 0.7569004078125 0.665350959375 0.762096171875 0.6731488375 0.771129096875 0.67783320625 0.7739823921875 0.6915774203125 0.7737424859375001
0 0.6979250953125 0.7201601890625 0.6984455296875 0.74372863125 0.703451140625 0.7541201578125001 0.7146377234375 0.7670785015625 0.7350225640625 0.7667226828125 0.7369144828125 0.765324815625 0.747823334375 0.7481061875 0.748951940625 0.7402273125 0.7475777406249999 0.7271526749999999 0.7448000953125 0.7193419828125001 0.7322714484375 0.7025324578125 0.7239092687500001 0.697438971875 0.7141436437500001 0.69760943125 0.7068808234375 0.702975653125 0.6979250953125 0.7201601890625
0 0.7527100421874999 0.8774450093749999 0.7582945765625 0.8747278046875 0.7731096796875 0.85744099375 0.7746332953125 0.8468045125 0.7730254828125 0.8315071859375 0.7717647249999999 0.8260277687500001 0.7592360765625 0.8092182453125 0.7508738968750001 0.8041247578125 0.7352488968750001 0.80439749375 0.7279860765625 0.809763715625 0.7173520640625 0.8295972703125001 0.719550784375 0.8505166921875 0.7220535890625001 0.85571245625 0.7429444171874999 0.87761546875 0.7527100421874999 0.8774450093749999
0 0.70150593125 0.701562321875 0.709513009375 0.68892388125 0.706936384375 0.6644089359375001 0.704956215625 0.659531515625 0.699386303125 0.6530794265625001 0.6854395890625 0.6507031421875 0.67817676875 0.6560693625 0.6742558953125 0.6653068390625 0.6739518109375 0.6810304984375 0.67672945625 0.6888411890625 0.6845273328125 0.6978741140625 0.6968280765625 0.7016439734375 0.70150593125 0.701562321875
0 0.7365900890625 0.6806001609375001 0.7442476203124999 0.6787135453124999 0.753188725 0.6706983046875 0.7573844375000001 0.664075753125 0.7593492609375 0.656706225 0.756490925 0.6295109796875 0.7529869984374999 0.6222369109375 0.74296115625 0.61062315 0.7379477624999999 0.6085696 0.733308478125 0.6086505796874999 0.71757053125 0.6110663453125 0.7139391203125001 0.61374945625 0.70498339375 0.6309339921875 0.7035799484374999 0.6361979375 0.7052289875 0.6518875046875 0.7080066328125 0.659698196875 0.7105094375000001 0.664893959375 0.7247163703124999 0.6790544640625 0.7301278984375 0.6807129578125 0.7365900890625 0.6806001609375001
0 0.692553209375 0.5573491015625 0.690296 0.5731068500000001 0.69112051875 0.5809516328125001 0.7008568984375 0.599119759375 0.7083799359375 0.6055377578125001 0.7218909015625 0.60728450625 0.7275911093749999 0.607185009375 0.7318174359375 0.6051286546875 0.7399193984375 0.5984379203125 0.746082859375 0.5826119875 0.7441589796875 0.56430749375 0.7391533703125 0.5539159671875 0.7291275265625 0.5423022046875 0.716859096875 0.5372769015625 0.707093471875 0.5374473625 0.6998306515625 0.5428135843749999 0.692553209375 0.5573491015625
0 0.720821365625 0.5284332796875 0.7247568609374999 0.5100265109375 0.7233826609375 0.496951871875 0.7181022109375 0.48394542031250004 0.7125322984375 0.477493328125 0.7000871046875 0.4699128359375 0.6901496734375 0.47008629375 0.6776508890625 0.48072191249999996 0.6734551765625 0.48734445937500004 0.672326571875 0.49522333749999997 0.6742504515625 0.51352783125 0.6851008140625 0.532986375 0.69150986875 0.5381139515625 0.6988883140625 0.54037525625 0.7003435203125 0.54034985625 0.716625653125 0.535055828125 0.720821365625 0.5284332796875
0 0.7052234078125 0.4134699859375 0.707403790625 0.4124091015625 0.7138232312499999 0.4022766015625 0.7103581328125 0.36930839843749996 0.6994041859375 0.354914784375 0.6952230968750001 0.3523680421875 0.68322950625 0.3499576671875 0.6756918468750001 0.3527089609375 0.66282986875 0.3699616796875 0.6622509437499999 0.3830704109375 0.665303428125 0.39349602968749997 0.6756041109375001 0.40772471875000005 0.6840424515625 0.41383970000000003 0.7052234078125 0.4134699859375
0 0.6443026453125 0.322608503125 0.6629655062500001 0.3419306796875 0.663799203125 0.3421861859375 0.6953916 0.3416347375 0.6961686312500001 0.341351115625 0.7034314515625 0.33598489374999996 0.70930545 0.326713325 0.7102176890624999 0.323291759375 0.7055591515625 0.2789687359375 0.7015806859375 0.2718339359375 0.6829178234375 0.25251175937500003 0.6748304828125 0.2500331984375 0.6611586078125 0.2502718421875 0.6536209484375 0.2530231390625 0.6463581281249999 0.2583893609375 0.6404841296875 0.2676609296875 0.6359989546875 0.28083784375 0.639297034375 0.312216975 0.6443026453125 0.322608503125
0 0.6574076515625 0.24837575625000002 0.682081478125 0.2479450734375 0.689879309375 0.2377626421875 0.69018339375 0.2220389828125 0.68740575 0.21422829375000002 0.67737990625 0.20261453281250003 0.6690177265624999 0.1975210453125 0.6572989765624999 0.197725596875 0.6455656046875 0.2070994421875 0.64330839375 0.22285718906250002 0.648863684375 0.23847857343749998 0.6574076515625 0.24837575625000002
0 0.74676279375 0.141346246875 0.75547565625 0.144915146875 0.7679286234375 0.1446977796875 0.774381384375 0.143483890625 0.781644203125 0.138117665625 0.7875182015625 0.1288460953125 0.7881497515625 0.12647731874999998 0.7839721843749999 0.08673042187499999 0.7803431171875 0.0791965640625 0.7725452390624999 0.0701636375 0.764183059375 0.0650701484375 0.744651809375 0.06541106875 0.7373889890624999 0.0707772921875 0.7315149921875 0.0800488625 0.7287081015625 0.09057675468750001 0.730906821875 0.1114961765625 0.738964915625 0.132313321875 0.74676279375 0.141346246875
0 0.7279295203125 0.284713590625 0.737502253125 0.284546496875 0.742540271875 0.28082409531249997 0.7464611437500001 0.27158661875 0.7470400703125 0.2584778890625 0.7381428328124999 0.238985253125 0.7339617421875 0.23643850937500002 0.7202898671875 0.2366771515625 0.7124627453125 0.2459828125 0.7107552140625 0.26697041875 0.7232838625 0.28377994218749997 0.7279295203125 0.284713590625
0 0.792834609375 0.115200265625 0.8003430249999999 0.13078755625 0.8103688671875 0.1424013171875 0.816513478125 0.14541509375 0.8341759968750001 0.14510679375 0.8396657421875 0.1418899390625 0.8528025593749999 0.127252146875 0.8572877343749999 0.11407523281250001 0.858653759375 0.0972851484375 0.8557404546875 0.069566915625 0.8515160953124999 0.059161751562499997 0.8459461828125001 0.0527096625 0.8314497875000001 0.0451035234375 0.8175030734375 0.0427272390625 0.802427753125 0.048229828125 0.7951649328125 0.053596053125 0.787887490625 0.06813156718749999 0.7877050390625 0.0775657625 0.7896838875000001 0.09639324218749999 0.792834609375 0.115200265625
0 0.8600944187499999 0.109130428125 0.8639421781250001 0.14573941562499998 0.8669946640624999 0.156165034375 0.8742633828124999 0.1631914640625 0.90763499375 0.1626089609375 0.92252130625 0.15388595 0.9370615687500001 0.1339842109375 0.9381901734375001 0.1261053375 0.9362662937499999 0.10780084375000001 0.92707959375 0.0948625734375 0.890318171875 0.0522787828125 0.8861370828125 0.0497320390625 0.8783245828125 0.0498684078125 0.874693171875 0.052551517187499994 0.8600944187499999 0.109130428125
0 0.8424642546875001 0.20854219999999998 0.845993040625 0.20022847187499998 0.8435607062500001 0.17708636093750002 0.841683603125 0.1731895390625 0.8297046343750001 0.16160986875 0.8199390093750001 0.1617803296875 0.8163076 0.164463440625 0.8095798375 0.1842288125 0.8090009125 0.1973375421875 0.8162344875 0.21030990468750002 0.8226114234375 0.2157501484375 0.83636343125 0.21551010625 0.8424642546875001 0.20854219999999998
0 0.863795028125 0.1862272484375 0.8733004359375001 0.1742725703125 0.8740340281250001 0.16915129843750001 0.8720002125 0.149800834375 0.8627541578125 0.139090365625 0.85857306875 0.13654362343749998 0.84880744375 0.1367140828125 0.8395914984375 0.1421143984375 0.8353957859375001 0.148736946875 0.8328637359375 0.16187976875 0.848170028125 0.18649998437499998 0.8491714234375 0.18710994375 0.86105414375 0.18690253125 0.863795028125 0.1862272484375
0 0.8660259984374999 0.2809900109375 0.87357828125 0.2690694234375 0.8691515953125 0.245569165625 0.86330684375 0.2365021484375 0.85021389375 0.2236320609375 0.8468586984375 0.221588378125 0.8316436156250001 0.2218539578125 0.8250981078124999 0.226690184375 0.8192241109375 0.235961753125 0.8164172203125 0.24648964687500002 0.8175165812499999 0.2569493578125 0.8205690656250001 0.26737497656250003 0.8291914625000001 0.284252684375 0.8356005171875 0.2893802640625 0.8492191968749999 0.2935540375 0.8526759890625 0.2934936984375 0.8660259984374999 0.2809900109375
0 0.8660729843749999 0.23489496875000002 0.8760988265625 0.2465087296875 0.8822330421875 0.249021378125 0.8998111671875 0.2487145515625 0.91267314375 0.23146183437499998 0.913526909375 0.22096803125000003 0.9096499046875 0.2026976296875 0.9071471000000001 0.197501865625 0.8951681328125 0.185922196875 0.8890339171875 0.1834095453125 0.8756368828125 0.186263115625 0.8666957765625 0.194278359375 0.861371459375 0.20877978281249998 0.8632953390625 0.2270842765625 0.8660729843749999 0.23489496875000002
0 0.888468346875 0.24970331250000002 0.874796471875 0.24994195624999999 0.8722790437500001 0.253915484375 0.8674897843749999 0.28281605625 0.87083173125 0.2866873109375 0.8860271609374999 0.2929115515625 0.89011185 0.292840253125 0.8995558296875 0.277933796875 0.8979678640625 0.262825325 0.888468346875 0.24970331250000002
0 0.866624440625 0.35586489062500004 0.8704704109374999 0.3557977578125 0.8814692093750001 0.3534550109375 0.8887320296875 0.3480887890625 0.8957346328125 0.3309383453125 0.8929862328124999 0.30478906875 0.880457584375 0.28797954375 0.8743233703125 0.2854668921875 0.8645577453125 0.285637353125 0.8461258546874999 0.2964379828125 0.8419301421875 0.30306053125 0.8391232531249999 0.3135884265625 0.8407722921874999 0.3292779921875 0.8457779015625 0.33966951875 0.8599848343750001 0.353830021875 0.866624440625 0.35586489062500004
0 0.7875572375 0.3395877421875 0.78858339375 0.34000806875 0.8032209781249999 0.33975256875 0.8051353625000001 0.33928091562499996 0.8123981828125 0.3339146921875 0.820784 0.3178237171875 0.8174546890625001 0.286147434375 0.815827865625 0.2827701890625 0.801620934375 0.268609684375 0.79158046875 0.266165215625 0.780136559375 0.2689846953125 0.7728737390625 0.2743509171875 0.7655962953125 0.288886434375 0.764467690625 0.296765309375 0.7663915703125 0.315069803125 0.7736251453125 0.328042165625 0.7875572375 0.3395877421875
0 0.7404764265625 0.3882478203125 0.751066571875 0.39592214531250003 0.7544437875 0.396957175 0.7658189296875 0.39675862031250003 0.770597821875 0.3955812265625 0.7778606421875 0.39021500625 0.7846933515625001 0.37656776718749996 0.78123620625 0.343675228125 0.7631771421875 0.32497817812499996 0.757042928125 0.32246552500000003 0.747277303125 0.3226359859375 0.7416927671875 0.3253531890625 0.734429946875 0.3307194109375 0.730234234375 0.3373419609375 0.7274273453125 0.3478698578125 0.7299009046875 0.3714042078125 0.7349065140625 0.3817957328125 0.7404764265625 0.3882478203125
0 0.8349218015625001 0.39677951093749997 0.8416328265624999 0.3821458390625 0.839708946875 0.363841346875 0.8372061421874999 0.35864558125 0.82535863125 0.3471929875 0.8094228453125 0.34747114843750004 0.8023393546875001 0.35270487031250003 0.794787071875 0.36462546093750003 0.7933836265624999 0.36988940625 0.7955823468750001 0.390808828125 0.7980851515625 0.396004590625 0.8100641187500001 0.407584259375 0.8177520828124999 0.40994042343750003 0.8185236921874999 0.4099269546875 0.8256891187500001 0.407311525 0.8349218015625001 0.39677951093749997
0 0.9399783390625001 0.2678513828125 0.9526806562499999 0.28079054531250003 0.9706095296875 0.2804775953125 0.977362553125 0.26981856249999997 0.98016944375 0.2592906671875 0.9768421187499999 0.246250121875 0.971836509375 0.235858596875 0.9643134718749999 0.2294405984375 0.9486884718749999 0.2297133328125 0.940586509375 0.2364040671875 0.9377796187499999 0.24693196093749997 0.9369258531250001 0.25742576562499997 0.9399783390625001 0.2678513828125
0 0.9394549015625 0.33175350625 0.9453289 0.3224819375 0.9481357906250001 0.3119540453125 0.9489895546874999 0.301460240625 0.9453873906249999 0.28580476875 0.9373146718750001 0.2741569140625 0.9289524921875 0.2690634265625 0.9094212421875 0.2694043453125 0.8932026953125 0.29195510625 0.8976293796875 0.31545536093750004 0.90236015 0.3232319609375 0.9165670828125 0.3373924671875 0.9302389578125 0.337153825 0.9394549015625 0.33175350625
0 0.923573246875 0.33982359687499997 0.909901371875 0.340062240625 0.9040273750000001 0.34933380937499997 0.90344845 0.362442540625 0.9062260953125 0.37025323125 0.9133707109375001 0.37852942968750003 0.924445309375 0.378336121875 0.9311818796875 0.3703270171875 0.9285861687500001 0.3456304796875 0.923573246875 0.33982359687499997
0 0.9202955265625 0.447284684375 0.9251751359375 0.4444253546875 0.9324525781249999 0.4298898390625 0.9324981906250001 0.4275312890625 0.9301620515625 0.40530440468749995 0.929704178125 0.4037405625 0.9104916359375 0.37918853124999996 0.8890072609375 0.3795635421875 0.8834227265625 0.3822807453125 0.87587044375 0.39420133125 0.8738880734375 0.412574009375 0.8794433640625 0.4281953921875 0.8939251359375 0.44497082499999996 0.8993868296875001 0.447649646875 0.9202955265625 0.447284684375
0 0.8651728625 0.442286171875 0.863194015625 0.4234586921875 0.8625285500000001 0.42085058281250004 0.8600257453125 0.4156548203125 0.8459463734374999 0.4016214578125 0.8338242828125001 0.4018330484375 0.8285155281250001 0.4044160703125 0.8232058328124999 0.4097482015625 0.8176066750000001 0.421634696875 0.8198053953125 0.44255411875000006 0.8323340421875001 0.4593636421875 0.846204446875 0.464231615625 0.846767078125 0.46422179375 0.8594029531249999 0.4562714296875 0.865002109375 0.4443849328125 0.8651728625 0.442286171875
0 0.810356109375 0.45690444374999994 0.8054935562500001 0.4106403390625 0.8007591296875001 0.40515606249999997 0.7888817375 0.397921425 0.7774053203125 0.398121746875 0.765328040625 0.40315479062500004 0.756097471875 0.4177243984375 0.7549688671875 0.42560327343750004 0.7574424265624999 0.4491376234375 0.7699710750000001 0.46594714687499994 0.7783332546875 0.471040634375 0.790058825 0.4730384734375 0.7934804109375 0.47297874999999995 0.7998176296875 0.4706656234375 0.810356109375 0.45690444374999994
0 0.725474796875 0.466338959375 0.744451459375 0.4660077203125 0.748119325 0.4642230875 0.7559464484375 0.4549174265625 0.75651075 0.45097799062500005 0.7534875109375 0.4222137859375 0.7520986890625 0.418308440625 0.7401197203125001 0.406728771875 0.73203238125 0.40425020937499995 0.72031363125 0.4044547609375 0.7166822203125001 0.407137875 0.70772649375 0.42432240937500004 0.7071475687500001 0.43743113906250003 0.710200053125 0.447856759375 0.7227287 0.4646662828125 0.725474796875 0.466338959375
0 0.7507325078125 0.5441664125 0.773459234375 0.543769715625 0.78558461875 0.5302589203125 0.790344634375 0.51969693125 0.79124751875 0.5133938328125 0.7887739578125 0.489859484375 0.7842689093749999 0.48050710937499996 0.77647103125 0.471474184375 0.759746671875 0.461287209375 0.753887296875 0.461389484375 0.72959603125 0.472292390625 0.72237940625 0.483683175 0.725842390625 0.5166312625 0.7303474390625 0.5259836359375 0.742601246875 0.5401782359375 0.7507325078125 0.5441664125
0 0.833135003125 0.5349012390625 0.8507050890625001 0.5345945515625 0.8592638687499999 0.52383041875 0.8598427937500001 0.510721690625 0.8520595390624999 0.492519471875 0.8464896265625 0.48606738125 0.8364491609375 0.4836229140625 0.827233215625 0.48902322812500004 0.82135921875 0.49829479687499995 0.8199557734375 0.5035587453125 0.821879653125 0.5218632390625 0.833135003125 0.5349012390625
0 0.78247095 0.5751016734375 0.78720171875 0.5828782734375 0.796952721875 0.59187710625 0.8085185140625001 0.5979455828125 0.8265547874999999 0.597630759375 0.8287524015625 0.596561490625 0.8379829687499999 0.5819918828125 0.8421933046875001 0.5662000421875 0.8408191046875 0.5531254046875 0.8333106906250001 0.5375381124999999 0.8230100078125 0.5233094234375 0.8126947031249999 0.5182500296875 0.8009759531249999 0.51845458125 0.7934382921875 0.5212058749999999 0.7898068828125 0.5238889859375 0.7791728703125 0.5437225406249999 0.7780442640625 0.5516014171875 0.7796933046875 0.5672909828125 0.78247095 0.5751016734375
0 0.746811509375 0.6137465109375 0.7568373515625 0.6253602671875 0.7619914484375 0.62849968125 0.7836108546875 0.6281223125000001 0.784455940625 0.6274979109375 0.7922830640625 0.61819225 0.793826853125 0.6124019078125 0.79091355 0.584683675 0.79066326875 0.5841640984375001 0.783704534375 0.5738066609375 0.77395353125 0.564807828125 0.76028165625 0.565046471875 0.754697121875 0.5677636765625 0.7510657109375 0.5704467875 0.74378826875 0.5849823046875 0.7426596640625001 0.5928611765625 0.7440338640624999 0.6059358171875 0.746811509375 0.6137465109375
0 0.8584440171875001 0.480658078125 0.8600930578125 0.4963476453125 0.8703937406250001 0.5105763343749999 0.8771369609375 0.51221805 0.8949279718750001 0.51190750625 0.9022080421875 0.5060914249999999 0.9050149328125 0.4955635296875 0.9036407328125 0.482488890625 0.901137928125 0.477293128125 0.8911120859375 0.46567936562499995 0.878568815625 0.45803913593749995 0.872709440625 0.4581414125 0.8654466203125001 0.4635076359375 0.8595726234375001 0.4727792046875 0.8584440171875001 0.480658078125
0 0.92017249375 0.6099911609374999 0.9274499374999999 0.595455646875 0.9294323078125 0.57708296875 0.9277832671875 0.5613934031250001 0.8971560609375 0.5213222640625 0.886016021875 0.5167591640625 0.8843633421874999 0.5167880125 0.8706368296875 0.529644334375 0.8560965671874999 0.5495460734375001 0.850757628125 0.573216790625 0.8532311874999999 0.5967511390625 0.8557339921875 0.6019469015625 0.8724437296875 0.6213031703125 0.8774495531250001 0.6233536187500001 0.880323778125 0.62330345 0.9165410843749999 0.6126742734375 0.92017249375 0.6099911609374999
0 0.8482165937499999 0.632816228125 0.8552462843749999 0.6362641109375 0.865686621875 0.636081875 0.8755749671874999 0.6231696484375 0.8733762468749999 0.6022502249999999 0.8630755640625001 0.5880215375 0.8569413484374999 0.585508884375 0.8471757234374999 0.5856793437500001 0.8373954765624999 0.595019096875 0.8345885859375001 0.60554699375 0.835687946875 0.6160067031249999 0.8381907515625 0.6212024656249999 0.8482165937499999 0.632816228125
0 0.8409284625 0.647250053125 0.8423319078124999 0.64198610625 0.8409577078125 0.628911465625 0.8381800625 0.621100775 0.8281542203125 0.6094870140624999 0.8158857906250001 0.6044617109375 0.80024616875 0.6139037390625 0.7946323875 0.6349595265625 0.7957317484375 0.6454192375 0.8079855546875001 0.659613834375 0.8129842203125 0.6636130296875 0.8289373875000001 0.6633345671875001 0.8409284625 0.647250053125
0 0.7810878546875 0.7549610437500001 0.8118787765625 0.7544235859375 0.8227953296875 0.74513434375 0.8300727718750001 0.730598828125 0.8308354093749999 0.7262193078125 0.8258653859375 0.6789326984375 0.8243011328125001 0.6756853453125 0.8187312203125 0.6692332578125 0.8036851453124999 0.6563972625 0.7777448406249999 0.651610603125 0.7598626312500001 0.6676410859375 0.7539886328125001 0.6769126546875001 0.7520062624999999 0.6952853328125 0.7550295031250001 0.7240495375 0.765879865625 0.74350808125 0.7810878546875 0.7549610437500001
0 0.7481082890625 0.769434184375 0.7453014 0.779962078125 0.744722475 0.793070809375 0.7497280843749999 0.803462334375 0.7619818921875 0.8176569328125 0.7698795078125 0.8224674484375001 0.7863725609375 0.8221795609375 0.78960048125 0.8197945734375001 0.7971527640625 0.807873984375 0.7999596546875 0.797346090625 0.7983106140625 0.781656525 0.7955329703125 0.773845834375 0.790527359375 0.76345430625 0.784957446875 0.757002215625 0.7671044828125 0.7546941171875 0.757613696875 0.757479503125 0.7481082890625 0.769434184375
0 0.8399357671875001 0.78860154375 0.841035725 0.7636949578125 0.8408708203125 0.7621260015625 0.8377516703125 0.75851283125 0.8012212203125 0.746051846875 0.7970255078124999 0.7526743953125 0.7932211953125 0.7704676046875 0.7934227453125 0.77238521875 0.7964173375 0.7841217109375 0.80671801875 0.7983504 0.8117043578124999 0.8013876281250001 0.8287274515625 0.8010904890624999 0.8399357671875001 0.78860154375
0 0.8186126765624999 0.8556699984374999 0.8268200609375 0.8369505078125 0.8258006546875001 0.8272515015625 0.82480538125 0.8215054796875 0.7986194828125 0.7957653046875001 0.7877252515625 0.803814640625 0.7835295390625 0.8104371890625 0.7811436828125 0.8193859015625 0.78312253125 0.838213378125 0.7873772984375 0.847046175 0.797085359375 0.8564306328125 0.8157836453125 0.8561042531249999 0.8186126765624999 0.8556699984374999
0 0.785580990625 0.9202470984375 0.80123394375 0.9361919140625 0.8187639359375 0.9358859265625 0.8249037093749999 0.9313494828125 0.8307777062499999 0.9220779140625 0.8321109796874999 0.9170771625 0.82875793125 0.88517504375 0.8263802671875 0.8802390687500001 0.8208103546875 0.8737869796875 0.8124481749999999 0.8686934921875 0.802407709375 0.8662490265624999 0.792916925 0.8690344109374999 0.7856541046875 0.8744006343749999 0.780054946875 0.8862871296874999 0.7797508609375 0.9020107890625001 0.7830781859375 0.915051334375 0.785580990625 0.9202470984375
0 0.878172725 0.8936278921874999 0.87483341875 0.8618565203124999 0.8735140375 0.8581464421874999 0.8597025390624999 0.8443800796875 0.8431261859375001 0.844669421875 0.8364192859375 0.8496248968750001 0.8305452875 0.8588964656250001 0.8299663625000001 0.8720051968750001 0.832439921875 0.8955395453125 0.8349427281249999 0.900735309375 0.8465141796875001 0.911921046875 0.8611494890625 0.9116655859374999 0.875119209375 0.9013438875 0.8776366375 0.8973703578125001 0.878172725 0.8936278921874999
0 0.8849013843750001 0.9185514578125 0.8837727796875001 0.9264303328124999 0.885696659375 0.9447348265625 0.89822530625 0.9615443499999999 0.9053534015625001 0.9672472000000001 0.9227727859374999 0.96694314375 0.9367381265624999 0.9556326578125001 0.94792181875 0.9410289578125001 0.9493252640625001 0.935765009375 0.9463020249999999 0.9070008046875 0.9360013421875 0.8927721171874999 0.9295922875 0.8876445374999999 0.921504946875 0.885165978125 0.915645571875 0.885268253125 0.895535396875 0.8987179031249999 0.8849013843750001 0.9185514578125
0 0.8844864140625001 0.879231290625 0.8902458671875 0.8845464749999999 0.9129664906249999 0.8841498859374999 0.927194946875 0.8666970484375 0.9261102093750001 0.8470680453125 0.9160843671875 0.8354542828125 0.9038159374999999 0.8304289812500001 0.8923720265625 0.8332484593749999 0.8831560828124999 0.838648775 0.8789603687499999 0.8452713218750001 0.87642831875 0.858414146875 0.87975564375 0.8714546921874999 0.8844864140625001 0.879231290625
0 0.8861850171875 0.8395419171875 0.8875884624999999 0.83427796875 0.8856645828125 0.8159734750000001 0.8775918656249999 0.8043256218750001 0.8692296859375 0.799232134375 0.8594640609375 0.79940259375 0.853879525 0.8021197984375 0.8466020828125 0.8166553125 0.8485259624999999 0.83495980625 0.8510287671875 0.840155571875 0.8630077343749999 0.8517352390624999 0.8803110203125 0.8488134859375001 0.8861850171875 0.8395419171875
0 1 0.8529098171875 0.9922666078125 0.8491167828125 0.9805478578125 0.849321334375 0.9679753421875 0.8600196890625 0.9637796296875001 0.8666422375 0.96484974375 0.895440534375 0.9726329984375001 0.913642753125 0.9848868062499999 0.9278373500000001 0.9919419656249999 0.9312977265625 1 0.9311570734375 1 0.8529098171875
0 0.9320398624999999 0.85554656875 0.9523956312499999 0.8630504312499999 0.9641143812499999 0.8628458796875 0.9733303265625001 0.8574455656250001 0.9842391796875001 0.8402269375 0.9860987437500001 0.8332522078125001 0.9821204359375001 0.7954011296875 0.9765144140625001 0.7853475484375 0.966488571875 0.7737337875 0.955898428125 0.7660594625 0.936367178125 0.7664003828125 0.9218415375 0.777132828125 0.9145640953124999 0.7916683453125 0.9109034390625 0.8126900421875 0.9120028 0.8231497531249999 0.9242419843749999 0.8465136421875 0.9320398624999999 0.85554656875
0 0.9015371562500001 0.7747721078125 0.9016321078124999 0.774279253125 0.8971244203125 0.7313914671874999 0.8873887140625 0.7239344328125 0.85391075 0.7218990671875 0.8430018968749999 0.7391176953125 0.8418732921875 0.74699656875 0.8476741765625 0.783571465625 0.85017698125 0.7887672296875 0.86352025625 0.7973524453125 0.883408965625 0.7970052859375001 0.8959379984375 0.7866586046874999 0.9015371562500001 0.7747721078125
0 0.8607336921875 0.7165364796875 0.8685277453125 0.7174313437500001 0.8817155703124999 0.71720115 0.8950800453125 0.69890875 0.8974659015625001 0.689960040625 0.8936456265625001 0.6536125453125 0.8865161390624999 0.645353871875 0.8720197437499999 0.6377477328125 0.8527633328125 0.640703578125 0.8418691031250001 0.6487529125 0.8362699453125 0.6606394078125 0.835141340625 0.6685182828125 0.836515540625 0.681592921875 0.8398428656249999 0.69463346875 0.8456876171875001 0.7037004859375 0.8607336921875 0.7165364796875
0 1 0.6107040609375 0.9925614375 0.6108339015625 0.9704192421875 0.6277577796875 0.9599139453125 0.6384592390625 0.9392111390625001 0.6358755484375 0.9291784281250001 0.6407572296875 0.9199478609374999 0.6553268375 0.9161712296875001 0.6648869171875 0.900632959375 0.69495985625 0.8992295140625 0.700223803125 0.9008785546875 0.71591336875 0.9036562 0.7237240609375 0.920091096875 0.7404654015625 0.9343232562500001 0.7478733890625 0.9535398171875 0.760839353125 0.973027953125 0.760240246875 1 0.7682020125 1 0.6107040609375
0 0.9537481 0.5775835218750001 0.9497218640625 0.5751311046875001 0.9358169015625 0.5753738171875 0.9263897265625 0.587230103125 0.9249862828125 0.5924940515625 0.926635321875 0.6081836171874999 0.9366611640625001 0.619797378125 0.944448975 0.622184140625 0.9449010843750001 0.6221762484375 0.9612272687500001 0.6115094015625 0.963744696875 0.607535871875 0.9618208171875 0.5892313765625 0.9537481 0.5775835218750001
0 1 0.6007128453125 0.9971836250000001 0.594306359375 0.9877074625000001 0.587922453125 0.9759887125000001 0.5881270046875 0.968451053125 0.5908783 0.9623022156250001 0.597534940625 0.9579665453124999 0.610272625 0.9605183937499999 0.6345518328125 0.9719435515624999 0.64988081875 0.978671103125 0.6497633890625 1 0.6363434640625 1 0.6007128453125
0 1 0.5232674234375 0.99533769375 0.520427565625 0.98557206875 0.5205980265625 0.9799875328125 0.5233152296875 0.9688038406249999 0.5379189296875 0.9657221109374999 0.545831896875 0.9676459906250001 0.5641363890625 0.9726516000000001 0.5745279171875 0.9868585328125 0.5886884218749999 0.990249390625 0.590077359375 1 0.5899071625000001 1 0.5232674234375
0 0.9272280109375 0.5442164046875 0.9526728906249999 0.5437722625 0.9574344609375001 0.5409821 0.9666650296875 0.5264124921875 0.96757726875 0.5229909265625 0.9647189328125 0.49579567812500003 0.9605893046875 0.48722266718749996 0.9486103375000001 0.475643 0.940522996875 0.47316443750000003 0.9310322125000001 0.4759498265625 0.9201379812500001 0.483999159375 0.9125856999999999 0.49591975 0.9111822546875 0.5011836984375 0.9136558140625001 0.5247180453125 0.92534531875 0.5428520812500001 0.9272280109375 0.5442164046875
0 0.9458536000000001 0.4759433890625 0.9581220296874999 0.48096869375000006 0.9659345296874999 0.480832325 0.9807350109374999 0.4727148078125 0.9866090078124999 0.4634432390625 0.9885439593750001 0.4543932421875 0.9854016218749999 0.42449590156249994 0.9794339234375 0.4137937046875 0.9738640109375 0.40734161562500004 0.959367615625 0.3997354734375 0.947648865625 0.399940025 0.9331232249999999 0.410672471875 0.9272492281250001 0.419944040625 0.924717178125 0.43308686406249997 0.9258165375 0.44354657499999994 0.9383305625 0.46952539218749995 0.9458536000000001 0.4759433890625
0 0.9647898296875 0.3854587375 0.9723835078124999 0.3853261890625 0.9825046093750001 0.38110835625 0.9934134625000001 0.3638897296875 0.9941470562499999 0.35876846093750003 0.9910070093750001 0.3288929109375 0.9892908625000001 0.3246658140625 0.9795398609375001 0.3156669796875 0.9672714296875 0.3106416765625 0.9521961109375001 0.3161442671875 0.9398838125 0.3386268421875 0.9395797265624999 0.3543505 0.9429070515625 0.367391046875 0.947637821875 0.375167646875 0.95934195 0.3841323875 0.9647898296875 0.3854587375
0 0.9527118781249999 0.2260021703125 0.9771966296875 0.22557478749999998 0.9871471062499999 0.212581425 0.9885505515625 0.207317478125 0.9898202328125001 0.19845374375 0.9874153828125 0.175573128125 0.9869307578125 0.1732893265625 0.9744021093749999 0.156479803125 0.9618588406249999 0.1488395734375 0.94205275 0.1465655625 0.9347753078125001 0.16110108125 0.9294363671875001 0.18477179531250001 0.9335882124999999 0.20565712500000002 0.94388889375 0.2198858125 0.9502979484375 0.22501339374999998 0.9527118781249999 0.2260021703125
0 0.980566071875 0.140986178125 0.9818236171875 0.14005702656250002 0.9944107546875 0.12018937968750001 0.9951443484375 0.115068109375 0.991989796875 0.0850545515625 0.982490278125 0.0719325375 0.9741280984375 0.0668390515625 0.9663155984375 0.06697541875 0.9534682421875 0.0750588453125 0.946465640625 0.0922092890625 0.945337034375 0.10008816250000001 0.9478105953125 0.1236225125 0.953655346875 0.13268953125 0.96601258125 0.1412402109375 0.980566071875 0.140986178125
0 1 0.26763085000000003 0.997682303125 0.26767130625 0.9839958062499999 0.2770792421875 0.9889429249999999 0.3241479390625 0.9954631624999999 0.3317008703125 1 0.3316216796875 1 0.26763085000000003
0 1 0.4646778375 0.9982972015625 0.464707559375 0.9857259328125 0.48157033125000004 0.9830593875 0.4915718296875 0.9832105484375001 0.49301004062500003 0.9887491718750001 0.5103345359375 0.99654705 0.5193674609375 1 0.5214706875 1 0.4646778375