0 0.6210264177619131 0.7970410881195844 0.12258291350535497 0.12863582966089204
0 0.7397551638596109 0.3233076305686497 0.0626652435815668 0.06749714035614947
0 0.2518582689778703 0.5458568797830828 0.08602831781956936 0.08168406464605163
0 0.12161336481255325 0.6427869428184076 0.0745640032913479 0.08620345811318479
0 0.07527030681068769 0.12388240671405415 0.062347992277344444 0.06593407220870699
0 0.5574240216480202 0.11638598575845227 0.06559493108156697 0.06751418477942375
0 0.2609460015609209 0.18769894613805735 0.07927683791179048 0.0753023195495032
0 0.3302745745973802 0.27486714803165124 0.07470071885267941 0.07537327286970683
0 0.0648902960071648 0.31706932533196497 0.055104548887795216 0.10326369308607006
0 0.12940469594141107 0.45899775009819593 0.07347975271112431 0.0784886143631848
0 0.18006356613523855 0.7526932079437182 0.0741501478033455 0.07215004847226432
0 0.5774875112552148 0.6096410820694602 0.06727936988578946 0.06908520699106084
0 0.5356589892374515 0.6958921994577071 0.12373367277868788 0.12571523251997158
0 0.15420618472717074 0.3517346959416656 0.0692705021309008 0.07075558989502548
0 0.859248539475687 0.7729803776417835 0.09974982062312918 0.1084998281851842
0 0.9456716905601368 0.8037531337901035 0.09700224696535073 0.10214137713377731
0 0.6237586461138929 0.6773962086310892 0.08256337268934946 0.09591006088927294
0 0.9258406333797062 0.8851849409716959 0.06613177744001178 0.07063975292686635
0 0.0805701735129304 0.24504433440715126 0.05685231892867668 0.059462056778910546
0 0.45408788563913854 0.1599910608940255 0.07712787437868052 0.08153470697878644
0 0.7248566639005853 0.8292763503180287 0.07036847740201324 0.0785680898950254
0 0.8664274613867221 0.3233525614832007 0.05886773372801031 0.06269380338799024
0 0.7686656221244913 0.2730985523098185 0.058564207114676844 0.06122839149054773
0 0.22084048882673407 0.3974784671171003 0.08231104666445868 0.08439457745346779
0 0.7697721839876847 0.7594269377502421 0.10577495460891129 0.13331928751868852
0 0.6756167025138632 0.501169531036188 0.06582825082667831 0.06917434102942366
0 0.16621215962854013 0.5651204850710811 0.12249898194624391 0.12873291776344936
0 0.3548017608854718 0.8165733798812788 0.10464002415890761 0.11135799421753845
0 0.3900634300853825 0.28859330474570544 0.0629207311195656 0.059594938170344135
0 0.6536741576978763 0.5787041785768599 0.10378804125757543 0.11779308006357354
0 0.48108553754502326 0.7916001300776704 0.09828181004557415 0.10985735717866216
0 0.6063725498684926 0.28107974483363857 0.07394111061245656 0.07205125592737938
0 0.40320967548456876 0.7326296510567134 0.08895642722023922 0.10043576908837917
0 0.04135562327469483 0.16630171087058437 0.04276922923511957 0.05020794196394629
0 0.8145314455716681 0.6606485492847565 0.10553212906668641 0.11770565046753809
0 0.2922213786969435 0.3212199732654204 0.05770694262445417 0.057905806400777846
0 0.4422594656587674 0.5932262625912277 0.05699854028712163 0.06258535233658317
0 0.40128390420629145 0.4073751210024842 0.05110485090267573 0.05328130565678677
0 0.48460322416188345 0.6219097987937772 0.05143582689778707 0.054942030054229284
0 0.8814950572214052 0.4194372211241211 0.07704394281956936 0.08163179508134402
0 0.14768587791648305 0.2274523134281083 0.07866978468512328 0.07237149575461821
0 0.8185431572871588 0.2774997059988106 0.04262300787667463 0.047084646406273654
0 0.5510982303645925 0.8725092416121847 0.08930429473379461 0.1008280985307067
0 0.2591639915378584 0.47544438583320703 0.0624456485273444 0.06593464035614946
0 0.2116723740551553 0.2599193797830828 0.05521961206045454 0.05964771077238851
0 0.6664401286969435 0.31904283226585195 0.054780421952009564 0.056522710772388504
0 0.8448608976748136 0.8653269589256768 0.08796983289001545 0.09272149348582168
0 0.9691491265609209 0.4134275947588838 0.061701746878158305 0.08159543364502539
0 0.7794428254188149 0.8727445491865605 0.07803370397734817 0.08798001947878653
0 0.4854899358773742 0.23877913622599048 0.07035475271112439 0.07847043364502548
0 0.2627873524481095 0.6458750605012421 0.08850351242090522 0.09721311283837916
0 0.765342110910251 0.1659991246167214 0.08195420470134707 0.0818555149534677
0 0.20124169401074718 0.4749994791191529 0.07273703598934578 0.07389820246574211
0 0.9891929589657096 0.5452861279363711 0.021614082068580842 0.08656914973582168
0 0.2294891163324997 0.3254943828081449 0.07782571885267942 0.07539145358786606
0 0.29358974580990366 0.7426500665513662 0.09801100908846135 0.10029329430052947
0 0.8743962624054182 0.49688551025353667 0.06992928729356826 0.07544308989502539
0 0.9778994990307963 0.23824578757729148 0.04420100193840746 0.05014721529770716
0 0.9137586546170089 0.7046389229195192 0.07705766751045821 0.08172945133134384
0 0.41701024268806186 0.36349785597536943 0.05165542195200956 0.056504530054229285
0 0.5174325997369852 0.566204699457707 0.07800625459557047 0.08778470697878653
0 0.4270019452019251 0.8685398799794746 0.07765099604623646 0.08456261887622887
0 0.4078927971573682 0.2040455879231927 0.06105787133378726 0.05675438470870704
0 0.6637247759200655 0.38317350995894905 0.05897911466889951 0.06279202778543276
0 0.3484672554632231 0.6602324762904825 0.1007480248829066 0.10518803789682138
0 0.7164360054632232 0.6580916967272326 0.08495304700334927 0.09416758837021995
0 0.5450634470916145 0.34555131099222136 0.07809704584290209 0.07871062979298102
0 0.36608119323028676 0.37943192818407645 0.044499592353341735 0.05002285611791084
0 0.6262079003449637 0.43890588037225803 0.08721339147734816 0.08803342533837917
0 0.15063349305780488 0.15941084055547136 0.05163113939778703 0.054943166349114225
0 0.11357272568182988 0.3074034338414172 0.054354956534453436 0.05349536702238851
0 0.8901436422115907 0.2028037121471306 0.04828654434356459 0.053362485630955005
0 0.46560404370675795 0.5367944554096354 0.050971302168899515 0.06274543969514959
0 0.18995796836989176 0.6728829880961433 0.08096339147734817 0.08799706390206072
0 0.39383884123386914 0.5379938619272978 0.06377482878223306 0.06428357446522917
0 0.6895610309725712 0.745037705704223 0.08755492533579315 0.09115785719093665
0 0.36060827748098634 0.5741540757247485 0.054780421952009564 0.056522710772388504
0 0.5895566526453706 0.21706269662903668 0.03296981588378358 0.03463628271343309
0 0.7928632457689292 0.23386333548730578 0.039851151664673345 0.03916483164975162
0 0.7307265170472064 0.5594905702637993 0.0888207637251277 0.09877618098582168
0 0.23303230763212257 0.7234551598373121 0.05077704173511961 0.050254530054229286
0 0.0991977937067579 0.5389261446138057 0.05653718238578942 0.0690227107723885
0 0.4561699579361118 0.6588239915139888 0.05375476831045454 0.05963918856075132
0 0.11155407496712315 0.07050287665982484 0.07583458660756799 0.07372107068390146
0 0.3267737635556217 0.38904327752014656 0.04841904101112053 0.05638812493862755
0 0.4362078493262677 0.26643195843469747 0.04748417861689731 0.05043052554118512
0 0.509033025139605 0.2894649374556545 0.03894743682734081 0.04384324129067192
0 0.9676352341849459 0.3313645285021051 0.059087328782232974 0.06425630338799024
0 0.9758143449617259 0.7401491760427772 0.048371310076548116 0.09063321450461821
0 0.48298168090681737 0.8885433077707676 0.05761087510267941 0.07527384706727354
0 0.6793203605814824 0.8780183773471959 0.04703812882023186 0.05628251462443288
0 0.818526281712057 0.33301390779420864 0.04807750715267574 0.05326369308607006
0 0.7753717303236181 0.365322413746137 0.04704182168089712 0.04867157674630018
0 0.9477873014294135 0.4683105374790957 0.06591218238578947 0.06907725292686635
0 0.9659924795431577 0.2696048718862469 0.03861962765978468 0.04081646568811444
0 0.5167062272427507 0.4942751573032293 0.05471021508378726 0.05671745512494617
0 0.985895130419627 0.8799702001450781 0.02820973916074614 0.08345210380001618
0 0.7434038593903046 0.48279171487760514 0.05543920711467702 0.06121021077238851
0 0.9359417932960404 0.2338128176315208 0.042357488508452334 0.04727825446394629
0 0.3341386144018358 0.34130521428842997 0.04031779115489602 0.042485144149751616
0 0.8432771012569316 0.24764403435583765 0.04072214084578505 0.0425850729895215
0 0.36920615071470675 0.23476432279788223 0.05403770523023095 0.05193229887494599
0 0.951288197502332 0.6434332573266704 0.08776396252668199 0.09125664973582168
0 0.030717930455125525 0.08504716569104459 0.04782096754845687 0.07365566861791081
0 0.4219933841191922 0.4768427384889268 0.08019322537379185 0.0832113395046182
0 0.41371640190588455 0.6293592053114395 0.04754066079423076 0.05013812493862755
0 0.28505078828450925 0.3814671268562166 0.057493681225342284 0.05361120399054773
0 0.3253591055289768 0.5180631570086417 0.08907941809068172 0.0895079275949012
0 0.9592483694133669 0.19380089598854783 0.04368666876334117 0.045627188573025855
0 0.5942569049867519 0.5008609797083281 0.06203074097312182 0.06437100406126461
0 0.3573226831662499 0.1613359131569618 0.06632708994001195 0.0706408892217512
0 0.3704308416036121 0.3324932956705191 0.033325074433117496 0.03785837081599066
0 0.3111572226009625 0.43370179254726116 0.05446317064778707 0.05495964262494617
0 0.9856704649772059 0.4828997574248663 0.02865907004558821 0.05187718857302581
0 0.5874367059644735 0.1685979255517978 0.032467283909784685 0.04078067239923842
0 0.961951182426764 0.5690917874790957 0.05891946566401103 0.06445047959310521
0 0.30668936017076504 0.579940988292535 0.051850734452009564 0.05650566634911432
0 0.8446918868303165 0.5525724288714475 0.07571476256468088 0.08328286097226431
0 0.6243877183289174 0.16447350693388701 0.042633565740008095 0.04854835386138871
0 0.08239877205873766 0.41939489461380575 0.059831108199126695 0.0924602107723885
0 0.48213692429339083 0.33731663017586627 0.037011203345785046 0.04256348338670737
0 0.5235600923840726 0.42621095853289337 0.07260348725556973 0.0833623365041051
0 0.11155832574758358 0.1651113947120016 0.03852197140978468 0.04081589754067196
0 0.6592525776782475 0.14550533831597617 0.056879768310454534 0.05965736927891063
0 0.6148860877422844 0.3639104255517978 0.05019057820200956 0.0564960078425921
0 0.8162416174827032 0.21105254938295231 0.039672730683117406 0.03789530039975162
0 0.9888455005917173 0.6274446429634858 0.022308998816565406 0.07211311888850336
0 0.16224665379557407 0.10852050624651595 0.05434123184356454 0.05339771077238851
0 0.8002703918418476 0.4089633294371816 0.041391483871785796 0.04873628044463647
0 0.042998377916483047 0.22806136748644268 0.031976372494234385 0.07200226502711464
0 0.4728759726009626 0.43276094038252066 0.05244775584845307 0.05172789601586629
0 0.2914065050934801 0.8662011960398616 0.0862716693949043 0.0910528150241845
0 0.6137798234881512 0.8901280127876194 0.05766049227734449 0.06590680113146803
0 0.681972206744934 0.26265647687965765 0.04716006762445417 0.057844446476990455
0 0.6949452330347424 0.44397919975229466 0.06059017977734449 0.0659238455547424
0 0.7103210525796169 0.3586638684684013 0.05103464403445344 0.05347605000934434
0 0.9893626366275795 0.29445488096143324 0.021274726744841033 0.034344450258318025
0 0.1191049397796764 0.7139534156910445 0.0457332311195656 0.059494944220468325
0 0.8753548122329363 0.2756054078924045 0.033810188855562015 0.039227262758318025
0 0.32405411748270313 0.21391601249303185 0.043703560281785236 0.04435879361791084
0 0.7244173037298204 0.24755365164588858 0.04097657631756348 0.04717264414975162
0 0.1613641078293837 0.29696083753040925 0.035153093801339665 0.037673853117397724
0 0.5349747419076014 0.2682030158126816 0.047212851626674636 0.047111349336070064
0 0.9382264575253945 0.35577417604277717 0.044638422676008815 0.05031639301535336
0 0.7629646522756277 0.42169058841417206 0.051020919343564584 0.05337839375934426
0 0.47276196680897087 0.48202059699837907 0.04114443943578579 0.04697846794463665
0 0.5635770189778704 0.544043353146699 0.04449959235334191 0.05002285611791084
0 0.719814309152069 0.4039581877502421 0.03653400599222856 0.0377794634315924
0 0.6487965204978168 0.2268826033430908 0.03593381776822966 0.04392328496995521
0 0.2845101746631339 0.132829638956465 0.041046783185785696 0.04697789979719404
0 0.9029182423183189 0.5663076759445813 0.059003397223121826 0.0643533914905479
0 0.7963092643360821 0.4809201426688981 0.0637875014069019 0.07687100406126461
0 0.6814400946844794 0.20323602508425961 0.04622520523023095 0.05188684707954803
0 0.9987334708782789 0.6977435074248663 0.002533058243442099 0.06256035384911432
0 0.20519006917513147 0.11921711173090606 0.047212851626674636 0.047111349336070064
0 0.44218337676627967 0.33676718433239655 0.03592009307734081 0.04382562871995521
0 0.12263525119117788 0.39414036455957646 0.047543827621785974 0.048772073733512576
0 0.8332433586098442 0.3876605011783504 0.03718223329156274 0.04100325597647725
0 0.09005917930492209 0.1957301356368153 0.05080132428934205 0.051815893759344346
0 0.23721307270769065 0.7977102712736306 0.07650709646112439 0.0785062269339015
0 0.7825212794116503 0.5552797932346323 0.05824009612223371 0.06864231242635306
0 0.7026352256818299 0.3039763684684013 0.036129656301339706 0.037679534591822425
0 0.986575057856901 0.15917591111385837 0.026849884286198035 0.04565502779770721
0 0.3092019084373623 0.16943475946796976 0.03630068624711722 0.036119307181592356
0 0.47097562097428797 0.38585866930528184 0.03876584901822966 0.043939761245787065
0 0.1707898195858489 0.4196625393258073 0.052890112784453436 0.05348684481075132
0 0.7195270842506997 0.19050422092772934 0.052202826173788 0.06109380565678681
0 0.9262458597600476 0.27609122122231694 0.02741766035778248 0.028456667886194255
0 0.5019046024071351 0.13860187422393794 0.06616027888800993 0.058345292080830814
0 0.9908210005994608 0.2045065918320176 0.018357998801078423 0.036226621938114434
0 0.5545609544445271 0.48545414832623895 0.04071580719067427 0.04531717539975162
0 0.8827957944872182 0.6289758475875542 0.05921243441401103 0.06445218403543258
0 0.9038852086755979 0.24494576035173257 0.03305374744289473 0.03453919461087551
0 0.27155840227562755 0.4245495063447118 0.04240341282245215 0.04552214640627365
0 0.43774505722140516 0.42201888310273256 0.03046559380133971 0.037646582040158805
0 0.5727070467876253 0.4087234766832659 0.04430744668089694 0.04865566861791084
0 0.9373057820818002 0.1266861188611848 0.04109851512178579 0.048734576002309106
0 0.5733869583058548 0.4525052929400447 0.04324747865489602 0.04250218857302599
0 0.3658067206702986 0.449803515518094 0.06794132187601214 0.07240665578594588
0 0.7304056685423737 0.8910132810361879 0.030657739473784317 0.0390137695401588
0 0.31828972605157285 0.10057567515901436 0.055328878240008185 0.048622213028910635
0 0.9180997163982534 0.17918440496553828 0.039575074433117405 0.037894732252309105
0 0.737284740757398 0.37805421790266724 0.029172306030227267 0.029832945745273953
0 0.9990254526397427 0.2614832996775399 0.001949094720514566 0.05019146568811443
0 0.1479732303645925 0.8748545542547262 0.06054056260267933 0.07529089149054755
0 0.11913010433779894 0.12440912665982484 0.03919975753778404 0.037307090309981694
0 0.9780937594645762 0.2570185134749905 0.043812481070847654 0.037638124938627546
0 0.10542662483561571 0.3551460422526736 0.03483584249711717 0.03611078496995521
0 0.9974630961055272 0.3427832966524778 0.0050738077889455726 0.056408010099114315
0 0.5597129791734146 0.47760528688992043 0.039948807914673166 0.039165399797194134
0 0.8432475158560285 0.1639821066627405 0.05031568383378726 0.05669188849003461
0 0.5283995575911481 0.21585472063314176 0.045964436103341735 0.05003137832954794
0 0.9832728164640072 0.10294409183201758 0.03345436707198566 0.04862839754067196