0 0.4865218252307775 0.7641144618472578 0.09148661434794256 0.10919223437438212
0 0.7863694732654578 0.5138276842478223 0.09783206634905603 0.11750445353018346
0 0.237738879893414 0.7894654691541537 0.1328535031876524 0.15687741182945966
0 0.4181087272438223 0.6668070393639677 0.0952397330173799 0.1296637560870204
0 0.08402408123809528 0.7031716387980701 0.06344656567770972 0.08243859780801373
0 0.6049087459023227 0.7302361140380084 0.09964889976527207 0.11421652835768689
0 0.930881447247004 0.6523152601396791 0.11890797710454457 0.15829381082509109
0 0.5377763372454132 0.6571747150936686 0.0917557885154709 0.11554329981675089
0 0.5106887679424117 0.43321901785361216 0.11724988826781732 0.13326994647850957
0 0.2329524772438223 0.6635751249983524 0.0793123999293801 0.09501772529370137
0 0.8763383032304592 0.7732629598153675 0.12815216193407294 0.13043351750116194
0 0.2605694945894581 0.5734137751605081 0.08542056351447655 0.10810998691094972
0 0.13403371924732213 0.6360620052750058 0.09665791868236288 0.1172886858759707
0 0.7442252372295048 0.7779895957740639 0.09183285392961871 0.09699372610530403
0 0.46551153325909433 0.5551116087630026 0.0950341250994537 0.12038470774083584
0 0.706235435908686 0.6851202573003053 0.09475465551399935 0.10475800314465164
0 0.5547467559277761 0.541822450483172 0.07604776776336308 0.09974492527343201
0 0.3978587672263231 0.7953860068965636 0.09373966293363552 0.1266108433942545
0 0.7005223325907307 0.5717162763750288 0.09682141384865836 0.11455772006833946
0 0.6317899665818221 0.6361548774306891 0.07286708742938011 0.09490522194553126
0 0.06089621125082199 0.6089988989443398 0.0650829273452381 0.08881352759696384
0 0.9018944759309576 0.5244396761301475 0.07936808026336309 0.09980288154370136
0 0.3795922145926397 0.5520490641207341 0.08510707234643125 0.09795032771858062
0 0.18884903592459437 0.5588779423687924 0.06346361067790855 0.08390344155801373
0 0.33679454523395913 0.7380587021080252 0.09152056751272664 0.09532845606675089
0 0.84315472792014 0.603118055188985 0.08559314934754454 0.10616027110331831
0 0.7964229892186871 0.8586043960983755 0.09816701101507305 0.11272611566492116
0 0.7990496445735497 0.7000242828678507 0.08401246801399935 0.10457049756436802
0 0.6216320745544597 0.8375810097359373 0.08252042068148793 0.11059791152541756
0 0.14922181989977734 0.7410358774339844 0.07609649326165288 0.08715067821580078
0 0.6284751572645032 0.5181043068138381 0.07614542401336308 0.0997466298696164
0 0.6038484219446388 0.4184355434211574 0.08075458543025497 0.10148690214028289
0 0.030840757137438383 0.7881136546263827 0.06168151427487677 0.10112794840658097
0 0.5498025278883233 0.8324201769442217 0.07626801117918128 0.09350003906198516
0 0.3309087192473221 0.6394984711827487 0.08096807926380052 0.10305281133265183
0 0.01733021395609293 0.6933369427758296 0.03466042791218586 0.09292388555165906
0 0.10396331655795957 0.8027585815738997 0.06516126592834608 0.08715507594314822
0 0.7049258325509599 0.8648213940697806 0.06159898284332908 0.07469307132669449
0 0.3448001386060028 0.4529842727248761 0.08572269134905604 0.1172930836033185
0 0.7672825712524128 0.6096077885498935 0.06655111167747094 0.08073533238591431
0 0.6946728692711848 0.4700310454497523 0.07295217559476086 0.08543597488790003
0 0.9039991318825962 0.8807987702859489 0.08527845342834581 0.08750622275713411
0 0.9673723832352319 0.7396885750744874 0.04987382535009033 0.12428297970746058
0 0.3296172972231414 0.8176371079522238 0.059996711176198404 0.07124782903774403
0 0.11949959926004883 0.5420392698855023 0.0601920236761984 0.07125123823011278