0 0.1936941695420144 0.8029699430147993 0.11118601563661912 0.12415273251997157
0 0.49399130539783886 0.6550944826351943 0.05625297351220411 0.07228286475359198
0 0.7167748893902276 0.6569241064663487 0.09712384796077381 0.11928689933313982
0 0.5891366621276406 0.7655047418085765 0.07193334980971962 0.07852497579950324
0 0.3845314392764968 0.5002256963344491 0.09785436549882984 0.10366985339733467
0 0.48373423771707247 0.7293905006873711 0.0832485402754692 0.09264997201817557
0 0.6870144521280781 0.5594178473911625 0.05931828570327191 0.0708362017217512
0 0.41906955984646316 0.6766291150505557 0.07400883264238214 0.09591574236369774
0 0.3291130633065042 0.6935626058771736 0.07752014613096536 0.10062255937674199
0 0.6943189106447658 0.7578598925707023 0.10573451168228623 0.10537546144273265
0 0.08739508999824992 0.8215613826117533 0.054584858887679874 0.07207789374706977
0 0.1840233977931846 0.699876759271578 0.06708452656352519 0.0769346365748218
0 0.066642238211364 0.7341613765616289 0.05446548326981537 0.06914820624706977
0 0.2681874921656967 0.7517432654198981 0.07212468312245743 0.07842845584438826
0 0.502079672507764 0.8152416422761147 0.06629034202927464 0.09098918251062713
0 0.42709562406718843 0.5859359373574586 0.06239702656352506 0.07690736549758306
0 0.10438497733694907 0.6823670724050988 0.07266369683440135 0.09405288769694557
0 0.11863316113905745 0.7635534398915415 0.06229970263767983 0.0721227773950254
0 0.39073099562573776 0.7674404674116879 0.07538066397795369 0.08645331276766247
0 0.86941175254582 0.7974758627128647 0.10677954682483275 0.12383419713506001
0 0.0487743058921304 0.6600289849728853 0.046640713383874245 0.07359380565678678
0 0.32178733604391724 0.8014432835702706 0.07634827113096536 0.10061574160743234
0 0.6394350924697079 0.8300712358566482 0.0804801760216634 0.09419599574234354
0 0.362665709542452 0.5964694372592627 0.0805355523191789 0.10034720319745886
0 0.5678147604544854 0.8367393923743105 0.04948932603123222 0.06443286702238851
0 0.4622744372993305 0.49039617838046823 0.06552202656352506 0.0769255462157421
0 0.20384646646253418 0.6302136990649236 0.06928402884962379 0.08778470697878653
0 0.7890756537246837 0.7244883354873057 0.09196100124502422 0.1051976964033436
0 0.5571425628122126 0.6898916634515494 0.07538464316521587 0.08655096901766246
0 0.6419048819758537 0.6221951033430908 0.06756849630210837 0.08162384101714934
0 0.13983304600629864 0.6126131086076481 0.054138857590164416 0.06592441370218491
0 0.5411090445234239 0.6032456363241863 0.07531699698175913 0.08489081276766228
0 0.48398495262236974 0.5629433440715127 0.056368369942806494 0.07511489600359197
0 0.44126950650015273 0.8187211662802198 0.06233335956733086 0.07534486549758271
0 0.2566438612156071 0.5259756509585175 0.06950868676785786 0.09569429508134401
0 0.25491155935217147 0.6752398527539156 0.06398953663006868 0.07525686775410509
0 0.6255888152836706 0.701214982831586 0.06600201711484618 0.08151709440806965
0 0.5977927846375921 0.5560297478587006 0.07534269553688588 0.08791758837021994
0 0.29241687653864634 0.5984410034178456 0.06737318380210837 0.08162270472226432
0 0.5295229457022875 0.5298581332991242 0.06164247209111586 0.0655775360552557
0 0.5875993839530201 0.6318882659108774 0.05248301285158128 0.06122839149054773
0 0.2686132565001527 0.8197256509585176 0.0492346580464547 0.05818286702238851
0 0.7235700119373603 0.8428661516458886 0.062307661012204106 0.07231808989502539
0 0.042976586538208815 0.8054096626659826 0.02339819355971957 0.07824260652059252
0 0.9626842500743621 0.7852116911680878 0.04741715773752233 0.056707796618423956
0 0.9777764256966008 0.8491923779363711 0.044447148606798235 0.056611276663308986