0 0.5572889097378313 0.7968275503210163 0.051611885738251574 0.0629787190540421
0 0.10078885715140654 0.780269926947517 0.05830545434143923 0.06826870824839659
0 0.8104844544066973 0.7231617739393968 0.0629311926546432 0.07293696342287888
0 0.4262732757977405 0.5610655539744643 0.04869356426490725 0.06331820616851011
0 0.6432742223533859 0.7194622552717105 0.06477320533113406 0.07921594155801355
0 0.5934931826990849 0.7529508652558244 0.058110141841439145 0.06826529905602782
0 0.05463160800933636 0.616265928165333 0.07843855172849493 0.17315685633066594
0 0.33695367768451995 0.7922007313290184 0.061843517831134065 0.07916480367248155
0 0.38365987846330746 0.5993643948838547 0.06009916140464337 0.07288753013353144
0 0.4351374619285446 0.6510183981302656 0.06652997280770734 0.08256523219314822
0 0.9168026505666311 0.7273601245880199 0.07106866943775643 0.08088753571381488
0 0.7220775207831756 0.6099566160666033 0.051492542458366944 0.05887715655404211
0 0.7897507540901281 0.6009867650109431 0.05347199247815269 0.06652502678536117
0 0.7610982198461034 0.743382770692986 0.03726164210538556 0.04613510389585791
0 0.14636813011266012 0.7365568831160272 0.06486413354437941 0.08234094155801355
0 0.9554990892047179 0.795969802753353 0.07094468816797103 0.07327205280999927
0 0.9208727219576744 0.5720413790522468 0.05522412196482449 0.0663603970166804
0 0.14880750534376935 0.5788671140413036 0.05943006875157941 0.06331039924879392
0 0.6731459272888085 0.6458026128201924 0.0555103626780701 0.06948880620904915
0 0.3142961130239013 0.5770706091700397 0.07754883147753411 0.0889067861196164
0 0.22342106043747653 0.56689499391092 0.07446645407749282 0.09031708279171564
0 0.4204826138818311 0.41572578043551384 0.09633041671599188 0.14399195129807013
0 0.4599820007249158 0.7802928409060952 0.06817098997087019 0.0886454886359143
0 0.5377383100417651 0.4201150458567894 0.059901007397979454 0.0727864646911625
0 0.9743571673571527 0.5059584573797355 0.05128566528569465 0.10102055884696384
0 0.39354465848419007 0.8049013287312305 0.05154293811850721 0.0539000969964107
0 0.7543648350480827 0.672988450076135 0.082688131037097 0.10451595048646745
0 0.3446094018202725 0.7064405093321955 0.07768238229073816 0.0934966298696164
0 0.5176795257977405 0.5626610560030592 0.07744833372087001 0.08880742527343202
0 0.6921041789381611 0.7874679614402207 0.04349250301854859 0.05229547635929048
0 0.2667284427282147 0.6597916059236288 0.07437268435758355 0.08709442654171547
0 0.5087090057394807 0.737415594152506 0.051864028371529966 0.06493525324641088
0 0.19323580377355898 0.4687614569792891 0.07461241594077941 0.09197894363790002
0 0.7164078454729241 0.7371367248329013 0.05182245079499807 0.060151801592595255
0 0.9263391234487426 0.6525646761301476 0.07720860213767437 0.08392290817724746
0 0.8168731952354971 0.6475305284036237 0.05496988928469264 0.07104107863194287
0 0.39977296027919196 0.5090666773512588 0.0534719924781526 0.06652502678536117
0 0.5806879911580044 0.5543906343305479 0.05347872051490725 0.06340173138154555
0 0.9845338009015322 0.6474465279965866 0.03093239819693565 0.058451229301659066
0 0.4898249619285446 0.6519729719935274 0.040704890851744224 0.05712715097375849
0 0.26758991224511375 0.7699069456152033 0.11282249904314234 0.1271010510341551
0 0.6249812119285446 0.6543321331127319 0.04870029230166182 0.06019491076469467
0 0.46662079414014046 0.7132553453703221 0.04036182000522075 0.05204561678138973
0 0.0807287582467632 0.708081281249588 0.06648555372451137 0.0776841242893326
0 0.1186091914745735 0.6681381197233466 0.04406498444503919 0.05855229474402801
0 0.698864992807357 0.6977878526739227 0.043543650138499146 0.054053288859290304
0 0.172796586301724 0.6519051935866085 0.07460284639736088 0.09500458279171564
0 0.6178757540901281 0.5979866757264057 0.05035087900824333 0.06324952805364496
0 0.4634861192921075 0.5250150056787476 0.045374296788333976 0.05994164199442516
0 0.9668444515037035 0.5954885616818066 0.04563032595170284 0.0586772245329783
0 0.36012543857157964 0.54195131533855 0.04714063380832574 0.060265293475744386
0 0.6726398104374766 0.5747361363591428 0.06448696461788864 0.07608753236564478
0 0.7303493588672663 0.464862304378206 0.14433960066955046 0.13682620931316175
0 0.8277304757185983 0.5376197402541768 0.05852529537798752 0.07246963159458097
0 0.04472907376531168 0.7589892163147799 0.04781018435758354 0.08663077637955982
0 0.2705628333987301 0.5232092236183805 0.05025995079499799 0.06012452805364497
0 0.7529721681176085 0.5714532236150853 0.04363562337517113 0.053859680955474686
0 0.34881351702225183 0.6362371034879969 0.037352570318631 0.04926010389585791
0 0.9093381768930971 0.49765898781854484 0.07485707907749273 0.09032390117645335
0 0.9442467228156042 0.40925105275335294 0.08085284639736087 0.09511367694751698
0 0.8805348784633076 0.6080373802700628 0.04055997401188449 0.05214668222375849
0 0.19655599821763334 0.7975586128234877 0.058257148728152595 0.06660855199839659
0 0.7943342686716045 0.7853481282414679 0.05209523543473402 0.06952680159259525
0 0.5846888325408003 0.691890634330548 0.054903783171612375 0.06206011282431163
0 0.5140220137235465 0.3564519663114846 0.05007420783841639 0.05709547970746058
0 0.6241053705457487 0.5168866801906326 0.0715783441540248 0.09504939655999926
0 0.4085044172596787 0.7286388376596843 0.06475974925762476 0.08546253236564479
0 0.5381404414745735 0.6754610649315129 0.04869356426490725 0.06331820616851011
0 0.16196908339873012 0.521313712661332 0.04521053442525362 0.05095897159060954
0 0.48804218692222695 0.40284967937985366 0.045246428988457765 0.05554711074442516
0 0.4645234335570147 0.5875013689092723 0.04869924727823509 0.06351351866851011
0 0.20774589931299 0.7259154379045656 0.05048727132811139 0.06793702805364496
0 0.7428854289381611 0.7883543514561067 0.054908714725129926 0.05552055326668039
0 0.8485671276053776 0.7706777021047297 0.03886003666858997 0.05075051658862364
0 0.9919885997270331 0.7499539192302886 0.01602280054593379 0.09740463514585791
0 0.662411701107992 0.4379082922033414 0.048703133808325916 0.0602925670146945
0 0.5104366417911427 0.7967905941525061 0.03607631103187643 0.052361239549276205
0 0.7181425270513817 0.5552282057581778 0.04354469516192587 0.05073468095547469
0 0.5278608563599837 0.4831917443146619 0.0424076697017032 0.05862097285889334
0 0.4875170011871342 0.46530876907142815 0.037444543555303154 0.04906649599204229
0 0.7400305842566599 0.3682054926898088 0.05509057115162079 0.06177055326668039
0 0.8796496430447839 0.7923032861142615 0.06610165676126592 0.07455401050077963
0 0.8679787056603384 0.7132333948805594 0.027750249785517413 0.04128396266215582
0 0.9899688050190949 0.6967334618439625 0.02006238996181011 0.047228567471375625
0 0.9938824056786701 0.3750766501555652 0.012235188642659623 0.05340917329530477
0 0.8164005191338228 0.47026859902047474 0.05181856426490725 0.06337275324641087
0 0.84742686177026 0.5973083859521058 0.03114907944868044 0.047394901836240774
0 0.6813459060434146 0.36405773497917104 0.06618017392442894 0.08060699340459516
0 0.781886778305023 0.5454089208551418 0.03739907944868044 0.04750399599204229
0 0.9963666750458888 0.59615676338609 0.007266649908222433 0.10038182954530477
0 0.5780009118494023 0.623058813713697 0.059812920691397944 0.06975912094116268
0 0.29624714350700226 0.4666552605500115 0.04252162353187625 0.05247374289744648
0 0.5717017845732292 0.4870804034052714 0.048813659004602175 0.07415464072614135
0 0.9791485997293197 0.333411301535537 0.04170280054136057 0.06334547970746059
0 0.6429081609914725 0.7873900949632849 0.05163566281498966 0.06044136115022667
0 0.8635051881758683 0.39847146549741047 0.1029906386990227 0.15484493755005585