0 0.9524430309225789 0.26642367449010335 0.060799267254828496 0.0886752094413195
0 0.28647990529232514 0.4652190776035761 0.05311249889013112 0.06519444127549487
0 0.24470730455569098 0.3710339729301734 0.054049472605713064 0.059073919167777864
0 0.5387522354979405 0.3376707333794092 0.09669231187243081 0.10979006942174055
0 0.4607364961416023 0.3379266129384371 0.07038118414848996 0.09045818796285161
0 0.09920378041837592 0.4329189899320138 0.05708842074937479 0.060704608401241346
0 0.4322894320275303 0.42126644301055516 0.05489352017745475 0.06835580886667536
0 0.4601141472465534 0.48067715739135375 0.061480853315305596 0.07611392078249998
0 0.40615326692472264 0.482713089287083 0.05438885893035987 0.06532164619332903
0 0.10499994837117518 0.3165672913187846 0.07351984172894777 0.09072623564521276
0 0.15632214775075653 0.3411120432186457 0.055586710631593574 0.05735474723340719
0 0.1548856978669721 0.46204213905833313 0.07076025025210156 0.07496493882958326
0 0.06465953561415602 0.46960202555121516 0.04580470563449899 0.05410465198742624
0 0.24899024899159378 0.28747659052135394 0.06272445336134513 0.0701955300981294
0 0.2708274081423167 0.41020492249333307 0.04768338317182241 0.057268292553055565
0 0.13038807844090453 0.38851437329076377 0.044444346924727804 0.05417048659514325
0 0.32936616384229994 0.29808547577996497 0.039433840597175515 0.05083645459715278
0 0.3706413738655431 0.3213041170224996 0.055549084039425004 0.07773080886667535
0 0.34699678821204605 0.4809700577519441 0.04767177877816069 0.0557080655275044
0 0.857092690073302 0.39187957580062427 0.04814363453379258 0.06663874660415799
0 0.3266949958895007 0.414364439210833 0.06789063790720622 0.08133297019832461
0 0.8196851612444099 0.26873366974045065 0.07288748665430092 0.08447168969631517
0 0.40709804391202925 0.36881424344739544 0.046000018134498964 0.05410919793632383
0 0.7271541817754288 0.4877213655038883 0.058267079042330396 0.07477165435013902
0 0.9160956215197545 0.21735104806520758 0.044444346924727894 0.05417048659514325
0 0.20457933129089612 0.3314090816876387 0.04756046494770301 0.05551048005305557
0 0.8155443284409045 0.3725671845580895 0.05626276086425044 0.06702271598340719
0 0.2271431101197882 0.4549004798640276 0.07143424729796255 0.0859978221051346
0 0.042822376463433086 0.3468736935792361 0.05049903442472785 0.05431141101096788
0 0.2868837329000504 0.3255935331506595 0.05623544570333516 0.0666320909834072
0 0.6706856604881052 0.49215559878638826 0.0542611651028075 0.062101262917777865
0 0.4985257092669385 0.2325299449104162 0.04099156499374264 0.0494102514127821
0 0.5200518759592301 0.48240200513090237 0.06799989855086785 0.08289547019832462
0 0.8559233100035726 0.3193687961653465 0.05438885893035987 0.06532164619332903
0 0.16320021446271857 0.27621374183187486 0.07788433540139543 0.08761040919430556
0 0.5589065623493611 0.41753941812493006 0.06442419839576327 0.07637742251596365
0 0.95114796471482 0.18455607865041584 0.04424220563449879 0.05406828439624567
0 0.60052062595923 0.4805290741851037 0.08967748736679866 0.09870709905701816
0 0.706196097634541 0.20741692287458272 0.06147607771187254 0.07465135000694882
0 0.15071092214017318 0.20942628533486096 0.0645170790423304 0.07491712471486114
0 0.872602347634541 0.20354377441385343 0.059372050096996885 0.06826505319131951
0 0.6062946506007482 0.2752603459365967 0.06171303218308673 0.07943423328249999
0 0.04897382349722596 0.2812123259880555 0.07410854714285789 0.07962524478749575
0 0.37867275913105247 0.4295341911106941 0.06108750589866867 0.0732773435836025
0 0.22506606595565737 0.1499772437317359 0.07085790650210155 0.07496721180403218
0 0.038124168785978484 0.4140611935792361 0.07440423830949479 0.08245954901194441
0 0.29732384218665936 0.2543724965815275 0.0610526927176835 0.06859666250694882
0 0.8114363466261348 0.4982393317845479 0.05207996760861846 0.05600566187769971
0 0.6419914860021436 0.1886318617041661 0.08069315786407198 0.08455587140221796
0 0.32020932115143746 0.18364176928295112 0.049343539421822416 0.057306933118684976
0 0.4732579114965114 0.20347887775607595 0.05916718639013112 0.06533536569131951
0 0.4891403655676697 0.41136345972805516 0.06462633968599221 0.07647962471486114
0 0.7548085602556742 0.24840429236562436 0.05447013518326536 0.06230112136667536
0 0.011245010219971527 0.47125675094993047 0.022490020439943054 0.07017953762569
0 0.08718438165921319 0.38172016584381935 0.044232654427633245 0.05114314284514325
0 0.9291044478669722 0.44402199762836725 0.05270549389303625 0.062162551576597204
0 0.883004616071873 0.2555602160932284 0.04906422825227992 0.05749542669533856
0 0.5733125418183423 0.20037010192052035 0.05772760461425062 0.06705681060013893
0 0.4002467463937037 0.26601655176802047 0.04914345131838971 0.05583981639423623
0 0.903132173729657 0.503124893904895 0.06284531839866858 0.07331825712368065
0 0.2625389327838349 0.20526350256545117 0.06315261395896732 0.07771278837368065
0 0.452481235750042 0.26636073746347183 0.054584171430360054 0.06532619214222661
0 0.8655500462578178 0.4494011350711798 0.057750813401574064 0.07017726465124134
0 0.4952478899570864 0.27940494491041623 0.04424425882129501 0.05270336987069442
0 0.7520281316592132 0.3662457557964924 0.0661683533153056 0.0762230235560418
0 0.9047267967620207 0.3018533346343395 0.05258257566891729 0.06040473907659729
0 0.1056997988557078 0.4850263505893402 0.03709968730131452 0.039764930755972296
0 0.827978990441619 0.44013589105510337 0.046253352602807496 0.06191487901297741
0 0.21636877312890887 0.22973747891409704 0.06151294407965384 0.07796711655805125
0 0.5391835602556743 0.2534230199485412 0.05447285759990237 0.06512860666777787
0 0.8544215221205027 0.5081585392314923 0.03376982359444867 0.036762508073611144
0 0.8167729647148201 0.18768369149194375 0.04828976154523588 0.07151701315526049
0 0.6226519880958306 0.35365744966006896 0.08736859604505724 0.08939111474138901
0 0.6431176713838684 0.41791931820118 0.06787698032674853 0.08113765769832462
0 0.6588240708993359 0.2490783992232286 0.047792643815484225 0.058830792553055566
0 0.7045632697747142 0.42038904834954793 0.06328236097331548 0.07956825712368065
0 0.6881841529465367 0.36461182703489525 0.04558618434717552 0.050979651987426246
0 0.9040933762113316 0.40014536426961733 0.042679705634499146 0.0540319168050651
0 0.19072464490076496 0.395689787234722 0.0676420790423304 0.07498985989722229
0 0.792877006785264 0.3286359998125688 0.044419084950608576 0.052414947069592085
0 0.35519097250849024 0.2522456457078469 0.05060624188159357 0.057238825536519135
0 0.7769292147148201 0.18861106506704794 0.03954310124083733 0.052398954597152825
0 0.9502092695226125 0.48798954996506866 0.032065211962051164 0.05700227289125017
0 0.7698769133380968 0.4344684257243743 0.0777709683841417 0.08877773824540806
0 0.9559126023261179 0.38411966755624916 0.036610600329653666 0.07738750807361114
0 0.10540949379581373 0.254939460296736 0.04377512548229974 0.044600174095143254
0 0.32821357324512446 0.34803092439319416 0.04088230435008091 0.0478477514127821
0 0.2974498923028749 0.37526622483003447 0.03846209919788164 0.038334181622703946
0 0.41639091644019005 0.31399945687826347 0.038380777447703095 0.05529682045486979
0 0.7246022541873739 0.31228560762010354 0.04477007566891693 0.060222901120694505
0 0.364200349728228 0.3799524184092705 0.040340776735205176 0.04149782218833335
0 0.009530254463781158 0.37839710372347224 0.019060508927562315 0.05267844880305557
0 0.6799999483711752 0.3031840177643397 0.056570056424549264 0.07141724723340719
0 0.9207556243697461 0.16186411426961728 0.04265649684717552 0.050911462753962675
0 0.7054423447845494 0.2628129376922216 0.043368120485205 0.04156828439624567
0 0.4157349886000336 0.21183754483416628 0.05394976316891711 0.06043656071888019
0 0.977726890209188 0.19485714580475613 0.01665190445914604 0.059665940729444464
0 0.770756716304304 0.4999661391552424 0.04274049551671784 0.05071842322841143
0 0.016077573207747088 0.32423628058520826 0.032155146415494176 0.05396835517179692
0 0.7595781877275135 0.3028917706141313 0.039549930031066084 0.05249661084715278
0 0.342195037707843 0.6277177711828121 0.05897187389013112 0.06533081974242201
0 0.9666422887162491 0.3199116971915269 0.02150472487886681 0.04261936514526905
0 0.9487563941444603 0.5980003296003463 0.020232380217683497 0.06764655918735692
0 0.7427727360021436 0.18628615207302018 0.036004267453513705 0.04919667346589409
0 0.9620262085106338 0.44169577821357553 0.013346009763991163 0.0360921439138151
0 0.9591361552923253 0.4495628296003463 0.01772416101689629 0.0331716299629079
0 0.783540211612727 0.3171536391552424 0.04012908423811048 0.03847047843833336
0 0.007496153702841293 0.3565948389058333 0.014992307405682586 0.07118532218833336
0 0.005999440060230331 0.27069370649701385 0.011998880120460662 0.03963983550999135