0 0.30791579863119056 0.375825709007884 0.1147506074176448 0.13468293628177203
0 0.7920961148052262 0.7360106014561068 0.20139553660638043 0.2061910742682395
0 0.6501906835098838 0.5713150815706044 0.09675155428221274 0.1104844196422686
0 0.6113558114288723 0.4786093843305479 0.07191216648814543 0.0792449196931484
0 0.9766861499051881 0.7195845807565302 0.04662770018962377 0.14235637545585716
0 0.5155286824170704 0.6368155762955986 0.09138499726435186 0.10454151942923318
0 0.77509008409079 0.501744695611908 0.08846499977714953 0.10458803779370136
0 0.7342314071956162 0.6008583055960222 0.0652641198414173 0.07610677719116268
0 0.8839092288337195 0.6159492917963043 0.10800641676496311 0.1295933733759707
0 0.23447336624303466 0.28017624391092005 0.08116772227297683 0.09490692654171565
0 0.42526820361226536 0.5681689419617554 0.10610566201257114 0.11240246418360193
0 0.2962904824860693 0.5573387617678275 0.08701726768667539 0.1076823550623823
0 0.6567606286957215 0.7632843932590017 0.11242259640662802 0.12694081899282175
0 0.1478552156621284 0.35041483157389963 0.06147779103160165 0.08510698782431154
0 0.25073825661470994 0.6641694143656153 0.15766732457154892 0.18992734496658023
0 0.4622156981192833 0.37461953936396764 0.10032305099292937 0.11405629631635375
0 0.5619930025884508 0.5627565133893853 0.0968305866286407 0.10931595383463737
0 0.4896116557288933 0.5092400012145207 0.08619437272089563 0.09840671590856669
0 0.5968259576385245 0.6780093664736404 0.09785470349710224 0.12356694794989984
0 0.37151587722899865 0.6709569768647915 0.11815510554473133 0.13951923041730402
0 0.5476896601290618 0.7722991087630027 0.09948578970870905 0.12330295733503469
0 0.36422023941685977 0.30661778733537276 0.09257762496048993 0.11557838027541774
0 0.8089988468884719 0.5998236854656384 0.0651090796366546 0.07454427719116268
0 0.6987782913264908 0.479355452511767 0.08633003290006318 0.09977390340856669
0 0.24082284907409884 0.45420407913826766 0.07475299205541619 0.09313767613591431
0 0.17167808299797654 0.5590631286518003 0.06074135005897783 0.07768511282431163
0 0.09867164293121163 0.4049290077106377 0.0767403403744678 0.09941154048249583
0 0.11148665572889334 0.5026398047885385 0.06236123401374076 0.07927318176707736
0 0.15482820907633288 0.2241932508107789 0.08291343682060584 0.1105353357340844
0 0.20285279607165424 0.3544944054371616 0.06889224438487354 0.08221430717287888
0 0.1795994645693149 0.4188199581971051 0.05134937797295573 0.061630776379559826
0 0.3440995395147731 0.7640660486994585 0.07105779354439931 0.08537169450038232
0 0.3503044974693781 0.5200666327089902 0.07195017041731297 0.08061040259696384
0 0.5474131743645521 0.42368037661991015 0.09247996871048994 0.11557667567923335
0 0.394419018664573 0.45376552272487614 0.10172082077536873 0.11242341360530403
0 0.15369230265744974 0.4799796006486231 0.06381638775094305 0.07920109445984344
0 0.2107647789027184 0.5285495142034595 0.07950014437624864 0.09185571844513411
0 0.12809410456708087 0.6464307150969639 0.06776655108279236 0.08560670698011297
0 0.2995595413264908 0.4723870633099551 0.05303633589527923 0.06487729697614135
0 0.9203107328599787 0.7234305551889849 0.08811464707238663 0.1030221286013326
0 0.45547303183616406 0.707517814120734 0.09065006853577451 0.09516992862160194
0 0.25797675442908286 0.7999978202098139 0.06565247647534775 0.07903816928734705
0 0.6706631561028027 0.6675997463432568 0.07509455044290832 0.0808602621748646
0 0.05890159723346672 0.20848070170428334 0.08648507310482609 0.10133640340856669
0 0.0728529824860693 0.553438645697929 0.04523991228577447 0.0943772913958579
0 0.4096349214600207 0.7800280137964224 0.07580253792565853 0.09978511952065183
0 0.06976046054305571 0.3100568384737585 0.062136711901844 0.09174761282431154
0 0.11719066524813453 0.8037795649348082 0.06868710229857214 0.09488405073011279
0 0.2896501827620652 0.25462286485208263 0.06888255437207587 0.08211665092287887
0 0.12365014623856659 0.7352613900158861 0.07316959978577446 0.09486480590459508
0 0.2056578508858166 0.1626887349824663 0.056404202763740766 0.07916920139982934
0 0.056435751121727926 0.46658352800317715 0.02602719961105897 0.07366712621740419
0 0.07384752927662772 0.6813590941558013 0.01953419316909375 0.07209148371541829
0 0.18437211627194908 0.8127511903401976 0.0689019343976712 0.08231196342287887