0 0.81484375 0.5046875 0.09921875 0.115625
0 0.19140625 0.41328125 0.0828125 0.10546875
0 0.14453125 0.31796875 0.08671875 0.1015625
0 0.3703125 0.45234375 0.04453125 0.0578125
0 0.596875 0.47734375 0.09609375 0.1265625
0 0.5890625 0.66640625 0.05390625 0.06796875
0 0.33515625 0.7328125 0.0578125 0.071875
0 0.13984375 0.72421875 0.06484375 0.078125
0 0.37265625 0.6765625 0.05390625 0.07109375
0 0.353125 0.59140625 0.08125 0.10390625
0 0.11953125 0.49296875 0.0546875 0.06796875
0 0.0421875 0.6578125 0.05390625 0.0734375
0 0.27421875 0.64765625 0.11015625 0.13359375
0 0.39921875 0.41328125 0.05 0.0625
0 0.46953125 0.26328125 0.08828125 0.1
0 0.62890625 0.3390625 0.0875 0.109375
0 0.47265625 0.73984375 0.06171875 0.06953125
0 0.88828125 0.671875 0.05859375 0.07734375
0 0.5171875 0.46796875 0.059375 0.07734375
0 0.10625 0.4125 0.0796875 0.09765625
0 0.84296875 0.71328125 0.06328125 0.08046875
0 0.6375 0.56171875 0.05625 0.06484375
0 0.45078125 0.3546875 0.05390625 0.06875
0 0.3015625 0.43359375 0.0625 0.075
0 0.25 0.5125 0.09140625 0.14921875
0 0.14609375 0.57265625 0.07734375 0.0875
0 0.5046875 0.54375 0.05234375 0.0671875
0 0.921875 0.59765625 0.04765625 0.0578125
0 0.9265625 0.415625 0.10390625 0.12734375
0 0.71875 0.40234375 0.08828125 0.11796875
0 0.55859375 0.39765625 0.0484375 0.0609375
0 0.39453125 0.50390625 0.046875 0.06015625
0 0.38203125 0.33359375 0.08671875 0.0921875
0 0.03046875 0.4578125 0.05625 0.0765625
0 0.76484375 0.5953125 0.07890625 0.09296875
0 0.5421875 0.61484375 0.07734375 0.10078125
0 0.34609375 0.39609375 0.03671875 0.046875
0 0.45625 0.43515625 0.06953125 0.0859375
0 0.55078125 0.73203125 0.07109375 0.08046875
0 0.41015625 0.73203125 0.0625 0.0703125
0 0.7859375 0.6796875 0.0609375 0.071875
0 0.8953125 0.2921875 0.08984375 0.115625
0 0.68515625 0.5765625 0.03828125 0.05546875
0 0.3296875 0.5078125 0.0703125 0.08203125
0 0.90546875 0.52421875 0.0796875 0.0953125
0 0.9625 0.57421875 0.040625 0.05234375
0 0.4453125 0.6328125 0.109375 0.14921875
0 0.6203125 0.7375 0.06953125 0.07734375
0 0.50234375 0.38984375 0.04765625 0.05625
0 0.2203125 0.71953125 0.071875 0.07578125
0 0.71875 0.5171875 0.0796875 0.09296875
0 0.0921875 0.534375 0.04140625 0.05546875
0 0.81484375 0.3703125 0.08671875 0.12109375
0 0.18203125 0.51015625 0.0484375 0.06171875
0 0.69296875 0.7390625 0.078125 0.090625
0 0.1640625 0.228125 0.0515625 0.0671875
0 0.17578125 0.6515625 0.07265625 0.0890625
0 0.9546875 0.634375 0.0546875 0.06640625
0 0.84609375 0.628125 0.053125 0.07109375
0 0.046875 0.3125 0.09375 0.1453125
0 0.7 0.64375 0.0640625 0.08125
0 0.30859375 0.35859375 0.06640625 0.07734375
0 0.97578125 0.50546875 0.0484375 0.1234375
0 0.26015625 0.384375 0.0546875 0.07109375
0 0.05234375 0.5234375 0.0359375 0.04921875
0 0.86953125 0.575 0.03359375 0.04296875
0 0.22890625 0.32890625 0.04375 0.05625
0 0.975 0.3125 0.05 0.1875
0 0.98671875 0.696875 0.0265625 0.075
0 0.01171875 0.52890625 0.0234375 0.0671875
0 0.29765625 0.56796875 0.0375 0.04375
0 0.76953125 0.7484375 0.06640625 0.065625
0 0.51796875 0.32265625 0.04140625 0.05078125
0 0.203125 0.56171875 0.04296875 0.05703125
0 0.09453125 0.6421875 0.03125 0.04453125
0 0.03671875 0.58203125 0.0515625 0.0703125
0 0.6890625 0.309375 0.04609375 0.05546875
0 0.6515625 0.6703125 0.059375 0.07578125
0 0.00859375 0.61171875 0.01640625 0.0734375
0 0.01015625 0.39453125 0.01953125 0.065625
0 0.77109375 0.309375 0.03828125 0.0515625
0 0.06875 0.709375 0.040625 0.0515625
0 0.65546875 0.415625 0.03984375 0.05625
0 0.45234375 0.52109375 0.034375 0.06484375