0 0.53125 0.28671875 0.06015625 0.07578125
0 0.91484375 0.425 0.065625 0.08515625
0 0.9328125 0.5515625 0.0453125 0.059375
0 0.34453125 0.55078125 0.06328125 0.0875
0 0.9640625 0.365625 0.0671875 0.084375
0 0.60625 0.3328125 0.06640625 0.078125
0 0.58203125 0.53046875 0.0640625 0.078125
0 0.903125 0.32578125 0.0796875 0.109375
0 0.86171875 0.465625 0.0515625 0.06484375
0 0.678125 0.5859375 0.05859375 0.071875
0 0.4359375 0.6171875 0.05703125 0.0734375
0 0.7828125 0.5578125 0.06015625 0.07578125
0 0.790625 0.6453125 0.05390625 0.065625
0 0.31484375 0.41015625 0.0453125 0.05625
0 0.13828125 0.46640625 0.046875 0.065625
0 0.78984375 0.2375 0.0640625 0.078125
0 0.6859375 0.29453125 0.09140625 0.10703125
0 0.6203125 0.60234375 0.0609375 0.0859375
0 0.53984375 0.475 0.053125 0.0625
0 0.88359375 0.6125 0.04375 0.05703125
0 0.25 0.3953125 0.0625 0.07734375
0 0.6171875 0.4703125 0.05234375 0.0625
0 0.44453125 0.41328125 0.05703125 0.071875
0 0.38359375 0.51015625 0.040625 0.0515625
0 0.09921875 0.61953125 0.0671875 0.075
0 0.28203125 0.52421875 0.08125 0.09375
0 0.41171875 0.33828125 0.0703125 0.0859375
0 0.33828125 0.35 0.06015625 0.0703125
0 0.80703125 0.48359375 0.059375 0.0734375
0 0.0828125 0.37734375 0.08515625 0.1
0 0.171875 0.60703125 0.05703125 0.0671875
0 0.1515625 0.6640625 0.04921875 0.05390625
0 0.17578125 0.39765625 0.07265625 0.09140625
0 0.83828125 0.5328125 0.0546875 0.06171875
0 0.2875 0.29140625 0.07734375 0.08984375
0 0.659375 0.4078125 0.07890625 0.1140625
0 0.54453125 0.6078125 0.0640625 0.08671875
0 0.46875 0.50234375 0.0609375 0.0765625
0 0.25625 0.725 0.05546875 0.06953125
0 0.51484375 0.5359375 0.05234375 0.0671875
0 0.41640625 0.46796875 0.053125 0.06171875
0 0.13203125 0.309375 0.06640625 0.07265625
0 0.47734375 0.34921875 0.05234375 0.0625
0 0.68203125 0.52265625 0.04453125 0.05625
0 0.37578125 0.634375 0.053125 0.06484375
0 0.73359375 0.6109375 0.06328125 0.08203125
0 0.0328125 0.7359375 0.05390625 0.065625
0 0.909375 0.50390625 0.05703125 0.06484375
0 0.046875 0.48671875 0.08984375 0.11015625
0 0.371875 0.19140625 0.0625 0.0796875
0 0.2140625 0.66171875 0.05625 0.06640625
0 0.10625 0.72421875 0.08359375 0.09296875
0 0.23671875 0.5875 0.07421875 0.0921875
0 0.17890625 0.5265625 0.0734375 0.096875
0 0.83125 0.41328125 0.0640625 0.08125
0 0.834375 0.5984375 0.05859375 0.06796875
0 0.55859375 0.67890625 0.0484375 0.0625
0 0.3359375 0.4734375 0.05703125 0.06640625
0 0.675 0.67421875 0.08359375 0.1
0 0.459375 0.28203125 0.05703125 0.071875
0 0.3359375 0.71328125 0.0921875 0.11328125
0 0.5671875 0.22421875 0.059375 0.078125
0 0.63515625 0.53828125 0.04453125 0.06328125
0 0.49296875 0.675 0.07265625 0.090625
0 0.97890625 0.56171875 0.04140625 0.0671875
0 0.35859375 0.278125 0.05703125 0.0703125
0 0.03125 0.58359375 0.06171875 0.0953125
0 0.88203125 0.5578125 0.03984375 0.05078125
0 0.9859375 0.2421875 0.028125 0.0578125
0 0.4953125 0.42890625 0.05 0.06796875
0 0.10703125 0.5484375 0.0609375 0.071875
0 0.3953125 0.5765625 0.05 0.0640625
0 0.3765625 0.41953125 0.06171875 0.0796875
0 0.32421875 0.62265625 0.04765625 0.0609375
0 0.82890625 0.32578125 0.0734375 0.09453125
0 0.05 0.66796875 0.0546875 0.075
0 0.42265625 0.70625 0.075 0.10625
0 0.90234375 0.68046875 0.0484375 0.0578125
0 0.70625 0.45859375 0.0546875 0.06640625
0 0.8203125 0.71015625 0.078125 0.09375
0 0.20859375 0.321875 0.06484375 0.07890625
0 0.609375 0.6765625 0.04921875 0.06953125
0 0.58125 0.41484375 0.06953125 0.09140625
0 0.86171875 0.2359375 0.06953125 0.09140625
0 0.18359375 0.7234375 0.06484375 0.0796875
0 0.92421875 0.62578125 0.04140625 0.0578125
0 0.3234375 0.2203125 0.05078125 0.06328125
0 0.96796875 0.47421875 0.0640625 0.13359375
0 0.42265625 0.5265625 0.03828125 0.0453125
0 0.27890625 0.44609375 0.04375 0.05
0 0.9640625 0.284375 0.05234375 0.05859375
0 0.61953125 0.2578125 0.05078125 0.071875
0 0.2375 0.46953125 0.04921875 0.06484375
0 0.44296875 0.215625 0.05390625 0.065625
0 0.49921875 0.203125 0.075 0.096875
0 0.72109375 0.38515625 0.0609375 0.08203125
0 0.7375 0.69453125 0.04609375 0.06015625
0 0.453125 0.56015625 0.04375 0.0515625
0 0.7234375 0.52734375 0.05625 0.0765625
0 0.40859375 0.2625 0.053125 0.0671875
0 0.75703125 0.4546875 0.053125 0.07578125
0 0.971875 0.63984375 0.05625 0.0890625
0 0.7625 0.3140625 0.05625 0.0765625
0 0.48984375 0.5953125 0.0453125 0.0609375
0 0.27109375 0.6640625 0.0546875 0.06796875
0 0.6640625 0.20234375 0.05078125 0.06875
0 0.9234375 0.2359375 0.04609375 0.06015625
0 0.53359375 0.36875 0.0578125 0.07109375
0 0.0078125 0.64765625 0.01484375 0.05703125
0 0.7328125 0.24140625 0.04609375 0.06328125
0 0.99296875 0.3234375 0.0125 0.046875
0 0.77734375 0.38515625 0.0578125 0.078125