0 0.6276399653171335 0.7111812600956369 0.06698166004618003 0.07838779230166182
0 0.37928445177163317 0.3086342362764535 0.11978378381676488 0.15616825363705572
0 0.9320993565018465 0.23688933610553362 0.13580128699630692 0.15046382291652788
0 0.7331340278099049 0.5741322379923132 0.041111210711938996 0.054167832945657676
0 0.17677626282659614 0.6287123702165444 0.1079879324348946 0.11677793534727847
0 0.5733555135455003 0.3930904896416657 0.0934005199262696 0.12579879203771557
0 0.31147790754061105 0.20169992616818133 0.09144238121911483 0.10704595053105156
0 0.4422511550099891 0.7142250067304245 0.04248066657800855 0.05128645105894432
0 0.4733203362764171 0.340372318092338 0.09293780725155418 0.10543409989433812
0 0.18057968023144327 0.7617976548562803 0.09856523849292938 0.11504314846420627
0 0.4552306067527079 0.49759979638472557 0.10475634229412005 0.11561278838403304
0 0.594333216409947 0.6439853999082225 0.07282302769112761 0.08917155737819389
0 0.5760297240596416 0.16736306393570283 0.09579801284442038 0.11953922249429691
0 0.48473663746714396 0.7317929399582349 0.05902621779378805 0.061018435875171126
0 0.44146720579789234 0.414165170757905 0.04979656798575345 0.062210494985435
0 0.724365974088556 0.6989647534317193 0.053143682158076896 0.06552123794201652
0 0.4303251571956162 0.578242042623802 0.06691458607861947 0.07673047755832592
0 0.7557490515646362 0.5256803661264161 0.07721982730719716 0.08637826219806186
0 0.6462454404406743 0.2906808919906636 0.07852722291286085 0.10053557694139795
0 0.5309195394858588 0.2102014332943173 0.054028637384262265 0.05775704355530316
0 0.20657264439793446 0.48681437523110915 0.055648521339025245 0.05936216615526178
0 0.7150861750834562 0.17115199049959556 0.05245644737146478 0.05761392319868044
0 0.6780044865123285 0.642334320203909 0.0917524616286407 0.11017095053105166
0 0.5848432858624232 0.793127593560874 0.035803549892887074 0.047781440625789526
0 0.5185288870932347 0.5748920705996203 0.1019332449348946 0.11660176193411545
0 0.7947752577075234 0.5715551557807171 0.052261134871464596 0.0576082401853526
0 0.7487755921143939 0.1474500660472739 0.051204027780990556 0.06069345909205772
0 0.8089065296216227 0.27967989284859346 0.08351511330958913 0.103699313011266
0 0.3491994864834141 0.1159837350228122 0.115050997814373 0.13889266693047428
0 0.3405638596861535 0.6764415133943421 0.04277136696193882 0.05421613855894432
0 0.9122596235766487 0.6895800785836862 0.06460279103160146 0.08581639533841638
0 0.6091901809503475 0.5252437600956369 0.06988955958101162 0.0939549171449567
0 0.9820340799880979 0.4803749116532119 0.03593184002380419 0.0731771615118845
0 0.3337761513576393 0.765958654460569 0.044314486936343475 0.054066290165567035
0 0.9399244353505161 0.7788782593042141 0.04166429756342964 0.0587605182023216
0 0.1271616301624443 0.839352005014565 0.09743226311762374 0.10264364622087001
0 0.37723645105272896 0.5327764299291051 0.0731913877509431 0.08012646571482485
0 0.9748790204762908 0.12833503853367378 0.04371129820331419 0.06368879480894436
0 0.732460076757176 0.03039895836714194 0.042810127013129674 0.05460676355894434
0 0.6787032840217911 0.5467263035108616 0.047361210711938814 0.05434968937214855
0 0.5789947514667227 0.0709056010827214 0.07110397524231829 0.08951103525824333
0 0.837516379788535 0.6627651774883295 0.03801679299437808 0.05242243149574026
0 0.2300854313242568 0.6921921970178639 0.06315004523397257 0.07019423684508048
0 0.6823863724549208 0.22851586111185127 0.05610395194051634 0.06395200990526187
0 0.22581084432893545 0.5622546444314391 0.03725128198336147 0.04470758774574009
0 0.33373380852434104 0.8208052788337483 0.04257832282800837 0.051289292565608234
0 0.48654109651456245 0.41833819371915854 0.04244190652681752 0.05089582605894431
0 0.6199435124526869 0.45989990492278743 0.04816699401819271 0.06050771613547638
0 0.9406904221500106 0.003085977136220411 0.05022850055002124 0.006171954272440822
0 0.39636083702423575 0.654446841449303 0.08492257310482607 0.10218227711788863
0 0.2910152997240041 0.29553249419401223 0.07514210481136985 0.09586048799148043
0 0.18730913197416205 0.545354300937072 0.05327192069051625 0.06386960621200828
0 0.6988997368862379 0.7976439458307295 0.047866603621464776 0.05748037238547639
0 0.47813598136434143 0.08033822895246176 0.13267942252391976 0.16067645790492352
0 0.8845349725929188 0.07063385029129857 0.03927890259765014 0.049440551852362916
0 0.7551497368862379 0.7960072379923131 0.06182903943189153 0.07356389998179384
0 0.33935871531713346 0.7195693877675214 0.03836577302859849 0.04318202733237122
0 0.258181303031359 0.6279107366721648 0.07173533831821395 0.09391124952157118
0 0.4687009576385245 0.6570429925446597 0.07461733187624872 0.09253449247815268
0 0.9800173099621496 0.3538351437065233 0.03945105446193864 0.05411952733237113
0 0.6493467105719701 0.8272919934025893 0.042832531526817694 0.05090719208560017
0 0.34201971129087433 0.6121516928612287 0.04651652778099047 0.06055706677218975
0 0.590503369924299 0.7475195768678266 0.03412628198336147 0.04461665953249501
0 0.5550574196193886 0.516633289720808 0.04401409653961537 0.051038946415567034
0 0.5765651992120968 0.2833063126820616 0.07575999726435186 0.10503165097148867
0 0.8822197003338246 0.7421655209826966 0.04226597405241321 0.05108545554561665
0 0.23388614951700712 0.5251949136317691 0.035328739265800824 0.04299628437578971
0 0.7977550822790723 0.7595097968469441 0.03953159905241321 0.0510058933590269
0 0.39710467657909343 0.8040747684089071 0.057521101748551115 0.06253263026188449
0 0.6442843585644257 0.19985130351086156 0.041451873403904216 0.055638359708985605
0 0.7279912719719279 0.7591891995916533 0.034116591970563805 0.04451900328249501
0 0.9990576319884337 0.3505821115740696 0.0018847360231326604 0.03960418274938142
0 0.907111935350516 0.7798330055432904 0.030572653054193922 0.04315001929925781
0 0.7095954623547734 0.007898450383076131 0.03481592470954684 0.015796900766152262
0 0.6097240734787354 0.23846517412311727 0.0362321788220548 0.049157152645781466
0 0.5544047807433505 0.7548379833734595 0.04223917238008958 0.047871323815608234
0 0.7158421125906849 0.305109453352577 0.08738383635543734 0.12698696461788864
0 0.2972014601980608 0.6816207583797772 0.05814126256760268 0.0687826302618845
0 0.8485853746405478 0.08734998885024292 0.03616359261044764 0.04944727988911755
0 0.9279704258312748 0.47679292207805324 0.04321710755063215 0.05870832605894431
0 0.6607004733407373 0.3889819996707956 0.08076967562624873 0.09271350739797937
0 0.9824072474261918 0.6992074796790428 0.035185505147616425 0.052702989195657676
0 0.6181209064767119 0.7968603473217977 0.029438781983361473 0.04448026721262686
0 0.7333302942599366 0.6234873803121811 0.040956170507175926 0.05260533294565768
0 0.5706351443979344 0.4762212383880245 0.03495007264466814 0.040161411619125786
0 0.8602974251123706 0.7028446082088574 0.03387358552859858 0.04305131802583091
0 0.8476298209191991 0.21195518375653571 0.06929029103160148 0.08595278765828454
0 0.8109973392098627 0.5060521762346883 0.04559597656521071 0.05127972302218975
0 0.3779368311862588 0.8398902479549359 0.03531980537502637 0.04192490713245363
0 0.8324484448408427 0.5485208210618389 0.03402862573336165 0.044613818025830906
0 0.8361205519096313 0.14334157607640377 0.037307153694077756 0.0482146882257485
0 0.9525657949788406 0.39302567583897685 0.035543431791396074 0.04319727988911755
0 0.3878468403026763 0.4501996106496328 0.07861292078399362 0.10336192517807011
0 0.519633432043161 0.459684607746639 0.0705620906476712 0.08306856426490725
0 0.9898075435246444 0.29348266541413565 0.020384912950711254 0.07972969980530316
0 0.9176860307433504 0.7442675785836862 0.03582533785805566 0.03229956098241225
0 0.07904854170040014 0.6229373948271505 0.041826619841417244 0.07609786659569906
0 0.4597597167838563 0.8038187041439999 0.08600785453816648 0.11311977711788863
0 0.9184206560738882 0.09628706815884494 0.039744023211939 0.05412805185236291
0 0.8189693457667439 0.0968302889293852 0.039035896155684924 0.04797286659569899
0 0.3051338231337405 0.6273280634734844 0.03882347199615914 0.0448507081023628
0 0.4201848209481135 0.7603103965430101 0.037063251556585894 0.060476753125789706
0 0.6795840168528553 0.7214224266303997 0.0456936328152107 0.05128256452885367
0 0.2733494645693149 0.40965483016653187 0.040414285912529026 0.046162861952321596
0 0.9803841517151607 0.41242889370652325 0.03923169656967858 0.06553080748543501
0 0.6654627942310221 0.08954428932509662 0.036144212584852474 0.049251967389117544
0 0.272451050845732 0.7638255046188535 0.0840011261935194 0.10663468352459375
0 0.860030338088135 0.03687261573070476 0.04044335595092221 0.04645583070232166
0 0.9543696034742674 0.6875712977048738 0.027313505119072802 0.03974446159934022
0 0.6539660892098628 0.5106213189502677 0.03314745111729174 0.04750940744586387
0 0.580635237605142 0.5770024883880245 0.036308942802413036 0.05091212363911755
0 0.6719623848786933 0.17083975343171928 0.03918124634765015 0.04943771034569897
0 0.627510237605142 0.5756385651893441 0.03447526201758162 0.03537625536912579
0 0.8814644133785879 0.013312718758729702 0.04886632675717593 0.026625437517459404
0 0.7040232292076287 0.7387319470843708 0.03137115428722339 0.03353319766920819
0 0.985727862434328 0.7811250694124862 0.028544275131343964 0.05467286967202476
0 0.44138586989538453 0.21594061942512144 0.13894392841586392 0.1441644722798145
0 0.9430028106810535 0.13082955271943875 0.027690659496158787 0.0445267763426763
0 0.8707500749454582 0.31862272090355426 0.04292640716670206 0.05577863855894431
0 0.8052828143623179 0.6221772814075378 0.03499034493990507 0.03860459463245362
0 0.9392372697573865 0.353454710478713 0.0325540919705638 0.0444735391758722
0 0.6299480720120126 0.1501240881505977 0.040376281983361295 0.04479851595898561
0 0.9514321217360167 0.4447700322654676 0.03953159905241321 0.0510058933590269
0 0.7457456085933399 0.7328169162055584 0.033930969483361294 0.044610976519167164
0 0.9139090424193043 0.3745628323446099 0.04466332739705976 0.05758191516556703
0 0.09705023579342427 0.8833209653602638 0.02540703879200734 0.06763541302947225
0 0.541456224433551 0.3242866653476286 0.035300425349430856 0.041729594632453626
0 0.9913699561428873 0.11347691666777689 0.01726008771422549 0.09764788981258557
0 0.8372607401646783 0.5891230890085275 0.035116315106274956 0.03987412588245363
0 0.07749702306474152 0.709951661520198 0.019798987576227577 0.0582216769596041
0 0.30841004753837703 0.43135633392745554 0.0406840940268177 0.050844678938993935
0 0.8854558150812221 0.3957618824237522 0.042419502013129315 0.054595397532288634
0 0.6965225767571759 0.0314446328194636 0.030710581599430853 0.04159604381924951
0 0.7694295339928766 0.019682390703768905 0.05604656798575327 0.03936478140753781
0 0.794171661192961 0.1390776249019048 0.04649563551134879 0.06230919625886187
0 0.834541487605142 0.5696145710618389 0.037034041944689025 0.07293981353915875
0 0.884713092114394 0.14349468877110064 0.07190989812207604 0.08291303285820209
0 0.7079010014667229 0.0671548122863502 0.03152619449198628 0.03509569766920826
0 0.9993116692517425 0.5511049488002305 0.0013766614965149415 0.036762581955962936
0 0.5113992708502001 0.29773853721352556 0.04018096948336147 0.044792832945657765
0 0.7027306999599154 0.5914705021780781 0.035135695131870294 0.04006943838245362
0 0.2971432036122653 0.5546945455267958 0.07685737665006317 0.10038961507811131
0 0.5340812993790092 0.6684602141731297 0.059052123770584684 0.07796231776188449
0 0.33173485016691234 0.37426524795493593 0.03519307908663327 0.04162909687578971
0 0.7677290241286406 0.08578514034131099 0.04525441817771867 0.06353894641556704
0 0.08448593023144328 0.7645936974135752 0.02106350511907269 0.03956260517284953
0 0.9162115661740357 0.32670199386480786 0.034610922196749175 0.036743442869125786
0 0.6230911257333615 0.025746213777418276 0.041655503246159145 0.04493311179561651
0 0.5244968183885771 0.7376875872926678 0.03163354075478395 0.03519619542587229
0 0.9838548457092859 0.6481534450393067 0.03229030858142821 0.05132623215223919
0 0.8871601407455845 0.5155886491167996 0.02825584430002124 0.03353992570596276
0 0.9653566118717805 0.5219319258389769 0.028992285272644837 0.04096180070596276
0 0.7428867635455003 0.3881576340731049 0.04130652321193882 0.05417351595898552
0 0.2509730500979134 0.45261521997911747 0.04474160362146469 0.05738944417223095
0 0.9789826535143519 0.07493725389393771 0.035068621164309734 0.03841212363911754
0 0.9564028070287037 0.179017000133014 0.043489184030990204 0.06046898006560828
0 0.571240974088556 0.703420235880742 0.03912386239288708 0.0478780518523628
0 0.3635214419073971 0.38665994787579366 0.03138084430002106 0.03363085391920828
0 0.9481729276719069 0.7198753323446099 0.028372124453593273 0.034711800705962935
0 0.9341594700333825 0.049602284772750097 0.02598432154824053 0.04106902649938145
0 0.8906436129645942 0.45594086447706356 0.06136391881760268 0.06887639998179385
0 0.7948637591742462 0.6593052083671419 0.03543608552859858 0.043096782132453625
0 0.10551425808143274 0.7475282178675464 0.03507604281103793 0.041430942869125784
0 0.9482273684575763 0.6493582438648079 0.03476596240151224 0.03830594286912579
0 0.660081895145753 0.785453834389674 0.027313505119072802 0.03974446159934022
0 0.7765932109169651 0.4435892801538966 0.06163283123636454 0.08728796712517113
0 0.864066781836164 0.6776627517823666 0.024520373493767168 0.02729665374271768
0 0.36963008227907235 0.7719669620615587 0.044224112759567905 0.0698382970522804
0 0.9614794901646782 0.5855086925320243 0.06332205752475772 0.08762924148845777
0 0.9114613432361219 0.6104692401038841 0.04384695838248156 0.06505598230894431
0 0.6827562920743094 0.7612889086837111 0.03596099803722339 0.033666748482412426
0 0.3510109265790934 0.8054159595542763 0.02189849803722339 0.03325757152280815
0 0.9316958570977029 0.10373585530586352 0.02334609055419392 0.04293974780612784
0 0.7548815332739724 0.23267451220720795 0.033348673019973595 0.05248135167587211
0 0.6535460106409691 0.7511697626029192 0.029605920140495103 0.03046323131924957
0 0.9055099762452687 0.024632686193258563 0.041451873403904216 0.049265372386517126
0 0.35804217657909343 0.8052113710744742 0.02981834430002106 0.03358538981258548
0 0.794445447745374 0.18921401722177283 0.0259463176190728 0.039704680506045344
0 0.5267383863454161 0.2628179679340534 0.041161173019973595 0.052708672208985605
0 0.3528165022145414 0.38932194662215247 0.033806511561037936 0.04139400328249483
0 0.7666887847406954 0.32008358399396253 0.03313624886044782 0.04935919318253612
0 0.8252962153171335 0.7054300506078677 0.043343833839025334 0.05900413631560823
0 0.2813170047740778 0.4109900096334185 0.022781045323835604 0.04117056927947225
0 0.9814704623547733 0.03946275514757893 0.03705907529045334 0.0652445667721897
0 0.3413424104740567 0.37633621331519984 0.023188781983361384 0.044298410786136076
0 0.9532959539572602 0.15560223218632535 0.03728516790090097 0.013646172208985608
0 0.5723280226619177 0.01143863902116276 0.03184596491430973 0.02287727804232552
0 0.8904973209481135 0.7466257004495832 0.028711274901512242 0.03812976945596276
0 0.9469144591052473 0.730881028504544 0.01987073784943085 0.04128063657955465
0 0.5066358333718858 0.699815514252272 0.024472679551801945 0.025834651499381422
0 0.5947367306743516 0.8296644871343833 0.038095964914309735 0.03850021034569906
0 0.9988470632405899 0.3573860410409562 0.0023058735188200784 0.06359113855894431
0 0.6032298812552579 0.7573348460681565 0.024500993468171826 0.02710134124271768
0 0.7131844663810326 0.10460934817972753 0.03933628655241304 0.051000210345698974
0 0.8855470157600418 0.7835945030360079 0.0201332638904951 0.03018760517284953
0 0.9946889308657205 0.05240302434790882 0.010622138268558956 0.03164960741618557
0 0.9717473209481134 0.7442615669052037 0.03539808159943085 0.04173243613911755
0 0.9633630519385455 0.6755570310118264 0.030605643276206608 0.02581835391920819
0 0.8367653746694621 0.6236117492750841 0.0294106076404951 0.030457548305921733
0 0.9311960252503685 0.5487815823446098 0.05602718796015793 0.06219703891192587
0 0.5532601261361851 0.7196135372135256 0.03207048702620661 0.02586097651916717