0 0 0.69024944375 0.0013528109375 0.6913274703125001 0.017693959375000002 0.6908519921875 0.0253174453125 0.685688121875 0.032736996875 0.6711662984375 0.03500845625 0.66329696875 0.035539015624999996 0.6502761359375 0.033904224999999996 0.642520465625 0.0285754078125 0.629670121875 0.018310723437500002 0.6182639375 0.014890596875 0.6160224828125 0 0.6164557546875 0 0.69024944375
0 0.104448853125 0.6922293015625 0.1108387859375 0.6790379765625 0.11306713125000001 0.6243504765625 0.10844959843749999 0.6179821359375001 0.0889183484375 0.6185504374999999 0.076987375 0.6240997515625 0.065873796875 0.6335269 0.055365389062500006 0.6520402171875 0.052563371875 0.6729303796874999 0.063539340625 0.6908185671875 0.0719570109375 0.6996774140625 0.07955728749999999 0.704658428125 0.08736978749999999 0.7044311078125001 0.093335275 0.70165645 0.104448853125 0.6922293015625
0 0.0314730125 0.6124186890625001 0.0551459453125 0.5963835093750001 0.060294035937500004 0.5897310171875 0.0638715859375 0.577336821875 0.0646125984375 0.559151059375 0.0600386984375 0.54812118125 0.051621026562500005 0.5392623328124999 0.0446852734375 0.537123171875 0.035505590625 0.5373902734375 0.0301366515625 0.5398874640625 0.022111928125 0.5453231203125 0.012845362499999999 0.5572976046875 0.0106800140625 0.56256276875 0.0084085546875 0.5704320984375 0.007877996875 0.58345293125 0.0095127859375 0.5912086015625 0.0195652484375 0.6078231203125 0.026785509375 0.61255508125 0.0314730125 0.6124186890625001
0 0.1435057 0.590691209375 0.145883271875 0.5802177109375 0.14641383125000001 0.5671968781250001 0.144779040625 0.559441209375 0.1414033484375 0.5465340359375 0.1275507484375 0.5274290125000001 0.114091096875 0.5226184890625001 0.09846609687499999 0.5230731296875 0.0798398515625 0.5417067125 0.0742543171875 0.5666954265624999 0.07731167343749999 0.5874151000000001 0.0879693078125 0.6131157859374999 0.092586840625 0.6194841265625 0.10337578437499999 0.6228117109375 0.12173515937499998 0.6222775078125 0.129802328125 0.6158001875 0.13700965625 0.6064866984374999 0.1435057 0.590691209375
0 0.16218806875 0.6875580203125 0.1836588515625 0.70162938125 0.2098307234375 0.7008678578125 0.22046348437500002 0.693665615625 0.22767081249999999 0.684352128125 0.2298892171875 0.67778488125 0.23129519531249998 0.643279671875 0.22599290781249998 0.6297782875 0.2120341953125 0.61327743125 0.1929273921875 0.603429065625 0.1792555171875 0.6038268765625 0.16331218281249998 0.6120940171875 0.15198638125 0.6267294999999999 0.147655684375 0.6372598265625 0.1465945671875 0.6633014937499999 0.1500763703125 0.6736044999999999 0.16218806875 0.6875580203125
0 0.24479032812499998 0.6424318125 0.256689803125 0.6615936671875 0.26613709375 0.6691220171875 0.271362284375 0.672546465625 0.28140692500000003 0.6722541953125 0.2998707765625 0.655135071875 0.3070781046875 0.6458215828125 0.3111922671875 0.6358177703125001 0.312200328125 0.6110781890625 0.30909422656249996 0.596342415625 0.2971947515625 0.5771805624999999 0.28384121093750003 0.5697658734375 0.26626308593750003 0.57027734375 0.2561791265625 0.5783739953125 0.2427940875 0.5956704734375 0.2407497734375 0.6027528703125 0.240622440625 0.6058778703125001 0.24152074843750002 0.6269204734375 0.24479032812499998 0.6424318125
0 0.20731981562500001 0.4752322765625 0.195675678125 0.49768025937499993 0.184742825 0.5266102421875 0.1834694859375 0.5578602421875 0.18521038750000002 0.563011746875 0.1990629875 0.5821167703125 0.21397960781249997 0.5930624609375 0.237417109375 0.5923805 0.2515851390625 0.585790690625 0.266817190625 0.571041546875 0.27320712343750003 0.5578502234375 0.27558469531249996 0.5473767265625 0.2770702578125 0.51091839375 0.2736945671875 0.49801122031249995 0.26733613125 0.4864913765625 0.252241690625 0.4739251828125 0.22912252500000002 0.46679464531250003 0.20731981562500001 0.4752322765625
0 0 0.57166801875 0.0103360625 0.5602318046875 0.025175165625000002 0.531188159375 0.0244953796875 0.49999498906250006 0.0165021546875 0.480719475 0 0.4724686421875 0 0.57166801875
0 0.048899501562499996 0.5474048671875 0.0645245015625 0.5469502265624999 0.0765615875 0.5387967453125 0.08820572343750001 0.5163487625000001 0.08884239375 0.5007237625000001 0.0816665640625 0.4853260828125 0.0696609765625 0.468768396875 0.0542482 0.464014703125 0.036245628125 0.474942840625 0.0290383 0.48425632968750004 0.026872951562500004 0.48952149375 0.0257057234375 0.5181673265625 0.027340514062499998 0.525922996875 0.0374990875 0.5399333484375 0.048899501562499996 0.5474048671875
0 0 0.4598168734375 0.007611040625 0.47031375625000005 0.01911756875 0.4751811078125 0.03669569375 0.4746696375 0.046673540624999996 0.46917715312499997 0.0480635265625 0.46738098125 0.0517402953125 0.37714660625 0.046799534375 0.37033248125 0.03539911875 0.3628609625 0.01391474375 0.36348609375 0 0.3729114328125 0 0.4598168734375
0 0.0847934625 0.4313277359375 0.087168546875 0.4328843015625 0.11264055625 0.43214314062500003 0.11810269843750001 0.427757459375 0.1314877375 0.410460978125 0.1349489515625 0.40331567812499997 0.136924396875 0.354834775 0.132187403125 0.345413640625 0.129416884375 0.3415926359375 0.1236636203125 0.3391589609375 0.0982729953125 0.3398977515625 0.08428278593750001 0.34810806250000004 0.07707545625 0.357421553125 0.0683079515625 0.38108637343749996 0.0678835046875 0.3915030390625 0.0765880140625 0.41726055781250004 0.0847934625 0.4313277359375
0 0.018622628125 0.303004071875 0.028781201562499997 0.31701442343749997 0.032581340624999997 0.3195049296875 0.0364451421875 0.3204329359375 0.046992021875 0.320126053125 0.050159465624999997 0.318993459375 0.0581841890625 0.31355780312500003 0.0640015328125 0.30604048906250003 0.0654897484375 0.2695170515625 0.0649239546875 0.26784281249999997 0.058565520312499994 0.25632296875 0.05476538125 0.2538324609375 0.03534024375 0.2517965953125 0.0273155203125 0.25723225 0.022167428125 0.2638847421875 0.01783673125 0.27441506875 0.015246937499999998 0.2900968984375 0.016881726562499998 0.29785256875 0.018622628125 0.303004071875
0 0.08968241875 0.4908802453125 0.0929519984375 0.5063915859375 0.1012635578125 0.5178545999999999 0.11440177968750001 0.524170096875 0.12636466875000002 0.5238220124999999 0.13837293281250002 0.516774828125 0.1495926234375 0.5047435124999999 0.15608866875 0.488948021875 0.156579021875 0.48529224375 0.157541984375 0.46165943125000003 0.157255896875 0.4603021890625 0.1555149953125 0.4551506859375 0.147203434375 0.44368767187499997 0.143403296875 0.4411971640625 0.12809663124999998 0.43383930625 0.11637788125 0.4341802859375 0.0969212453125 0.45685559062500003 0.094755896875 0.46212075312499995 0.0902129765625 0.47785941249999997 0.08968241875 0.4908802453125
0 0.21638740312500002 0.35323793124999997 0.198809278125 0.35374940312500003 0.17278198281249998 0.37011319375 0.16351541875 0.3820876796875 0.1589724984375 0.397826340625 0.15791138124999998 0.4238680078125 0.1647688765625 0.44707818593750004 0.180468490625 0.468730546875 0.184268628125 0.47122105468750003 0.18642610312500002 0.47213368281249996 0.2074221921875 0.471522759375 0.2215902265625 0.46493294843750005 0.238881515625 0.44752280781250003 0.24548367187500003 0.4291231515625 0.24786124375 0.418649653125 0.24860402499999998 0.4004204859375 0.2453344453125 0.3849091484375 0.24174652968750002 0.377210309375 0.2278939296875 0.358105284375 0.2240937921875 0.3556147765625 0.21638740312500002 0.35323793124999997
0 0.23108624375 0.3515747265625 0.237550790625 0.36049040312499997 0.24301639375 0.3628023984375 0.2688952953125 0.3620493984375 0.272707040625 0.35946746093750004 0.28207971718749997 0.344888809375 0.2860728453125 0.33306776562499996 0.286720125 0.31718235 0.283777503125 0.30322214375 0.27546594375 0.2917591296875 0.2659125421875 0.2868349453125 0.2541937921875 0.2871759265625 0.24421594375 0.2926684109375 0.23289014218749998 0.3073038921875 0.2306186828125 0.3151732234375 0.2286317359375 0.32563535312499997 0.22795262031250002 0.34230202187500003 0.23108624375 0.3515747265625
0 0.3010691390625 0.386343703125 0.2834910140625 0.386855175 0.27947865156249996 0.38957300156249997 0.2693946921875 0.397669653125 0.2642466 0.40432214375 0.2578566671875 0.41751346875 0.25864256406249997 0.446102471875 0.2710410984375 0.47695466093750005 0.27576474375000004 0.480718834375 0.2815180078125 0.4831525109375 0.2951898828125 0.4827547 0.30115536875000004 0.47998004375000003 0.3112393296875 0.47188339218750003 0.3184466578125 0.4625699046875 0.3227773546875 0.45203957656249993 0.325154925 0.44156607968749995 0.32610993125 0.41812857968749995 0.3226281265625 0.40782557343750003 0.312469553125 0.3938152234375 0.3010691390625 0.386343703125
0 0.3357500765625 0.629185759375 0.33521951875 0.6422065921875 0.342183125 0.6628126046875 0.3541887125 0.67937029375 0.3617889890625 0.68435130625 0.37289320312499996 0.6883199875 0.4000904671875 0.6875286265625 0.4187479484375 0.67489073125 0.4259552765625 0.6655772437499999 0.43028597343749997 0.6550469156250001 0.4344467234375 0.6367182984374999 0.434712003125 0.6302078812499999 0.43372466249999997 0.618531753125 0.42921324062500005 0.6095592437499999 0.404565396875 0.5920688703125 0.3968590078125 0.5896920234375 0.3695152578125 0.5904876453125001 0.359643521875 0.5933759640625 0.3535719234375 0.5987547859375 0.34224612187500003 0.6133902703125 0.3380215375 0.6213164296875 0.3357500765625 0.629185759375
0 0.35441733124999997 0.556462653125 0.36368389687499997 0.5444881671874999 0.3701799421875 0.5286926765625 0.3720819984375 0.520313878125 0.3723578890625 0.5135430453125001 0.37155939375 0.49483850937499996 0.3680775890625 0.48453550312500004 0.3597660296875 0.4730724890625 0.352165753125 0.46809147500000003 0.3434721875 0.4660034609375 0.32023000625 0.4666797390625 0.313103253125 0.469228078125 0.29900693125 0.48004255625000003 0.28551578125 0.49994320156249994 0.2836986140625 0.506238665625 0.28333783437500004 0.5150928328125 0.2837118828125 0.544214034375 0.2921295546875 0.553072884375 0.3182932265625 0.5728601234374999 0.3288238265625 0.5725537140625 0.35441733124999997 0.556462653125
0 0.3764502796875 0.5280116875 0.375558234375 0.5499040484375 0.3889120421875 0.576462671875 0.4124124171875 0.585728009375 0.45041480156249997 0.5846222531249999 0.47332086406249996 0.563602309375 0.48052819218750004 0.554288821875 0.48691812656250005 0.541097496875 0.49567336093750003 0.512946171875 0.49650899062500004 0.492438359375 0.49532418125 0.47842700625 0.48466654687500005 0.452726321875 0.4744018625 0.4413201375 0.459095196875 0.433962278125 0.447376446875 0.43430325937500003 0.43739859843750006 0.43979574218749995 0.40920595625 0.461424696875 0.3958209171875 0.4787211765625 0.3829349390625 0.5077079906249999 0.3764502796875 0.5280116875
0 0.33737770624999996 0.42885530625 0.3364227015625 0.45229280625 0.3399045046875 0.46259581406250005 0.35311159375 0.4782081625 0.3767519171875 0.4775203 0.379359953125 0.4757537125 0.38450804375000003 0.4691012203125 0.3936365296875 0.4509401859375 0.3948589359375 0.420940184375 0.39433666562499997 0.41939473281249995 0.3823310796875 0.40283704531250003 0.37668392812499996 0.397799203125 0.37093066406249997 0.3953655265625 0.36311816406249997 0.39559284687499996 0.35715267812499996 0.39836750468750004 0.35314031562500003 0.40108533125 0.3418145140625 0.41572081406250005 0.33964916562499997 0.4209859765625 0.33737770624999996 0.42885530625
0 0.3167195890625 0.384067565625 0.3433797453125 0.383291834375 0.3482948875 0.379962496875 0.35473000312499997 0.37164688125 0.35628630625 0.3334524375 0.3533998640625 0.32649183593750003 0.34498219375 0.3176329859375 0.33152254062500003 0.3128224640625 0.31980379062500003 0.3131634453125 0.3157914296875 0.3158812734375 0.3085841015625 0.3251947609375 0.3042534046875 0.3357250890625 0.30308617656250003 0.36437092187500003 0.31498565156249997 0.383532775 0.3167195890625 0.384067565625
0 0.36600936093750003 0.2240976046875 0.3566366828125 0.23867625937499998 0.352199875 0.25181075 0.3515632046875 0.26743575 0.3531979953125 0.2751914203125 0.3675496546875 0.3059867796875 0.3761764015625 0.3121084125 0.41141077499999995 0.31108319687499997 0.429338371875 0.2976862140625 0.43860493749999996 0.285711728125 0.44098250937500005 0.2752382328125 0.44278640625000004 0.23096739843749997 0.4410455046875 0.22581589375000002 0.4291460296875 0.206654040625 0.41980485156249997 0.196521525 0.40808610156249997 0.19686250624999999 0.3842241546875 0.2079611328125 0.36600936093750003 0.2240976046875
0 0.3719931109375 0.3884417515625 0.3801985578125 0.402508934375 0.3896458484375 0.41003728281249996 0.3973522375 0.4124141296875 0.4071178625 0.41212997968750004 0.41894272343749994 0.40918483125 0.42902668281249995 0.40108818125 0.4403524859375 0.386452696875 0.4425178328125 0.381187534375 0.447166865625 0.3628447078125 0.44769742343749996 0.349823875 0.4461687453125 0.3394640375 0.44083992812500006 0.3266136953125 0.43242225625 0.3177548484375 0.4072438546875 0.31328530468750004 0.3935719796875 0.313683115625 0.38955961875 0.31640094375 0.380293053125 0.3283754296875 0.371737771875 0.3468319171875 0.36904186562499997 0.36511791250000003 0.3719931109375 0.3884417515625
0 0.48914392500000003 0.6456611421875 0.4938535578125 0.6342094125 0.49480325625 0.6109021203125 0.4945357375 0.6090891484375 0.48068313749999997 0.5899841234375 0.4750359859375 0.5849462812499999 0.4692827234375 0.5825126046875 0.4634233484375 0.5826830953125001 0.44943313749999997 0.59089340625 0.442225809375 0.6002068953124999 0.4355175421875 0.62121071875 0.4384687859375 0.644534559375 0.4402096875 0.6496860609375 0.446674234375 0.658601740625 0.45210053749999995 0.6594842812499999 0.46850679375000004 0.6590069078125 0.474017984375 0.6578061187500001 0.48914392500000003 0.6456611421875
0 0.578432821875 0.6267413281249999 0.5803746656250001 0.579085078125 0.570908721875 0.566029978125 0.5652615703125 0.5609921359375 0.5513900703125 0.5567138125 0.5426010109375 0.5569695484375 0.516221221875 0.567621221875 0.5029422953125 0.582313534375 0.49612791562499997 0.6059215250000001 0.4974443703125 0.6214896953125 0.50380280625 0.6330095390625 0.533443884375 0.6524354890625 0.549068884375 0.6519808484375 0.553841275 0.6497611234375 0.57606843125 0.6309068250000001 0.578432821875 0.6267413281249999
0 0.5593263312500001 0.4876193203125 0.5508771609374999 0.5034716421875001 0.54992215625 0.5269091421875001 0.5567796515625 0.5501193203125 0.5706322515625 0.5692243453125 0.5766174687500001 0.5731468921875 0.5994690312500001 0.5724819796875 0.6057885015625 0.568201403125 0.6191735390625001 0.5509049234375001 0.625775696875 0.532505265625 0.6271551484375 0.4986510984375 0.6255203578125 0.4908954296875 0.6191619234375 0.47937558437499994 0.60016123125 0.46692305312500004 0.58453623125 0.46737769374999993 0.5705460203125 0.4755880046875 0.5593263312500001 0.4876193203125
0 0.5941443640624999 0.5906493859374999 0.6012140828125 0.60865123125 0.616913696875 0.6303035921875 0.63787355 0.641593659375 0.664388721875 0.6408221468749999 0.6805494265625 0.6245503625 0.686939359375 0.6113590390625 0.693647628125 0.5903552140625 0.6923311734375 0.57478704375 0.6622798999999999 0.5223393265625 0.6487141359375 0.5201329703125 0.6348300375 0.5257391140625 0.6154795125 0.5458102499999999 0.5946749234375 0.5776285515625 0.5941443640624999 0.5906493859374999
0 0.7177307500000001 0.569040915625 0.7231951890625 0.5641999734375001 0.7386394640625 0.5442424984375 0.7430762718749999 0.5311080046875001 0.7441373890625 0.5050663375 0.7406555859374999 0.49476333125 0.732344025 0.4833003171875 0.7293039140625 0.4813079125 0.7019601640625 0.48210353437500003 0.697187775 0.484323259375 0.6850445781250001 0.49508090625 0.6798964875 0.5017334 0.675565790625 0.5122637250000001 0.6730821078125 0.5253413890624999 0.6763516875 0.5408527296875 0.6799396015625 0.54855156875 0.6919451890625 0.56510925625 0.6987854375 0.5695921671875 0.7177307500000001 0.569040915625
0 0.49524924375 0.508991865625 0.49667429687500003 0.5099258078125 0.5315864046875001 0.50890996875 0.541625184375 0.49593760781249996 0.5500743531250001 0.4800852875 0.5510293578125001 0.4566477875 0.5421126265625 0.43609860468750006 0.5336949546875001 0.42723975625 0.520235303125 0.422429234375 0.514375928125 0.422599725 0.49843259375000004 0.430866865625 0.48927214062499996 0.44023718437500003 0.4807168578125 0.458693671875 0.479761853125 0.482131171875 0.48150275468750003 0.487282675 0.49524924375 0.508991865625
0 0.59702595 0.45290342499999997 0.6083517515625 0.43826794218750004 0.6105171 0.4330027796875 0.615484465625 0.406847453125 0.6140618984375 0.39388345 0.5982561734375 0.37483525625 0.584796521875 0.370024734375 0.576984021875 0.3702520546875 0.5649469375 0.3784055359375 0.556816103125 0.38644535625 0.5473373140625 0.403628175 0.545171965625 0.4088933375 0.5445352953125 0.4245183375 0.549970225 0.43476451406249994 0.5619758109374999 0.45132220156249997 0.5695760875 0.4563032140625 0.5930135875 0.455621253125 0.59702595 0.45290342499999997
0 0.49538949531250004 0.40500964687499996 0.5027997671875 0.4098661359375 0.52340523125 0.409266578125 0.5324988703125 0.40392987343750003 0.541765434375 0.3919553890625 0.5496790703125 0.3748831390625 0.5507852843750001 0.34773470156249997 0.54964093125 0.3423057328125 0.5394823578125 0.3282953796875 0.5242818046875 0.3183333546875 0.5106099296875 0.318731165625 0.4945604828125 0.329602471875 0.4873531546875 0.3389159625 0.48358186718749996 0.3500802828125 0.482473 0.377293825 0.48707793437499997 0.3935466328125 0.49538949531250004 0.40500964687499996
0 0.55440295 0.28169208125 0.5603035234375 0.2673445125 0.5611020140625 0.24774815781249998 0.558159971875 0.23736441875 0.5498484125 0.2259014046875 0.5430081640625 0.22141849374999997 0.525039415625 0.2219413296875 0.5187045234375 0.22420651875000003 0.509437959375 0.2361810046875 0.5071664984375001 0.2440503359375 0.5061053828125 0.270092003125 0.507846284375 0.27524350468750003 0.5180048578124999 0.28925385625 0.5266029203125 0.2936856203125 0.5383216671875 0.293344640625 0.5473017328124999 0.2884014046875 0.55440295 0.28169208125
0 0.6262633625 0.2991092515625 0.633364578125 0.2923999296875 0.6376419703125 0.2843746921875 0.639490303125 0.2390133640625 0.6359112578125 0.2298999296875 0.631293725 0.2235315875 0.617940184375 0.2161168984375 0.602315184375 0.216571540625 0.5983028234375001 0.21928936718749997 0.5890362578125 0.23126385312500003 0.582646325 0.2444551765625 0.5815852078125 0.27049684375 0.5832199984375 0.27825251406249996 0.5849609 0.283404015625 0.593272459375 0.2948670296875 0.6008727375 0.2998480421875 0.61053225 0.302168059375 0.6262633625 0.2991092515625
0 0.6666052703124999 0.37788609218749997 0.6677419921875 0.34998895625 0.667455903125 0.34863171406250004 0.6572973296875 0.3346213640625 0.6430111078125 0.327754028125 0.64001631875 0.3278411671875 0.6222471921875 0.3330401390625 0.6128745140625 0.34761879218749997 0.6085438187500001 0.35814911718750003 0.6075888140625 0.38158661718750003 0.61568815 0.398257965625 0.62827320625 0.407775878125 0.641847425 0.40738090937500004 0.646619815625 0.405161184375 0.6598987421875 0.3904688703125 0.6666052703124999 0.37788609218749997
0 0.7302642968749999 0.38712090312499997 0.7384497624999999 0.376543440625 0.7401833625 0.3339978671875 0.7360059437500001 0.31802524062500004 0.7238942453125 0.30407172031249996 0.70848146875 0.29931802812499997 0.70262209375 0.29948851875 0.6926442453125 0.30498100156249996 0.6824541734375 0.31568182031249997 0.673081496875 0.330260471875 0.6704917015625 0.345942303125 0.6697489203125 0.36417146875 0.678559540625 0.3873248171875 0.6831770734375 0.393693159375 0.6945774890624999 0.40116467812499995 0.7102024890624999 0.4007100375 0.7302642968749999 0.38712090312499997
0 0.643775525 0.47735886250000004 0.6540402109375 0.48876504687500005 0.6631016015625 0.49259808749999995 0.6714023796874999 0.492356559375 0.6793247234375 0.49063042343749996 0.6954802828125 0.477154946875 0.7019756875 0.4673596921875 0.7039447828125 0.41903464531249995 0.70285671875 0.41581495625000003 0.6982391859375 0.40944661406250005 0.6793446046875 0.39438991562500003 0.6676258546875 0.39473089687499996 0.65970724375 0.397562384375 0.647564046875 0.40832003125 0.64035671875 0.4176335203125 0.636026021875 0.428163846875 0.63485879375 0.45680968125000004 0.643775525 0.47735886250000004
0 0.7115414359375001 0.582096346875 0.721880734375 0.6156095328125 0.739533471875 0.6372050625 0.755065171875 0.6444263218749999 0.7989372375 0.643149775 0.8139644453124999 0.629837184375 0.8211717734375 0.6205236953125 0.8356942937499999 0.594461921875 0.8359428984375 0.5883607328125 0.82915338125 0.5682698703125 0.8045370374999999 0.526068328125 0.7893364828125 0.516106303125 0.7757707203125 0.513899946875 0.7425675953125 0.514866059375 0.7244589125 0.5283983640625001 0.715192346875 0.5403728484375 0.711078184375 0.5503766609375 0.7101656249999999 0.5727724953125 0.7115414359375001 0.582096346875
0 0.7157122828125 0.4510106546875 0.7353181453125 0.4725493546875 0.746824671875 0.47741670625 0.756590296875 0.47713255625000006 0.77263974375 0.4662612484375 0.7839655453125001 0.45162576562499995 0.7854812890625 0.4479401515625 0.7872321312499999 0.4049714015625 0.786087778125 0.3995424328125 0.7807589625 0.386692090625 0.770388165625 0.377890071875 0.7549753890625001 0.37313638125000004 0.7393503890625001 0.373591021875 0.729372540625 0.37908350468749996 0.713928265625 0.39904098125 0.7116568062499999 0.40691031093749996 0.7104895765625 0.43555614531250003 0.7157122828125 0.4510106546875
0 0.8323854765625001 0.484160975 0.8336482046875 0.45317138906250004 0.8336046828124999 0.45304260156250004 0.823446109375 0.4390322515625 0.8196459703125001 0.43654174531249995 0.8059740953125001 0.43693955625 0.7959962468749999 0.44243203906249995 0.786517459375 0.45961485937499996 0.7841398875000001 0.4700883546875 0.78329099375 0.4909216890625 0.7860615140625 0.49474269375 0.7973558171875 0.504818378125 0.80701533125 0.5071383953125 0.822958665625 0.4988712546875 0.83016599375 0.48955776562500003 0.8323854765625001 0.484160975
0 0.89234144375 0.5064764140625 0.8889657515625 0.49356924218750003 0.880654190625 0.482106228125 0.8730539140625 0.4771252140625 0.8574289140625 0.4775798546875 0.853416553125 0.48029768281249996 0.846209225 0.4896111703125 0.84536033125 0.5104445046875 0.8592129312499999 0.5295495296875 0.8607329859374999 0.5305457312499999 0.8810454890624999 0.529954696875 0.8826504312499999 0.5288675671874999 0.889857759375 0.519554078125 0.8921292203125001 0.511684746875 0.89234144375 0.5064764140625
0 0.8536180171875 0.6165883671875 0.8760789593749999 0.6159348203125 0.8909246968750001 0.6058788609375 0.8960727875 0.59922636875 0.8998002484375001 0.5915314296874999 0.9014272953125 0.5516008734375 0.8898834609374999 0.535680021875 0.8822831843750001 0.5306990093749999 0.8548333234375001 0.5340987968750001 0.8417666203125 0.5435827765625 0.8392829359375 0.556660440625 0.8337850109374999 0.5958365999999999 0.8355259125 0.600988103125 0.8419904593749999 0.60990378125 0.8495907359375 0.61488479375 0.8536180171875 0.6165883671875
0 0.9361232156250001 0.65164325 0.947948078125 0.6486981015625 0.9559728015625 0.6432624484375 0.9661628734375001 0.63256163125 0.9685136218749999 0.62873095625 0.9699385484375 0.59376071875 0.9567785796875 0.5756109453125 0.9453781640625 0.5681394265625 0.9279061515624999 0.5660467312499999 0.9180344140625 0.5689350484375 0.910009690625 0.5743707015624999 0.9028023624999999 0.583684190625 0.900786240625 0.6331633578125 0.9110509265625 0.6445695421875001 0.920604328125 0.6494937234375 0.9361232156250001 0.65164325
0 0.9172267140624999 0.5372904109375 0.9209318484375 0.5397186546875 0.9556160921875 0.538709446875 0.9622547015625 0.5333791515625 0.9648106750000001 0.5281026203125 0.965670178125 0.507008871875 0.9627106453125001 0.49825131562499997 0.9487519343749999 0.481750459375 0.9353983937500001 0.47433577031249996 0.9197733937500001 0.47479041093749996 0.910612940625 0.4841607296875 0.9069318484375 0.4931115078125 0.9063164015625 0.5082156734375001 0.9073864765625 0.515467559375 0.91260918125 0.53092206875 0.9172267140624999 0.5372904109375
0 0.455569284375 0.3816531265625 0.442078134375 0.401553771875 0.4392761171875 0.4224439359375 0.44091090624999996 0.43019960625 0.4426518078125 0.435351109375 0.45281038125000006 0.4493614609375 0.4555633671875 0.451817409375 0.4710500203125 0.45136679375 0.48026024375 0.445961671875 0.489420696875 0.436591353125 0.4938575046875 0.4234568578125 0.494494175 0.4078318578125 0.492859384375 0.40007618906250003 0.48937758125 0.3897731828125 0.482913034375 0.3808575046875 0.47325352187499997 0.3785374890625 0.46153477187499997 0.3788784703125 0.455569284375 0.3816531265625