0 0 0.7075456875 0.0045191578125 0.70762456875 0.0164774328125 0.6921553796875 0.020293128125 0.6558514640625 0.0080742484375 0.639461384375 0 0.6400863203125 0 0.7075456875
0 0 0.5359455390625001 0.014220278125 0.5265315687500001 0.019790190625000002 0.52007948125 0.020666173437499998 0.5182609625000001 0.022922609375 0.49679240625 0.0200211640625 0.4899566734375 0.014711468750000001 0.48462454375 0.009947378125 0.482306534375 0 0.48213290156250005 0 0.5359455390625001
0 0 0.488158296875 0.0071896749999999995 0.4975465953125 0.030627175 0.4979556984375 0.0448487296875 0.4929644875 0.0545997328125 0.4839656546875 0.0596053421875 0.473574128125 0.062105221875000005 0.46654450625 0.06389168281249999 0.449547475 0.061225137500000006 0.43954597656249994 0.05171972968750001 0.4275912953125 0.042503784375 0.42219097968749997 0.030785034375 0.421986428125 0.0204697296875 0.427045825 0.00403483125 0.443787165625 0 0.453725496875 0 0.488158296875
0 0 0.4174229734375 0.0033479515624999998 0.42270741093749997 0.0317984734375 0.4232040171875 0.035623146875 0.41877358124999997 0.037875671875 0.41409739375 0.039346065624999996 0.4001075328125 0.036418421875 0.3925902140625 0.0269130140625 0.3806355328125 0.017147389062499997 0.3804650734375 0.0110131734375 0.382977725 0 0.3936237921875 0 0.4174229734375
0 0 0.292723546875 0.0119849296875 0.2929327453125 0.014159353125 0.29160828125 0.0261383203125 0.2800286140625 0.029141685937500002 0.273793696875 0.0311205328125 0.2549662171875 0.031114684375 0.2512985015625 0.027193812499999998 0.242061025 0.01629958125 0.234011690625 0.0045808312499999995 0.2338071390625 0.0003997421875 0.23635388281249997 0 0.2368791484375 0 0.292723546875
0 0.062241459374999995 0.306332909375 0.06974049843749999 0.3012809515625 0.0759493171875 0.290146340625 0.078781084375 0.26320386875 0.0755267609375 0.2555367625 0.06658565625 0.2475215203125 0.05291378125 0.2472828765625 0.046779565625000005 0.2497955296875 0.030344668749999998 0.2665368703125 0.028695628125 0.2822264359375 0.029549393750000003 0.2927202390625 0.033470265625 0.3019577171875 0.038838925 0.305924415625 0.062241459374999995 0.306332909375
0 0 0.3668571671875 0.0037001609375 0.375296534375 0.00867205625 0.3789700796875 0.0249087125 0.37925349218750004 0.033271875 0.3731929875 0.047753648437500004 0.3564175515625 0.049374621875000003 0.3493725890625 0.052434090625 0.3202636921875 0.04600225 0.30792207031249996 0.0370611453125 0.299906825 0.029523484375 0.29715553125 0.015851609375 0.2969168875 0.0074894296875 0.302010375 0.0019195171875 0.3084624625 0 0.31386011406250003 0 0.3668571671875
0 0.07383845781250001 0.419241728125 0.07952253125 0.4143925734375 0.0860327484375 0.402717446875 0.0879841125 0.3841514625 0.08559825625 0.3752027515625 0.0777711328125 0.3658970921875 0.0721865984375 0.36317988749999996 0.0582398828125 0.365556171875 0.04468865625 0.379063115625 0.042640040625 0.398554384375 0.0432376765625 0.4059000453125 0.050789959375000006 0.41782063281250004 0.0529617203125 0.41887732343749995 0.07383845781250001 0.419241728125
0 0.0751996671875 0.4834471359375 0.077367303125 0.48504872031249996 0.107277246875 0.48557079999999997 0.1103559171875 0.48406079062499996 0.12288456406249999 0.467251265625 0.1239546796875 0.43845296874999995 0.12030864687500001 0.4266005640625 0.10578300624999999 0.4158681203125 0.09015800625 0.415595384375 0.0817958265625 0.42068887187500004 0.0673140546875 0.43746430312499995 0.06288736874999999 0.4609645609375 0.0751996671875 0.4834471359375
0 0.0675302453125 0.5521877749999999 0.0740677171875 0.548205734375 0.0796376296875 0.5417536453125 0.084643240625 0.53136211875 0.087695725 0.5209365 0.08961960468749999 0.50263200625 0.088216159375 0.497368059375 0.0731262171875 0.48269617499999995 0.057501217187499995 0.48242343906249996 0.044957946875 0.49006367031250003 0.0371600703125 0.49909659531250006 0.0346572640625 0.5042923609375001 0.031908865625 0.5304416375 0.0408645921875 0.547626171875 0.046542595312500004 0.5518214343750001 0.0675302453125 0.5521877749999999
0 0.09452505 0.321918603125 0.0930691203125 0.31436148125 0.09055169375 0.31038795 0.08344578750000001 0.305137665625 0.07138945625000001 0.304927221875 0.06320794375 0.3099106640625 0.05763803125 0.316362753125 0.05235758124999999 0.32936920937499997 0.05098338125 0.3424438453125 0.0602139484375 0.35701345624999997 0.0655571734375 0.3596132484375 0.07762885 0.359823959375 0.09172416562499999 0.34577470312499997 0.0920995875 0.3449953390625 0.09452505 0.321918603125
0 0.0918133453125 0.25988809062499996 0.112022165625 0.24480547968750002 0.11262681249999999 0.2390526390625 0.1115782125 0.1996947984375 0.105429375 0.19303815625 0.093710625 0.1928336046875 0.08534844375 0.19792709375 0.068913546875 0.2146684328125 0.06641074218750001 0.2198641984375 0.0653113828125 0.23032390781249998 0.0695217171875 0.24611575000000002 0.0835379234375 0.25974364375 0.0918133453125 0.25988809062499996
0 0.1208742609375 0.24630705156250002 0.1472143171875 0.24676681875 0.1535053125 0.2429349125 0.16353115468749999 0.23132115312499998 0.167072503125 0.21252094531250001 0.16767715 0.20676810781250002 0.16515095 0.19729300156250001 0.1592769515625 0.1880214328125 0.1500610078125 0.182621115625 0.14252334687499998 0.1798698203125 0.12689834687499998 0.179597084375 0.1151942203125 0.1885618265625 0.1104418140625 0.200267634375 0.1085591609375 0.21817988906250002 0.11415335 0.2356987078125 0.1208742609375 0.24630705156250002
0 0.115829546875 0.315095125 0.1362679328125 0.2970983015625 0.140032378125 0.26128200156250003 0.13497859843749999 0.25118789375 0.12939406250000002 0.2484706921875 0.1137690625 0.24819795625 0.1076348484375 0.25071060625 0.09119995 0.26745194687499996 0.08564466093749999 0.28307333125 0.084820140625 0.2909181140625 0.0971324375 0.31340068906249996 0.10616859218750001 0.3149264921875 0.115829546875 0.315095125
0 0.08727645625 0.387626415625 0.092036471875 0.3981884015625 0.09986359375000001 0.4074940609375 0.10480579062499999 0.41039006562499997 0.130535496875 0.410839178125 0.1433820234375 0.4030142296875 0.1511799015625 0.393981303125 0.1561855109375 0.3835897765625 0.15977218124999998 0.37133967343749996 0.161586125 0.35408115156250003 0.161436715625 0.3522447359375 0.1586298265625 0.3417168421875 0.1479958125 0.3218832875 0.14073299374999998 0.3165170640625 0.12120174375 0.31617614375 0.1108864375 0.321235540625 0.09222357656249999 0.3405577171875 0.087217965625 0.3509492421875 0.08474440625 0.3744835921875 0.08727645625 0.387626415625
0 0.148486646875 0.32419462499999996 0.1557063578125 0.33144484375 0.17184646875 0.33172657031249997 0.18307859375 0.32086884531250004 0.1855814 0.315673078125 0.188054959375 0.2921387296875 0.1866515140625 0.286874784375 0.1807775171875 0.277603215625 0.17519298125 0.2748860125 0.16152110625 0.27464736875 0.145086209375 0.29138870781250004 0.14288748906249998 0.3123081296875 0.148486646875 0.32419462499999996
0 0.1658756921875 0.404491134375 0.1854361875 0.42317063906249996 0.19045879062499999 0.4244080765625 0.21985332500000002 0.424921159375 0.2225455625 0.42381838437499997 0.24595381718749998 0.405888903125 0.25152372968750003 0.3994368140625 0.256529340625 0.38904528437499997 0.26185305937500003 0.36818040937499996 0.2626592578125 0.36050995625 0.2592484953125 0.3445574234375 0.2472110375 0.31945992031250003 0.232685396875 0.3087274734375 0.20506680625 0.3108651140625 0.1888921265625 0.315822234375 0.1705041046875 0.332529484375 0.1652236546875 0.3455359375 0.1612484125 0.3721877453125 0.159245134375 0.3912476625 0.1658756921875 0.404491134375
0 0.13696983125 0.4765885390625 0.14423265000000002 0.481954765625 0.150013225 0.4831860265625 0.16555865 0.483457371875 0.17157640000000002 0.48243205156249996 0.17575749062499998 0.47988530625000003 0.1882861375 0.46307578125 0.19036206093750002 0.45263311718750004 0.191736259375 0.43955847812500004 0.18963109218750002 0.43166255937500003 0.1641966 0.40371148437500004 0.15247785 0.4035069328125 0.148296759375 0.40605367656249997 0.13547864999999998 0.41630883750000003 0.12740593281249998 0.42795668750000004 0.124411340625 0.43969318125 0.1241777265625 0.44191586875000005 0.126060978125 0.4593699125 0.13696983125 0.4765885390625
0 0.1300952203125 0.5573549796874999 0.1507112078125 0.53806689375 0.1519000390625 0.5355989078125 0.1564555125 0.49225648125 0.1514626140625 0.4843756484375 0.13747829375 0.47670576093749994 0.12219086875 0.47643891875 0.10849386406249999 0.483625625 0.1006959859375 0.49265855 0.09346241250000001 0.5056309140625 0.0909888515625 0.5291652625000001 0.0921174578125 0.5370441359375 0.09603832968750001 0.5462816125 0.10665772031250001 0.5569458765624999 0.1227284953125 0.55941273125 0.1266058171875 0.559480409375 0.1300952203125 0.5573549796874999
0 0.22583439218749998 0.5135366890624999 0.224430946875 0.5082727421875 0.21352209531250002 0.491054115625 0.1979689875 0.4808923640625 0.1867771 0.4806970078125 0.163884071875 0.5072158921875001 0.15887846249999998 0.5176074203125001 0.157229421875 0.5332969859375 0.1600363125 0.5438248796875 0.17262344999999998 0.5636925265625 0.1787475328125 0.5682173796875001 0.2029879828125 0.5686404984375 0.21168594999999998 0.564374365625 0.22198663281250003 0.5501456765625 0.22583439218749998 0.5135366890624999
0 0.24477107656250002 0.491609271875 0.26120597343749996 0.4748679296875 0.2638461984375 0.46836470312499995 0.2667609484375 0.44063270781249997 0.2527414359375 0.41577636875 0.2412975265625 0.41295688906250005 0.22039207656249998 0.425690609375 0.21009139375000002 0.43991929687500003 0.20508578437499997 0.45031082343750006 0.2028870640625 0.4712302453125 0.20429050937499998 0.4764941921875 0.2171524875 0.493746909375 0.2405899875 0.49415601249999996 0.24477107656250002 0.491609271875
0 0.2577611359375 0.41735173281250004 0.2622463109375 0.4305286453125 0.26812030781249996 0.4398002140625 0.2682306203125 0.4398538875 0.305031353125 0.440496246875 0.30522968281249996 0.44044796093749994 0.319726078125 0.43284182187500003 0.3319798859375 0.41864722499999996 0.34361792812499997 0.394486925 0.34537690468750004 0.3777513890625 0.3444646640625 0.3743298234375 0.3369123828125 0.362409234375 0.3223867421875 0.35167678750000003 0.3109428328125 0.3488573078125 0.2914115828125 0.3485163890625 0.2813711171875 0.35096085781249997 0.26075512968750003 0.37024894218750004 0.257977484375 0.3780596328125 0.2560536046875 0.39636412656250003 0.2577611359375 0.41735173281250004
0 0.231892690625 0.54711831875 0.23637786562500002 0.5602952328125 0.2439301484375 0.5722158203125 0.2545166375 0.5773667671875 0.2813335203125 0.5778348578125 0.288577184375 0.5756148640625 0.2969393640625 0.570521375 0.3136491015625 0.55116510625 0.322401025 0.5367783984375001 0.32524561875 0.509713896875 0.3244555953125 0.504198684375 0.3205347234375 0.49496120625 0.30488047812499997 0.4763498859375 0.3012490671875 0.47366677656249995 0.2875771921875 0.4734281328125 0.2669465828125 0.4835469234375 0.23851809531249998 0.5026986390625 0.2337961 0.515976815625 0.23129505625000002 0.53977265625 0.231892690625 0.54711831875
0 0.322550709375 0.5004476906249999 0.33790086874999997 0.503335353125 0.342081959375 0.5007886109374999 0.3521078015625 0.48917484843750003 0.3571134109375 0.47878332187500006 0.358868590625 0.472788590625 0.36161011875 0.44670468750000003 0.3609611703125 0.44217433437500003 0.351730603125 0.42760472812500006 0.3408363734375 0.41955539062499997 0.3310707484375 0.4193849296875 0.32270856875 0.42447841875 0.30570936875 0.437280321875 0.2976366515625 0.4489281765625 0.295712771875 0.4672326703125 0.3049433390625 0.481802278125 0.322550709375 0.5004476906249999
0 0.268817021875 0.348464828125 0.2734501171875 0.3507191 0.28749815 0.350964309375 0.294207646875 0.348908021875 0.3045229515625 0.343848628125 0.3123208296875 0.3348157015625 0.3158937484375 0.300821640625 0.3150399828125 0.290327840625 0.3113939515625 0.2784754359375 0.2949151859375 0.267708896875 0.2770622203125 0.270017 0.2628552890625 0.2841775015625 0.25784967812500004 0.294569028125 0.25479719375 0.3049946484375 0.25314815468749996 0.32068421406250003 0.2545515984375 0.3259481609375 0.268817021875 0.348464828125
0 0.22055366875 0.31059046874999996 0.2266878828125 0.3080778171875 0.240894815625 0.2939173140625 0.24172810937500003 0.29157410625 0.2439680546875 0.27026244374999997 0.23580147031249998 0.2492930828125 0.2276995078125 0.24260235 0.2120745078125 0.24232961406250003 0.20594029218749998 0.2448422671875 0.1892305546875 0.264198534375 0.186452909375 0.2720092265625 0.1906632453125 0.28780106875 0.1998938125 0.3023706765625 0.20883491875 0.31038591718749997 0.22055366875 0.31059046874999996
0 0.18010893125 0.2708214953125 0.1916960765625 0.26121918437499997 0.1941380640625 0.252878690625 0.1945778078125 0.24869480624999998 0.193894796875 0.24029976249999999 0.186617353125 0.22576424843749998 0.17712656875 0.2229788609375 0.169039228125 0.225457421875 0.154832296875 0.2396179234375 0.15239030781250001 0.24795842031249998 0.1520605 0.251096334375 0.1545867015625 0.2605714375 0.1592434515625 0.27045728750000003 0.18010893125 0.2708214953125
0 0.2288508140625 0.24095682031250001 0.23808138125 0.255526428125 0.24729732656249998 0.26092674374999997 0.265150290625 0.25861864218749997 0.275176134375 0.24700488125 0.2807314234375 0.23138350000000002 0.28238046250000004 0.215693934375 0.28097701875 0.2104299859375 0.270068165625 0.193211359375 0.2628053453125 0.18784513593750002 0.24718034531250002 0.1875724015625 0.24299925625 0.19011914375 0.23019576874999997 0.2095435953125 0.22744736875 0.235692871875 0.2288508140625 0.24095682031250001
0 0.3876544421875 0.422311525 0.39027916406249996 0.39733896562500004 0.3865449796875 0.391444896875 0.37369762500000003 0.3833614703125 0.36393200000000003 0.38319101093749997 0.3514033515625 0.400000534375 0.3505788328125 0.4078453171875 0.353385721875 0.4183732125 0.3614923296875 0.42895884375 0.3806621671875 0.4292934546875 0.3826972203125 0.42805388437499997 0.3876544421875 0.422311525
0 0.34838206875 0.3770729078125 0.3651958234375 0.3773663921875 0.3728095375 0.3727288046875 0.3851823890625 0.356470734375 0.3881950578125 0.327807103125 0.38527969375 0.3192421078125 0.37745257187500003 0.309936446875 0.3660086609375 0.30711696875 0.35792132187500003 0.309595528125 0.3473311765625 0.317269853125 0.339258459375 0.3289177046875 0.336755653125 0.33411346875 0.33483177343750004 0.3524179625 0.34267351874999996 0.370892915625 0.34838206875 0.3770729078125
0 0.3369056953125 0.311127190625 0.3450557671875 0.31126945156249997 0.3479903484375 0.3100674109375 0.36024415468750004 0.29587281249999997 0.363785503125 0.2770726078125 0.36444511875 0.27079677968750004 0.363542234375 0.26449367968750004 0.3557151125 0.25518801875 0.34622432812500004 0.25240263125 0.3381369875 0.2548811921875 0.328385984375 0.263880025 0.321891165625 0.27354696562499997 0.3200589 0.29097981562499997 0.32118165468750004 0.295190975 0.3323653484375 0.309794675 0.3369056953125 0.311127190625
0 0.2904110734375 0.234233634375 0.3050556625 0.2573487828125 0.33302875625 0.2578370546875 0.3465166421875 0.24962144999999997 0.35208655312500003 0.24316936249999999 0.3613361140625 0.22590964218749998 0.36346612500000003 0.2056439515625 0.36093992343750003 0.1961688484375 0.35003107031249997 0.17895021875 0.33355230625 0.1681836828125 0.32573980625 0.168047315625 0.300653265625 0.183327778125 0.29285538906249997 0.192360703125 0.289314040625 0.21116090625 0.28859945625 0.21795972031250002 0.28928246875 0.2263547609375 0.2904110734375 0.234233634375
0 0.36278495624999996 0.5714297640625 0.36612982656250004 0.569392371875 0.37636639843749997 0.5594970171875 0.3802841171875 0.5222224093750001 0.3800034296875 0.52116961875 0.3649134859375 0.5064977374999999 0.3492884859375 0.506225003125 0.34092630625 0.5113184875 0.3309004640625 0.522932253125 0.32562001406249996 0.5359387046874999 0.3239709734375 0.5516282718750001 0.3267778640625 0.5621561640625 0.3323162046875 0.57089793125 0.36278495624999996 0.5714297640625
0 0.4140455828125 0.49049530937499997 0.41517184531250007 0.488157215625 0.419500575 0.4469721046875 0.4114404203125 0.4315060203125 0.40780900937500003 0.4288229109375 0.3966282765625 0.4264414109375 0.39307406875 0.4263793734375 0.38632463437500003 0.4284479 0.36766177187500004 0.4477700765625 0.3651589671875 0.45296583906250004 0.3607322828125 0.476466096875 0.36353917343750003 0.4869939890625 0.372769740625 0.5015635984375 0.3830632171875 0.5091690609375 0.3923297125 0.5093308078125001 0.40179177499999996 0.50468990625 0.4140455828125 0.49049530937499997
0 0.39803380312500003 0.5783065015625 0.4132820171875 0.5785726609374999 0.42277123593750005 0.5713044218750001 0.431705840625 0.5542487828125 0.434725696875 0.5255167609375 0.4263002875 0.509802484375 0.4190374671875 0.5044362625 0.4073187171875 0.5042317109375001 0.401184503125 0.5067443593750001 0.3850244453125 0.5208707718750001 0.380293675 0.5286473734375 0.3794984 0.5548307421875001 0.382305290625 0.5653586374999999 0.386501003125 0.5719811828125 0.39803380312500003 0.5783065015625
0 0.4561772515625 0.5307950359375 0.45989904218750005 0.5298889234375 0.4827576171875 0.517189296875 0.49305830000000006 0.5029606078125 0.49556110468750003 0.49776484375 0.4983095046875 0.47161556875 0.4971808984375 0.4637366921875 0.4809623515625 0.44118593281249996 0.4497123515625 0.44064046250000005 0.44135017187500003 0.44573395 0.428546684375 0.46515840468749997 0.425798284375 0.4913076796875 0.42918409999999996 0.514944303125 0.43673638124999997 0.52686489375 0.4457295421875 0.5306126703125 0.4561772515625 0.5307950359375
0 0.4465756984375 0.45235911250000005 0.452293725 0.44887620312500004 0.46009160312499997 0.439843278125 0.46693547031250004 0.4275698 0.46925856875000005 0.40546699375 0.45721160000000005 0.38346891875 0.4499487796875 0.378102696875 0.4382300296875 0.3778981453125 0.42986785000000005 0.3829916328125 0.4151112375 0.402381990625 0.41027825937499995 0.4198447015625 0.41126347812499997 0.4389909796875 0.417137475 0.4482625484375 0.4221037640625 0.451931953125 0.4465756984375 0.45235911250000005
0 0.42742894531250003 0.37153870625 0.43074076562499997 0.340028828125 0.4240695828125 0.3294989765625 0.4148536375 0.3240986625 0.4031348875 0.3238941109375 0.39477270781249996 0.32898759843750003 0.3844720265625 0.343216284375 0.38648364062499996 0.3799275515625 0.398491853125 0.3866864671875 0.410210603125 0.38689101875 0.41857278437499995 0.381797528125 0.42742894531250003 0.37153870625
0 0.38118985781250003 0.3199897875 0.3853855703125 0.32661233749999996 0.3883052484375 0.3276780390625 0.3962825203125 0.3278172828125 0.40937275 0.321791584375 0.4149426625 0.3153394953125 0.4177203078125 0.3075288046875 0.41686654218749997 0.29703500156249996 0.4079108140625 0.2798504671875 0.385876759375 0.2847053109375 0.3825348125 0.2885765640625 0.3797571671875 0.29638725625 0.3783829671875 0.30946189375 0.38118985781250003 0.3199897875
0 0.3663230375 0.23803610625 0.36690196406250003 0.25114483125 0.370837459375 0.2695516015625 0.3783897421875 0.2814721890625 0.3973713109375 0.287042965625 0.40991458124999997 0.2794027328125 0.4160341734375 0.2677207890625 0.41936149843750004 0.25468024375 0.41905741250000006 0.2389565890625 0.41625052343749996 0.22842868906249997 0.40366338593749995 0.20856104687500002 0.39807885 0.2058438390625 0.3919446359375 0.20835649531249997 0.37940136562500004 0.215996721875 0.3716034890625 0.225029646875 0.3663230375 0.23803610625
0 0.44589848125 0.2404932015625 0.4473688765625 0.22650333749999998 0.444963428125 0.21401765625000002 0.44355998281250003 0.2087537078125 0.43741114531249997 0.20209706718749998 0.42764552031249997 0.2019266078125 0.41534466718749996 0.2184305046875 0.41336505 0.23726529843750002 0.42313091406250003 0.2500175953125 0.4367038765625 0.2502545125 0.4383234015625 0.24926804218749998 0.44589848125 0.2404932015625
0 0.46702278125 0.3075913375 0.4707777828125 0.2718648859375 0.47068283125 0.2713720296875 0.462855709375 0.2620663703125 0.458670753125 0.2600301453125 0.44076148281250005 0.2597175375 0.431056028125 0.266750753125 0.42548611562499994 0.2732028421875 0.42048050625 0.283594371875 0.41910630624999995 0.296669009375 0.4233166421875 0.3124608515625 0.4359813671875 0.3238141296875 0.4494949015625 0.324050009375 0.45680922968750004 0.31959478125 0.466835071875 0.30798101875 0.46702278125 0.3075913375
0 0.46616018593749997 0.3632713109375 0.4681443015625 0.35649465937499997 0.47025682187499995 0.3363953734375 0.461356303125 0.3252014453125 0.449637553125 0.32499689374999996 0.4373691234375 0.3300221953125 0.4317992109375 0.3364742875 0.4309746921875 0.3443190703125 0.43436050625 0.36795569375000003 0.44050934374999995 0.3746123359375 0.44600507812499995 0.37564619062500004 0.45706182812499996 0.3758391859375 0.46616018593749997 0.3632713109375
0 0.5001963953125 0.37919565624999996 0.4864130796875 0.3544363828125 0.4845178265625 0.3544033015625 0.47421222187499995 0.3564744375 0.466689184375 0.3628924359375 0.461683575 0.3732839640625 0.4600345359375 0.3889735296875 0.4656336921875 0.40086002656249997 0.4832795234375 0.4060387828125 0.485007365625 0.4060689421875 0.49436626562499997 0.3974319671875 0.499371875 0.3870404390625 0.5001963953125 0.37919565624999996
0 0.47278135781249997 0.5655649703125001 0.47534403281250004 0.54118275 0.4659250375 0.5293367484375 0.4581125375 0.52920038125 0.4539314484375 0.531747125 0.44167764062500003 0.545941721875 0.43917483593749995 0.5511374874999999 0.4397537609375 0.564246215625 0.44115720625000004 0.569510165625 0.44718306874999997 0.576033671875 0.4649778109375 0.57634428125 0.47278135781249997 0.5655649703125001
0 0.47553296093749997 0.55800205625 0.47806501093750003 0.5711448781249999 0.48058243906250003 0.5751184078125 0.4968658828125 0.5815969890625 0.512699603125 0.5818733671875 0.5229868859375 0.5719289921875 0.525489690625 0.5667332296875001 0.526284965625 0.540549859375 0.5187326828125001 0.5286292718750001 0.5056104875 0.5231607734375 0.4977979875 0.52302440625 0.4874826828125 0.5280838015625 0.47968480625 0.5371167265625 0.47690716093749996 0.5449274156249999 0.47553296093749997 0.55800205625
0 0.5212720484375 0.5230856562499999 0.5338006953125001 0.50627613125 0.5354497359375 0.49058656562499997 0.53432113125 0.48270769218750004 0.5284471328125 0.4734361234375 0.5211843125 0.46806989843749996 0.5094655625 0.46786534687500003 0.5030565078125 0.47299292812499993 0.496936915625 0.4846748734375 0.49447797812500005 0.5173785140625 0.5047082796875 0.523815315625 0.519646071875 0.52407605625 0.5212720484375 0.5230856562499999
0 0.4829072359375 0.413373175 0.481258196875 0.4290627390625 0.48937478125 0.444922765625 0.495620178125 0.454780553125 0.5136386578125001 0.45509506718750004 0.5147800296875 0.454535253125 0.5292618015625 0.43775982031250005 0.53176460625 0.4325640578125 0.5336884859375 0.41425956406250003 0.5311564359375 0.40111674218750004 0.5252824375 0.3918451734375 0.519697903125 0.3891279671875 0.506026028125 0.3888893234375 0.4898659703125 0.40301573749999997 0.4829072359375 0.413373175
0 0.5453580234375 0.48069459531250003 0.549049065625 0.4807590234375 0.55953403125 0.47646425 0.56510394375 0.4700121609375 0.5698057671875 0.4615801234375 0.5724304890624999 0.43660756406249995 0.5700510624999999 0.4229434625 0.56585535 0.4163209125 0.5546862796875 0.41088650624999995 0.54241785 0.415911809375 0.5360087953125 0.42103938906250005 0.5321171671875 0.4301404984375 0.52878984375 0.44318104375 0.5265911234375 0.46410046562499996 0.53414340625 0.4760210546875 0.5453580234375 0.48069459531250003
0 0.5553521578125 0.546504475 0.5695737125 0.5415132625 0.575143625 0.5350611734374999 0.580149234375 0.524669646875 0.580668215625 0.5220589796875 0.58331355 0.4968903015625 0.583172475 0.4959054421875 0.574216746875 0.47872090624999997 0.5705853359375 0.4760377953125 0.5591414265625 0.47321831718749996 0.5510540859375 0.475696875 0.5346191890624999 0.492438215625 0.532116384375 0.4976339796875 0.5307714296875 0.5290472046875 0.5405516765625 0.5383869578125 0.5553521578125 0.546504475
0 0.5612862203125 0.557531659375 0.557426165625 0.5514389140625 0.5521164703125 0.5461067828124999 0.5443039703125 0.545970415625 0.5367809328125001 0.5523884140625 0.5347786890624999 0.5565450249999999 0.5329281 0.5741522031249999 0.5346208375 0.5791252703125 0.55378688125 0.579459815625 0.559539459375 0.574150978125 0.5612862203125 0.557531659375
0 0.5707458890625 0.5457196296875 0.5607346703125 0.566502678125 0.5596353109375001 0.576962390625 0.5624422 0.5874902875 0.5694283203125 0.5985172359375001 0.5989840156249999 0.5990331328125 0.6135129125 0.594931040625 0.623263915625 0.5859322078125 0.6260415609375001 0.5781215171875 0.6287899593749999 0.5519722421875 0.6273865140625 0.5467082953125 0.6128462515625 0.5268065546875 0.5952681265625 0.5264997265625 0.582999696875 0.53152503125 0.575476659375 0.5379430265625 0.5707458890625 0.5457196296875
0 0.6036851828125 0.47946167656250005 0.60931079375 0.472945065625 0.6131379406249999 0.4365321984375 0.6131028546875 0.43640059999999997 0.6089071421875001 0.4297780515625 0.60527573125 0.42709493906249996 0.59160385625 0.42685629531249997 0.5796248890625 0.438435965625 0.5774261703125 0.45935538593749997 0.580233059375 0.4698832796875 0.5914167531250001 0.48448698125 0.5953230031250001 0.4845551640625 0.6036851828125 0.47946167656250005
0 0.5743055328125 0.3573321625 0.5729020874999999 0.3520682140625 0.563407109375 0.340126653125 0.55165969375 0.3399216015625 0.5369066953125 0.3501300484375 0.5310619421875 0.359197065625 0.5280094578125001 0.369622684375 0.5271849375000001 0.37746746875000003 0.529442146875 0.39322521875 0.5353161453124999 0.40249678749999995 0.543144009375 0.407083721875 0.5568435328125 0.407322846875 0.571007453125 0.38871129375 0.5743055328125 0.3573321625
0 0.500338221875 0.3578101796875 0.5296356375 0.35832156875 0.5385603078125001 0.3418437140625 0.5433150390625 0.2966054640625 0.5376297734375 0.2832111234375 0.5314809359375 0.2765544828125 0.5236684359375 0.2764181140625 0.5114000062499999 0.2814434171875 0.4921874640625 0.30599545 0.48913497812499995 0.31642106875 0.487760778125 0.32949570625 0.488889384375 0.33737458125 0.499523396875 0.35720813749999997 0.500338221875 0.3578101796875
0 0.5686620703124999 0.290016684375 0.5767494109375 0.28753812343749996 0.586775253125 0.2759243640625 0.5917808625000001 0.2655328375 0.5945292625 0.2393835609375 0.591722371875 0.22885566562499998 0.5858483750000001 0.21958409687499997 0.576357590625 0.21679870937499998 0.547929103125 0.2359504265625 0.5401458484375 0.25415264375 0.5387716484375 0.2672272828125 0.5494056609375 0.2870608375 0.5530370703124999 0.2897439484375 0.5686620703124999 0.290016684375
0 0.4730387484375 0.2573345546875 0.48278974999999996 0.2483357203125 0.48450465468750004 0.24551670312499999 0.48759316875 0.21613145625 0.47908522812500004 0.19980614531250002 0.47545381718749996 0.197123034375 0.46764131718749996 0.1969866671875 0.4592791375 0.2020801515625 0.4492532953125 0.213693915625 0.445955215625 0.24507304687499998 0.4535074984375 0.256993634375 0.4554218375 0.25840806875 0.46980502343749997 0.258659128125 0.4730387484375 0.2573345546875
0 0.5140251359375 0.267257825 0.516997984375 0.2663467234375 0.5320294359375 0.24434143593750002 0.5336265828125 0.2398502890625 0.53536838125 0.2232781859375 0.5333743906249999 0.2129282140625 0.5258221078124999 0.201007625 0.516881003125 0.19299238125 0.501256003125 0.19271964531250002 0.4948469484375 0.19784722500000002 0.48927703593749994 0.204299315625 0.48823616718749996 0.25143619687499996 0.499419859375 0.2660398953125 0.5029086031250001 0.2670637859375 0.5140251359375 0.267257825
0 0.6044403921875 0.3846731546875 0.616268184375 0.373239621875 0.6207732328125 0.36388724843750003 0.6220924640625001 0.3513355953125 0.6195662640624999 0.3418604890625 0.6067042859375 0.3246077703125 0.6008449109375 0.3245054953125 0.59248273125 0.3295989828125 0.5821820484375 0.343827671875 0.5797400609375 0.3521681671875 0.5792728328125001 0.35661354375 0.580562253125 0.3778558234375 0.58466265625 0.3843279328125 0.6044403921875 0.3846731546875
0 0.5816011203125 0.3400464203125 0.585782209375 0.3374996765625 0.5935800875 0.3284667515625 0.5988605375 0.315460296875 0.5988312921875 0.29712171249999997 0.59295729375 0.28785014375 0.585694475 0.28248391875 0.5762036890625 0.27969853125 0.567841509375 0.2847920203125 0.5597687921875 0.2964398734375 0.5567163078124999 0.306865490625 0.558148996875 0.330468025 0.5679292453125 0.3398077765625 0.5816011203125 0.3400464203125
0 0.6234591953125 0.43509685937500003 0.63197616875 0.42857330937500004 0.6369817796875 0.41818178125000005 0.6398087046875001 0.39128538281249997 0.63580930625 0.382795028125 0.632177896875 0.3801119171875 0.618506021875 0.3798732734375 0.61432493125 0.38242001718749996 0.6040242484375 0.39664870625000004 0.60152144375 0.40184446874999996 0.5995975640625 0.4201489625 0.6054715625 0.42942053125 0.6115721203125 0.4348893703125 0.6234591953125 0.43509685937500003
0 0.6363321328125 0.530013296875 0.6432945234375 0.5219481859374999 0.647049321875 0.48622365937499995 0.6328878265625 0.4696995015625 0.6228473609375 0.4721439703125 0.61448518125 0.47723745624999997 0.6041845 0.49146614531250005 0.6000326546875 0.512351475 0.601161259375 0.5202303500000001 0.6087135421875 0.5321509375 0.61651865 0.5367245390625001 0.6250689984375 0.5368737859375 0.6363321328125 0.530013296875
0 0.7152172484375 0.6502740109375 0.7000421546875 0.6383659078125 0.6859483078124999 0.6381198984374999 0.6778184109375001 0.6430719 0.66779256875 0.6546856609375 0.6653190078125 0.678220009375 0.6728712906250001 0.6901405984375 0.6903389203125 0.70863803125 0.6910364625 0.7086502078125 0.7005191265625 0.7063415421875 0.7133460281249999 0.6894868468750001 0.7166731765625001 0.6578311343750001 0.7152172484375 0.6502740109375
0 0.6619616625 0.5277180359375 0.6527457171875 0.5223177203125 0.6360359796874999 0.541673990625 0.6332583359374999 0.5494846812499999 0.631059615625 0.570404103125 0.635719446875 0.5777592203124999 0.6505211109375 0.5780175843750001 0.66209430625 0.5664822078125 0.6654011453125 0.5350197421875 0.6619616625 0.5277180359375
0 0.7031173734375 0.5634039671875 0.7047026109375001 0.5483214375000001 0.7002131984375 0.5412353109375 0.6946286640625 0.53851810625 0.6865413234375 0.5409966671875 0.678743446875 0.5500295937499999 0.6759658015625 0.557840284375 0.6782230124999999 0.5735980328125 0.682418725 0.58022058125 0.6860501343750001 0.58290369375 0.6891172421875 0.58164736875 0.7031173734375 0.5634039671875
0 0.6681323124999999 0.523537159375 0.6740297156249999 0.5199449921875 0.6795996265625 0.5134929046875001 0.680515371875 0.51036521875 0.68176589375 0.4984672984375 0.6801200625 0.48992446562499997 0.6759243500000001 0.4833019125 0.6722929390625 0.48061880312499994 0.6625273140625 0.48044834375 0.650258884375 0.4854736453125 0.6474958625 0.5024536312500001 0.6483496265625 0.512947434375 0.654223625 0.522219003125 0.6557142953125 0.5233204015624999 0.6681323124999999 0.523537159375
0 0.637821846875 0.42694422187500003 0.6356231265625001 0.44786364531249995 0.6364768921875 0.458357446875 0.6454326203125 0.47554198281250004 0.6526954390624999 0.48090820624999997 0.6530381734375 0.48100879374999994 0.6699815109375 0.48130454062499994 0.6702735640624999 0.4812150328125 0.6822525328125 0.46963536406250006 0.6875329828125001 0.456628909375 0.6902813812499999 0.43047963281249996 0.6866207265625001 0.40945793437500005 0.6804718890625 0.40280129374999996 0.6628937640625 0.4024944671875 0.650625334375 0.407519771875 0.6405994921875 0.41913353124999997 0.637821846875 0.42694422187500003
0 0.6264583359375 0.360062553125 0.6350672453125 0.36642335 0.6473586703125 0.3666378984375 0.65325240625 0.365769696875 0.6657956765625 0.358129465625 0.6738683937500001 0.3464816125 0.680104934375 0.3206551953125 0.6824135906250001 0.298689803125 0.6796400328125001 0.2915681328125 0.6754443203125 0.28494558125 0.6681815 0.279579359375 0.6606438406249999 0.2768280640625 0.6411125906249999 0.2764871453125 0.6288587828125001 0.2906817421875 0.613545478125 0.3284004578125 0.613320109375 0.3305446984375 0.6205843390625 0.3507909859375 0.6264583359375 0.360062553125
0 0.6263536968750001 0.24935712968749998 0.6172344609375 0.2440134859375 0.6014386640625 0.24373776875000003 0.596217678125 0.2475212421875 0.5894663421875 0.25962878125 0.5873858859375 0.279422990625 0.5960159515625 0.29598263281250003 0.5994097515625 0.29849018437499997 0.6115118921875 0.298701428125 0.6298582203125 0.277449359375 0.6302429968750001 0.2737884609375 0.6299997281249999 0.261209534375 0.6263536968750001 0.24935712968749998
0 0.6304613828125001 0.1953816390625 0.6262656703125 0.1887590890625 0.6209224421874999 0.186159296875 0.6087817203125 0.1859473796875 0.6006002046875001 0.190930821875 0.5947554515625 0.1999978390625 0.5931064125 0.2156874046875 0.595913303125 0.2262153 0.6089469125 0.24073809218750003 0.618996409375 0.24091350781249998 0.6229968359375 0.2384768078125 0.6283439515625 0.23228279999999998 0.6317244828125 0.2001191921875 0.6304613828125001 0.1953816390625
0 0.657417884375 0.210713446875 0.6445629937499999 0.20535634218749999 0.644175984375 0.20534958749999999 0.6281356312499999 0.2193713609375 0.6253872312500001 0.2455206375 0.632664675 0.26005615312499997 0.6407144046875 0.2647730953125 0.6502569874999999 0.2649396609375 0.6597189625000001 0.253979075 0.6644497312500001 0.2462024765625 0.6658239312500001 0.23312783750000002 0.663566721875 0.21737008750000003 0.657417884375 0.210713446875
0 0.7385889062500001 0.5684646437499999 0.741344940625 0.54224273125 0.74029235625 0.5382947703125 0.7341435187500001 0.5316381296875 0.7282841437500001 0.5315358546875 0.7163051765625 0.543115521875 0.7138023718750001 0.5483112875 0.711053971875 0.5744605625 0.7153854843749999 0.579149796875 0.7300577968749999 0.579405903125 0.731149525 0.5787409203125 0.7385889062500001 0.5684646437499999
0 0.7281001375 0.528632346875 0.72923933125 0.5292998859375 0.762346525 0.529877775 0.7704328453125 0.5037852859374999 0.7711291078125 0.49716079999999996 0.7715454546875 0.47830605000000004 0.7623148875 0.4637364421875 0.7550520671875 0.45837021875 0.7433333171875 0.45816566718749996 0.7349711375 0.4632591546875 0.7246704546875 0.47748784375 0.7224483390625001 0.4837363953125 0.7196999390625 0.5098856734375 0.722226140625 0.519360778125 0.7281001375 0.528632346875
0 0.6951657859375 0.494267065625 0.7143010890625 0.49460107343750004 0.7216255203124999 0.48784163124999996 0.7266252796875 0.4737823875 0.728604128125 0.4549549078125 0.72770124375 0.4486518078125 0.7235055312500001 0.44202925937500004 0.7162427109375 0.4366630359375 0.7103833359375 0.436560759375 0.6919806921875 0.44409871718750005 0.6883639046875001 0.45058489843749994 0.68570204375 0.461017334375 0.68531726875 0.4646782328125 0.690650359375 0.4846812328125 0.6951657859375 0.494267065625
0 0.7576131187499999 0.4023548265625 0.7612032156249999 0.368197334375 0.760201653125 0.3656256203125 0.751246490625 0.35436296718750004 0.7323342375 0.354032853125 0.7105490078125001 0.3726181046875 0.70499371875 0.38823948750000004 0.703344678125 0.403929053125 0.7109115828125 0.42501893593749995 0.7151072953125001 0.43164148437499994 0.7192095171874999 0.4336374546875 0.7359919234375 0.43393039218749996 0.7404979203125001 0.43208467968750003 0.750798603125 0.417855990625 0.7576131187499999 0.4023548265625
0 0.6774563203125 0.3984705859375 0.6939077859375 0.398757746875 0.7044919937499999 0.38649718593750004 0.707192296875 0.36080552187500003 0.704771353125 0.3517252125 0.6972190703125001 0.339804625 0.6894065703125001 0.33966825625 0.68327235625 0.342180909375 0.6732465140625 0.35379466875 0.668240903125 0.36418619531249996 0.666866703125 0.377260834375 0.66967359375 0.3877887296875 0.6755475921875 0.3970602984375 0.6774563203125 0.3984705859375
0 0.74828284375 0.5767638953125 0.7523861125 0.5797956453124999 0.7662676828125 0.5800379484375 0.7750622921875 0.5733017453125 0.776986171875 0.5549972515625 0.7747289609375 0.5392395 0.7685801234375 0.5325828593749999 0.7607676234375 0.5324464921875001 0.754633409375 0.53495914375 0.74683553125 0.54399206875 0.7443327265625 0.549187834375 0.7429585265624999 0.5622624703125 0.74828284375 0.5767638953125
0 0.8063045796875 0.5664738484375 0.8185583875000001 0.55227925 0.821031946875 0.5287449015625 0.8196285031249999 0.5234809546875 0.813479665625 0.5168243140625 0.799807790625 0.5165856703125 0.791445609375 0.5216791578125 0.7833728921875001 0.5333270109375 0.7789462078125 0.55682726875 0.7881767749999999 0.571396875 0.7937613109375 0.5741140796875001 0.7976675609375 0.5741822625 0.8063045796875 0.5664738484375
0 0.8226631046874999 0.483438546875 0.8250908578124999 0.46034001875 0.8128291046875 0.443892428125 0.8069697296875 0.44379015156249996 0.79860755 0.4488836390625 0.7908096734375001 0.4579165640625 0.7858040625 0.4683080890625 0.78360534375 0.4892275125 0.7900929671875 0.5021854921875 0.8070504125 0.5024814859375 0.80873575 0.501454928125 0.8226631046874999 0.483438546875
0 0.767755971875 0.3970745171875 0.7607972359375 0.40743195156249995 0.758019590625 0.41524264375 0.7560957109374999 0.4335471375 0.76198433125 0.4519879984375 0.7678583296875 0.4612595671875 0.7714897390625 0.463942678125 0.7912958296875 0.4616686703125 0.803274796875 0.4500890015625 0.8091049265624999 0.4318526921875 0.8107539656249999 0.4161631265625 0.8109995609375 0.3952096109375 0.805400403125 0.383323115625 0.80176899375 0.3806400015625 0.79005024375 0.38043545 0.7797349390625 0.385494846875 0.767755971875 0.3970745171875
0 0.8088490390624999 0.3616816375 0.8115699546874999 0.335793853125 0.810667071875 0.329490753125 0.8031976671875001 0.31770098125 0.7891399875 0.317455603125 0.7833086984375 0.3198441734375 0.773557696875 0.32884300624999996 0.7675685109375 0.3523159890625 0.7671562515625 0.35623838124999996 0.769435096875 0.368066921875 0.7719525234375 0.3720404515625 0.78074645 0.37992375625 0.788880453125 0.38006573593750004 0.8045913468749999 0.3686805765625 0.8088490390624999 0.3616816375
0 0.712984703125 0.3205879265625 0.7155193375 0.29647248125000003 0.7098591046875 0.28516708125 0.6961872296875 0.28492843749999996 0.685871925 0.28998783281249996 0.6780740468750001 0.29902075781250004 0.677828453125 0.319974271875 0.6800856625 0.335732021875 0.6838405578125 0.33909809375 0.6957948109375 0.33930675625 0.7004560546875 0.33739745 0.712984703125 0.3205879265625
0 0.7396114609375 0.2906532546875 0.7426435109375 0.2618052375 0.742456628125 0.2612562 0.7332406828125 0.255855884375 0.7254281828125 0.2557195171875 0.72124709375 0.2582662609375 0.7134492156250001 0.26729918750000004 0.71097565625 0.2908335359375 0.7123791015625 0.2960974828125 0.7164768046875001 0.300533596875 0.731887528125 0.3008025921875 0.7396114609375 0.2906532546875
0 0.7315986234375 0.3371033796875 0.7273882890625 0.3213115375 0.7229177359375 0.3173039171875 0.7111989859375 0.31709936562499996 0.70117314375 0.32871312656249996 0.700898303125 0.33132805468750004 0.7106931734375 0.3498371 0.7121362921875 0.3521149296875 0.7185430234375 0.35222675937500003 0.7315986234375 0.3371033796875
0 0.7912254140625 0.313403940625 0.7958778203125 0.2914794578125 0.7976706234375001 0.2744220828125 0.7883454109375 0.25702958124999997 0.7852923374999999 0.2547737796875 0.773971446875 0.2545761734375 0.7688141609375 0.2566886625 0.7562708921875 0.26432889375 0.745970209375 0.27855758124999996 0.7420932046875001 0.2968279828125 0.7446252546875 0.30997080625 0.751902696875 0.3245063203125 0.7639799765624999 0.32953936562499997 0.766001821875 0.3295746578125 0.7834275374999999 0.32243686562499996 0.7912254140625 0.313403940625
0 0.8576006578125 0.56597850625 0.8592591671875001 0.5652991593750001 0.8648290796874999 0.5588470703125 0.8668313234375 0.554690459375 0.86872771875 0.5366474578125 0.8664488734375 0.5248189171875 0.8591714312500001 0.5102834046875 0.8494058062500001 0.5101129453125 0.84188276875 0.5165309406249999 0.8348749140624999 0.531079078125 0.832951034375 0.549383571875 0.83385391875 0.555686671875 0.8397279171875001 0.564958240625 0.8407097406249999 0.5656836734375 0.8576006578125 0.56597850625
0 0.824133265625 0.5231294328125 0.8408801359375 0.503730153125 0.8411000078124999 0.5016382109374999 0.8401971234375001 0.4953351078125 0.8290134312499999 0.480731409375 0.8212009312499999 0.480595040625 0.8170198421875 0.483141784375 0.8114499296875 0.489593875 0.8069448796875 0.49894625000000004 0.8059004875 0.5088829734375 0.8084266890625 0.5183580796875 0.812265709375 0.522922284375 0.824133265625 0.5231294328125
0 0.8664352093750001 0.5030741515625 0.8730634046875 0.495396165625 0.8761965796875 0.465585990625 0.8724963109375 0.45471503750000003 0.8663474734375001 0.44805839531249997 0.8526755984375001 0.44781975156250003 0.8471056859375 0.45427184218749994 0.8395972703125001 0.4698591296875 0.8362699453125 0.482899678125 0.8376733906249999 0.48816362343749997 0.849193990625 0.5063478375 0.860730084375 0.5065492 0.8664352093750001 0.5030741515625
0 0.8991721359374999 0.545788384375 0.8930232984375 0.53913174375 0.8765737781249999 0.546703790625 0.87323183125 0.5505750453125 0.871582790625 0.5662646109375 0.87689198125 0.572576703125 0.8916840625000001 0.5728348999999999 0.8986443890625001 0.5647721781249999 0.90022471875 0.54973634375 0.8991721359374999 0.545788384375
0 0.9448918703125001 0.5417738937500001 0.945137465625 0.5208203796875 0.9350531328124999 0.49575696875 0.9293021749999999 0.49365783125 0.9258299546875 0.4935972234375 0.9132939171875 0.497996884375 0.9057708796874999 0.5044148828125 0.9007652703125 0.514806409375 0.89856655 0.53572583125 0.9025020453125 0.5541326 0.91142330625 0.5653526171875 0.9268355796875 0.5656216390625 0.9340415078125 0.5612324375 0.9421142250000001 0.549584584375 0.9448918703125001 0.5417738937500001
0 0.893258325 0.49459405156249997 0.8817089390625 0.49691515468749997 0.8736362218749999 0.50856300625 0.8714375015625 0.5294824296875 0.8808646765624999 0.541338715625 0.8869137359374999 0.541444303125 0.894325321875 0.5351213875 0.8993309328124999 0.524729859375 0.9015296515625 0.5038104390625 0.8937853546875001 0.49460325000000005 0.893258325 0.49459405156249997
0 0.907051875 0.5026616515625 0.913824209375 0.4985365546875 0.9193941203125 0.49208446562499997 0.9226477671875 0.48532997343749995 0.9248190031249999 0.46467204375 0.9209992937499999 0.44888702187499996 0.9140113124999999 0.44090586875 0.9061988124999999 0.44076950156250005 0.8986757750000001 0.44718749999999996 0.893395325 0.460193953125 0.89061768125 0.468004646875 0.8884189609375 0.48892406718750003 0.8926146734374999 0.4955466171875 0.9038336390625 0.5026054765625 0.907051875 0.5026616515625
0 0.9334315999999999 0.4786053640625 0.9342853640625 0.48909916718749996 0.9382062375 0.49833664375 0.9415539671875001 0.5016985203125001 0.9459651359375 0.5017755171875 0.9522180171875 0.442283328125 0.938133125 0.45249017968749994 0.9334315999999999 0.4786053640625
0 0.9343895703125 0.381040240625 0.9258633625 0.386784178125 0.9203665640625 0.4390827328125 0.922883990625 0.4430562625 0.935850778125 0.44524577499999995 0.9406803781249999 0.44533007500000005 0.951879053125 0.430614884375 0.9567843125 0.383944459375 0.9565490609375 0.3833902125 0.95382774375 0.381379534375 0.9343895703125 0.381040240625
0 0.8930013062500001 0.43040953593750003 0.8942582109374999 0.4296439421875 0.9020560890624999 0.42061101718750005 0.907244925 0.40847620312500005 0.908848159375 0.393222459375 0.9078569734374999 0.384036121875 0.8963984406250001 0.3720473484375 0.8866328156250001 0.3718768890625 0.8788349390624999 0.3809098140625 0.8735544890625 0.39391626562500004 0.8707768437500001 0.4017269609375 0.87135576875 0.4148356875 0.8758409437499999 0.4280126046875 0.8782270796875 0.43015165 0.8930013062500001 0.43040953593750003
0 0.85772635625 0.44770335 0.860993025 0.41662306562499996 0.8567136703125 0.407538384375 0.843591475 0.4020698859375 0.8293845421875 0.4162303921875 0.8243789328125001 0.4266219171875 0.8230047328125 0.43969655625000004 0.825811621875 0.45022445156249996 0.8316080937500001 0.45751451093749995 0.8473746890625 0.45778971718749994 0.85176655 0.4546070828125 0.85772635625 0.44770335
0 0.8429910984375001 0.40917835 0.847350746875 0.36769905937499997 0.8455863546875 0.3635421953125 0.838323534375 0.3581759703125 0.834417284375 0.3581077875 0.8260551046875 0.363201275 0.8179823875000001 0.37484912656249997 0.816333346875 0.39053869375 0.8177367921875 0.39580264062500004 0.8277832875 0.40892138593749994 0.84297755 0.40918660156250003 0.8429910984375001 0.40917835
0 0.8739536343750001 0.37841996093749997 0.8797737578125 0.377562603125 0.88824320625 0.3658634609375 0.8917000828124999 0.3329734796875 0.8900159484374999 0.32665674375 0.8805105421875 0.3147020625 0.8729728812499999 0.31195076718750003 0.8612541312499999 0.311746215625 0.84649751875 0.331136578125 0.845398159375 0.3415962875 0.8490588140625001 0.36261798437500004 0.8546579718749999 0.3745044796875 0.8609526875 0.378193028125 0.8739536343750001 0.37841996093749997
0 0.6655911265625 0.2725765078125 0.6697868390624999 0.27919905625 0.6770496578125 0.28456528125 0.6840330390625 0.285878990625 0.6957433421875 0.28608339374999997 0.6985340328125 0.2849402921875 0.7041039453125 0.278488203125 0.7168928109375 0.24989445781250003 0.717442490625 0.24466460156249997 0.7098902078125 0.23274401249999999 0.6956394078125 0.219396640625 0.6839206578125 0.2191920890625 0.6672109203125001 0.2385483578125 0.6644625203125 0.2646976328125 0.6655911265625 0.2725765078125
0 0.74230870625 0.2575439546875 0.7465678421875 0.258793940625 0.7551808828125 0.25894428125 0.7640679203125 0.2553040390625 0.776368775 0.23880014218749998 0.7787099109375 0.21652571250000002 0.7779415234375 0.2070812890625 0.7754094734375 0.19393846875 0.769535475 0.1846669 0.763950940625 0.1819496953125 0.750279065625 0.1817110515625 0.7363469734375 0.1932566296875 0.7315916437500001 0.20312857968750003 0.7290081484375001 0.22770890000000002 0.7330781390625 0.242974346875 0.74230870625 0.2575439546875
0 0.842740853125 0.349698540625 0.842788596875 0.349669459375 0.8509182859375001 0.33375619375 0.8525594734374999 0.3181413375 0.8516565890625 0.3118382375 0.8404728968749999 0.2972345390625 0.8346135218749999 0.2971322640625 0.8242982171875 0.3021916578125 0.8186681921875 0.3129390484375 0.8167827890625 0.33087745156250004 0.8190616343749999 0.34270599218750003 0.8215790625 0.34667951874999997 0.8262396531249999 0.3494105109375 0.842740853125 0.349698540625
0 0.8428450078124999 0.23184669218749998 0.8426757171875 0.2306648609375 0.831790759375 0.2164512484375 0.817429065625 0.2162005640625 0.8058411812499999 0.2274021859375 0.800835571875 0.2377937140625 0.8008648171875 0.2561323 0.8059142953125 0.27324865 0.8106783859375 0.275566659375 0.8257849640625 0.27583034687499997 0.8293517953125 0.273657753125 0.8393776374999999 0.2620439921875 0.839794284375 0.2608723890625 0.8428450078124999 0.23184669218749998
0 0.8558622953125001 0.30296657968749996 0.8598746453125001 0.303036615625 0.874212125 0.29643678281249997 0.882681575 0.28473763750000003 0.8844894109375 0.267537225 0.8844250718750001 0.22719233593750002 0.8819076453125 0.22321880625 0.8671071640625 0.215101290625 0.8467513953125 0.2226051515625 0.8367255515625001 0.2342189125 0.8336730671874999 0.24464453281249998 0.8317491875 0.26294902656249997 0.837088128125 0.28661974375 0.842962125 0.2958913125 0.8558622953125001 0.30296657968749996
0 0.9217432593750001 0.2556403046875 0.9217081734375 0.25550870625 0.915834175 0.2462371375 0.9091272734375 0.2412816609375 0.8981656640625 0.241090325 0.8862624609375 0.2483406859375 0.8806925484375 0.25479277499999997 0.8795931890625001 0.2652524859375 0.883557928125 0.3019978421875 0.8893302437499999 0.3082468640625 0.904168209375 0.3085058625 0.913693946875 0.30383373125 0.9170358937499999 0.2999624765625 0.9170984640625001 0.29983258125 0.9217432593750001 0.2556403046875
0 0.923721465625 0.3652003625 0.9295063171875 0.3623630390625 0.9373041953125 0.3533301140625 0.94533811875 0.3290195796875 0.9456862484374999 0.3257073390625 0.9447833640625 0.3194042390625 0.93918420625 0.3075177421875 0.9241088875000001 0.30201515 0.9115656171875001 0.3096553828125 0.9057208640625 0.3187224 0.9032788765624999 0.32706289375 0.9010330421875 0.3484305890625 0.9057939781250001 0.3645688640625 0.9074231296875 0.3649158734375 0.923721465625 0.3652003625
0 0.9653909625000001 0.331844596875 0.9624851031249999 0.32923964375 0.9524446375 0.33168411249999996 0.9465998859375 0.3407511296875 0.9435473999999999 0.3511767484375 0.9410738406249999 0.374711096875 0.94359126875 0.3786846265625 0.9456182484375001 0.3796708703125 0.9603372140624999 0.379927790625 0.9653909625000001 0.331844596875
0 0.9687960171875 0.2696607296875 0.9655633953124999 0.2608562921875 0.9529908796875001 0.2501579421875 0.9412721296875001 0.249953390625 0.9334742531250001 0.25898631562499996 0.9290914359375 0.3099944515625 0.93685635 0.3137725359375 0.9530027921875 0.3140543734375 0.9561603453125 0.313086665625 0.965144571875 0.3044019140625 0.9687960171875 0.2696607296875
0 0.961290478125 0.2368168859375 0.9645961921874999 0.20536511562499998 0.9635436078125 0.20141715625 0.952359915625 0.1868134546875 0.948453665625 0.186745271875 0.9331327515625001 0.2021961953125 0.9250600328124999 0.21384404687499997 0.9189550640625 0.234695284375 0.9274489718750001 0.2509936671875 0.9420129656249999 0.2512478828125 0.953851096875 0.247093159375 0.961290478125 0.2368168859375
0 0.9224681562500001 0.2040629703125 0.922222553125 0.20314178125 0.9166233953124999 0.19125528125 0.9049046453124999 0.1910507296875 0.8946039625 0.2052794203125 0.8929549234374999 0.22096898281250002 0.8943583687500001 0.2262329296875 0.8978169859375 0.2316920390625 0.9146465171875 0.2319858 0.920363340625 0.2240889546875 0.9224681562500001 0.2040629703125