0 0.0864313484375 0.997278990625 0.114664021875 0.9716791640625001 0.113748175 0.949202671875 0.11008150781249999 0.92998463125 0.10265954531249999 0.9157616375 0.0518782953125 0.916943584375 0.0456283828125 0.9314847953125 0.0441014578125 0.9419899656249999 0.047013534375 0.9654788546875 0.0534056609375 0.978417115625 0.0647338734375 0.9925491890625 0.0747125984375 0.9975517484375 0.0864313484375 0.997278990625
0 0.06497966093749999 0.908725028125 0.10166545625000001 0.90787115625 0.104157365625 0.9057416890625 0.0998612640625 0.8003078046875001 0.098470984375 0.7985734124999999 0.0883857078125 0.790955928125 0.0686413578125 0.786180665625 0.0494297578125 0.7944800453124999 0.037640121875 0.8170024171874999 0.0342666234375 0.8301679734375 0.0354386734375 0.858932178125 0.04215045 0.879715221875 0.0578111140625 0.9042160875 0.06497966093749999 0.908725028125
0 0.0383073328125 0.7920471921875001 0.0428927703125 0.7887818046875 0.0529423828125 0.771534746875 0.05979593125 0.747818559375 0.060896654687499996 0.7268536796875 0.053971778125 0.7008407812499999 0.040583890625 0.6841392374999999 0.034617965625000004 0.6816606890625 0.028865140625 0.6844119937500001 0.0322860671875 0.7921873390624999 0.0383073328125 0.7920471921875001
0 0.1426367609375 0.8099506625 0.15521197656250002 0.799718284375 0.1672147125 0.78242576875 0.17591483593749999 0.75604919375 0.1761074625 0.7523803390625 0.174876809375 0.7221779265625 0.174423134375 0.71944020625 0.16998413437499998 0.7064564875 0.1585493703125 0.689709484375 0.1524768953125 0.6846160078125 0.14175295937500001 0.6801607390625 0.1222766859375 0.680614053125 0.1059215453125 0.6935518187499999 0.095765384375 0.708183946875 0.090438759375 0.7213949656249999 0.0856448859375 0.7476806203125 0.0859645359375 0.7555254031249999 0.0905100875 0.7711240515625 0.0990684375 0.7892467062499999 0.1103966515625 0.80337878125 0.1198012734375 0.8104821640625 0.1426367609375 0.8099506625
0 0.04363656875 0.6439087515625 0.0508454328125 0.6529018890625 0.0758494125 0.6738747515625 0.11330420156250001 0.67300298125 0.1179975328125 0.6696607609375 0.13749311875 0.6443416203125001 0.14271319375 0.6285156781250001 0.144087425 0.6190610249999999 0.1426347921875 0.5834108421875001 0.136249740625 0.56584833125 0.1188490515625 0.5466227796875 0.0988916015625 0.536617665625 0.0891259765625 0.5368449625 0.0776203265625 0.5423475734375 0.0643746515625 0.5531254999999999 0.050525340625000005 0.573078403125 0.0400496453125 0.59906006875 0.041591071875 0.636889359375 0.04363656875 0.6439087515625
0 0.038338571875 0.49958185625 0.0340275046875 0.5016436359374999 0.0257179171875 0.5136153796875 0.02223786875 0.524166009375 0.02309026875 0.54508543125 0.0305122328125 0.559308425 0.0409489203125 0.56364435625 0.049546285937500004 0.5634442515625 0.046952446875 0.49978690312499996 0.0442124140625 0.49944514218749997 0.038338571875 0.49958185625
0 0.06485131250000001 0.401696403125 0.054160884374999996 0.3588365203125 0.044892346875 0.34727391406249997 0.0268880203125 0.3372233375 0.014245982812499999 0.3388262890625 0.0199939265625 0.456217340625 0.0438300796875 0.4556625484375 0.0491543515625 0.451871021875 0.06289711249999999 0.4293031890625 0.06555374375 0.41893531250000005 0.06485131250000001 0.401696403125
0 0.0629403515625 0.45075523281249996 0.078494465625 0.47264117343749995 0.0814665515625 0.4735543328125 0.097327859375 0.47318515625 0.103885090625 0.4720502 0.1190838890625 0.4612268109375 0.1273934765625 0.44925507031249995 0.134353575 0.428153809375 0.13588050000000002 0.41764864062499996 0.1352411984375 0.401959075 0.13069564843749998 0.38636042812500004 0.1264697484375 0.3786065640625 0.11318840937500001 0.3645199484375 0.101256559375 0.35956285 0.08964435937500001 0.362450534375 0.0707524109375 0.3785946953125 0.062442823437499996 0.39056643750000003 0.05743585 0.41162223593749997 0.058501351562500005 0.4377715140625 0.0629403515625 0.45075523281249996
0 0.094552825 0.5279891109375 0.0998423515625 0.5203684156249999 0.1033224 0.5098177859375 0.103608259375 0.5084369921875 0.10290502812499999 0.49117846875 0.10246999999999999 0.4888983640625 0.09515458593750001 0.477290296875 0.0850693109375 0.4696728109375 0.0753036859375 0.469900109375 0.06585771093750001 0.4779721890625 0.059820899999999996 0.49774325468749997 0.0605667515625 0.5160477484375 0.0636562640625 0.5199019515625001 0.0788001796875 0.5283557578125 0.094552825 0.5279891109375
0 0.1472170234375 0.564298903125 0.158137871875 0.5512678890625 0.1672738828125 0.535588746875 0.1664650703125 0.5157390703125 0.16289608125 0.5001176921875 0.15650395625 0.48717943124999996 0.1412328734375 0.4705992734375 0.1254446484375 0.4709667484375 0.11609196875000001 0.47895910468749997 0.10973550624999999 0.4908853875 0.1045154328125 0.50671133125 0.10288195781250001 0.514601575 0.10352125781249999 0.5302911406249999 0.11207960937500001 0.548413796875 0.11722879687500001 0.5548374671875 0.125254396875 0.5598854859375 0.1456660984375 0.5643350015624999 0.1472170234375 0.564298903125
0 0.2083323375 0.583663815625 0.20789909374999999 0.5826269359375 0.1965708796875 0.5684948609375 0.1898641265625 0.5664342437500001 0.18732265625 0.5664933984375 0.1712868046875 0.5717007625 0.16113064375 0.5863328906249999 0.15601711875 0.6047737625 0.15818334375 0.609958159375 0.17743495 0.63397475625 0.1902001875 0.6336776421875 0.19902153281249998 0.6286381984375 0.20907114531249998 0.611391140625 0.20941915 0.610336078125 0.2083323375 0.583663815625
0 0.1828562015625 0.5485711734375001 0.1851289765625 0.5563704984375 0.19574700312499999 0.5770626171875 0.20089619062500003 0.583486290625 0.2103262703125 0.5894177109375 0.2463370125 0.5885795515625001 0.257430265625 0.5795530375 0.2769258515625 0.5542339015625 0.2784296609375 0.5383635828125 0.276847390625 0.49953190468750003 0.2765348734375 0.4966600296875 0.263644071875 0.46816858124999994 0.24450335937499998 0.454218346875 0.23267805937500002 0.4518761765625 0.213359909375 0.457560625 0.203913934375 0.4656327046875 0.1900646234375 0.485585609375 0.1848445484375 0.5014115546875 0.1815776 0.5171920390625 0.1828562015625 0.5485711734375001
0 0.193610175 0.700942396875 0.2174029890625 0.7331062078125 0.2222493140625 0.73615449375 0.261023184375 0.7352520218749999 0.2737239640625 0.7239431015625 0.2820335515625 0.7119713578125 0.28899365 0.6908700999999999 0.2891862765625 0.6872012453125 0.2881314296875 0.6613134609375 0.2853357234375 0.6490767156249999 0.281003271875 0.6387079234375 0.269568509375 0.621960921875 0.25351730781250004 0.6118648859375 0.2300798078125 0.6124103984375 0.2166210328125 0.6179584734375 0.197125446875 0.643277609375 0.19037844843750001 0.6696087234375 0.19144395 0.695758 0.193610175 0.700942396875
0 0.207811165625 0.8179630140624999 0.21452294218749998 0.8387460578124999 0.2298639546875 0.855402140625 0.24099080625 0.8624008125 0.260639403125 0.8619434859374999 0.2747858296875 0.8543565734375 0.28504854218750003 0.8423393703125001 0.290268615625 0.8265134281250001 0.291413809375 0.81863455 0.2898688328125 0.780718096875 0.2839117125 0.7664610093750001 0.274643175 0.7548984 0.258591975 0.744802365625 0.24481355 0.7425056546875 0.2333079 0.7480082671875 0.22386192500000002 0.7560803468749999 0.2119657390625 0.7759877921875 0.2085922390625 0.7891533500000001 0.2070653140625 0.7996585203125 0.207811165625 0.8179630140624999
0 0.1527969265625 0.813616059375 0.1334787765625 0.8193005078125 0.125169190625 0.831272253125 0.11668216718749999 0.86287868125 0.1174280171875 0.881183175 0.11970079375 0.8889824984375 0.13113555625 0.9057295 0.1453401828125 0.9184859218750001 0.152736184375 0.9207583078124999 0.1683521421875 0.9203948437499999 0.1746370578125 0.9178040296875001 0.19043949375 0.8978056671875001 0.19217951875 0.8925303515625 0.1938129921875 0.884640109375 0.1931736921875 0.8689505437499999 0.190368165625 0.84807658125 0.18603571562500001 0.8377077906249999 0.1746009515625 0.8209607875 0.1625625515625 0.8133887609375 0.1527969265625 0.813616059375
0 0.1286333140625 0.9906547625 0.13067090312500002 0.99477903125 0.24530704375 0.9921108453124999 0.2439918078125 0.9598326296874999 0.2423759875 0.9513636640625001 0.2293786359375 0.9202572890624999 0.2162038484375 0.9087856000000001 0.20828479843749997 0.9063525125 0.1887535484375 0.9068071062499999 0.1466371984375 0.9287266359374999 0.1382210625 0.93808345 0.1295209390625 0.9644600265625 0.1286333140625 0.9906547625
0 0.2958997015625 0.9287262328124999 0.2975331765625 0.9208359906249999 0.29906010156249996 0.9103308203125 0.29646767500000004 0.8946867125000001 0.2878027734375 0.8739491312500001 0.274700309375 0.8600522328125001 0.2508024765625 0.8606084609375 0.24348453593750002 0.8658197218750001 0.2369149734375 0.8725161484375 0.22800175 0.8936628687500001 0.2293869015625 0.927656928125 0.23382590312499998 0.9406406484375 0.24103476562499998 0.9496337859375 0.248763121875 0.9544948390625001 0.2635200671875 0.9541513671875 0.284003515625 0.948633678125 0.2958997015625 0.9287262328124999
0 0.2937318953125 0.9283008718750001 0.306729246875 0.9594072453125 0.31805745937499996 0.9735393203125 0.32814273437499997 0.9811568062499999 0.3437869015625 0.9866907375 0.3676662671875 0.9861349390624999 0.3693714609375 0.9854320124999999 0.38446370937499996 0.9719936984374999 0.4018996203125 0.9441050921875 0.40875316875 0.92038890625 0.40985389375 0.8994240234375 0.40427850468750004 0.88254064375 0.29295037968750004 0.885131834375 0.2901805171875 0.8891224140625 0.29135256875 0.9178866187500001 0.2937318953125 0.9283008718750001
0 0.2907622453125 0.9801647703125 0.2867494453125 0.9776407609375 0.2691713203125 0.9780498953125001 0.2645548828125 0.984700865625 0.26292140937499997 0.9925911078125 0.2643153671875 0.9932324031249999 0.2972864609375 0.99246499375 0.29797110937500004 0.989157909375 0.2907622453125 0.9801647703125
0 0.3592870734375 0.8705953093750001 0.3627349484375 0.868140003125 0.37853738593749997 0.848141640625 0.3828657078125 0.8368187609375 0.380850578125 0.7873639406249999 0.37740055625 0.772263278125 0.37019169375 0.7632701390625 0.35069622031250003 0.7534966234375 0.3283980421875 0.75401561875 0.3211504671875 0.759176771875 0.30914773125 0.7764692875 0.30566768125 0.7870199171875 0.3024007328125 0.8028004031249999 0.305312809375 0.82628929375 0.311918034375 0.8444574078124999 0.3232462484375 0.8585894828124999 0.3353911984375 0.8687764375 0.340804721875 0.871025490625 0.3592870734375 0.8705953093750001
0 0.293570009375 0.738410903125 0.306957896875 0.7551124453125 0.30916013593749997 0.75602736875 0.3321780703125 0.7554916203125 0.334301646875 0.7544760125 0.342717784375 0.745119196875 0.344501309375 0.739712 0.3427059390625 0.6956504703124999 0.34264645625 0.6953901140625 0.33533104375 0.683782046875 0.3271988921875 0.6761191015625 0.3212329671875 0.6736405515625 0.3056079671875 0.674004228125 0.2998551421875 0.676755534375 0.28795895625 0.6966629796875 0.28664513281250004 0.7123980046875 0.2891310078125 0.725427184375 0.293570009375 0.738410903125
0 0.26949716874999996 0.6238084984375 0.27588929375000004 0.6367467609374999 0.2892771828125 0.653448303125 0.2973027828125 0.658496321875 0.30547356406250004 0.66071028125 0.3291280859375 0.6601597156250001 0.3344121578125 0.6576325921875 0.35021459374999997 0.637634228125 0.35693946875 0.622754784375 0.3553925890625 0.5847916375 0.343111840625 0.5592773156249999 0.3317836265625 0.5451452421874999 0.3258177015625 0.5426666921875001 0.3004270765625 0.543257665625 0.2946742515625 0.546008971875 0.281428578125 0.5567868984375 0.269532390625 0.5766943421875 0.26605234218749996 0.5872449703125 0.26722439375 0.6160091750000001 0.26949716874999996 0.6238084984375
0 0.3981617125 0.550638190625 0.4213198359375 0.5475011609375 0.44042488593750007 0.5365868546875 0.452534171875 0.521909265625 0.45960082187499995 0.5034229328125 0.46038189531249996 0.4746132703125 0.45367011875 0.4538302265625 0.44738454375 0.4435068953125 0.42586450468750003 0.41914240625000004 0.41397684687499997 0.4142036671875 0.396297446875 0.4146151609375 0.3886485796875 0.417391209375 0.36617003124999997 0.441471071875 0.35448694375 0.46660837187500004 0.35153964531250004 0.4902336390625 0.35434517187500003 0.5111076015625 0.362690421875 0.5240004015624999 0.3800911109375 0.543225953125 0.3881167109375 0.548273971875 0.3979157578125 0.550643915625 0.3981617125 0.550638190625
0 0.4289456703125 0.595514665625 0.4337805046875 0.599856575 0.465211990625 0.5991249984375 0.4736544453125 0.5892392421875 0.47842706875 0.5720277609375 0.47827079375 0.5681925328124999 0.47628209374999997 0.557769190625 0.4607279796875 0.5358832515625 0.4467364546875 0.528356684375 0.4408770796875 0.5284930625 0.4293714296875 0.5339956765625 0.42106184375 0.5459674171875 0.4196698234375 0.55018766875 0.420841875 0.5789518734375 0.4226600953125 0.5851913328125 0.4289456703125 0.595514665625
0 0.37041485937499996 0.6727898875 0.3858624234375 0.6920608984375 0.39487388437500004 0.6977290109375 0.421034909375 0.6971201078125 0.42698459843750003 0.6937211765625 0.4408339109375 0.6737682734375 0.4444222421875 0.658678284375 0.443637321875 0.6394149828125 0.4432484578125 0.637068365625 0.4365366828125 0.6162853234375001 0.42314879375 0.59958378125 0.40699104375 0.5868728171875001 0.3971188671875 0.5844851875 0.38181351874999997 0.5926936453125 0.3661176328125 0.6153069375 0.3626375828125 0.6258575671875 0.363809634375 0.654621771875 0.37041485937499996 0.6727898875
0 0.434255859375 0.7546231640625 0.4332788953125 0.7306467671875 0.42914380156250004 0.7227225296875 0.4230713265625 0.717629053125 0.4131991515625 0.7152414203124999 0.3998469265625 0.723404421875 0.3970770640625 0.727395003125 0.393597015625 0.7379456296875 0.396189440625 0.7535897375 0.4022735796875 0.7632440203125 0.43016840156249997 0.7625947609375 0.434255859375 0.7546231640625
0 0.4399780265625 0.7499200187499999 0.44431047812499996 0.7602888125 0.451519340625 0.76928195 0.4670067875 0.77737715625 0.5023948781249999 0.7765534890625 0.516576103125 0.7586068109374999 0.5254893265625 0.7374600890624999 0.5257565375000001 0.7356216843750001 0.5247895953125 0.7118912171875 0.524317275 0.7086958875 0.5156523734375 0.6879583015625 0.5003113609375001 0.67130221875 0.484366709375 0.6638211109375 0.4668951359375 0.6668451765625 0.4573426109375 0.672302328125 0.4396935984375 0.6949610796875 0.43621355 0.705511709375 0.4352193765625 0.7290915171875 0.4399780265625 0.7499200187499999
0 0.464958140625 0.884389565625 0.48076057656250004 0.8643912031250001 0.4843471765625 0.8564555015625 0.48598065 0.848565259375 0.48470204843750003 0.8171861265624999 0.48232272343749993 0.8067718749999999 0.471598146875 0.7834648234375 0.464389284375 0.774471684375 0.44495940625 0.762250496875 0.430168703125 0.7625947546875 0.40611518437500005 0.7836802515625 0.3999718234375 0.800836390625 0.3969179734375 0.82184673125 0.397450725 0.8349213687500001 0.4023159265625 0.8583648 0.40664837656249997 0.8687335921875 0.41602346562500003 0.882911125 0.4329164125 0.8923412953125001 0.45270486249999997 0.8918807140625 0.464958140625 0.884389565625
0 0.4944749328125 0.7835519734374999 0.489148309375 0.7967629921875 0.4901072609375 0.8202973437500001 0.4987721609375 0.8410349234375 0.5080407 0.85259753125 0.514879515625 0.85602598125 0.527499171875 0.8557322562499999 0.53538445 0.8519610984374999 0.5436940359375 0.83998935625 0.5507606859374999 0.8215030234375 0.552074509375 0.8057679984374999 0.5431965078125 0.7798005609375 0.5359876453125 0.7708074218750001 0.5260089203125 0.7658048625 0.5103839203125 0.7661685390625 0.5065842203125 0.7688743875 0.4944749328125 0.7835519734374999
0 0.48459093593749997 0.6441352499999999 0.49993194843750005 0.6607913328125 0.5064558046875 0.6638522765625 0.5343304359375 0.6632034875 0.5351947499999999 0.6625879921875 0.5491506109375 0.6452500125 0.5526306609375 0.6346993859375 0.55287568125 0.6335158484375001 0.5512507921875 0.5936382015625 0.5487596328125 0.587676146875 0.5374314203125 0.573544071875 0.52940581875 0.568496053125 0.51367426875 0.5662448 0.50401519375 0.5690870265625 0.4964157953125 0.5744987203125 0.48256648281250003 0.594451625 0.479086434375 0.605002253125 0.480258484375 0.6337664578125 0.48459093593749997 0.6441352499999999
0 0.506010859375 0.5676866375 0.512402984375 0.58062489375 0.5237311984375 0.5947569703125 0.5427263515625 0.6067047234375 0.560258871875 0.6062966484375 0.5688661734375 0.598941259375 0.6180135078125 0.53367085625 0.6190575218750001 0.5305056671874999 0.6184182218750001 0.514816096875 0.61705455625 0.5101365078125 0.5973810921875 0.48311163125 0.571138065625 0.462783178125 0.539568415625 0.455665753125 0.527849665625 0.45593850937499997 0.520143715625 0.45873526875000004 0.5043412796875 0.478733634375 0.5016424796875001 0.48926608125 0.5029850109375 0.5222141703125 0.506010859375 0.5676866375
0 0.5260260109375 0.7218441343750001 0.5396270000000001 0.7437755328125 0.5513230484375 0.7519549453125001 0.5815979328124999 0.751250290625 0.5886682249999999 0.7478689015625 0.5968712625 0.7332822296875 0.602710934375 0.7050746140624999 0.602326021875 0.6956281875 0.598326859375 0.673047975 0.5827727453125 0.6511620359375 0.5747471453124999 0.64611401875 0.5571690203124999 0.6465231546875 0.5514161953125 0.6492744593750001 0.5419702203125001 0.6573465390625 0.526380884375 0.682574759375 0.523113934375 0.69835524375 0.5237532359375 0.714044809375 0.5260260109375 0.7218441343750001
0 0.44246423281249997 0.97766144375 0.44624137187499996 0.9858700656250001 0.5436808765625 0.9836021359375 0.5416703015625 0.9342590953125001 0.5315973546875 0.9101516546875 0.514196665625 0.8909261031250001 0.506171065625 0.8858780859375001 0.492392640625 0.883581375 0.472861390625 0.8840359687499999 0.45581601562499996 0.8975197421875001 0.4457664046875 0.9147668 0.44097253125 0.9410524562499999 0.44246423281249997 0.97766144375
0 0.6198235609375 0.9187406765624999 0.6231970609374999 0.9055751187500001 0.6217053578125 0.86896613125 0.6194325828125 0.8611668078125 0.6151001328125 0.8507980156249999 0.60583159375 0.8392354093750001 0.6000645328124999 0.836839478125 0.5860508609374999 0.83716565 0.5690418703125 0.847943921875 0.5588857078125 0.8625760515625001 0.553772184375 0.8810169234374999 0.554411484375 0.896706490625 0.5611232609375 0.9174895328125 0.580477075 0.9366696250000001 0.5959129562500001 0.9385949281249999 0.5987277078125001 0.9385294140625 0.611513975 0.93071241875 0.6198235609375 0.9187406765624999
0 0.5610815640625 0.9596469265625001 0.5577080640625 0.9728124812500001 0.5561811390625 0.9833176515625001 0.557317528125 0.9872173140625 0.6032468828125 0.9869076671875 0.6241676 0.98642073125 0.6266001890624999 0.9842960375 0.6262805390625 0.9764512562500001 0.6197818640625 0.9608980656250001 0.60845365 0.9467659921875 0.598368375 0.9391485062499999 0.578837125 0.9396031015625 0.571237725 0.9450147937500001 0.5610815640625 0.9596469265625001
0 0.5803057953125 0.7861314703125 0.583004771875 0.804390503125 0.5978486984375 0.83283649375 0.6028913359375 0.8366452359375 0.60347165 0.8367601765625 0.631330809375 0.8361117468750001 0.6321882109375 0.8359633437499999 0.6539076921875 0.8100471515625 0.65218246875 0.7677071125 0.6518255703125 0.7661449765625 0.64749311875 0.7557761828125 0.63822458125 0.744213578125 0.63019898125 0.7391655593750001 0.61251430625 0.7369597671875 0.60480835625 0.7397565328125 0.59536238125 0.7478286140625 0.58520621875 0.76246074375 0.5817261703125001 0.7730113734375 0.5803057953125 0.7861314703125
0 0.6120954734375 0.7002926859375 0.620121075 0.7053407078125 0.62746245625 0.7063912890624999 0.638226353125 0.7061407562500001 0.6492048484375 0.69942895625 0.6576209859375 0.6900721421875 0.6622941625000001 0.670420065625 0.66134468125 0.6471181515625 0.6520808203125 0.62607460625 0.6379827453125 0.6159331078125 0.6320168203125001 0.6134545625000001 0.6222511953125001 0.6136818609375 0.6107455453124999 0.6191844718749999 0.5987428078125 0.6364769890625 0.5956107640625 0.64597255625 0.596665609375 0.6718603390625 0.6006607109375001 0.6835456875 0.6120954734375 0.7002926859375
0 0.6252533765625 0.6069965640625 0.636581590625 0.6211286390625 0.63971575625 0.6216510703125 0.67202751875 0.6208990046875 0.6908428890625 0.6093960640625 0.69557275 0.6043292578125 0.694029771875 0.5664618359375 0.693967625 0.5661361078125 0.6831364984375 0.5402141281249999 0.6759276359374999 0.5312209890624999 0.659982984375 0.52373988125 0.648264234375 0.5240126375 0.6331719859375 0.537450953125 0.6267089734375 0.5467623078125 0.62138235 0.559973325 0.6229806015625 0.5991972390625 0.6252533765625 0.6069965640625
0 0.6815838203125 0.4529306375 0.6714276578125 0.46756276718749995 0.6645741093749999 0.49127895468749994 0.6651068609374999 0.5043535921875 0.6673796359375 0.512152915625 0.6790275 0.534129775 0.6910659 0.5417018 0.6935733046875 0.5421984281250001 0.7081937046875 0.541858134375 0.716349975 0.5384958984375 0.727749075 0.530378359375 0.7379052359375 0.5157462296875 0.7411721859375 0.4999657453125 0.740426334375 0.48166125 0.7381535593749999 0.47386192656250004 0.7246591203125 0.45454545625 0.7126207203125 0.4469734296875 0.6891832203125 0.44751894375 0.6815838203125 0.4529306375
0 0.6750903296875 0.816535490625 0.6890818546874999 0.8240620562500001 0.7048134046875 0.8263133078125 0.7144724796874999 0.8234710828124999 0.7220718796875001 0.8180593890625 0.7341811671875 0.8033818015625 0.737448115625 0.7876013140625 0.7365957140625 0.7666818937500001 0.7295642875 0.73805406875 0.71606985 0.7187375968749999 0.6999120984375 0.706026634375 0.6802742984375 0.7038663015625 0.6566593625 0.7240465015625001 0.6530727625 0.73198220625 0.6500189140625 0.7529925453125 0.6506582140625 0.7686821125 0.657369990625 0.789465153125 0.6750903296875 0.816535490625
0 0.6741418218749999 0.907058475 0.6853540640625 0.8909048343749999 0.68666084375 0.8845926421874999 0.6855740328125 0.8579203796874999 0.6814830374999999 0.8438815953125 0.6642954484375 0.8298858984375 0.6467173234375 0.830295034375 0.6391179234375 0.8357067265625 0.6275877734375 0.855001634375 0.62842214375 0.87547853125 0.6325131390625 0.8895173140624999 0.641888228125 0.9036948484374999 0.6481960015625 0.907662371875 0.6741418218749999 0.907058475
0 0.7059553078125 0.9359011781250001 0.7012215625 0.9228806953124999 0.6959658234375 0.913842096875 0.6683024234375 0.906633746875 0.6625495984375 0.9093850531250001 0.6431605625000001 0.93731911875 0.6422729390625 0.9635138546875 0.64897901875 0.9842792578124999 0.70126583125 0.98306226875 0.7071901046875 0.9662052859375001 0.7059553078125 0.9359011781250001
0 0.741046290625 0.9406779234375 0.7550021515625 0.9233399468749999 0.766969225 0.8811828875 0.7675604453125 0.8741021265625 0.76566918125 0.827687159375 0.755815975 0.8175745046875 0.721412578125 0.8183752515625 0.712707484375 0.8209367625 0.701308384375 0.8290543046875 0.6818127984375 0.8543734421875 0.6800727734375 0.85964875625 0.68763695 0.9013512203125 0.6899097265624999 0.90915054375 0.715549115625 0.93865396875 0.723178390625 0.9434527015624999 0.73762186875 0.9431165265624999 0.741046290625 0.9406779234375
0 0.7338819921875 0.686710546875 0.7545706484375 0.6862290125 0.75975529375 0.6837494390625001 0.7786472421874999 0.6676052796875 0.7868502796875 0.653018609375 0.7908958375 0.640753503125 0.788843859375 0.590394353125 0.78592655 0.5823701015625 0.7705855374999999 0.5657140187499999 0.751816215625 0.5611745734375 0.7496943046875 0.5612239625 0.7276167874999999 0.5667141265625 0.7125245375 0.5801524421875001 0.6987817765625 0.6027202734375 0.695514828125 0.618500759375 0.694414103125 0.6394656390625 0.6966868796875 0.6472649625 0.7011258796875001 0.6602486828125 0.7124540921875 0.6743807578125 0.72253936875 0.6819982437500001 0.7338819921875 0.686710546875
0 0.736690890625 0.78581018125 0.7434026671875 0.806593225 0.7497947921875 0.8195314843749999 0.7714213812499999 0.8465109015625 0.7781770390625 0.8498976640624999 0.8053390421875 0.8492654609375 0.81428358125 0.842895865625 0.82443974375 0.828263734375 0.826440771875 0.8221971234375 0.8238729125 0.759177365625 0.8235160140625 0.7576152281249999 0.8213497890625 0.75243083125 0.7997232000000001 0.725451415625 0.78377855 0.717970309375 0.766306975 0.720994371875 0.7567544500000001 0.726451525 0.7446451640625 0.7411291140625 0.7375785140625 0.7596154453125 0.736051590625 0.770120615625 0.736690890625 0.78581018125
0 0.8218905734374999 0.5474000953125 0.8270040968749999 0.5289592234375 0.826364796875 0.5132696578125 0.8219257953125 0.5002859374999999 0.8064782328125 0.4810149265625 0.80273790625 0.47866230156249995 0.782631971875 0.479130271875 0.7695819578124999 0.4871085125 0.7631189453125 0.4964198671875 0.758005421875 0.5148607390625 0.756691596875 0.530595765625 0.7589643734375 0.5383950875 0.7705056859375 0.55775701875 0.7822716125 0.5651576625 0.806239590625 0.5645998015625 0.8135809859375 0.5593718375 0.8218905734374999 0.5474000953125
0 1 0.533652534375 0.9449206671875 0.46735855624999995 0.932669165625 0.45455667499999997 0.922690440625 0.4495541171875 0.860723190625 0.464083459375 0.8492175421875 0.46958607187499996 0.8334151046875 0.48958443437500004 0.82851468125 0.5132551624999999 0.82642330625 0.5530884359375 0.8265538296875 0.556291721875 0.8455609374999999 0.643728790625 0.8562855140625001 0.6670358421875 0.8694603031250001 0.6785075296875 0.8766998984375001 0.680258459375 0.8834707312500001 0.6801008656249999 0.8948509281250001 0.67791655625 0.9960224500000001 0.6179787937500001 0.99982215 0.615272946875 1 0.614967721875 1 0.533652534375
0 1 0.5128586921875 0.9606919312500001 0.45259250624999997 0.95760241875 0.44873830468750003 0.94783679375 0.448965603125 0.9516017124999999 0.5653526140625 0.95664435 0.5691613578125 0.966516525 0.5715489859375 0.986047775 0.571094390625 1 0.5637397859375 1 0.5128586921875
0 1 0.6177004140625 0.9958195734374999 0.6177977140625 0.9823607984375 0.6233457859375 0.965315425 0.636829559375 0.9496195374999999 0.6594428515625 0.9443994640625 0.6752687953125001 0.9428725390625001 0.6857739656249999 0.9457846156249999 0.7092628546874999 0.9625816671875 0.7376633828125 0.9738033296875 0.7491805312500001 0.9875886796875 0.75431260625 1 0.7540237296875001 1 0.6177004140625
0 1 0.767697259375 0.9926483421875 0.767868371875 0.9868955171874999 0.770619678125 0.9803259546875 0.7773161046875 0.96793268125 0.8090134546875 0.9672581578124999 0.8404380453125 0.971803709375 0.8560366937499999 0.983558121875 0.880628478125 0.9896305984374999 0.8857219546874999 1 0.8904354624999999 1 0.767697259375
0 0.8682831953125 0.7635683640625001 0.8710887203125001 0.7844423265625 0.881919846875 0.8103643046875 0.8932480609375 0.82449638125 0.9112523859375001 0.8345469546875 0.9230776859375001 0.8368891265625 0.9442424109375 0.8285442890624999 0.9536883859374999 0.820472209375 0.9656911218750001 0.8031796921875 0.969277721875 0.7952439890624999 0.97185044375 0.7828168578125 0.970619790625 0.75261444375 0.96704016875 0.7403305078125 0.9628142687500001 0.73257664375 0.9474732546875 0.7159205609375 0.9255626796875 0.705960903125 0.9040783046875 0.7064609578125001 0.8963723546875 0.7092577234374999 0.8831266796874999 0.7200356515624999 0.8749236437500001 0.7346223203125 0.86970356875 0.7504482671875 0.8682831953125 0.7635683640625001
0 0.8037815015625001 0.6787145921875 0.7984548765625 0.6919256078125 0.797460703125 0.7155054171875 0.7999465781249999 0.7285345953125 0.8043855796875 0.741518315625 0.8115944421875 0.7505114546875 0.8236328437499999 0.7580834796875 0.82959876875 0.7605620296875 0.84522376875 0.7601983546875 0.8509765937499999 0.7574470468750001 0.8751951671875 0.72809186875 0.8797050531249999 0.7188259734375 0.8787461015625 0.6952916250000001 0.8719277765625 0.6718936531249999 0.8604930124999999 0.6551466515625 0.8485611625 0.6501895531249999 0.8368424125 0.6504623109375001 0.8139376625000001 0.6640824624999999 0.8037815015625001 0.6787145921875
0 0.85271005625 0.9475234 0.8659913937500001 0.961610015625 0.8828544484374999 0.9678878734374999 0.8928495468750001 0.9676552359375 0.90136074375 0.9660216 0.91460641875 0.955243671875 0.9267157046875001 0.9405660843750001 0.9339954546874999 0.9273096078125 0.9387588656249999 0.8918800921875001 0.937783265625 0.8679371625 0.9352379515625 0.8618454953124999 0.9238031875000001 0.8450984937499999 0.9077519875 0.8350024578124999 0.8804082375 0.8356388906250001 0.8670560125 0.8438018906250001 0.8477735265625 0.874350884375 0.842660003125 0.89279175625 0.841452728125 0.9111417093749999 0.8440451546875 0.926785815625 0.85271005625 0.9475234
0 1 0.9088579343750001 0.9837806703125 0.9092354421875 0.9651762156249999 0.9224840703125 0.9513269031249999 0.9424369734375 0.9445799046875001 0.9687680890625 0.94489955625 0.976612871875 0.9989749531250001 0.9761330125000001 1 0.9761091546875 1 0.9088579343750001
0 0.7714549468749999 0.9205019734375 0.780119846875 0.94123955625 0.7935077359375 0.9579411 0.8071500171875 0.96652195 0.8278567593749999 0.9660399953125 0.8309367609375 0.964922153125 0.8403827359375 0.956850071875 0.846739196875 0.9449237890625 0.8469691171875 0.9421701578125001 0.84503523125 0.8947092203125001 0.84439509375 0.887395378125 0.84006264375 0.8770265875 0.8328537812500001 0.8680334484375001 0.8247216312500001 0.8603705046875 0.8147429046875001 0.855367946875 0.7952116546875 0.8558225421874999 0.78381255625 0.86394008125 0.77734954375 0.8732514359374999 0.7703894453125 0.894352696875 0.7714549468749999 0.9205019734375
0 0.7831319828125001 0.949192125 0.7822228734375 0.9460723968750001 0.7333500234375 0.9461112578125 0.7268045984375 0.9486021906250001 0.727148359375 0.9570386781250001 0.7312641875 0.96688903125 0.7423977125000001 0.9789769500000001 0.7708987328125 0.9783135812499999 0.7816192359375 0.9552473734375001 0.7831852578125 0.9504995890625001 0.7831319828125001 0.949192125