0 0.6796875 0.8046875 0.08359375 0.1078125
0 0.16015625 0.3390625 0.1078125 0.13828125
0 0.653125 0.44140625 0.16953125 0.21640625
0 0.7140625 0.56015625 0.10546875 0.12578125
0 0.10078125 0.65234375 0.08046875 0.10859375
0 0.428125 0.62421875 0.07890625 0.1109375
0 0.2375 0.77734375 0.09921875 0.14296875
0 0.628125 0.634375 0.09609375 0.11484375
0 0.37421875 0.52734375 0.065625 0.0875
0 0.15546875 0.50546875 0.08046875 0.10703125
0 0.1015625 0.79375 0.10625 0.140625
0 0.4546875 0.36953125 0.07265625 0.09609375
0 0.3125 0.4046875 0.11953125 0.14765625
0 0.89609375 0.55234375 0.09375 0.11484375
0 0.271875 0.4796875 0.07734375 0.09609375
0 0.46640625 0.815625 0.05625 0.07578125
0 0.60546875 0.8484375 0.0625 0.08671875
0 0.78203125 0.65 0.0859375 0.1109375
0 0.2296875 0.575 0.084375 0.1078125
0 0.96953125 0.59609375 0.06015625 0.15625
0 0.34921875 0.64140625 0.07109375 0.090625
0 0.70859375 0.6828125 0.08359375 0.11171875
0 0.8609375 0.41484375 0.13203125 0.175
0 0.07109375 0.56328125 0.059375 0.0796875
0 0.31953125 0.73046875 0.06640625 0.090625
0 0.20390625 0.4328125 0.0625 0.078125
0 0.0265625 0.5234375 0.05234375 0.12265625
0 0.48125 0.49921875 0.08671875 0.1140625
0 0.0203125 0.6453125 0.040625 0.109375
0 0.8203125 0.7390625 0.07734375 0.10546875
0 0.309375 0.5625 0.0734375 0.103125
0 0.75859375 0.78359375 0.07265625 0.09921875
0 0.19921875 0.66484375 0.08359375 0.1140625
0 0.50859375 0.6359375 0.08203125 0.11953125
0 0.56484375 0.56953125 0.0765625 0.0984375
0 0.3234375 0.8140625 0.0625 0.084375
0 0.59609375 0.73671875 0.0875 0.11484375
0 0.446875 0.72421875 0.08125 0.11171875
0 0.93125 0.70625 0.1015625 0.13515625
0 0.403125 0.78125 0.059375 0.075
0 0.0640625 0.4609375 0.09609375 0.1140625
0 0.98046875 0.759375 0.03828125 0.109375
0 0.52109375 0.75234375 0.06953125 0.10078125
0 0.521875 0.815625 0.0421875 0.040625
0 0.89296875 0.81171875 0.090625 0.1046875
0 0.9765625 0.4609375 0.04609375 0.10390625
0 0.4046875 0.45 0.07734375 0.0921875
0 0.5328125 0.40390625 0.06796875 0.0859375
0 0.028125 0.73515625 0.05625 0.0859375
0 0.275 0.65625 0.05859375 0.0796875
0 0.74921875 0.3890625 0.0953125 0.11796875
0 0.38515625 0.715625 0.0546875 0.07109375
0 0.0421875 0.8375 0.05546875 0.08671875
0 0.015625 0.3796875 0.03125 0.13125
0 0.00546875 0.80234375 0.0109375 0.059375
0 0.99140625 0.85 0.01640625 0.071875
0 0.17578125 0.5859375 0.03125 0.05234375