0 0.1923828125 0.7478693187500001 0.2099609375 0.7478693187500001 0.220703125 0.7361021437499999 0.224609375 0.7256424328125 0.224609375 0.69949315625 0.2119140625 0.6824961265625 0.2060546875 0.6798811984375 0.1845703125 0.6798811984375 0.1787109375 0.6824961265625 0.1728515625 0.6877259812500001 0.1640625 0.702108084375 0.162109375 0.715182721875 0.169921875 0.7361021437499999 0.1845703125 0.745254390625 0.1923828125 0.7478693187500001
0 0.4345703125 0.7164901859375 0.4375 0.71256779375 0.439453125 0.702108084375 0.44140625 0.6654990953125 0.4365234375 0.6537319218750001 0.4296875 0.660269240625 0.427734375 0.6707289515625 0.427734375 0.702108084375 0.4296875 0.71256779375 0.4345703125 0.7164901859375
0 0.2294921875 0.5700542359375 0.2470703125 0.5700542359375 0.2548828125 0.5674393078125 0.2685546875 0.556979596875 0.279296875 0.5399825671875 0.28125 0.5321377843749999 0.28125 0.51644821875 0.2734375 0.49291386875 0.2626953125 0.4785317671875 0.2529296875 0.4706869828125 0.2353515625 0.46807205625000003 0.2197265625 0.4706869828125 0.2119140625 0.4785317671875 0.201171875 0.49552879687500007 0.19921875 0.508603434375 0.20703125 0.5373676390625 0.220703125 0.563516915625 0.2294921875 0.5700542359375
0 0.2998046875 0.49160640468750005 0.3056640625 0.48899147656249997 0.31640625 0.474609375 0.31640625 0.45368995312499993 0.3076171875 0.43930785156249996 0.2998046875 0.4366929234375 0.2880859375 0.43930785156249996 0.279296875 0.44846009843749995 0.27734375 0.45630488125 0.27734375 0.471994446875 0.2841796875 0.483761621875 0.2998046875 0.49160640468750005
0 0.3076171875 0.5465198859375 0.3212890625 0.5465198859375 0.333984375 0.5321377843749999 0.3359375 0.526907928125 0.3359375 0.5138332906249999 0.333984375 0.5059885078125 0.330078125 0.4981437234375 0.3212890625 0.48899147656249997 0.3095703125 0.48899147656249997 0.2978515625 0.49422133281249997 0.294921875 0.4981437234375 0.29296875 0.5033735796875 0.29296875 0.5295228562500001 0.2998046875 0.54129003125 0.3076171875 0.5465198859375
0 0.3564453125 0.54129003125 0.3681640625 0.54129003125 0.3798828125 0.536060175 0.384765625 0.5295228562500001 0.392578125 0.5112183625 0.392578125 0.4798392296875 0.3837890625 0.4628422 0.3701171875 0.45499741718750003 0.3525390625 0.45761234531249995 0.3359375 0.4798392296875 0.33203125 0.4981437234375 0.33984375 0.526907928125 0.3486328125 0.538675103125 0.3564453125 0.54129003125
0 0.3466796875 0.44453770625000005 0.3544921875 0.44976756250000005 0.3876953125 0.4628422 0.3935546875 0.4628422 0.3984375 0.45891980937500004 0.41015625 0.43015560468749997 0.41015625 0.41185111093750004 0.3935546875 0.38700929687499996 0.3759765625 0.368704803125 0.3603515625 0.368704803125 0.341796875 0.385701834375 0.3359375 0.4092361828125 0.3359375 0.422310821875 0.33984375 0.43538545937500006 0.3466796875 0.44453770625000005
0 0.4267578125 0.5491348140625 0.4306640625 0.5465198859375 0.4375 0.5347527125 0.4375 0.5138332906249999 0.435546875 0.508603434375 0.4267578125 0.49945118749999995 0.4208984375 0.4968362609375 0.410317878125 0.5013960640625 0.40345861875000005 0.51057713125 0.400457725 0.527217765625 0.40388733437499996 0.535825 0.4130859375 0.5491348140625 0.4267578125 0.5491348140625
0 0.4150390625 0.4968362609375 0.4306640625 0.49945118749999995 0.4404296875 0.49422133281249997 0.447265625 0.4850690859375 0.451171875 0.474609375 0.451171875 0.45891980937500004 0.44921875 0.45368995312499993 0.4306640625 0.43146306875 0.4228515625 0.428848140625 0.4130859375 0.43146306875 0.404296875 0.44846009843749995 0.400390625 0.45891980937500004 0.400390625 0.471994446875 0.404296875 0.4850690859375 0.4150390625 0.4968362609375
0 0.3857421875 0.37131973125 0.3935546875 0.3765495875 0.4072265625 0.37393465937500003 0.416015625 0.35955255625000004 0.416015625 0.34647791875 0.412109375 0.33078835156249997 0.4072265625 0.3242510328125 0.4013671875 0.3216361046875 0.3896484375 0.3216361046875 0.3828125 0.328173425 0.37890625 0.3412480625 0.37890625 0.35955255625000004 0.380859375 0.3647824125 0.3857421875 0.37131973125
0 0.4306640625 0.4210033578125 0.439453125 0.4066212546875 0.439453125 0.3935466171875 0.435546875 0.38308690625 0.4267578125 0.37131973125 0.4228515625 0.368704803125 0.4111328125 0.368704803125 0.400390625 0.380471978125 0.3984375 0.3909316890625 0.4130859375 0.4262332125 0.4208984375 0.4262332125 0.4306640625 0.4210033578125
0 0.4638671875 0.4523824890625 0.470703125 0.44323024218749996 0.47265625 0.43538545937500006 0.47265625 0.41969589375 0.4677734375 0.410543646875 0.4599609375 0.405313790625 0.4462890625 0.405313790625 0.4423828125 0.40792871875000003 0.4375 0.4144660375 0.4375 0.43538545937500006 0.4501953125 0.45499741718750003 0.4638671875 0.4523824890625
0 0.4677734375 0.55436466875 0.4736328125 0.5517497421875001 0.482421875 0.5399825671875 0.486328125 0.526907928125 0.486328125 0.508603434375 0.482421875 0.4981437234375 0.4716796875 0.48899147656249997 0.4619140625 0.48899147656249997 0.4443359375 0.5072959703125 0.44140625 0.5138332906249999 0.439453125 0.5373676390625 0.443359375 0.54782735 0.4501953125 0.55436466875 0.4677734375 0.55436466875
0 0.5068359375 0.502066115625 0.5146484375 0.4968362609375 0.525390625 0.4798392296875 0.52734375 0.4667645921875 0.525390625 0.45630488125 0.5234375 0.4510750265625 0.5087890625 0.43407799531249996 0.5029296875 0.43146306875 0.4873046875 0.43146306875 0.48046875 0.440615315625 0.474609375 0.45368995312499993 0.470703125 0.4641496640625 0.470703125 0.4824541578125 0.4892578125 0.502066115625 0.5068359375 0.502066115625
0 0.5087890625 0.5465198859375 0.5205078125 0.5465198859375 0.53125 0.5321377843749999 0.533203125 0.5190631453125001 0.529296875 0.5059885078125 0.5224609375 0.49945118749999995 0.5126953125 0.49945118749999995 0.50390625 0.508603434375 0.501953125 0.5138332906249999 0.501953125 0.5321377843749999 0.50390625 0.5399825671875 0.5087890625 0.5465198859375
0 0.4580078125 0.405313790625 0.4677734375 0.4000839359375 0.470703125 0.39616154375 0.47265625 0.3883167609375 0.47265625 0.37524212343749996 0.4619140625 0.35824509375 0.4580078125 0.355630165625 0.4462890625 0.355630165625 0.4375 0.362167484375 0.435546875 0.380471978125 0.44140625 0.40139139999999995 0.4443359375 0.405313790625 0.4580078125 0.405313790625
0 0.4521484375 0.34517045468749996 0.4609375 0.33601820781249997 0.462890625 0.33078835156249997 0.462890625 0.3203286421875 0.4580078125 0.3111763953125 0.4541015625 0.3085614671875 0.4443359375 0.3085614671875 0.4375 0.3124838578125 0.435546875 0.32294356875 0.4365234375 0.337325671875 0.4443359375 0.34517045468749996 0.4521484375 0.34517045468749996
0 0.4814453125 0.3791645140625 0.5048828125 0.3791645140625 0.5146484375 0.37393465937500003 0.521484375 0.3647824125 0.525390625 0.3490928453125 0.525390625 0.33601820781249997 0.521484375 0.325558496875 0.5126953125 0.31379132187500003 0.5048828125 0.3085614671875 0.4931640625 0.3033316109375 0.4833984375 0.3033316109375 0.4794921875 0.30594653906249997 0.466796875 0.32294356875 0.466796875 0.3543227015625 0.470703125 0.3647824125 0.4814453125 0.3791645140625
0 0.5048828125 0.428848140625 0.513671875 0.41969589375 0.515625 0.39616154375 0.5068359375 0.3817794421875 0.5029296875 0.3791645140625 0.4912109375 0.3791645140625 0.482421875 0.385701834375 0.478515625 0.4092361828125 0.4794921875 0.423618284375 0.4873046875 0.428848140625 0.5048828125 0.428848140625
0 0.5478515625 0.556979596875 0.5576171875 0.556979596875 0.5615234375 0.55436466875 0.56640625 0.545212421875 0.56640625 0.5295228562500001 0.564453125 0.5242930015625 0.5595703125 0.520370609375 0.5458984375 0.520370609375 0.541015625 0.526907928125 0.541015625 0.545212421875 0.54296875 0.550442278125 0.5478515625 0.556979596875
0 0.5478515625 0.5177556812499999 0.5576171875 0.5177556812499999 0.5634765625 0.5151407546875 0.5703125 0.5059885078125 0.572265625 0.4876840140625 0.5654296875 0.4706869828125 0.5595703125 0.465457128125 0.5478515625 0.465457128125 0.5380859375 0.4706869828125 0.53515625 0.474609375 0.533203125 0.4798392296875 0.533203125 0.49552879687500007 0.5439453125 0.5151407546875 0.5478515625 0.5177556812499999
0 0.5849609375 0.5517497421875001 0.6005859375 0.556979596875 0.6142578125 0.5491348140625 0.619140625 0.5425974953125 0.623046875 0.5321377843749999 0.623046875 0.51644821875 0.6171875 0.5007586515625 0.6103515625 0.49160640468750005 0.6005859375 0.48637655 0.5888671875 0.48637655 0.5751953125 0.49160640468750005 0.572265625 0.4981437234375 0.56640625 0.526907928125 0.5703125 0.5373676390625 0.5751953125 0.543904959375 0.5849609375 0.5517497421875001
0 0.5869140625 0.4733019109375 0.595703125 0.4615347359375 0.59765625 0.4510750265625 0.595703125 0.4380003875 0.5888671875 0.428848140625 0.5830078125 0.4262332125 0.5693359375 0.4262332125 0.564453125 0.43277053125 0.5625 0.4641496640625 0.5693359375 0.4733019109375 0.5810546875 0.4759168390625 0.5869140625 0.4733019109375
0 0.5537109375 0.4628422 0.5625 0.45368995312499993 0.5625 0.43015560468749997 0.5556640625 0.4210033578125 0.5419921875 0.4183884296875 0.533203125 0.43015560468749997 0.53125 0.43538545937500006 0.53125 0.45368995312499993 0.5361328125 0.4628422 0.5537109375 0.4628422
0 0.5419921875 0.41315857500000003 0.5537109375 0.4210033578125 0.5634765625 0.4210033578125 0.57421875 0.4092361828125 0.58203125 0.385701834375 0.58203125 0.37524212343749996 0.576171875 0.3569376296875 0.5693359375 0.34517045468749996 0.5615234375 0.3399405984375 0.5576171875 0.3399405984375 0.5400390625 0.34778538281250004 0.53515625 0.3543227015625 0.53125 0.3647824125 0.529296875 0.3726271953125 0.529296875 0.385701834375 0.533203125 0.40139139999999995 0.5419921875 0.41315857500000003
0 0.5439453125 0.34517045468749996 0.5517578125 0.3399405984375 0.5576171875 0.33471074375 0.5625 0.325558496875 0.55859375 0.30986893125 0.5517578125 0.3033316109375 0.5400390625 0.3033316109375 0.533203125 0.30986893125 0.53125 0.31509878593749996 0.53125 0.33601820781249997 0.5400390625 0.34517045468749996 0.5439453125 0.34517045468749996
0 0.5986328125 0.3843943703125 0.6123046875 0.389624225 0.6220703125 0.3843943703125 0.62890625 0.37524212343749996 0.62890625 0.3569376296875 0.625 0.3203286421875 0.6181640625 0.3111763953125 0.5947265625 0.3111763953125 0.576171875 0.3334032796875 0.57421875 0.3517077734375 0.578125 0.3647824125 0.5869140625 0.3765495875 0.5986328125 0.3843943703125
0 0.5869140625 0.31379132187500003 0.595703125 0.30202414843750003 0.59765625 0.29679429218750003 0.59765625 0.2758748703125 0.591796875 0.2601853046875 0.5830078125 0.2510330578125 0.5791015625 0.24841812968750002 0.5654296875 0.2510330578125 0.556640625 0.2601853046875 0.5546875 0.2680300875 0.552734375 0.29679429218750003 0.5673828125 0.31902117812499997 0.5771484375 0.31902117812499997 0.5869140625 0.31379132187500003
0 0.5927734375 0.43407799531249996 0.6005859375 0.43407799531249996 0.6103515625 0.428848140625 0.619140625 0.41969589375 0.62109375 0.41185111093750004 0.6171875 0.40139139999999995 0.6064453125 0.38700929687499996 0.6005859375 0.3843943703125 0.5869140625 0.3843943703125 0.58203125 0.3883167609375 0.57421875 0.4092361828125 0.576171875 0.41969589375 0.5810546875 0.4262332125 0.5927734375 0.43407799531249996
0 0.6064453125 0.48637655 0.6103515625 0.48899147656249997 0.6298828125 0.48899147656249997 0.642578125 0.474609375 0.646484375 0.4641496640625 0.646484375 0.44584517031250004 0.64453125 0.4380003875 0.6357421875 0.4262332125 0.6240234375 0.4210033578125 0.6181640625 0.4210033578125 0.6015625 0.4380003875 0.59765625 0.44584517031250004 0.59765625 0.4667645921875 0.6015625 0.4798392296875 0.6064453125 0.48637655
0 0.6533203125 0.559594525 0.6650390625 0.55436466875 0.673828125 0.5425974953125 0.6796875 0.5242930015625 0.6796875 0.508603434375 0.677734375 0.5007586515625 0.673828125 0.49029894062499996 0.6630859375 0.4785317671875 0.6494140625 0.4785317671875 0.6328125 0.508603434375 0.630859375 0.51644821875 0.630859375 0.5399825671875 0.6416015625 0.55436466875 0.6533203125 0.559594525
0 0.6435546875 0.423618284375 0.650390625 0.4144660375 0.65625 0.40139139999999995 0.65625 0.3935466171875 0.6455078125 0.3765495875 0.6298828125 0.3765495875 0.619140625 0.3909316890625 0.6171875 0.40139139999999995 0.62109375 0.4144660375 0.6298828125 0.423618284375 0.6435546875 0.423618284375
0 0.6318359375 0.3425555265625 0.6435546875 0.34517045468749996 0.6494140625 0.34517045468749996 0.6552734375 0.3399405984375 0.6640625 0.32294356875 0.6640625 0.3124838578125 0.65625 0.2837196546875 0.6494140625 0.27456740625 0.6396484375 0.27456740625 0.6328125 0.2837196546875 0.626953125 0.29679429218750003 0.625 0.304639075 0.625 0.3203286421875 0.62890625 0.3386331359375 0.6318359375 0.3425555265625
0 0.6357421875 0.2719524796875 0.6513671875 0.2719524796875 0.6572265625 0.2693375515625 0.666015625 0.2601853046875 0.669921875 0.24972559374999997 0.671875 0.228806171875 0.66796875 0.2183464625 0.6591796875 0.20657928750000001 0.6533203125 0.20396435937500002 0.6376953125 0.20396435937500002 0.6279296875 0.209194215625 0.625 0.21311660625 0.62109375 0.22619124531249998 0.62109375 0.252340521875 0.6279296875 0.264107696875 0.6357421875 0.2719524796875
0 0.7001953125 0.559594525 0.7138671875 0.559594525 0.7216796875 0.55436466875 0.7265625 0.5399825671875 0.7265625 0.5216780734375 0.724609375 0.51644821875 0.7158203125 0.50468104375 0.7080078125 0.49945118749999995 0.7041015625 0.49945118749999995 0.6962890625 0.50468104375 0.69140625 0.5112183625 0.689453125 0.5216780734375 0.689453125 0.545212421875 0.69140625 0.550442278125 0.7001953125 0.559594525
0 0.6865234375 0.502066115625 0.7001953125 0.502066115625 0.7109375 0.49029894062499996 0.7109375 0.4667645921875 0.7041015625 0.45761234531249995 0.6943359375 0.45499741718750003 0.68359375 0.4641496640625 0.6796875 0.474609375 0.6796875 0.4850690859375 0.681640625 0.49552879687500007 0.6865234375 0.502066115625
0 0.6728515625 0.4628422 0.685546875 0.44846009843749995 0.6875 0.440615315625 0.6875 0.43015560468749997 0.685546875 0.4249257484375 0.6787109375 0.4157735015625 0.6689453125 0.410543646875 0.6611328125 0.410543646875 0.646484375 0.4275406765625 0.64453125 0.4380003875 0.6484375 0.45891980937500004 0.6533203125 0.4628422 0.6728515625 0.4628422
0 0.6748046875 0.39485408125 0.6787109375 0.392239153125 0.693359375 0.3700122671875 0.693359375 0.3569376296875 0.69140625 0.3490928453125 0.6826171875 0.33471074375 0.6787109375 0.332095815625 0.6650390625 0.332095815625 0.6611328125 0.33471074375 0.646484375 0.3543227015625 0.6484375 0.37785704999999997 0.6591796875 0.39485408125 0.6748046875 0.39485408125
0 0.6689453125 0.31902117812499997 0.6767578125 0.3216361046875 0.6904296875 0.3216361046875 0.697265625 0.3124838578125 0.705078125 0.2915644375 0.705078125 0.2784897984375 0.697265625 0.2628002328125 0.6884765625 0.2536479859375 0.6767578125 0.2536479859375 0.6591796875 0.2693375515625 0.65625 0.27325994374999996 0.65625 0.2811047265625 0.666015625 0.31509878593749996 0.6689453125 0.31902117812499997
0 0.7314453125 0.295486828125 0.744140625 0.2811047265625 0.74609375 0.265415159375 0.7412109375 0.2510330578125 0.7314453125 0.245803203125 0.7216796875 0.24841812968750002 0.71484375 0.25757037656250004 0.712890625 0.2628002328125 0.712890625 0.2837196546875 0.7216796875 0.295486828125 0.7314453125 0.295486828125
0 0.7880859375 0.32686596093750003 0.791015625 0.32294356875 0.794921875 0.2915644375 0.7841796875 0.27456740625 0.7783203125 0.2719524796875 0.7705078125 0.27456740625 0.7666015625 0.277182334375 0.7578125 0.2915644375 0.755859375 0.29679429218750003 0.755859375 0.307254003125 0.7724609375 0.32686596093750003 0.7880859375 0.32686596093750003
0 0.7548828125 0.3634749484375 0.7646484375 0.35824509375 0.771484375 0.3490928453125 0.7734375 0.3386331359375 0.771484375 0.32294356875 0.7646484375 0.31379132187500003 0.7587890625 0.3111763953125 0.7470703125 0.3111763953125 0.744140625 0.31771371406250004 0.740234375 0.3334032796875 0.740234375 0.34647791875 0.7421875 0.3517077734375 0.7548828125 0.3634749484375
0 0.6982421875 0.36608987656249997 0.7138671875 0.36608987656249997 0.7236328125 0.3608600203125 0.728515625 0.3543227015625 0.734375 0.33601820781249997 0.732421875 0.31771371406250004 0.7236328125 0.30594653906249997 0.7138671875 0.3033316109375 0.7021484375 0.30594653906249997 0.697265625 0.3124838578125 0.685546875 0.33078835156249997 0.685546875 0.33601820781249997 0.693359375 0.35955255625000004 0.6982421875 0.36608987656249997
0 0.6982421875 0.428848140625 0.7158203125 0.4262332125 0.720703125 0.41185111093750004 0.720703125 0.3883167609375 0.71875 0.38308690625 0.7080078125 0.37131973125 0.6962890625 0.37131973125 0.689453125 0.37785704999999997 0.685546875 0.385701834375 0.685546875 0.4066212546875 0.689453125 0.422310821875 0.6982421875 0.428848140625
0 0.7216796875 0.4628422 0.7265625 0.45630488125 0.728515625 0.44584517031250004 0.7265625 0.4380003875 0.7216796875 0.43146306875 0.7138671875 0.428848140625 0.70703125 0.4380003875 0.705078125 0.45891980937500004 0.7080078125 0.4628422 0.7158203125 0.465457128125 0.7216796875 0.4628422
0 0.7412109375 0.5177556812499999 0.7490234375 0.5125258265625 0.7578125 0.4981437234375 0.76171875 0.477224303125 0.755859375 0.45891980937500004 0.7490234375 0.44715263437499997 0.7353515625 0.44453770625000005 0.7314453125 0.44453770625000005 0.712890625 0.4693795203125 0.7109375 0.474609375 0.708984375 0.49552879687500007 0.7109375 0.5007586515625 0.7275390625 0.5177556812499999 0.7412109375 0.5177556812499999
0 0.7587890625 0.5700542359375 0.7685546875 0.562209453125 0.7734375 0.55305720625 0.7734375 0.5399825671875 0.771484375 0.5347527125 0.7587890625 0.5229855375 0.7548828125 0.5229855375 0.7451171875 0.5308303203125 0.740234375 0.5399825671875 0.73828125 0.545212421875 0.73828125 0.5582870609375 0.7490234375 0.5700542359375 0.7587890625 0.5700542359375
0 0.7724609375 0.5334452484375001 0.7841796875 0.5334452484375001 0.7939453125 0.525600465625 0.798828125 0.5190631453125001 0.8046875 0.5007586515625 0.8046875 0.4876840140625 0.802734375 0.4798392296875 0.7958984375 0.4706869828125 0.7802734375 0.4706869828125 0.7685546875 0.4785317671875 0.763671875 0.49291386875 0.76171875 0.5033735796875 0.76171875 0.5190631453125001 0.763671875 0.5242930015625 0.7724609375 0.5334452484375001
0 0.78515625 0.4641496640625 0.787109375 0.45630488125 0.78515625 0.44323024218749996 0.7802734375 0.4366929234375 0.7666015625 0.43930785156249996 0.76171875 0.4510750265625 0.759765625 0.4641496640625 0.7666015625 0.4759168390625 0.7783203125 0.4733019109375 0.78515625 0.4641496640625
0 0.7998046875 0.580513946875 0.8095703125 0.580513946875 0.822265625 0.56613184375 0.82421875 0.5582870609375 0.82421875 0.545212421875 0.8203125 0.5321377843749999 0.8154296875 0.525600465625 0.8095703125 0.5229855375 0.7998046875 0.5229855375 0.796875 0.526907928125 0.7890625 0.54782735 0.7890625 0.5582870609375 0.7958984375 0.5778990187499999 0.7998046875 0.580513946875
0 0.755859375 0.43277053125 0.755859375 0.41969589375 0.7490234375 0.405313790625 0.7353515625 0.405313790625 0.73046875 0.4144660375 0.728515625 0.4380003875 0.7333984375 0.44453770625000005 0.7470703125 0.44453770625000005 0.755859375 0.43277053125
0 0.7353515625 0.3974690078125 0.7490234375 0.39485408125 0.75390625 0.385701834375 0.755859375 0.37524212343749996 0.75390625 0.3647824125 0.7451171875 0.355630165625 0.734375 0.3569376296875 0.73046875 0.3700122671875 0.73046875 0.3883167609375 0.732421875 0.3935466171875 0.7353515625 0.3974690078125
0 0.7822265625 0.43407799531249996 0.796875 0.417080965625 0.798828125 0.4092361828125 0.798828125 0.3935466171875 0.796875 0.385701834375 0.791015625 0.37524212343749996 0.7822265625 0.36608987656249997 0.76953125 0.37524212343749996 0.763671875 0.3883167609375 0.759765625 0.4066212546875 0.7578125 0.422310821875 0.7646484375 0.43407799531249996 0.7724609375 0.4366929234375 0.7822265625 0.43407799531249996
0 0.8193359375 0.5282153921875 0.8251953125 0.5282153921875 0.8330078125 0.5229855375 0.841796875 0.5112183625 0.845703125 0.5007586515625 0.845703125 0.4850690859375 0.84375 0.4798392296875 0.8369140625 0.4706869828125 0.8271484375 0.465457128125 0.8173828125 0.465457128125 0.8076171875 0.4706869828125 0.802734375 0.477224303125 0.802734375 0.5138332906249999 0.8076171875 0.520370609375 0.8193359375 0.5282153921875
0 0.8544921875 0.5857438015625 0.8603515625 0.5831288734375 0.869140625 0.5713617 0.87109375 0.56613184375 0.87109375 0.5399825671875 0.8603515625 0.5229855375 0.8564453125 0.520370609375 0.8408203125 0.5229855375 0.8359375 0.5295228562500001 0.83203125 0.5399825671875 0.830078125 0.5556721328124999 0.83203125 0.5739766265624999 0.8408203125 0.5857438015625 0.8544921875 0.5857438015625
0 0.8857421875 0.5935885843750001 0.9033203125 0.5935885843750001 0.9072265625 0.59097365625 0.9140625 0.581821409375 0.919921875 0.568746771875 0.919921875 0.54782735 0.91796875 0.5399825671875 0.9052734375 0.520370609375 0.8955078125 0.520370609375 0.87890625 0.54782735 0.876953125 0.5556721328124999 0.876953125 0.5765915546875 0.87890625 0.5844363375 0.8857421875 0.5935885843750001
0 0.8662109375 0.5229855375 0.8837890625 0.5229855375 0.8896484375 0.5177556812499999 0.896484375 0.5007586515625 0.896484375 0.4824541578125 0.89453125 0.477224303125 0.8759765625 0.45499741718750003 0.8681640625 0.45761234531249995 0.857421875 0.4693795203125 0.853515625 0.477224303125 0.853515625 0.4981437234375 0.859375 0.51644821875 0.8662109375 0.5229855375
0 0.8466796875 0.465457128125 0.8603515625 0.4628422 0.875 0.44584517031250004 0.87890625 0.43015560468749997 0.876953125 0.4092361828125 0.873046875 0.398776471875 0.8623046875 0.38700929687499996 0.8583984375 0.3843943703125 0.8486328125 0.3843943703125 0.8388671875 0.389624225 0.828125 0.40139139999999995 0.826171875 0.4092361828125 0.828125 0.4380003875 0.8408203125 0.4628422 0.8466796875 0.465457128125
0 0.8076171875 0.46807205625000003 0.818359375 0.45630488125 0.8203125 0.4380003875 0.8134765625 0.4262332125 0.8037109375 0.4210033578125 0.7978515625 0.4210033578125 0.78515625 0.4380003875 0.787109375 0.45891980937500004 0.7958984375 0.46807205625000003 0.8076171875 0.46807205625000003
0 0.8193359375 0.4183884296875 0.826171875 0.4092361828125 0.828125 0.40139139999999995 0.828125 0.3883167609375 0.82421875 0.380471978125 0.8212890625 0.3765495875 0.8095703125 0.3765495875 0.80078125 0.38308690625 0.798828125 0.3883167609375 0.798828125 0.4144660375 0.8095703125 0.4210033578125 0.8193359375 0.4183884296875
0 0.8017578125 0.3765495875 0.8134765625 0.37393465937500003 0.8203125 0.3647824125 0.822265625 0.3569376296875 0.822265625 0.3412480625 0.8203125 0.33601820781249997 0.8134765625 0.32686596093750003 0.8037109375 0.32686596093750003 0.794921875 0.33601820781249997 0.791015625 0.34386299062500003 0.791015625 0.3569376296875 0.794921875 0.3726271953125 0.8017578125 0.3765495875
0 0.8427734375 0.38700929687499996 0.8525390625 0.3817794421875 0.859375 0.3726271953125 0.861328125 0.3647824125 0.86328125 0.3543227015625 0.861328125 0.3412480625 0.8544921875 0.332095815625 0.8466796875 0.32686596093750003 0.8349609375 0.32686596093750003 0.8232421875 0.332095815625 0.822265625 0.3726271953125 0.826171875 0.380471978125 0.8310546875 0.38700929687499996 0.8427734375 0.38700929687499996
0 0.8623046875 0.3294808890625 0.87890625 0.30202414843750003 0.876953125 0.2811047265625 0.8681640625 0.2719524796875 0.8525390625 0.27456740625 0.8447265625 0.282412190625 0.83984375 0.2915644375 0.837890625 0.30202414843750003 0.84375 0.32294356875 0.8544921875 0.3294808890625 0.8623046875 0.3294808890625
0 0.8876953125 0.34778538281250004 0.892578125 0.3412480625 0.896484375 0.33078835156249997 0.896484375 0.325558496875 0.892578125 0.31509878593749996 0.8857421875 0.3085614671875 0.8779296875 0.3085614671875 0.87109375 0.31771371406250004 0.865234375 0.328173425 0.865234375 0.3334032796875 0.8779296875 0.34778538281250004 0.8876953125 0.34778538281250004
0 0.890625 0.385701834375 0.892578125 0.37785704999999997 0.890625 0.35955255625000004 0.8818359375 0.350400309375 0.8759765625 0.350400309375 0.868698790625 0.35875038593749997 0.86328125 0.3726271953125 0.861328125 0.38308690625 0.8740234375 0.4000839359375 0.8798828125 0.4000839359375 0.890625 0.385701834375
0 0.8955078125 0.4733019109375 0.9150390625 0.4759168390625 0.9208984375 0.4733019109375 0.9345703125 0.46022727343750003 0.94140625 0.44846009843749995 0.9453125 0.4275406765625 0.9453125 0.4144660375 0.9375 0.3935466171875 0.9287109375 0.3817794421875 0.9248046875 0.3791645140625 0.9013671875 0.3791645140625 0.8916015625 0.3843943703125 0.87890625 0.40139139999999995 0.876953125 0.4066212546875 0.876953125 0.4510750265625 0.8916015625 0.4706869828125 0.8955078125 0.4733019109375
0 0.9287109375 0.5334452484375001 0.9365234375 0.5334452484375001 0.9404296875 0.5308303203125 0.955078125 0.5059885078125 0.955078125 0.49291386875 0.94921875 0.477224303125 0.9404296875 0.46807205625000003 0.9306640625 0.4733019109375 0.9228515625 0.48114669374999997 0.91796875 0.49029894062499996 0.9140625 0.5007586515625 0.9140625 0.5112183625 0.916015625 0.5190631453125001 0.9287109375 0.5334452484375001
0 0.9501953125 0.6014333671875 0.9560546875 0.6040482953125 0.9716796875 0.6040482953125 0.9775390625 0.6014333671875 0.984375 0.5948960484375 0.9921875 0.5765915546875 0.9921875 0.5425974953125 0.9794921875 0.5282153921875 0.9638671875 0.5177556812499999 0.9541015625 0.5151407546875 0.9482421875 0.520370609375 0.93359375 0.545212421875 0.931640625 0.563516915625 0.935546875 0.5792064828125 0.943359375 0.5948960484375 0.9501953125 0.6014333671875
0 1 0.4798392296875 0.9990234375 0.4785317671875 0.9814453125 0.48899147656249997 0.970703125 0.5007586515625 0.96875 0.5059885078125 0.97265625 0.5190631453125001 0.9892578125 0.538675103125 0.9970703125 0.54129003125 1 0.5373676390625 1 0.4798392296875
0 1 0.41969589375 0.9970703125 0.4157735015625 0.9931640625 0.41315857500000003 0.9677734375 0.41315857500000003 0.9541015625 0.4262332125 0.951171875 0.43538545937500006 0.94921875 0.4693795203125 0.951171875 0.477224303125 0.9599609375 0.48899147656249997 0.9814453125 0.48899147656249997 0.9951171875 0.48114669374999997 1 0.474609375 1 0.41969589375
0 0.9736328125 0.410543646875 0.984375 0.39616154375 0.98828125 0.385701834375 0.986328125 0.367397340625 0.982421875 0.3569376296875 0.9736328125 0.34517045468749996 0.9677734375 0.34517045468749996 0.9619140625 0.34778538281250004 0.953125 0.362167484375 0.947265625 0.37785704999999997 0.947265625 0.3935466171875 0.9638671875 0.41315857500000003 0.9736328125 0.410543646875
0 0.9091796875 0.3791645140625 0.9208984375 0.3765495875 0.9296875 0.362167484375 0.9296875 0.34386299062500003 0.923828125 0.328173425 0.9150390625 0.3216361046875 0.9052734375 0.3216361046875 0.9013671875 0.3242510328125 0.890625 0.34386299062500003 0.888671875 0.3543227015625 0.892578125 0.3647824125 0.9033203125 0.3765495875 0.9091796875 0.3791645140625
0 0.9501953125 0.33471074375 0.95703125 0.32294356875 0.95703125 0.29679429218750003 0.955078125 0.2915644375 0.9482421875 0.282412190625 0.9326171875 0.282412190625 0.9287109375 0.28502711718749996 0.923828125 0.2941793640625 0.921875 0.30986893125 0.9296875 0.3386331359375 0.9423828125 0.3399405984375 0.9501953125 0.33471074375
0 0.9853515625 0.3399405984375 0.9912109375 0.3399405984375 0.9990234375 0.33471074375 1 0.270645015625 0.9931640625 0.264107696875 0.9873046875 0.264107696875 0.98046875 0.270645015625 0.97265625 0.28894950937499997 0.96875 0.307254003125 0.96875 0.31771371406250004 0.970703125 0.32294356875 0.9853515625 0.3399405984375
0 0.7373046875 0.708645403125 0.7451171875 0.706030475 0.751953125 0.696878228125 0.755859375 0.6811886625 0.755859375 0.6681140234375 0.7470703125 0.6537319218750001 0.7431640625 0.65111699375 0.7314453125 0.65111699375 0.7275390625 0.6537319218750001 0.716796875 0.6707289515625 0.71484375 0.678573734375 0.71484375 0.69949315625 0.7197265625 0.708645403125 0.7373046875 0.708645403125