0 0.0654296875 0.9989023765624999 0.072265625 0.9845202734375 0.078125 0.9452963578125001 0.0458984375 0.9178396171875001 0.0341796875 0.9178396171875001 0.0244140625 0.9230694734375 0.013671875 0.9374515750000001 0.0078125 0.9505262140624999 0.005859375 0.9740605625000001 0.0078125 0.9845202734375 0.0146484375 0.9989023765624999 0.0654296875 0.9989023765624999
0 0 0.90607244375 0.0048828125 0.9099948343750001 0.0146484375 0.9126097625 0.0361328125 0.9126097625 0.0478515625 0.9047649796874999 0.0625 0.8799231656250001 0.068359375 0.8590037453124999 0.068359375 0.8302395406249999 0.064453125 0.8171649015625 0.0517578125 0.7949380171875 0.0322265625 0.7870932328125 0.0126953125 0.7923230890624999 0.0029296875 0.800167871875 0 0.8040902640625 0 0.90607244375
0 0.021484375 0.77271113125 0.029296875 0.74917678125 0.03125 0.7282573609375 0.025390625 0.702108084375 0.0126953125 0.685111053125 0.0068359375 0.6824961265625 0.0009765625 0.685111053125 0 0.7936305531250001 0.0029296875 0.7949380171875 0.0107421875 0.7897081609375001 0.021484375 0.77271113125
0 0.0712890625 0.8027827999999999 0.0771484375 0.8080126546875 0.0888671875 0.8132425109374999 0.1064453125 0.8132425109374999 0.1240234375 0.800167871875 0.134765625 0.7857857703125 0.140625 0.77271113125 0.146484375 0.7465618546874999 0.146484375 0.738717071875 0.142578125 0.7230275046875 0.134765625 0.7047230109375 0.1240234375 0.6903409093749999 0.1142578125 0.6824961265625 0.0927734375 0.6824961265625 0.0791015625 0.6929558375 0.06640625 0.7099528671875001 0.056640625 0.7361021437499999 0.0546875 0.757021565625 0.056640625 0.77271113125 0.060546875 0.7857857703125 0.0712890625 0.8027827999999999
0 0.0380859375 0.6694214875 0.0576171875 0.6798811984375 0.0673828125 0.6798811984375 0.0791015625 0.67465134375 0.0927734375 0.6641916328125 0.107421875 0.644579675 0.119140625 0.6184303984375 0.119140625 0.581821409375 0.1171875 0.5739766265624999 0.1103515625 0.5648243796875 0.0810546875 0.538675103125 0.0556640625 0.538675103125 0.0439453125 0.5465198859375 0.0234375 0.5713617 0.017578125 0.587051265625 0.015625 0.5975109765625 0.015625 0.6315050359375001 0.021484375 0.6498095296875 0.0380859375 0.6694214875
0 0.0234375 0.550442278125 0.02734375 0.5399825671875 0.02734375 0.5190631453125001 0.0205078125 0.50468104375 0.0087890625 0.49945118749999995 0.0009765625 0.49945118749999995 0 0.563516915625 0.0087890625 0.5648243796875 0.0146484375 0.562209453125 0.0234375 0.550442278125
0 0.0390625 0.43538545937500006 0.048828125 0.3883167609375 0.048828125 0.37785704999999997 0.044921875 0.3647824125 0.0302734375 0.3425555265625 0.0224609375 0.337325671875 0.0009765625 0.337325671875 0 0.45630488125 0.0126953125 0.45761234531249995 0.0302734375 0.44715263437499997 0.0390625 0.43538545937500006
0 0.048828125 0.45630488125 0.0615234375 0.4706869828125 0.0732421875 0.4759168390625 0.0849609375 0.4733019109375 0.1044921875 0.45761234531249995 0.11328125 0.44584517031250004 0.119140625 0.4249257484375 0.119140625 0.398776471875 0.115234375 0.385701834375 0.1005859375 0.3634749484375 0.0927734375 0.3608600203125 0.0751953125 0.3634749484375 0.0595703125 0.37393465937500003 0.05078125 0.385701834375 0.04296875 0.4066212546875 0.041015625 0.417080965625 0.041015625 0.43277053125 0.044921875 0.44846009843749995 0.048828125 0.45630488125
0 0.0576171875 0.5308303203125 0.0673828125 0.5308303203125 0.0771484375 0.5229855375 0.083984375 0.5033735796875 0.083984375 0.4850690859375 0.0810546875 0.48114669374999997 0.0634765625 0.4706869828125 0.0517578125 0.4706869828125 0.044921875 0.4798392296875 0.041015625 0.49029894062499996 0.0390625 0.4981437234375 0.041015625 0.5112183625 0.0478515625 0.5229855375 0.0576171875 0.5308303203125
0 0.0947265625 0.556979596875 0.1025390625 0.562209453125 0.1240234375 0.5674393078125 0.1357421875 0.55436466875 0.146484375 0.5373676390625 0.146484375 0.5242930015625 0.142578125 0.5033735796875 0.13671875 0.49029894062499996 0.1220703125 0.4733019109375 0.1064453125 0.4733019109375 0.0966796875 0.48114669374999997 0.08984375 0.49291386875 0.083984375 0.508603434375 0.08203125 0.51644821875 0.08203125 0.5321377843749999 0.08984375 0.550442278125 0.0947265625 0.556979596875
0 0.1435546875 0.6354274281250001 0.1513671875 0.6380423546875 0.1689453125 0.6328125 0.1796875 0.6184303984375 0.185546875 0.6001259046875 0.18359375 0.5948960484375 0.1650390625 0.5700542359375 0.1533203125 0.5700542359375 0.1435546875 0.5752840906250001 0.1328125 0.5922811203125 0.130859375 0.5975109765625 0.130859375 0.6158154703125 0.1328125 0.621045325 0.1435546875 0.6354274281250001
0 0.171875 0.581821409375 0.1767578125 0.5883587296874999 0.1884765625 0.5962035125 0.2197265625 0.5962035125 0.2333984375 0.5857438015625 0.25390625 0.5609019890625 0.2578125 0.5321377843749999 0.255859375 0.5033735796875 0.244140625 0.474609375 0.2255859375 0.46022727343750003 0.2138671875 0.45761234531249995 0.1943359375 0.4628422 0.1845703125 0.4706869828125 0.169921875 0.49029894062499996 0.1640625 0.5059885078125 0.16015625 0.5216780734375 0.16015625 0.55305720625 0.162109375 0.5609019890625 0.171875 0.581821409375
0 0.1806640625 0.7347946796875 0.1962890625 0.745254390625 0.2197265625 0.745254390625 0.2333984375 0.740024534375 0.25390625 0.715182721875 0.26171875 0.6890334453125 0.26171875 0.66288416875 0.259765625 0.6576543125 0.2373046875 0.6249677171875 0.2255859375 0.617122934375 0.2021484375 0.617122934375 0.1962890625 0.6197378609374999 0.1806640625 0.6328125 0.171875 0.644579675 0.1640625 0.6654990953125 0.162109375 0.6864185171875 0.166015625 0.7073379390625 0.169921875 0.71779765 0.1806640625 0.7347946796875
0 0.1943359375 0.8603112093749999 0.2060546875 0.8681559921875 0.2236328125 0.8681559921875 0.2392578125 0.8603112093749999 0.25 0.8485440343749999 0.255859375 0.8328544687500001 0.2578125 0.8223947578124999 0.2578125 0.7884006968749999 0.251953125 0.77271113125 0.2431640625 0.76094395625 0.2275390625 0.7504842453125 0.2138671875 0.7478693187500001 0.2021484375 0.7530991734375 0.1923828125 0.76094395625 0.1796875 0.7805559140625 0.17578125 0.7936305531250001 0.173828125 0.8040902640625 0.173828125 0.8223947578124999 0.1796875 0.8433141781250001 0.1943359375 0.8603112093749999
0 0.0859375 0.9008425875 0.1025390625 0.9204545453125 0.1162109375 0.9256844015624999 0.1318359375 0.9204545453125 0.1455078125 0.9073799062499999 0.15625 0.8903828765625 0.158203125 0.88253809375 0.158203125 0.8642336 0.1484375 0.8328544687500001 0.1396484375 0.82108729375 0.1201171875 0.8158574375000001 0.1103515625 0.8158574375000001 0.0986328125 0.8237022203125001 0.087890625 0.8406992515624999 0.083984375 0.8511589624999999 0.08203125 0.8720783828125 0.08203125 0.88776795 0.083984375 0.8956127328125 0.0859375 0.9008425875
0 0.20703125 0.9819053453125001 0.203125 0.9557560687500001 0.19140625 0.9243769374999999 0.1787109375 0.9126097625 0.1708984375 0.9099948343750001 0.1513671875 0.9099948343750001 0.1083984375 0.93091425625 0.099609375 0.940066503125 0.08984375 0.9662157796875 0.087890625 0.99236505625 0.0908203125 0.9989023765624999 0.2041015625 0.9989023765624999 0.20703125 0.9819053453125001
0 0.2138671875 0.9596784609375 0.2373046875 0.9596784609375 0.2451171875 0.9544486046875 0.251953125 0.9479112859375001 0.26171875 0.9269918640625001 0.26171875 0.8929978046875 0.2578125 0.8799231656250001 0.2509765625 0.8707709187500001 0.2431640625 0.8655410640625 0.2294921875 0.8655410640625 0.2080078125 0.8707709187500001 0.1953125 0.8903828765625 0.193359375 0.898227659375 0.19140625 0.9086873703125 0.193359375 0.9243769374999999 0.201171875 0.9452963578125001 0.2138671875 0.9596784609375
0 0.373046875 0.994979984375 0.373046875 0.9662157796875 0.37109375 0.9557560687500001 0.359375 0.9243769374999999 0.3486328125 0.9099948343750001 0.3388671875 0.9021500515625 0.3115234375 0.8916903406250001 0.2978515625 0.8969201968749999 0.2822265625 0.9099948343750001 0.263671875 0.9374515750000001 0.255859375 0.9609859249999999 0.25390625 0.9819053453125001 0.2587890625 0.9989023765624999 0.3701171875 0.9989023765624999 0.373046875 0.994979984375
0 0.2529296875 1 0.2578125 0.9975949125 0.255859375 0.9897501296875 0.2509765625 0.9832128093750001 0.2333984375 0.9832128093750001 0.2294921875 0.9858277375 0.22265625 0.994979984375 0.2236328125 0.9989023765624999 0.2294921875 1 0.2529296875 1
0 0.2900390625 0.873385846875 0.2978515625 0.8786157031249999 0.3193359375 0.8786157031249999 0.3388671875 0.8681559921875 0.345703125 0.8590037453124999 0.3515625 0.8276246125 0.3515625 0.8014753359375 0.34375 0.7831708421875 0.3271484375 0.763558884375 0.3232421875 0.76094395625 0.3056640625 0.76094395625 0.2998046875 0.763558884375 0.2880859375 0.7740185953125 0.27734375 0.7884006968749999 0.271484375 0.806705190625 0.26953125 0.8302395406249999 0.2734375 0.8459291062500001 0.27734375 0.8563888171875 0.2900390625 0.873385846875
0 0.2783203125 0.763558884375 0.2939453125 0.763558884375 0.2998046875 0.76094395625 0.3076171875 0.7530991734375 0.314453125 0.7413319984375 0.318359375 0.720412578125 0.318359375 0.7073379390625 0.3125 0.6916483734375001 0.3037109375 0.6824961265625 0.2978515625 0.6798811984375 0.2822265625 0.6798811984375 0.2763671875 0.6824961265625 0.263671875 0.69949315625 0.259765625 0.71256779375 0.2578125 0.7256424328125 0.259765625 0.7413319984375 0.2724609375 0.76094395625 0.2783203125 0.763558884375
0 0.25 0.641964746875 0.2626953125 0.6589617765625 0.2705078125 0.6641916328125 0.2880859375 0.6694214875 0.2958984375 0.6694214875 0.3076171875 0.6641916328125 0.32421875 0.644579675 0.33203125 0.6288901078125 0.333984375 0.6184303984375 0.333984375 0.5975109765625 0.3203125 0.56613184375 0.3095703125 0.5517497421875001 0.3037109375 0.5491348140625 0.2783203125 0.5491348140625 0.2724609375 0.5517497421875001 0.2587890625 0.562209453125 0.24609375 0.581821409375 0.2421875 0.5922811203125 0.2421875 0.621045325 0.244140625 0.6288901078125 0.25 0.641964746875
0 0.3642578125 0.55436466875 0.3759765625 0.559594525 0.3935546875 0.559594525 0.4013671875 0.556979596875 0.4248046875 0.5334452484375001 0.4375 0.508603434375 0.44140625 0.4850690859375 0.439453125 0.4641496640625 0.431640625 0.4510750265625 0.4150390625 0.43146306875 0.4072265625 0.4262332125 0.3974609375 0.423618284375 0.3740234375 0.4262332125 0.3544921875 0.4366929234375 0.341796875 0.4510750265625 0.333984375 0.4693795203125 0.33203125 0.4981437234375 0.337890625 0.5190631453125001 0.34375 0.5295228562500001 0.3642578125 0.55436466875
0 0.4404296875 0.6118930781249999 0.447265625 0.605355759375 0.453125 0.5948960484375 0.455078125 0.587051265625 0.455078125 0.5609019890625 0.453125 0.5556721328124999 0.4443359375 0.543904959375 0.4326171875 0.538675103125 0.4267578125 0.538675103125 0.4130859375 0.5465198859375 0.3984375 0.568746771875 0.396484375 0.581821409375 0.40234375 0.6001259046875 0.4130859375 0.6118930781249999 0.4404296875 0.6118930781249999
0 0.3662109375 0.708645403125 0.3857421875 0.708645403125 0.3974609375 0.7008006203125 0.412109375 0.6811886625 0.41796875 0.66288416875 0.41796875 0.6341199640624999 0.4140625 0.623660253125 0.3974609375 0.6014333671875 0.3818359375 0.5935885843750001 0.3720703125 0.5962035125 0.3564453125 0.6092781515625 0.34375 0.62627518125 0.337890625 0.6471946015625 0.3359375 0.66288416875 0.341796875 0.683803590625 0.3564453125 0.703415546875 0.3662109375 0.708645403125
0 0.3837890625 0.7766335234375 0.3935546875 0.7740185953125 0.3994140625 0.7687887390625 0.40625 0.7544066375 0.404296875 0.738717071875 0.3984375 0.7282573609375 0.3935546875 0.72433496875 0.3759765625 0.72433496875 0.3720703125 0.726949896875 0.365234375 0.738717071875 0.36328125 0.7544066375 0.3671875 0.7648663484375 0.3701171875 0.7687887390625 0.3837890625 0.7766335234375
0 0.4287109375 0.78447830625 0.4443359375 0.7923230890624999 0.4619140625 0.7897081609375001 0.4716796875 0.78447830625 0.490234375 0.7622514203125 0.494140625 0.7517917093750001 0.49609375 0.7282573609375 0.4921875 0.7073379390625 0.48828125 0.696878228125 0.4814453125 0.6877259812500001 0.4580078125 0.67465134375 0.4365234375 0.67465134375 0.4326171875 0.6772662703125001 0.416015625 0.696878228125 0.40625 0.71779765 0.404296875 0.7282573609375 0.40625 0.7465618546874999 0.4140625 0.7674812765625 0.4287109375 0.78447830625
0 0.369140625 0.8746933109375 0.3857421875 0.8943052687499999 0.3994140625 0.9021500515625 0.4169921875 0.9021500515625 0.4345703125 0.8916903406250001 0.443359375 0.8773082390625 0.447265625 0.866848528125 0.451171875 0.8433141781250001 0.451171875 0.8302395406249999 0.447265625 0.80932011875 0.4404296875 0.7923230890624999 0.4150390625 0.7714036671875 0.4013671875 0.7714036671875 0.3818359375 0.78447830625 0.375 0.7936305531250001 0.365234375 0.8171649015625 0.36328125 0.8276246125 0.36328125 0.8590037453124999 0.365234375 0.866848528125 0.369140625 0.8746933109375
0 0.4814453125 0.8681559921875 0.4970703125 0.8681559921875 0.5009765625 0.8655410640625 0.513671875 0.8511589624999999 0.51953125 0.8380843234375 0.51953125 0.8145499734375001 0.51171875 0.7936305531250001 0.5029296875 0.781863378125 0.4931640625 0.7766335234375 0.4873046875 0.7766335234375 0.4755859375 0.781863378125 0.466796875 0.7936305531250001 0.458984375 0.811935046875 0.45703125 0.8276246125 0.46484375 0.8537738890625001 0.4716796875 0.8629261359375 0.4814453125 0.8681559921875
0 0.4677734375 0.6720364156249999 0.4755859375 0.6772662703125001 0.4912109375 0.6798811984375 0.5009765625 0.6772662703125001 0.5087890625 0.6720364156249999 0.5234375 0.6524244578125 0.52734375 0.641964746875 0.52734375 0.6132005421875 0.5234375 0.60274083125 0.5087890625 0.5857438015625 0.4931640625 0.5778990187499999 0.4814453125 0.5778990187499999 0.4736328125 0.5831288734375 0.458984375 0.6001259046875 0.455078125 0.6105856140625 0.453125 0.6184303984375 0.453125 0.6471946015625 0.45703125 0.6576543125 0.4677734375 0.6720364156249999
0 0.5341796875 0.6118930781249999 0.5439453125 0.6197378609374999 0.5556640625 0.6223527890625 0.5791015625 0.6066632234375 0.58984375 0.5922811203125 0.595703125 0.5792064828125 0.59765625 0.5033735796875 0.59375 0.49029894062499996 0.5771484375 0.4706869828125 0.5693359375 0.46807205625000003 0.5576171875 0.46807205625000003 0.5263671875 0.4759168390625 0.5009765625 0.4968362609375 0.482421875 0.5242930015625 0.48046875 0.5321377843749999 0.48046875 0.5425974953125 0.482421875 0.54782735 0.5341796875 0.6118930781249999
0 0.5146484375 0.7583290296875 0.5244140625 0.7661738125 0.5302734375 0.7687887390625 0.5478515625 0.7687887390625 0.5556640625 0.763558884375 0.5703125 0.7413319984375 0.57421875 0.71256779375 0.56640625 0.6811886625 0.5576171875 0.666806559375 0.5400390625 0.6589617765625 0.5263671875 0.6589617765625 0.5087890625 0.6720364156249999 0.49609375 0.6942633 0.494140625 0.702108084375 0.494140625 0.71779765 0.498046875 0.7334872156250001 0.5146484375 0.7583290296875
0 0.5029296875 0.9989023765624999 0.5078125 0.9871352015625 0.5078125 0.9505262140624999 0.501953125 0.9243769374999999 0.4912109375 0.9073799062499999 0.4736328125 0.8943052687499999 0.4541015625 0.8943052687499999 0.4404296875 0.8969201968749999 0.4326171875 0.9021500515625 0.416015625 0.921762009375 0.404296875 0.9531411421874999 0.40234375 0.9740605625000001 0.40625 0.994979984375 0.4091796875 0.9989023765624999 0.5029296875 0.9989023765624999
0 0.5302734375 0.9439888953125 0.5439453125 0.951833678125 0.5615234375 0.94921875 0.580078125 0.9296067921875 0.5859375 0.9086873703125 0.5859375 0.8929978046875 0.580078125 0.8746933109375 0.5693359375 0.8603112093749999 0.5517578125 0.8498514984375 0.5380859375 0.8498514984375 0.5322265625 0.852466425 0.5234375 0.8642336 0.51953125 0.8746933109375 0.517578125 0.88253809375 0.517578125 0.91914708125 0.521484375 0.9322217203125 0.5302734375 0.9439888953125
0 0.5859375 0.9975949125 0.5859375 0.9897501296875 0.580078125 0.9740605625000001 0.5693359375 0.9596784609375 0.5595703125 0.951833678125 0.5400390625 0.951833678125 0.5322265625 0.9570635328125 0.521484375 0.9714456359374999 0.517578125 0.9845202734375 0.515625 0.994979984375 0.5166015625 0.9989023765624999 0.5830078125 1 0.5859375 0.9975949125
0 0.5615234375 0.8446216421875 0.5693359375 0.8498514984375 0.5869140625 0.852466425 0.5947265625 0.8498514984375 0.6044921875 0.842006715625 0.615234375 0.8276246125 0.619140625 0.8171649015625 0.62109375 0.8040902640625 0.619140625 0.7857857703125 0.60546875 0.757021565625 0.6005859375 0.7530991734375 0.5888671875 0.7504842453125 0.5712890625 0.7530991734375 0.5478515625 0.77924845 0.546875 0.811935046875 0.548828125 0.8223947578124999 0.552734375 0.8328544687500001 0.5615234375 0.8446216421875
0 0.5830078125 0.7138752578124999 0.5908203125 0.7191051140625 0.6064453125 0.721720040625 0.6201171875 0.7138752578124999 0.62890625 0.7047230109375 0.634765625 0.683803590625 0.634765625 0.66288416875 0.6259765625 0.6406572828125 0.6123046875 0.6301975718749999 0.6064453125 0.6275826453125 0.5966796875 0.6275826453125 0.5849609375 0.6328125 0.572265625 0.6498095296875 0.568359375 0.660269240625 0.568359375 0.683803590625 0.572265625 0.696878228125 0.5830078125 0.7138752578124999
0 0.6103515625 0.6275826453125 0.6259765625 0.6406572828125 0.6376953125 0.6406572828125 0.6533203125 0.6328125 0.66015625 0.623660253125 0.669921875 0.5975109765625 0.673828125 0.5713617 0.6728515625 0.562209453125 0.6650390625 0.55436466875 0.6376953125 0.538675103125 0.6103515625 0.543904959375 0.599609375 0.5582870609375 0.59765625 0.56613184375 0.59765625 0.605355759375 0.603515625 0.6184303984375 0.6103515625 0.6275826453125
0 0.6591796875 0.5465198859375 0.6708984375 0.55436466875 0.6845703125 0.559594525 0.6962890625 0.556979596875 0.7080078125 0.5491348140625 0.71875 0.526907928125 0.720703125 0.5190631453125001 0.720703125 0.5059885078125 0.712890625 0.4824541578125 0.7021484375 0.46807205625000003 0.6943359375 0.4628422 0.6708984375 0.4628422 0.6591796875 0.4706869828125 0.646484375 0.49029894062499996 0.64453125 0.4981437234375 0.64453125 0.51644821875 0.6484375 0.5321377843749999 0.6591796875 0.5465198859375
0 0.6376953125 0.8263171484375 0.6533203125 0.8393917875 0.6728515625 0.842006715625 0.697265625 0.8223947578124999 0.701171875 0.8145499734375001 0.705078125 0.7936305531250001 0.705078125 0.7779409859374999 0.69921875 0.757021565625 0.6826171875 0.729564825 0.6689453125 0.721720040625 0.6533203125 0.7191051140625 0.6435546875 0.721720040625 0.6357421875 0.726949896875 0.623046875 0.7413319984375 0.619140625 0.757021565625 0.619140625 0.7779409859374999 0.625 0.806705190625 0.6376953125 0.8263171484375
0 0.6123046875 0.9256844015624999 0.6298828125 0.9256844015624999 0.6376953125 0.9204545453125 0.650390625 0.9008425875 0.650390625 0.88253809375 0.646484375 0.866848528125 0.6376953125 0.852466425 0.6298828125 0.8472365703125 0.6240234375 0.8446216421875 0.6123046875 0.8446216421875 0.6064453125 0.8472365703125 0.59375 0.8642336 0.591796875 0.8720783828125 0.591796875 0.8956127328125 0.595703125 0.9113022984375 0.6123046875 0.9256844015624999
0 0.662109375 0.9975949125 0.66796875 0.976675490625 0.666015625 0.9505262140624999 0.6455078125 0.9230694734375 0.6396484375 0.9204545453125 0.6123046875 0.928299328125 0.607421875 0.9374515750000001 0.6015625 0.9557560687500001 0.6015625 0.976675490625 0.6103515625 0.9989023765624999 0.662109375 0.9975949125
0 0.6787109375 0.9570635328125 0.6884765625 0.9596784609375 0.7216796875 0.9596784609375 0.732421875 0.9479112859375001 0.734375 0.940066503125 0.734375 0.9269918640625001 0.73046875 0.8956127328125 0.716796875 0.8537738890625001 0.7021484375 0.836776859375 0.6982421875 0.83416193125 0.6845703125 0.83416193125 0.6767578125 0.8393917875 0.65234375 0.8694634562499999 0.650390625 0.8773082390625 0.64453125 0.91914708125 0.646484375 0.9243769374999999 0.6669921875 0.94921875 0.6787109375 0.9570635328125
0 0.6884765625 0.685111053125 0.7041015625 0.6981856921875 0.7275390625 0.703415546875 0.7470703125 0.6981856921875 0.76171875 0.6811886625 0.767578125 0.66288416875 0.767578125 0.6315050359375001 0.759765625 0.6105856140625 0.7509765625 0.5962035125 0.7314453125 0.580513946875 0.7255859375 0.5778990187499999 0.7060546875 0.5778990187499999 0.6943359375 0.5831288734375 0.6845703125 0.59097365625 0.673828125 0.605355759375 0.669921875 0.6184303984375 0.66796875 0.62627518125 0.669921875 0.6471946015625 0.673828125 0.66288416875 0.6884765625 0.685111053125
0 0.70703125 0.8328544687500001 0.7275390625 0.8603112093749999 0.7431640625 0.8681559921875 0.7607421875 0.8655410640625 0.7705078125 0.8603112093749999 0.783203125 0.8459291062500001 0.791015625 0.8276246125 0.79296875 0.8171649015625 0.79296875 0.8014753359375 0.787109375 0.7805559140625 0.78125 0.7674812765625 0.7607421875 0.740024534375 0.7509765625 0.7347946796875 0.7294921875 0.7347946796875 0.7177734375 0.7426394625 0.70703125 0.757021565625 0.703125 0.7674812765625 0.703125 0.8171649015625 0.705078125 0.8276246125 0.70703125 0.8328544687500001
0 0.7490234375 0.5752840906250001 0.7626953125 0.5831288734375 0.7822265625 0.5831288734375 0.7861328125 0.580513946875 0.80078125 0.5609019890625 0.8046875 0.54782735 0.8046875 0.5321377843749999 0.798828125 0.5138332906249999 0.7900390625 0.502066115625 0.7822265625 0.4968362609375 0.7587890625 0.4968362609375 0.7470703125 0.50468104375 0.736328125 0.5242930015625 0.734375 0.5321377843749999 0.736328125 0.54782735 0.7421875 0.56613184375 0.7490234375 0.5752840906250001
0 0.8408203125 0.6981856921875 0.8505859375 0.7008006203125 0.8662109375 0.6981856921875 0.9697265625 0.6406572828125 0.9736328125 0.6380423546875 0.984375 0.621045325 0.98828125 0.6079706875 0.98828125 0.5975109765625 0.984375 0.5739766265624999 0.978515625 0.5582870609375 0.9248046875 0.48899147656249997 0.9130859375 0.4759168390625 0.9033203125 0.4706869828125 0.8408203125 0.483761621875 0.8291015625 0.48899147656249997 0.8125 0.508603434375 0.806640625 0.5321377843749999 0.802734375 0.5739766265624999 0.818359375 0.66288416875 0.828125 0.6864185171875 0.8408203125 0.6981856921875
0 0.9892578125 0.5935885843750001 0.9990234375 0.5935885843750001 1 0.477224303125 0.9951171875 0.4733019109375 0.9853515625 0.4706869828125 0.9658203125 0.4706869828125 0.9287109375 0.48899147656249997 0.927734375 0.49029894062499996 0.9375 0.508603434375 0.986328125 0.5896661937500001 0.9892578125 0.5935885843750001
0 1 0.6498095296875 0.9970703125 0.6458871390625001 0.9873046875 0.6406572828125 0.9697265625 0.6406572828125 0.9560546875 0.6458871390625001 0.9384765625 0.6589617765625 0.921875 0.6811886625 0.916015625 0.696878228125 0.9140625 0.7073379390625 0.916015625 0.7308722875 0.931640625 0.7596364921875 0.9423828125 0.7714036671875 0.9619140625 0.77924845 0.9794921875 0.77924845 0.9892578125 0.7766335234375 1 0.7700962031249999 1 0.6498095296875
0 1 0.80932011875 0.9912109375 0.79755294375 0.9853515625 0.7923230890624999 0.9775390625 0.7897081609375001 0.9599609375 0.7897081609375001 0.9541015625 0.7923230890624999 0.947265625 0.7988604078125 0.93359375 0.8302395406249999 0.931640625 0.8616186718750001 0.935546875 0.8773082390625 0.9462890625 0.9021500515625 0.9521484375 0.9073799062499999 0.9736328125 0.9178396171875001 0.9912109375 0.9178396171875001 1 0.9139172265625 1 0.80932011875
0 0.8525390625 0.8446216421875 0.8662109375 0.855081353125 0.8740234375 0.85769628125 0.8955078125 0.85769628125 0.9169921875 0.8472365703125 0.931640625 0.8302395406249999 0.935546875 0.8223947578124999 0.939453125 0.806705190625 0.939453125 0.7831708421875 0.935546875 0.7674812765625 0.931640625 0.7596364921875 0.9189453125 0.7426394625 0.9091796875 0.7347946796875 0.8876953125 0.726949896875 0.8759765625 0.729564825 0.8583984375 0.740024534375 0.84765625 0.7544066375 0.837890625 0.7805559140625 0.8359375 0.8014753359375 0.837890625 0.8145499734375001 0.84375 0.8302395406249999 0.8525390625 0.8446216421875
0 0.7861328125 0.7661738125 0.8095703125 0.77924845 0.8212890625 0.77924845 0.8330078125 0.7740185953125 0.84375 0.757021565625 0.849609375 0.7334872156250001 0.849609375 0.7099528671875001 0.8447265625 0.7008006203125 0.8193359375 0.6720364156249999 0.8134765625 0.6694214875 0.7978515625 0.6694214875 0.7919921875 0.6720364156249999 0.7802734375 0.6798811984375 0.7734375 0.6890334453125 0.76953125 0.702108084375 0.767578125 0.715182721875 0.76953125 0.738717071875 0.775390625 0.7517917093750001 0.7861328125 0.7661738125
0 0.818359375 0.9609859249999999 0.8310546875 0.9753680265625 0.8447265625 0.9858277375 0.8603515625 0.9884426656249999 0.8798828125 0.9805978828124999 0.892578125 0.9662157796875 0.900390625 0.9452963578125001 0.90234375 0.9296067921875 0.900390625 0.9113022984375 0.89453125 0.8929978046875 0.8740234375 0.8629261359375 0.8603515625 0.855081353125 0.8330078125 0.855081353125 0.8173828125 0.8655410640625 0.806640625 0.88253809375 0.802734375 0.8929978046875 0.802734375 0.903457515625 0.810546875 0.9479112859375001 0.818359375 0.9609859249999999
0 1 0.9897501296875 0.9921875 0.9636008515625001 0.9775390625 0.9439888953125 0.9580078125 0.93091425625 0.9404296875 0.93091425625 0.9228515625 0.9413739671875 0.90625 0.9662157796875 0.904296875 0.97929041875 0.9091796875 0.9989023765624999 1 0.9975949125 1 0.9897501296875
0 0.7451171875 0.9727530984375001 0.7529296875 0.9805978828124999 0.7626953125 0.9858277375 0.7822265625 0.9858277375 0.7939453125 0.9779829546875 0.80078125 0.9688307078125 0.80859375 0.9479112859375001 0.80859375 0.921762009375 0.80078125 0.9008425875 0.7880859375 0.8838455578125 0.7724609375 0.873385846875 0.7587890625 0.873385846875 0.7509765625 0.876000775 0.7412109375 0.8838455578125 0.734375 0.8956127328125 0.732421875 0.9113022984375 0.734375 0.9531411421874999 0.73828125 0.9636008515625001 0.7451171875 0.9727530984375001
0 0.744140625 0.9975949125 0.744140625 0.9897501296875 0.740234375 0.97929041875 0.7255859375 0.9622933890625 0.7060546875 0.9622933890625 0.7021484375 0.964908315625 0.689453125 0.9897501296875 0.6875 0.994979984375 0.6884765625 0.9989023765624999 0.7373046875 1 0.744140625 0.9975949125