0 0.1826199875 0.910921640625 0.177595225 0.880348778125 0.172599753125 0.8696184515625 0.1623064859375 0.8606196171875 0.15363443906250002 0.8555261296875001 0.14191568906250002 0.8557306812500001 0.155336525 0.9433478046875001 0.15807105625 0.94369829375 0.1655508046875 0.943567734375 0.1747699046875 0.93645251875 0.1801016359375 0.9271809515625 0.1826199875 0.910921640625
0 0.1716258203125 0.8619049515625001 0.175560415625 0.8634769078125 0.1981790296875 0.8630820984375 0.206254428125 0.8521220046875 0.20996493749999998 0.838945090625 0.20566720625 0.8127958124999999 0.194416521875 0.792012759375 0.1813105828125 0.7778181625 0.173068309375 0.775339603125 0.157443309375 0.7756123390624999 0.1520137078125 0.7783295406249999 0.143635271875 0.79289915 0.14316720624999998 0.8138867546874999 0.1476989703125 0.8295422296874999 0.1561369828125 0.84512951875 0.1716258203125 0.8619049515625001
0 0.2426623078125 0.8567402625 0.23150949375000002 0.842511575 0.2271734703125 0.8399648296875 0.2157748578125 0.8377032421875 0.2147500671875 0.8377211296875 0.20611886875000002 0.84295476875 0.199263784375 0.85487535625 0.1970766265625 0.8654032515625 0.20180413125 0.8941674562499999 0.2172929671875 0.9109428875000001 0.2275902 0.9158461296875 0.23600551875 0.915699240625 0.2446367171875 0.9104656015625 0.2484450984375 0.903843053125 0.2426623078125 0.8567402625
0 0.262611859375 0.915234825 0.2775142453125 0.914974703125 0.289409378125 0.9057941546875 0.294741109375 0.8965225859375 0.29556129375 0.8925746265625 0.2904288109375 0.86134635625 0.27346948125 0.8326443640625 0.26913345781250003 0.8300976203125 0.26132095781250003 0.8302339890624999 0.2485086296875 0.8357024859375001 0.2416535453125 0.8476230749999999 0.2394663875 0.8581509703125001 0.2388025828125 0.8660298453124999 0.24419389218749998 0.8869151750000001 0.25263190625 0.9025024640625 0.262611859375 0.915234825
0 0.3028728828125 0.8298016968749999 0.3052174875 0.8559850640625 0.3129916953125 0.87945123125 0.32891030625 0.8988415906249999 0.334380303125 0.9014462421875 0.36054494375 0.9009895359375 0.3628751078125 0.89693751875 0.3811936234375 0.84154675 0.376661859375 0.825891275 0.37060674374999997 0.8128848203124999 0.35511790625 0.7961093890625001 0.3401567125 0.78850325 0.3245317125 0.788775984375 0.31714898593749996 0.7915272812499999 0.3072471984375 0.8087459062500001 0.3028728828125 0.8298016968749999
0 0.3918817375 0.9581222374999999 0.3963559640625 0.9599097875 0.4309877609375 0.9593052875 0.4348504875 0.957372215625 0.44365869687500004 0.945417534375 0.44566855624999996 0.9382800390625 0.435139115625 0.8742143125 0.43033573125 0.864354778125 0.4172297921875 0.8501601796875 0.3998857 0.8399732046875 0.3842607 0.8402459390624999 0.37045266250000003 0.8575327500000001 0.366742153125 0.870709665625 0.3632273828125 0.896995309375 0.3679548875 0.9257595140625 0.379205571875 0.9465425671875 0.3918817375 0.9581222374999999
0 0.544942321875 0.9369454312500001 0.5592426046875 0.9288479562499999 0.5710975171875 0.9115952359374999 0.5754718328124999 0.8905394484375 0.575125034375 0.8869396609375 0.5699543265625 0.8554788109375 0.56015745 0.8331133140625001 0.5461919640625 0.8136888624999999 0.5331838953125 0.80604863125 0.51870629375 0.8010759046875 0.5185399125 0.8010788078125 0.503457246875 0.80394508125 0.4945511671875 0.809345396875 0.480509096875 0.8371260109374999 0.48004103125 0.858113615625 0.4862918875 0.8842288015624999 0.492347003125 0.8972352546875 0.5086953875 0.91924054375 0.5221332296875 0.929495703125 0.5448506921875 0.9369470296875001 0.544942321875 0.9369454312500001
0 0.4263645453125 0.8418622984375 0.4493728390625 0.8414606875 0.44956383125 0.84131328125 0.45794226718750003 0.826743675 0.4586060734375 0.8188647984375 0.4583461875 0.815197934375 0.454445996875 0.791467465625 0.45387856875 0.79010059375 0.44034285625 0.7732910687500001 0.4336239359375 0.768163490625 0.4214754125 0.7657531140625 0.4140926859375 0.768504409375 0.4052844765625 0.780459090625 0.40309731875 0.7909869828125 0.41259061875 0.8249128609374999 0.42612633125 0.8417223843749999 0.4263645453125 0.8418622984375
0 0.354413240625 0.7873527375 0.36751918125 0.8015473343749999 0.368735828125 0.8021266656250001 0.40292890000000003 0.8015298234375001 0.40691358437499997 0.7969260578124999 0.41519415000000004 0.7758020859375 0.4154098859375 0.7732414515625 0.40904177031250005 0.7344950453125 0.3824378046875 0.7016346125 0.3698595078125 0.6966093078125 0.3581407578125 0.696813859375 0.35075803125 0.6995651546875 0.3415200484375 0.7089049078125 0.3367159609375 0.72734576875 0.3360521546875 0.73522464375 0.340779659375 0.7639888484374999 0.34402210312500003 0.7717995390625 0.354413240625 0.7873527375
0 0.29206064375 0.8254027921875 0.29332247499999997 0.8244289234375 0.2966766140625 0.8135528531249999 0.2934264546875 0.7937774609375 0.290020453125 0.7864613312500001 0.281680309375 0.77742840625 0.2753911609375 0.7749157546875 0.264102184375 0.7777352343749999 0.26029380468749996 0.7843577828125 0.258106646875 0.7948856796875 0.2602555125 0.80796031875 0.2630681828125 0.8131560796875 0.2746561296875 0.8257065890625 0.29206064375 0.8254027921875
0 0.2299990046875 0.8425573640625 0.24019440312499998 0.8450018328125 0.2614830375 0.8315180921875 0.263120640625 0.828670396875 0.2587691875 0.8021942531249999 0.2566576625 0.796199521875 0.22816075625 0.7717838578125 0.22077802968750002 0.774535153125 0.2119698203125 0.7864898328125001 0.21087624218749998 0.79175378125 0.2102124359375 0.79963265625 0.21236130156250002 0.8127072953125 0.2156037453125 0.8205179859375 0.224041759375 0.8361052750000001 0.2299990046875 0.8425573640625
0 0.26216818124999997 0.777348109375 0.2667114109375 0.772754828125 0.26853574375 0.766276178125 0.26254552656249996 0.7298290671875 0.2573542734375 0.7217807828125 0.2419633046875 0.7115597140625 0.2302445546875 0.7117642656250001 0.2199129953125 0.7263679671875 0.21881941562499999 0.7316319140624999 0.21944492968749998 0.747355571875 0.223117146875 0.7577811890625 0.234699734375 0.774624809375 0.23999530624999998 0.7777351375 0.26216818124999997 0.777348109375
0 0.33286900468749997 0.7414801468750001 0.3241969578125 0.736386659375 0.3117165328125 0.7379157203125 0.31578023125 0.7745588 0.31855622499999997 0.785765746875 0.3394826875 0.7854004734375 0.342460175 0.7819603875000001 0.3437451296875 0.7757752499999999 0.33924325624999996 0.74838388125 0.33286900468749997 0.7414801468750001
0 0.1978034828125 0.7554152625 0.1841796765625 0.6725220562499999 0.1754820984375 0.6631020078125001 0.1687631765625 0.6579744265625 0.1470859953125 0.650864309375 0.14323037656249998 0.6509316093749999 0.12688800625000002 0.653460503125 0.123079625 0.66008305 0.117143665625 0.7073903921875 0.12058185156250001 0.7283098156250001 0.1318325359375 0.749092865625 0.14732137343750001 0.7658683015625 0.16104503750000002 0.7728452890625 0.1826764984375 0.7724677109375 0.19224324843750001 0.7650841875000001 0.1978034828125 0.7554152625
0 0.12379303281250001 0.5776227125 0.12006039375 0.577687865625 0.11549550625 0.5799723296875 0.1044022703125 0.5959005390625001 0.1021172421875 0.5998740687499999 0.1005355953125 0.6117026078125 0.101008346875 0.614579028125 0.11008719062500001 0.6364489640625 0.12081023125000001 0.6480627265625001 0.1287917265625 0.6527506203125 0.1339421890625 0.65266071875 0.14034148125 0.6477218062500001 0.1340940265625 0.6061342296875 0.12952888125 0.5783578859375 0.12379303281250001 0.5776227125
0 0.1709083515625 0.6156090296875 0.1884864765625 0.6153022015625 0.1919629546875 0.6126190890625 0.1994749703125 0.59396958125 0.19447307187500001 0.5635358453125 0.1863163265625 0.54846813125 0.1721168078125 0.5395374828125 0.1545386828125 0.539844309375 0.15106220625 0.542527421875 0.144207121875 0.5544480109375 0.1420199640625 0.5649759046875 0.145887921875 0.588510253125 0.1515132640625 0.59890178125 0.16223630625000002 0.6105155421874999 0.1709083515625 0.6156090296875
0 0.21080199375 0.717132390625 0.2245452140625 0.7168925015625 0.2379222265625 0.7093178250000001 0.2463006625 0.6947482171875 0.24803584843749998 0.679682665625 0.2420333515625 0.64316084375 0.23598610937500003 0.631989953125 0.218544146875 0.6152486125000001 0.1977235765625 0.6077447484375 0.1822943171875 0.6211262140625 0.175439234375 0.633046803125 0.17301804375000002 0.6540684999999999 0.1749328765625 0.677636940625 0.18141776406250001 0.6932583218749999 0.20124262499999998 0.7125804984374999 0.21080199375 0.717132390625
0 0.28178305 0.7299962546875001 0.3088585453125 0.72952365 0.316602290625 0.7235471 0.3249807265625 0.70897749375 0.3282614625 0.6931856515625 0.32837762812500004 0.6918068484375001 0.3221773265625 0.6540814890625 0.3082791546875 0.6371522125 0.2976539828125 0.632092815625 0.2781227328125 0.632433734375 0.2711697796875 0.637799959375 0.26126799218749996 0.6550185859375001 0.2579872546875 0.670810428125 0.2622849859375 0.6969597046875 0.27396544375 0.7203576859374999 0.2803524625 0.7294247031250001 0.28178305 0.7299962546875001
0 0.3856168078125 0.6658574234375 0.38671038593749996 0.6605934765625 0.38327220156249997 0.6396740546874999 0.37959998437500003 0.6292484375 0.3668259484375 0.611114403125 0.3565326796875 0.60211556875 0.3519361703125 0.6002791609375 0.347205259375 0.600361740625 0.3389545546875 0.6024223953125001 0.3290527671875 0.6196410234374999 0.3272953828125 0.6327838453125 0.3307335671875 0.65370326875 0.33917158125 0.6692905578125 0.35423064531250004 0.6834510609375 0.36511630781250004 0.687800121875 0.3732284921875 0.6876585234375 0.3799531734375 0.6790684296875 0.3856168078125 0.6658574234375
0 0.22591686875 0.564169515625 0.2324017578125 0.5797909 0.273242928125 0.6197256703125 0.28395086875 0.6234036046875 0.295770628125 0.6231972906250001 0.302969575 0.6218292187500001 0.3138287796875 0.6163948125000001 0.322305084375 0.6083795671875001 0.3287303953125 0.593844053125 0.3300580078125 0.578086303125 0.325330503125 0.5493221 0.322088059375 0.5415114078125 0.3084544765625 0.51814751875 0.2825745 0.48581888749999996 0.26523040781249996 0.4756319140625 0.24960540781249999 0.4759046484375 0.233746375 0.48667118593750003 0.22798487031249998 0.493327825 0.22536794062499999 0.50124079375 0.21990004531250001 0.5275605296875 0.22591686875 0.564169515625
0 0.223009853125 0.5178793390624999 0.21946422499999999 0.496306184375 0.21859595625 0.493108865625 0.20744314218749998 0.478880175 0.19988454375 0.4744406671875 0.1826880421875 0.4747408328125 0.16976783125 0.49396116250000005 0.1703933453125 0.5096848203125 0.17578465468749999 0.53057015 0.1837928953125 0.5435425140625 0.1883741015625 0.546722778125 0.2063396359375 0.5464091890625 0.21037496875 0.5443897359375 0.219183178125 0.53243505625 0.2228936875 0.5192581421875 0.223009853125 0.5178793390624999
0 0.1353240484375 0.49563239687499994 0.1360577828125 0.49592554062499994 0.1553123375 0.49558945000000004 0.1602849015625 0.49257427343750004 0.1701866890625 0.47535564687500004 0.17215513124999998 0.46588054218749997 0.1666826859375 0.4325837953125 0.1592083296875 0.4204762578125 0.1421961390625 0.40634984375 0.1324305140625 0.40652030312500004 0.1200479578125 0.4146037296875 0.111435490625 0.439667140625 0.1119359015625 0.4522460671875 0.11296735625000001 0.45852189218749995 0.1165927671875 0.471046271875 0.122218109375 0.48143779999999997 0.1353240484375 0.49563239687499994
0 0.2473418578125 0.4829882921875 0.2465146453125 0.4511402140625 0.24286634999999998 0.42894238281249997 0.2335508265625 0.42291313906249994 0.2198789515625 0.4231517828125 0.209547390625 0.43775548124999997 0.2084538125 0.44301942812500006 0.21189199687500002 0.4639388515625 0.2147046671875 0.4691346140625 0.22542770937499998 0.48074837343750004 0.2337513875 0.48325141406250005 0.24728823437499997 0.483015128125 0.2473418578125 0.4829882921875
0 0.2356068671875 0.42112167968750003 0.2439512296875 0.425095021875 0.2611203546875 0.424795334375 0.2727162421875 0.420473934375 0.2780479734375 0.411202365625 0.2800911640625 0.398010846875 0.27427490312499997 0.362622159375 0.27378853593749997 0.36145055625 0.26697174375 0.3497686109375 0.249197878125 0.3369667078125 0.22923685625 0.3346927 0.214901175 0.34281021875 0.212616146875 0.346783746875 0.209765184375 0.3651905171875 0.2127735953125 0.3834950109375 0.22250092812500002 0.406927084375 0.2356068671875 0.42112167968750003
0 0.366829825 0.42104971718749995 0.3745444546875 0.414358984375 0.3758020703125 0.40830544375000005 0.3730622671875 0.3916352796875 0.3680978578125 0.37513506875 0.34364336406249996 0.33360305156250003 0.33834215156249997 0.32786149062500003 0.333502740625 0.32794596249999997 0.307295665625 0.332926290625 0.302054740625 0.367005315625 0.292551496875 0.3921883109375 0.2951301359375 0.407877878125 0.29794280624999997 0.41307364062499996 0.30628295 0.42210656562500004 0.340268115625 0.41662821250000004 0.3540721203125 0.4231728546875 0.3586488015625 0.42309296874999996 0.366829825 0.42104971718749995
0 0.31350733124999997 0.47261763125 0.314819625 0.46630089531249996 0.312561884375 0.45256380781249994 0.29352502187499996 0.4165841921875 0.28180627187499996 0.41678874375 0.2659472390625 0.42755528125 0.26366221093750003 0.43152881093750006 0.2710066453125 0.4523800484375 0.279444659375 0.467967340625 0.29468307656250003 0.480620865625 0.3040506140625 0.4804573546875 0.3096989515625 0.47924018124999995 0.31350733124999997 0.47261763125
0 0.3685858578125 0.546711134375 0.372058040625 0.5440313359375 0.3851044015625 0.528069034375 0.39500618906249996 0.51085040625 0.397193346875 0.5003225125 0.3977243921875 0.49401941093749996 0.39213734218749996 0.460025353125 0.387074534375 0.45067297812499996 0.3644370015625 0.42615503906249996 0.347529646875 0.41858610625 0.347496678125 0.41858668281250005 0.32646808125 0.4215729296875 0.3214682515625 0.4269050609375 0.308949534375 0.4520366546875 0.30683535625 0.48446056249999997 0.3078023453125 0.49034415 0.31211539374999997 0.5070524125 0.3229363046875 0.5252205390625 0.3384251421875 0.541995971875 0.3490437515625 0.54705224375 0.3685858578125 0.546711134375
0 0.3665265421875 0.39834833125 0.368245634375 0.40880804218750005 0.37559006875 0.42965928125 0.378402740625 0.43485504375 0.38896273593749997 0.4445015921875 0.4198338234375 0.44396273593749996 0.42875421718749995 0.43135372656250004 0.430941375 0.42082583125 0.42664364375 0.39467655625 0.41863540468749993 0.3817041921875 0.4102952609375 0.3726712671875 0.395334065625 0.3650651265625 0.385568440625 0.3652355859375 0.3801388390625 0.3679527921875 0.3687137 0.3878204390625 0.3665265421875 0.39834833125
0 0.43506057656249997 0.519778971875 0.44282777187500005 0.5234774828125001 0.45280950625000005 0.52330325 0.45892784999999997 0.52198479375 0.465880803125 0.5166185703124999 0.47121253437500005 0.5073470015625 0.4733996921875 0.49681910937499996 0.47039128124999996 0.47851461406249995 0.46195326718749996 0.462927325 0.455996021875 0.4564752328125 0.442987953125 0.44883500468750004 0.435175453125 0.4489713734375 0.42236312500000006 0.4544398703125 0.41703139218749996 0.4637114390625 0.4152740078125 0.47685426093750005 0.41828242031249996 0.49515875468750004 0.42672043281249994 0.510746046875 0.43506057656249997 0.519778971875
0 0.39999153125000003 0.3385858578125 0.4196802296875 0.374956203125 0.42725869687499995 0.38531363750000003 0.4396223765625 0.39660785 0.447978903125 0.3964619859375 0.4709758234375 0.36716696249999997 0.49944244375 0.3574866984375 0.5029943140625 0.3431884625 0.4980778078125 0.31327429375000004 0.4883885140625 0.2924615828125 0.47485280156250004 0.2756520578125 0.4637978578125 0.267977734375 0.4384072328125 0.26842092968750003 0.43297763125 0.271138134375 0.40516581562500004 0.29260302656250003 0.39831073125 0.3045236140625 0.39612357343750004 0.3150515078125 0.395889540625 0.3255453109375 0.39999153125000003 0.3385858578125
0 0.4938913125 0.4498833578125 0.5025633593750001 0.45497684375 0.5181883593750001 0.454704109375 0.5286177890625 0.446654775 0.5365392203125 0.4328798734375 0.5301356015625001 0.3939174515625 0.525354059375 0.385084653125 0.5122481203125 0.37089005468749997 0.50162295 0.365830659375 0.49185732499999996 0.3660011203125 0.4829512453125 0.371401434375 0.47414303750000003 0.38335611406250003 0.4704325265625 0.3965330296875 0.4747302578125 0.42268230625000003 0.48078537343749994 0.43568875937499996 0.4938913125 0.4498833578125
0 0.37859446874999997 0.5969113609375001 0.38727219062499996 0.616340696875 0.40276102812500003 0.633116128125 0.4101461921875 0.6368706828125 0.4395925671875 0.63635669375 0.44377665312500003 0.6324001984375001 0.449108384375 0.6231286296875 0.454080553125 0.6080939921875 0.450255571875 0.584821134375 0.4476616171875 0.57857258125 0.434028034375 0.5552086953125001 0.425687890625 0.5461757671874999 0.4189689703125 0.5410481890625001 0.4063906734375 0.5360228859375 0.4005312984375 0.5361251609375 0.38424249375 0.544276771875 0.3747704796875 0.5641103265625 0.3773338 0.5892409046875 0.37859446874999997 0.5969113609375001
0 0.4583717 0.590586409375 0.48660351718749995 0.590093621875 0.49005421250000003 0.5868306265625 0.496479521875 0.5722951109375 0.4963856953125 0.5699365609375 0.49236731718750004 0.5454869890625 0.49175201875 0.5435309078125 0.47864607968749995 0.5293363109375 0.46802090781250005 0.5242769140625 0.46020840781250005 0.52441328125 0.45130232968749995 0.529813596875 0.44749394843749996 0.53643614375 0.44421321249999995 0.5522279875 0.447651396875 0.573147409375 0.4560894109375 0.588734696875 0.4583717 0.590586409375
0 0.42583795156250004 0.642430878125 0.419548803125 0.6399182265625 0.405876928125 0.64015686875 0.393494371875 0.6482402953124999 0.38488190312500004 0.67330370625 0.387890315625 0.6916082 0.39394543125000003 0.7046146546875 0.40476634218749996 0.7227827812500001 0.4146298375 0.7291666859375 0.4302548375 0.72889395 0.44068426875 0.720844615625 0.4444926484375 0.7142220671875 0.4492967359375 0.6957812062500001 0.44953076875000003 0.685287403125 0.444139459375 0.6644020734375 0.42583795156250004 0.642430878125
0 0.482345634375 0.75385205625 0.49306867656250003 0.76546581875 0.5050206968750001 0.7715421203124999 0.5204824390625 0.771272234375 0.5267015734375 0.76750118125 0.5372671671875 0.7424036828125 0.5377982109375 0.73610058125 0.533901603125 0.712391903125 0.5256250015624999 0.6954031671875 0.5125190625 0.6812085703124999 0.501893890625 0.676149175 0.486268890625 0.6764219109375 0.47583945937500005 0.6844712421875 0.4678907984375 0.7016557796875 0.46735975312500005 0.7079588796875 0.470969846875 0.7299242703125 0.4739076203125 0.7382647671875 0.482345634375 0.75385205625
0 0.4979957203125 0.665540528125 0.5054736296875 0.6712473328125 0.5321218734375 0.6707821859374999 0.541874134375 0.6560239953125 0.5338532125000001 0.6072211875 0.5309818187500001 0.5980928046875 0.5159227546875 0.5839322984375 0.50963360625 0.5814196468749999 0.49205548125 0.581726475 0.48162605 0.5897758093750001 0.47629431875000006 0.5990473781250001 0.474536934375 0.6121901984375 0.47926443750000003 0.6409544046875 0.48488977968749997 0.6513459312500001 0.4979957203125 0.665540528125
0 0.5664915671874999 0.8385810796875001 0.5891290984374999 0.8630990187500001 0.591512765625 0.8640513453124999 0.6148192515625001 0.8636445296874999 0.6292851781250001 0.8571532328125 0.6361402609375 0.8452326453125 0.6402411828125001 0.8254928421875001 0.6349048328125 0.7930241578125 0.6297319578125 0.782406196875 0.6181493703125 0.76556258125 0.602758403125 0.7553415140624999 0.571508403125 0.755886984375 0.5660788015625 0.7586041875 0.56074706875 0.76787575625 0.5548494015625 0.7915805640625 0.554185596875 0.7994594390625 0.55762378125 0.8203788609375 0.5664915671874999 0.8385810796875001
0 0.66741926875 0.9473563984375 0.6805252078125 0.9615509953125001 0.689197253125 0.96664448125 0.701331634375 0.9686892609375001 0.7041926000000001 0.968639321875 0.71611123125 0.96355226875 0.7249194390625 0.9515975875 0.72457689375 0.928657309375 0.7206373078125 0.9046871390625 0.71546443125 0.8940691781250001 0.69802246875 0.8773278375 0.683061275 0.8697216984375 0.67329565 0.8698921578125001 0.6663426953125 0.8752583812499999 0.6579642609375 0.8898279890625 0.6557771031249999 0.9003558843749999 0.6555430703125 0.9108496859375 0.6589812546875 0.9317691078125 0.66741926875 0.9473563984375
0 0.795063221875 0.9821175703125 0.8060585890624999 0.9596349953125 0.8062926218750001 0.9491411921875 0.8007055718749999 0.9151471328125 0.791837784375 0.896944915625 0.7858805390625 0.8904928249999999 0.7265251140625 0.8928400921874999 0.722580571875 0.916510809375 0.725159209375 0.9322003750000001 0.737269440625 0.958213284375 0.7551411765625 0.9775695531249999 0.7681492453125001 0.9852097843750001 0.78029776875 0.9876201609375 0.795063221875 0.9821175703125
0 0.713018075 0.870246153125 0.7301635390625 0.8867029078125 0.744623946875 0.8864504999999999 0.7619440703125 0.875948221875 0.768799153125 0.8640276328125 0.7709863109375 0.8534997375 0.770564196875 0.846164303125 0.768243421875 0.83204369375 0.758680340625 0.8143780984375001 0.7369023546875 0.7950900140625 0.722370934375 0.790098803125 0.7130350812499999 0.7928841906249999 0.7095586046875 0.7955673 0.6985632390625 0.8180498765625 0.6978994328125 0.8259287499999999 0.7013376171875 0.846848171875 0.7045800609375 0.8546588640625 0.713018075 0.870246153125
0 0.6369221546875 0.7769937453125 0.6547938906249999 0.7963500125 0.663895709375 0.8040584296875 0.6717662046874999 0.807806128125 0.694711809375 0.8074056109375001 0.7172938906249999 0.795259071875 0.7228596546875 0.7754937015625 0.72376374375 0.7616282140624999 0.71522648125 0.7096837640625 0.70477089375 0.6892692703125001 0.693618078125 0.67504058125 0.6645552359375 0.665058159375 0.6426410890625001 0.6628182421875 0.6372114859375 0.6655354453125 0.6306883062499999 0.673516596875 0.62078651875 0.6907352234374999 0.618365328125 0.711756921875 0.6228587984375 0.751014928125 0.6369221546875 0.7769937453125
0 0.5545742984375 0.7294240796875 0.578254975 0.7467590734375 0.5994052234375 0.74638989375 0.6055512890625 0.74164641875 0.615023303125 0.7218128640625 0.61513946875 0.7204340609375001 0.6095739078125 0.686570746875 0.6090064796875 0.6852038765625 0.5902751984375 0.660617753125 0.5816031515625 0.655524265625 0.575314003125 0.6530116140625 0.561642128125 0.6532502578125 0.5562125265625 0.6559674609374999 0.5504510218750001 0.6626241015625001 0.54412358125 0.6837139828125001 0.5481872796875 0.7203570625 0.5545742984375 0.7294240796875
0 0.5910867921875 0.6572170890625 0.596005771875 0.657131228125 0.6009093625 0.6553038250000001 0.6089778234375001 0.6352728703125 0.604974321875 0.610913815625 0.6041305203125 0.6093550875 0.59102458125 0.5951604875000001 0.57735270625 0.59539913125 0.5719231046875 0.5981163359375 0.566591371875 0.6073879046874999 0.564404215625 0.6179157984375 0.5674126265625 0.6362202921875 0.57303796875 0.6466118203125 0.5789952140625 0.6530639093749999 0.5910867921875 0.6572170890625
0 0.5002491140624999 0.517169628125 0.4978279234375 0.5381913218750001 0.500836334375 0.5564958156250001 0.5040787796874999 0.5643065078125 0.5196654875 0.5876363062500001 0.5299587546875 0.596635140625 0.5373947343750001 0.6001759359375 0.5610306625 0.5997633687499999 0.57249773125 0.5932701875 0.5763061125 0.5866476406250001 0.5822037796874999 0.56294283125 0.580288946875 0.539374390625 0.568178715625 0.51336148125 0.5503069796875 0.4940052125 0.539681809375 0.48894581718749996 0.5205803312499999 0.4919016625 0.50862755 0.50260001875 0.5002491140624999 0.517169628125
0 0.4963908078125 0.5068727109375 0.5117369328125 0.50660484375 0.51719336875 0.5010882953125 0.5168018875 0.47487083593749996 0.5107467734375 0.46186438281250003 0.5047895265625 0.4554122921875 0.49459412968749994 0.4529678265625 0.479262740625 0.47290365625 0.47816916093749995 0.4781676015625 0.48184137812500005 0.488593221875 0.48984961875 0.5015655828125001 0.4963908078125 0.5068727109375
0 0.631854825 0.5289607125 0.6225189734375001 0.5317461 0.608613065625 0.542478546875 0.603281334375 0.551750115625 0.5995708234375 0.564927028125 0.6006261109375 0.5832656140625 0.60644719375 0.606765871875 0.6304719140625 0.6456829609375 0.64314808125 0.657262628125 0.6446174921875001 0.657849690625 0.6868013703125 0.6571133687499999 0.68806995625 0.6564785140625 0.702971571875 0.6339277562500001 0.7051587296874999 0.6233998625 0.7036736703125 0.6024463484375 0.6982823609375 0.58156101875 0.691797471875 0.5659396359375 0.68378923125 0.552967275 0.6663472687499999 0.5362259328125 0.64943295 0.5286538859375 0.631854825 0.5289607125
0 0.6214998140625 0.5291204171875 0.627925125 0.5145849 0.6280578859375 0.5130091250000001 0.6253073375 0.4962735875 0.6244869390625001 0.49366547812499995 0.6046620796875 0.47434330156250004 0.5948964546875 0.4745137609375 0.5879435 0.47987998593750003 0.5799948374999999 0.4970645203125 0.5821437031250001 0.510139159375 0.585386146875 0.5179498515625001 0.598375646875 0.5301642796875 0.62065108125 0.5297754593749999 0.6214998140625 0.5291204171875
0 0.7493648921875 0.6695074046875 0.7468543000000001 0.65423186875 0.739242784375 0.6386082984375 0.727169178125 0.6297700421875 0.7092465890625 0.6300828828125 0.7059417890625 0.6326334953125 0.6979931265625 0.6498180296875 0.7014313109375 0.6707374515625 0.7042439828125 0.675933215625 0.717349921875 0.6901278125 0.72332849375 0.6925163828125 0.7336246 0.6923366640624999 0.7423107734375 0.6870696890625 0.7476425046874999 0.6777981203125 0.7493648921875 0.6695074046875
0 0.7617458609375001 0.7546707968749999 0.773894384375 0.7570811703125 0.7812771109375001 0.754329878125 0.791608671875 0.739726175 0.792838946875 0.733804234375 0.7879502796875 0.704059434375 0.7875449734375 0.703083096875 0.7735794874999999 0.6836586437500001 0.767290340625 0.6811459953125001 0.757524715625 0.6813164546875 0.7501419874999999 0.684067746875 0.7398104265625001 0.6986714468749999 0.7376232703125 0.70919934375 0.74063168125 0.7275038375 0.748639921875 0.7404761984375 0.7617458609375001 0.7546707968749999
0 0.737927175 0.5810058031249999 0.741721628125 0.57771495625 0.7458619109375 0.5671529671875 0.7469163421875 0.5592672750000001 0.7419309734375 0.5289341125 0.7385557687500001 0.522699196875 0.7163480109375 0.5007961843750001 0.697246534375 0.5037520343749999 0.6838682687500001 0.5236537718750001 0.6816811109375001 0.5341816640625 0.6851192953125 0.5551010875 0.6907446375 0.5654926140625001 0.703850578125 0.5796872093750001 0.7070142703125 0.581545390625 0.737927175 0.5810058031249999
0 0.6332396796875 0.51206153125 0.6459158453125 0.5236411999999999 0.6547871625 0.5276126296875 0.6822944765625001 0.5271324875000001 0.6854081187500001 0.5255742890625 0.6937865546875 0.51100468125 0.695716540625 0.505168871875 0.6906291015625 0.4742146625 0.683667740625 0.4613551484375 0.6729446984375 0.44974138437500005 0.6599366296875 0.44210115468750005 0.6423585046875 0.44240798124999997 0.6314993015625 0.447842390625 0.6261675703125 0.457113959375 0.62331660625 0.4755207296875 0.6235123453125 0.48862945625 0.6276143359375 0.501670003125 0.6332396796875 0.51206153125
0 0.5599156203125 0.41183882031249996 0.5521031203125 0.41197518750000006 0.5381972125 0.42270763437500003 0.5317719015625 0.4372431484375 0.530444290625 0.4530009 0.531733609375 0.460845684375 0.5382184984375 0.4764670640625 0.5556604609375 0.49320840625000006 0.5751917109375 0.4928674875 0.5821446640625 0.4875012640625 0.5874763953125 0.4782296953125 0.592280484375 0.459788834375 0.5925145171875 0.44929503125 0.58559985625 0.43105872031250003 0.56815789375 0.41431738124999995 0.5599156203125 0.41183882031249996
0 0.558018321875 0.40982903281249994 0.5693072984375 0.4070095546875 0.5796388593749999 0.392405853125 0.5816073015625001 0.38293075 0.5789427078125 0.3667181984375 0.576004934375 0.358377703125 0.5628989953125 0.34418310625 0.558562971875 0.34163636249999996 0.542937971875 0.341909096875 0.5359850171875 0.34727532031249997 0.529129934375 0.359195909375 0.5282550703125 0.3634070671875 0.5319625796875 0.38596517656249996 0.5497760484375 0.40735047343749997 0.558018321875 0.40982903281249994
0 0.49618798125 0.27913201718749997 0.4985325875 0.3053153859375 0.5082599203125 0.328747459375 0.5166000640624999 0.337780384375 0.5315612578125 0.3453865234375 0.5379286624999999 0.34631544999999997 0.5503029734375 0.3460994546875 0.556522109375 0.3423284015625 0.56533031875 0.33037372187499997 0.5686110546875 0.314581878125 0.5638835515625 0.28581767343750003 0.5554455375 0.270230384375 0.544722496875 0.25861662343749997 0.5278081765625 0.251044575 0.5091364734375 0.2566153515625 0.4988049125 0.27121905 0.49618798125 0.27913201718749997
0 0.5914961 0.3489482265625 0.613410246875 0.3511881421875 0.616886725 0.34850503125 0.6272182843749999 0.33390133125 0.6296241578124999 0.322320646875 0.6248107 0.29303345625 0.62338861875 0.2867644484375 0.60985290625 0.2699549234375 0.5992277359375 0.264895528125 0.5870792125000001 0.262485153125 0.5777433609375 0.2652705390625 0.565458675 0.27990833125000003 0.563701290625 0.2930511546875 0.5675692484375 0.316585503125 0.5740541359375 0.332206884375 0.5914961 0.3489482265625
0 0.5956690609375 0.35407815625 0.5842439203125 0.373945803125 0.5824865359375 0.38708862499999996 0.5859247203125 0.40800804687500003 0.5919798359375 0.4210145015625 0.600749753125 0.43266235468750003 0.6204767421875 0.44543016562500004 0.6293917687499999 0.44657281875 0.6412262531249999 0.446366246875 0.6493438453125 0.44230385781250003 0.6577222796875 0.42773425156249995 0.6614327906249999 0.4145573359375 0.6595179578125 0.3909888953125 0.6562755124999999 0.38317820468749997 0.6430717031250001 0.3624292421875 0.6327784359375 0.353430409375 0.6202001390625 0.34840510625 0.6026220140625 0.3487119328125 0.5956690609375 0.35407815625
0 0.6418648671875 0.32261042500000003 0.6505369125 0.32770391249999997 0.6543318671875 0.3286137984375 0.681383371875 0.32814161249999996 0.693641825 0.309905721875 0.69733496875 0.295729309375 0.6907674984375001 0.255769946875 0.690475965625 0.2548899671875 0.6773700265625 0.2406953671875 0.660025934375 0.2305083953125 0.642447809375 0.230815221875 0.6335417296875 0.236215534375 0.6251632953125 0.2507851421875 0.6207889796875 0.27184093125 0.6255164828125 0.3006051375 0.628758928125 0.3084158265625 0.6418648671875 0.32261042500000003
0 0.695260878125 0.3999036859375 0.700569828125 0.40302187187499994 0.7306327640625 0.40249712187500003 0.7393232078125 0.39388971562499997 0.744225165625 0.38200321875 0.7452093875 0.3772656671875 0.7403314625 0.3475862375 0.735395671875 0.3401984671875 0.7203366078125 0.3260379625 0.7058051859375001 0.3210467515625 0.6945162093749999 0.32386623124999997 0.6910397328125 0.326549340625 0.6785210140625 0.3516809359375 0.6794707718749999 0.3681856625 0.679922034375 0.37093133749999996 0.6864909625 0.3882558328125 0.695260878125 0.3999036859375
0 0.7372647437500001 0.314630340625 0.745530615625 0.3029464984375 0.7404989640624999 0.27233172968749997 0.7343630015625 0.265686078125 0.72569095625 0.260592590625 0.71201908125 0.260831234375 0.701257746875 0.27282000625 0.70016416875 0.278083953125 0.7018832609375 0.2885436640625 0.7079383765625 0.3015501171875 0.7186614171875 0.3131638796875 0.721623025 0.3149033671875 0.7372647437500001 0.314630340625
0 0.7579365296875 0.2976866953125 0.7749487203125 0.3118131078125 0.776590228125 0.312376928125 0.8073664218750001 0.311839728125 0.8185812765625 0.3031842109375 0.8263884546875 0.289607984375 0.8200358703124999 0.2509560859375 0.8129346484375001 0.2390332515625 0.79830535625 0.22748767656250002 0.7837739359375 0.22249646250000002 0.7740083109375 0.2226669234375 0.76119598125 0.22813542187500002 0.7508644203125 0.2427391203125 0.7486772625 0.253267015625 0.7482091984375 0.274254621875 0.749928290625 0.28471433125 0.7579365296875 0.2976866953125
0 0.7670544046875001 0.3814906078125 0.781057834375 0.38124617656250004 0.7892833484375 0.374897803125 0.7946150796875 0.36562623437499997 0.795708659375 0.3603622890625 0.79355979375 0.3472876484375 0.7846920078124999 0.32908543125 0.7787347625 0.32263334375 0.7520548171875 0.315231753125 0.7466252156250001 0.31794895625 0.7397701328124999 0.3298695453125 0.7384425203125 0.3456272953125 0.7401616125 0.35608700781249997 0.74340405625 0.363897696875 0.758463121875 0.378058203125 0.7670544046875001 0.3814906078125
0 0.75723968125 0.44569614375000005 0.761506209375 0.44740071718749996 0.779872159375 0.4470801375 0.791438515625 0.4332982703125 0.793516315625 0.4232967703125 0.7907227890625 0.4062997390625 0.787804590625 0.39927011874999996 0.7738391046875 0.3798456671875 0.7651670578124999 0.37475217656250004 0.7514951828124999 0.3749908203125 0.74411245625 0.377742115625 0.7337808953125 0.3923458171875 0.732796675 0.39708336875 0.73687951875 0.4219251796875 0.73979771875 0.42895480468749997 0.75723968125 0.44569614375000005
0 0.8334260734375001 0.36779622500000003 0.84049140625 0.3611152078125 0.8438700125 0.35187773125 0.8439402218750001 0.3487295890625 0.8418343343749999 0.33591644375 0.83761915625 0.325762546875 0.8249429906250001 0.3141828765625 0.8093179906250001 0.3144556125 0.8058415140624999 0.317138725 0.7989864296875 0.3290593125 0.801994840625 0.34736380625 0.8076201828125 0.3577553328125 0.8135774281250001 0.3642074234375 0.821549584375 0.3680035296875 0.8334260734375001 0.36779622500000003
0 0.8161205468749999 0.442249103125 0.8291779296874999 0.45092045000000003 0.853546028125 0.450495103125 0.8634253187500001 0.44404582656249997 0.865710346875 0.44007229687500005 0.8677535375 0.42688077968749993 0.8631621296875001 0.3989446359375 0.8571148859375001 0.38777374375 0.8487747421874999 0.37874081875 0.8338135484375 0.371134678125 0.8162354234375 0.37144150625 0.80928246875 0.376807728125 0.800904034375 0.3913773359375 0.7987168765625 0.40190523125000005 0.8021550609375 0.422824653125 0.8049677328125 0.428020415625 0.8161205468749999 0.442249103125
0 0.89509270625 0.326266428125 0.8925140671875 0.3105768625 0.8813612531249999 0.29634817343750003 0.8628043859375 0.28893430000000003 0.8622256796875 0.2889444015625 0.8570642062499999 0.291527421875 0.8501112531249999 0.29689364375 0.846732646875 0.30613112187499997 0.8486474796874999 0.3296995625 0.852319696875 0.34012518125 0.870651828125 0.351476621875 0.880792540625 0.351299615625 0.8875738171875 0.3460658921875 0.8929055484375 0.33679432343750004 0.89509270625 0.326266428125
0 0.8829667640625001 0.42767796249999995 0.8896856859375 0.4328055421875 0.897927959375 0.43528410156249997 0.909646709375 0.43507955000000004 0.9274588671874999 0.42427892187499994 0.9391886765624999 0.40388147031250005 0.9358650984375 0.3836593625 0.9281013874999999 0.3626406140625 0.914995446875 0.34844601875 0.8946046515624999 0.34355708125 0.8848390265624999 0.343727540625 0.86702686875 0.354528171875 0.8586484328124999 0.3690977796875 0.8575548546875 0.3743617265625 0.861852584375 0.400511003125 0.8722437234375 0.41606420312500003 0.8829667640625001 0.42767796249999995
0 0.8962159656249999 0.5500371765625001 0.915421696875 0.549701940625 0.9256653968749999 0.547143521875 0.934141703125 0.53912828125 0.9425201390625 0.5245586734375001 0.9450247328125 0.51566425625 0.93660118125 0.464411675 0.9210527703125001 0.4475717203125 0.9013257796874999 0.43480390937499996 0.886757553125 0.43267858593749997 0.8846778453124999 0.4327148875 0.872458678125 0.43793021562499995 0.8624590203125001 0.448594478125 0.8556039359375 0.4605150671875 0.8523232000000001 0.47630690781249996 0.85165939375 0.48418578281249997 0.855957125 0.510335059375 0.8587697953125 0.515530821875 0.87273528125 0.5349552765625 0.8905091468749999 0.5477571765625 0.8962159656249999 0.5500371765625001
0 0.8133196500000001 0.538948278125 0.8186606062499999 0.5388550515625 0.8268625343749999 0.536806578125 0.8357686140625 0.5314062640625 0.845904434375 0.5036938328125 0.8420364749999999 0.48015948281250004 0.8359813609375 0.467153028125 0.8228754203124999 0.4529584328125 0.807484453125 0.4427373640625 0.7899063281250001 0.4430441921875 0.7701410453124999 0.4538789140625 0.7617626109375 0.46844852187499997 0.766060340625 0.49459780000000003 0.78293636875 0.5257723796875 0.7908467390625 0.5321903781249999 0.8133196500000001 0.538948278125
0 0.7999111171875 0.5349038828125 0.7901454921875 0.5350743421875 0.7675675375 0.5407133 0.752138278125 0.554094765625 0.7411429109375 0.5765773390625 0.736768596875 0.597633128125 0.737394109375 0.613356784375 0.7445045109375 0.6447018250000001 0.7743886078125 0.6835166375 0.7866350015625 0.692481378125 0.793990634375 0.6959839171875 0.8315515281250001 0.695328290625 0.8358928984375 0.694244009375 0.8482754546875 0.68616058125 0.8547986359375 0.6781794359375 0.867317353125 0.6530478359375 0.8688789984374999 0.6267962875 0.861768596875 0.5954512453125 0.84489256875 0.5642766625 0.8294037328125 0.5475012328125 0.8163956625000001 0.5398610015624999 0.7999111171875 0.5349038828125
0 0.8398145265625001 0.78782380625 0.8504396984374999 0.7928832015625 0.8543092281250001 0.7936509515625 0.86895043125 0.7933953875 0.8719240734374999 0.792508190625 0.8788770265625001 0.7871419671875 0.8842087578125 0.7778703984375 0.8863959156250001 0.7673425046875 0.8843132171875 0.7469239062499999 0.8822073296875 0.7341107625000001 0.8719410796875 0.7151462265624999 0.8612180374999999 0.703532465625 0.84820996875 0.6958922328125 0.83258496875 0.69616496875 0.8202024124999999 0.7042483953125 0.8118239765625 0.7188180015625 0.8104963656249999 0.734575753125 0.8130750046875 0.7502653203125 0.8219427906250001 0.7684675375000001 0.8398145265625001 0.78782380625
0 0.7924366468749999 0.8958215468749999 0.8028279015625 0.901104371875 0.822138925 0.9007672953125001 0.8280226687500001 0.8978228203124999 0.8405413875000001 0.8726912265625 0.8407520171874999 0.8632468031249999 0.8366047078125 0.838012753125 0.830852346875 0.8256566203125001 0.8220824312499999 0.8140087671874999 0.8071212359375 0.806402628125 0.791926009375 0.809290290625 0.7849730562499999 0.8146565140625001 0.7765946203125 0.8292261218749999 0.7734232421875 0.84449156875 0.7779072078125 0.8717739812499999 0.7864794015625 0.8893694578125 0.7924366468749999 0.8958215468749999
0 0.8689344531250001 0.9399749 0.8935251109375001 0.96445875 0.9045800546875 0.972133071875 0.91288401875 0.9728315125 0.935408859375 0.9724383390625 0.94516590625 0.9688022140625 0.96483331875 0.9514131265625 0.9627375328125 0.9189971453125001 0.955751571875 0.8764914953125 0.9430723406249999 0.854763078125 0.9165285578125 0.8303133218750001 0.8933250906250001 0.8202286234375 0.8703173640624999 0.8232526546875001 0.8598879328125 0.8313019890625 0.8484627937500001 0.8511696359375 0.844752284375 0.8643465499999999 0.847096890625 0.8905299187500001 0.8581135421875 0.921806775 0.8689344531250001 0.9399749
0 1 0.8607042703125 0.9969432265625 0.8607576265624999 0.9780374890625 0.8768222046874999 0.9696590546875001 0.8913918125 0.9663783171875 0.9071836546875 0.97153559375 0.9385627875000001 0.98040338125 0.9567650046875 0.9982751171875 0.976121275 1 0.9771343765625 1 0.8607042703125
0 1 0.7548157843750001 0.9997593484375 0.7533515546875 0.9924800890625001 0.7346845375 0.9813272749999999 0.7204558484375 0.9487879546875 0.7131565359375001 0.9331629546875 0.713429271875 0.9277333531249999 0.7161464750000001 0.9070702328125 0.7453538749999999 0.8945515140625 0.7704854671875 0.8927941296874999 0.7836282921875 0.895802540625 0.801932784375 0.9014278828125001 0.8123243125 0.911819021875 0.8278775109375 0.9225420625 0.8394912703124999 0.9466050765625 0.8548058265625 0.9591833718749999 0.8598311296875 0.9670088874999999 0.8606310015625 0.9898197625 0.8602328359375001 0.995862975 0.8565684546875 1 0.8517886812500001 1 0.7548157843750001
0 0.8815866218749999 0.6683617515625 0.890024634375 0.6839490421875001 0.9055134718750001 0.7007244734375 0.92554750625 0.7124913734375 0.942601171875 0.7121937015625 0.9677794390625 0.7101273359375 0.9816853468750001 0.6993948875 0.9961571906250001 0.6742292015625 0.9972507687500001 0.6689652546875 0.997578415625 0.65427393125 0.9910458640625001 0.61452703125 0.9897488875 0.61140275625 0.9784982015624999 0.5906197 0.9510948750000001 0.560940090625 0.9283211796874999 0.5534703171875 0.9107430546874999 0.55377714375 0.8901182265625 0.5593820093749999 0.881212146875 0.564782325 0.8656467250000001 0.5952119609375 0.8718592890625001 0.6449296765625 0.8815866218749999 0.6683617515625
0 1 0.49119223593749994 0.98201485625 0.48688008437499997 0.9668196296874999 0.48976774843750004 0.959866675 0.4951339703125 0.9499648875 0.5123525984375 0.946254378125 0.5255295125 0.946113959375 0.53182579375 0.9500678718750001 0.555883128125 0.9522712015625 0.5621385 0.9662366875 0.581562953125 0.9816276546875 0.5917840203125 1 0.5951341765625 1 0.49119223593749994
0 1 0.40342016249999996 0.995546725 0.4047488140625 0.9852151640625 0.419352515625 0.9823642015624999 0.4377592828125 0.9849428390625 0.45344885 0.9914277281249999 0.4690702328125 1 0.47835456875000004 1 0.40342016249999996
0 0.98546215 0.4544604296875 0.990709721875 0.44533520937500004 0.9917421859375001 0.4376138015625 0.9884275609375001 0.417446171875 0.98793534375 0.41653691249999997 0.9772123015625 0.40492315312500005 0.9709231546874999 0.40241049999999995 0.9611575296874999 0.4025809609375 0.9487749734375001 0.4106643859375 0.9453963671875 0.4199018625 0.95121745 0.443402121875 0.9540301203125001 0.448597884375 0.9598557187500001 0.454907390625 0.98546215 0.4544604296875
0 1 0.3590578296875 0.9999791546875001 0.3590193234375 0.984920090625 0.3448588171875 0.9669121921875 0.3425507171875 0.959529465625 0.34530201250000003 0.950291484375 0.35464176406250003 0.9481043265625001 0.365169659375 0.9515425109375 0.38608908125 0.9571678531250001 0.3964806078125 0.9631250984375 0.40293269687500005 0.9878519171875 0.4103683765625 1 0.40243801562500003 1 0.3590578296875