0 0.91640625 0.4453125 0.06484375 0.07890625
0 0.7734375 0.21171875 0.1125 0.13828125
0 0.5875 0.44609375 0.0875 0.11171875
0 0.28515625 0.29453125 0.1046875 0.13046875
0 0.89609375 0.60078125 0.10390625 0.12734375
0 0.5609375 0.32265625 0.10546875 0.140625
0 0.58515625 0.55234375 0.06953125 0.08359375
0 0.8984375 0.33828125 0.10546875 0.13359375
0 0.17578125 0.3375 0.0734375 0.09453125
0 0.52265625 0.49765625 0.0671875 0.0828125
0 0.73515625 0.4015625 0.0765625 0.08671875
0 0.88515625 0.2046875 0.09296875 0.11796875
0 0.1359375 0.67265625 0.075 0.1046875
0 0.3125 0.7578125 0.09921875 0.12265625
0 0.65625 0.36328125 0.09140625 0.11015625
0 0.6796875 0.5046875 0.12734375 0.17265625
0 0.15078125 0.43984375 0.07890625 0.10859375
0 0.06875 0.76015625 0.08515625 0.10703125
0 0.46953125 0.43125 0.08125 0.10234375
0 0.409375 0.21640625 0.07734375 0.096875
0 0.4609375 0.31796875 0.08828125 0.1203125
0 0.9203125 0.67578125 0.05234375 0.0578125
0 0.23515625 0.6734375 0.075 0.0953125
0 0.83046875 0.66015625 0.06171875 0.06328125
0 0.6890625 0.2015625 0.06171875 0.0765625
0 0.24609375 0.428125 0.1015625 0.1390625
0 0.50625 0.2046875 0.084375 0.121875
0 0.8734375 0.734375 0.0859375 0.1078125
0 0.62109375 0.7078125 0.053125 0.0734375
0 0.07578125 0.28515625 0.06171875 0.0875
0 0.80390625 0.59140625 0.084375 0.09609375
0 0.16171875 0.57734375 0.08125 0.0984375
0 0.81875 0.40859375 0.0796875 0.08359375
0 0.31171875 0.49140625 0.06640625 0.08359375
0 0.45 0.52578125 0.075 0.0875
0 0.9515625 0.515625 0.075 0.0890625
0 0.78515625 0.72421875 0.0859375 0.11640625
0 0.721875 0.31328125 0.06796875 0.0921875
0 0.97109375 0.3984375 0.0578125 0.1296875
0 0.8078125 0.31953125 0.071875 0.09375
0 0.15703125 0.759375 0.0578125 0.07578125
0 0.20078125 0.509375 0.0640625 0.07890625
0 0.18984375 0.2453125 0.05859375 0.084375
0 0.640625 0.26484375 0.0640625 0.07890625
0 0.0828125 0.384375 0.06953125 0.08671875
0 0.853125 0.50078125 0.07734375 0.10546875
0 0.696875 0.73203125 0.090625 0.11328125
0 0.33125 0.40390625 0.0703125 0.1015625
0 0.375 0.31328125 0.071875 0.096875
0 0.975 0.61171875 0.05 0.10390625
0 0.37890625 0.48515625 0.0671875 0.09453125
0 0.0359375 0.1828125 0.071875 0.1140625
0 0.43984375 0.61328125 0.07265625 0.09765625
0 0.45078125 0.7265625 0.06328125 0.08203125
0 0.078125 0.5828125 0.05859375 0.08125
0 0.98203125 0.2859375 0.03515625 0.08984375
0 0.10625 0.51484375 0.059375 0.07421875
0 0.95546875 0.75546875 0.07890625 0.1
0 0.49609375 0.8109375 0.08828125 0.11875
0 0.74375 0.65234375 0.05625 0.07109375
0 0.3765625 0.68515625 0.08046875 0.1015625
0 0.3109375 0.646875 0.06875 0.09140625
0 0.77734375 0.5015625 0.078125 0.10625
0 0.609375 0.775 0.06171875 0.0765625
0 0.03984375 0.45546875 0.05546875 0.0859375
0 0.02265625 0.5484375 0.0453125 0.08671875
0 0.49609375 0.67109375 0.07109375 0.08515625
0 0.1265625 0.21171875 0.06328125 0.08984375
0 0.4953125 0.58671875 0.06875 0.08125
0 0.35546875 0.578125 0.06953125 0.096875
0 0.55859375 0.69140625 0.0609375 0.071875
0 0.98515625 0.17734375 0.0296875 0.0921875
0 0.62421875 0.61015625 0.0609375 0.0765625
0 0.01796875 0.3625 0.0359375 0.075
0 0.22265625 0.7625 0.0625 0.0859375
0 0.0140625 0.684375 0.028125 0.084375
0 0.403125 0.39921875 0.0671875 0.08984375
0 0.2890625 0.56875 0.0578125 0.0703125
0 0.553125 0.6171875 0.053125 0.06640625
0 0.9546875 0.23515625 0.0609375 0.0765625
0 0.58203125 0.20546875 0.059375 0.07734375
0 0.234375 0.5921875 0.05625 0.075
0 0.68828125 0.63046875 0.06875 0.08828125
0 0.01015625 0.7953125 0.0203125 0.10703125
0 0.00703125 0.2796875 0.0140625 0.07578125
0 0.05546875 0.6578125 0.053125 0.07734375
0 0.3390625 0.2203125 0.0578125 0.07890625
0 0.0109375 0.6171875 0.021875 0.0546875
0 0.3828125 0.78515625 0.06015625 0.078125
0 0.234375 0.1765625 0.05625 0.0859375
0 0.99453125 0.6890625 0.01015625 0.0515625