0 0.1366300546875 0.6927083328125 0.1174031875 0.6953125 0.099089471875 0.7057291671875 0.0903257765625 0.72265625 0.08629270156249999 0.73828125 0.08781461874999999 0.7513020828125 0.10092846250000001 0.7799479171875 0.1166422421875 0.7890625 0.124759125 0.7916666671875 0.138431 0.7916666671875 0.1534472328125 0.7864583328125 0.154271603125 0.78515625 0.14392256718750002 0.6966145828125 0.1366300546875 0.6927083328125
0 0.109889984375 0.57421875 0.09973119531249999 0.5625 0.0848417875 0.5520833328125 0.07642052031249999 0.546875 0.065006153125 0.5494791671875 0.06434665625 0.5505208328125 0.0756697203125 0.6473958343749999 0.0765727234375 0.6484375 0.0941508484375 0.6484375 0.097752715625 0.6458333328125 0.1084695359375 0.62890625 0.11146263593750001 0.62109375 0.11482353125 0.6080729171875 0.1111709296875 0.5768229171875 0.109889984375 0.57421875
0 0.1648920171875 0.608658853125 0.1679358515625 0.63470051875 0.173059634375 0.6451171859375 0.1925528390625 0.66985676875 0.2063991046875 0.6734375 0.2349635515625 0.6734375 0.23777909843749997 0.6724609359375 0.2521865640625 0.66204426875 0.26620086875000004 0.639908853125 0.2682808171875 0.624283853125 0.2661501328125 0.6060546859375 0.26011320000000004 0.58782551875 0.254989415625 0.577408853125 0.24934564531249997 0.5708984359375 0.22829247812500003 0.557877603125 0.22017559375 0.5552734359375 0.20259746875 0.5552734359375 0.184283753125 0.565690103125 0.172958165625 0.577408853125 0.16562760781250002 0.5982421859375 0.1648920171875 0.608658853125
0 0.194422275 0.7994791671875 0.22671225 0.7916666671875 0.23751785 0.7838541671875 0.24267967812500002 0.76953125 0.2428876734375 0.76796875 0.23868718125 0.73203125 0.2381139265625 0.73046875 0.2256976296875 0.7161458328125 0.20720635468749998 0.7083333328125 0.1821201140625 0.7109375 0.1624620390625 0.7265625 0.15565146875 0.7434895828125 0.158695303125 0.76953125 0.16381908750000002 0.7799479171875 0.175931 0.7916666671875 0.194422275 0.7994791671875
0 0.3296495484375 0.8067708328125001 0.3400619859375 0.7872395828125 0.3411019609375 0.7794270828125 0.33897127656250003 0.761197915625 0.333543109375 0.7481770828125 0.3188693046875 0.73125 0.3081905296875 0.7234375 0.2867061546875 0.7234375 0.2683924375 0.733854165625 0.2576756171875 0.75078125 0.25455569375 0.77421875 0.2557732265625 0.784635415625 0.2637632859375 0.8028645828125001 0.26940705781249996 0.809375 0.280390215625 0.8197916656249999 0.3044364828125 0.825 0.319452715625 0.8197916656249999 0.3296495484375 0.8067708328125001
0 0.2947773796875 0.715625 0.32119339375 0.715625 0.3332704265625 0.696549478125 0.33414425937500003 0.6931640609375 0.3299107921875 0.6569444437499999 0.3185458875 0.645768228125 0.3059139859375 0.637955728125 0.289984603125 0.6353515625 0.273319628125 0.6431640625 0.26724465 0.649674478125 0.2621716 0.673111978125 0.26278036718750003 0.6783203125 0.2794960765625 0.704361978125 0.2870929734375 0.7108723953125 0.2947773796875 0.715625
0 0.2772258734375 0.5930338546875 0.28738466093750004 0.6047526046875 0.289805775 0.60625 0.3193467890625 0.60625 0.33365089375 0.5995442703125 0.34137461406249997 0.5904296875 0.34426498437499997 0.5792317703125 0.34090154687499996 0.5504557296875 0.3401063453125 0.5461588546875 0.33376502812500003 0.5253255203125 0.31817807343750004 0.5005859375 0.2860149234375 0.4927734375 0.27520932343750004 0.5005859375 0.26583686093750003 0.5123046875 0.2611950203125 0.5227213546875 0.2591150703125 0.5383463546875 0.2621589046875 0.5643880203125 0.2772258734375 0.5930338546875
0 0.32803186093750003 0.6471354171875 0.347525065625 0.671875 0.362110090625 0.6796875 0.371875715625 0.6796875 0.386587565625 0.671875 0.40398813125000005 0.6536458328125 0.4081099859375 0.6471354171875 0.4083452484375 0.646223959375 0.40567428281250006 0.6233723953125 0.40506615156250003 0.62109375 0.3970760921875 0.6028645828125 0.38496417968749996 0.5911458328125 0.3706835375 0.5859375 0.3495035453125 0.5885416671875 0.33839356249999997 0.59375 0.32932548437500003 0.6080729171875 0.3239480515625 0.62890625 0.325165584375 0.6393229171875 0.32803186093750003 0.6471354171875
0 0.350852746875 0.7826421375 0.3626612296875 0.790625 0.3865443875 0.790625 0.412259375 0.785326403125 0.4174844125 0.7790906421875 0.4225106375 0.771154246875 0.42654267968750004 0.76180880625 0.42319446093749996 0.7331629734375 0.41776629375 0.7201421375 0.40812749375 0.7045171375 0.395711196875 0.6901942234375 0.379173046875 0.6823817234375 0.369407421875 0.6823817234375 0.34779622187500003 0.6980067234375 0.3373837859375 0.7175379734375 0.3399964125 0.7566004734375 0.3434714546875 0.76962130625 0.350852746875 0.7826421375
0 0.498125959375 0.745944940625 0.49729107812500006 0.7388020828124999 0.49041201875 0.7200520828125 0.48025322968750006 0.7083333328125 0.4661082921875 0.6984375 0.4550080328125 0.6984375 0.446745721875 0.7057291671875 0.43273141875 0.7278645828125 0.4293071109375 0.7486979171875 0.4311334109375 0.7643229171875 0.439339075 0.7760416671875 0.4534840125 0.7859375 0.463021771875 0.7859375 0.47675283281249997 0.7786458328125 0.49384901562500005 0.7578125 0.498125959375 0.745944940625
0 0.47374196093750004 0.6442708328125 0.46980780468749994 0.610611978125 0.46149433906250004 0.597135415625 0.453593059375 0.5880208328125 0.44938242656250005 0.585416665625 0.44126554218749997 0.5828125 0.42173429218749997 0.5828125 0.410104321875 0.5919270828125 0.40607124843750003 0.6075520828125 0.40820193125 0.62578125 0.4119813578125 0.64140625 0.4196670328125 0.65703125 0.42756831249999994 0.6661458328125 0.448317096875 0.6765625 0.4577783375 0.6739583328125 0.4731369984375 0.6466145828125 0.47374196093750004 0.6442708328125
0 0.3967907296875 0.5778645859375 0.407165121875 0.5830729203125 0.4328601296875 0.5856770859375 0.4422325921875 0.5739583359375 0.4466715109375 0.5597168 0.44254014062499997 0.5243706625 0.43688051562499997 0.5114583359375 0.42190232656250004 0.49192708593749995 0.41573856875 0.4893229203125 0.40206669375 0.4893229203125 0.38570610156249996 0.49973958593749995 0.37993550625 0.5088541703125 0.3768155828125 0.5322916703125 0.37925065 0.5531250015625 0.3866319421875 0.5661458359375 0.3967907296875 0.5778645859375
0 0.5141310609375 0.6171875 0.529489721875 0.58984375 0.533522796875 0.57421875 0.5342583875 0.5638020828125 0.5256595609375 0.5403645828125 0.504517615625 0.5182291671875 0.48767508125000003 0.5078125 0.47400320625000003 0.5078125 0.46124448124999995 0.515625 0.4488789203125 0.53515625 0.4435014875 0.5559895828125 0.44654532187499996 0.58203125 0.45423099687499996 0.59765625 0.4669516765625 0.6145833328125 0.4756773265625 0.6223958328125 0.48184108593749997 0.625 0.5052785859375 0.625 0.5141310609375 0.6171875
0 0.48313976875 0.47068142343749997 0.4811105453125 0.4533203125 0.46021908125 0.43541666718750005 0.45210219843750005 0.4328125 0.43647719843750005 0.4328125 0.42350286875 0.44713541718750005 0.42246289375 0.45494791718750005 0.4239848109375 0.46796875 0.43167048750000003 0.48359375 0.44408678281249997 0.49791666718750005 0.4527160453125 0.5015625 0.46396604531249996 0.5015625 0.4763767578125 0.49010416718750005 0.48049861250000003 0.48359375 0.48313976875 0.47068142343749997
0 0.53275773125 0.7015625 0.5396491546875 0.6947265625 0.543771009375 0.6882161453125 0.5444565031249999 0.6744466140625 0.5415762749999999 0.6498046859375 0.5351214484375 0.6309244796875 0.5294776765625 0.6244140625 0.48559577656249997 0.6166015625 0.47683208125 0.6335286453125 0.4747521328125 0.6491536453125 0.4794447078125 0.6725911453125 0.4893878921875 0.6908203125 0.4950316640625 0.6973307296875 0.5029318843749999 0.7015625 0.53275773125 0.7015625
0 0.5513330062499999 0.5135416671875 0.562354209375 0.49921875 0.5640752421874999 0.4947265625 0.5592583734375001 0.453515625 0.5588284328124999 0.45234375 0.542201503125 0.43541666718750005 0.5360377453125 0.4328125 0.5262721203125 0.4328125 0.520717128125 0.43541666718750005 0.5135133953125 0.440625 0.505789675 0.44973958437499995 0.503709725 0.46536458437499995 0.507793534375 0.48359375 0.5132217015625 0.49661458437499995 0.5166079640625 0.500520834375 0.536413159375 0.5171875 0.5421888296875 0.5171875 0.5513330062499999 0.5135416671875
0 0.56564283125 0.6234375 0.5887873578125 0.6234375 0.592782390625 0.622526040625 0.59638425625 0.619921875 0.60380359375 0.608203125 0.6058543734375 0.5981770828124999 0.6008624859375 0.5554687484375 0.596802775 0.548307290625 0.591159003125 0.541796875 0.565895203125 0.526171875 0.556129578125 0.526171875 0.5489258453125 0.5313802078125 0.5352159249999999 0.556119790625 0.5358754265625 0.595182290625 0.5474673515624999 0.610807290625 0.55732175625 0.619921875 0.56564283125 0.6234375
0 0.5741421124999999 0.7734375 0.5975796124999999 0.7734375 0.6089939796875 0.7708333328125 0.6158933296875 0.7630208328125 0.621359540625 0.7513020828125 0.63725989375 0.6930839343749999 0.6337916781249999 0.6634114578125 0.6270667125 0.6497395828125 0.6042760234375 0.6302083328125 0.5899953828125 0.625 0.5802297578125 0.625 0.5534947734375 0.6302083328125 0.540431665625 0.6354166671875 0.5343566875 0.6419270828125 0.5289792546875 0.6627604171875 0.5282436625 0.6731770828125 0.5328094140624999 0.7122395828125 0.5420170078125001 0.7408854171875 0.547140790625 0.7513020828125 0.5572995796875 0.7630208328125 0.5741421124999999 0.7734375
0 0.6862965062499999 0.7383138015624999 0.6797712875 0.682486978125 0.67209639375 0.6765625 0.65647139375 0.6765625 0.649267659375 0.6817708328125 0.6454501890625 0.690885415625 0.6417214984374999 0.7091145828125 0.6429390328125 0.71953125 0.6455009234375 0.7247395828125 0.6537065875 0.7364583328125 0.6643853625 0.7442708328125 0.6803147453125 0.746875 0.686389725 0.7403645828125 0.6862965062499999 0.7383138015624999
0 0.6599572140625 0.6742187515625 0.66837848125 0.6794270859375 0.69572223125 0.6794270859375 0.704790309375 0.6651041703125 0.7063997343749999 0.6563151078125 0.702678646875 0.62447916875 0.701568915625 0.6208333359375 0.6938832406250001 0.6052083359375 0.6859819609375 0.5960937515625 0.67365444375 0.5908854203125 0.66388881875 0.5908854203125 0.64917696875 0.5986979203125 0.638155765625 0.6130208359375 0.641503984375 0.6416666703125 0.644065875 0.6468750015625 0.6599572140625 0.6742187515625
0 0.6786044718750001 0.590625 0.690361271875 0.5859375 0.694483125 0.5794270828125 0.69760305 0.5559895828125 0.6954723656249999 0.5377604171875 0.692606090625 0.5299479171875 0.6747616265625 0.5026041671875 0.6593260187500001 0.4953125 0.6567218546875 0.4953125 0.650715359375 0.4973958328125 0.6435116265625 0.5026041671875 0.6360922890625 0.5143229171875 0.6334035734375 0.5247395828125 0.636751790625 0.5533854171875 0.63992245 0.5638020828125 0.6424843421875 0.5690104171875 0.6594156546875001 0.5885416671875 0.6659091625 0.590625 0.6786044718750001 0.590625
0 0.577990628125 0.5319010421875 0.600330025 0.546875 0.6046431796875 0.546875 0.6146687953125001 0.544921875 0.63432686875 0.529296875 0.6384487234375 0.522786459375 0.6407315953125 0.5088975703124999 0.6362673046875 0.470703125 0.633096646875 0.46028645937499996 0.62068035 0.4459635421875 0.6122590828125001 0.44075520937499996 0.597978440625 0.435546875 0.590470325 0.4381510421875 0.5697722749999999 0.4615885421875 0.5652192140625 0.4811197921875 0.5640524140625 0.5045572921875 0.5652699484375 0.514973959375 0.577990628125 0.5319010421875
0 0.7636174109375 0.6002604171875 0.7666105109375 0.5924479171875 0.767603559375 0.5783854171875 0.76522936875 0.5580729171875001 0.7636935015625 0.55078125 0.758265334375 0.5377604171875 0.743287146875 0.5182291671875 0.7333202875 0.5109375 0.716360653125 0.5109375 0.7045290296875 0.5208333328125 0.7004071749999999 0.52734375 0.6960697171875 0.5403645828125 0.6942941515625 0.55859375 0.7059368125 0.6080729171875 0.7141424749999999 0.6197916671875 0.7190734812499999 0.621875 0.7350891046875 0.621875 0.7506430828124999 0.6145833328125 0.7636174109375 0.6002604171875
0 0.7723855640624999 0.7291666671875 0.7738743765625 0.7256119796875 0.7672662125 0.6690755203125 0.76590473125 0.6653645828125 0.76108533125 0.6575520828125 0.7464115265625 0.640625 0.7318265015625001 0.6328125 0.7220608765625001 0.6328125 0.716505884375 0.6354166671875 0.7093021515625 0.640625 0.7051802984375 0.6471354171875 0.707488540625 0.68359375 0.7109635828124999 0.6966145828125 0.7228598921875 0.71484375 0.7397912046874999 0.734375 0.7563293546875001 0.7421875 0.7582824796875001 0.7421875 0.7723855640624999 0.7291666671875
0 0.7970761015625001 0.6880859375 0.80370785 0.6921875 0.8176238640625 0.6921875 0.83192796875 0.6854817703125 0.8360498234374999 0.6789713546875 0.8389738015624999 0.6676432296875 0.8365311249999999 0.64674479375 0.8164171031249999 0.6112630203125 0.8085158234375 0.6021484375 0.7880714234374999 0.5943359375 0.7753126984375001 0.6021484375 0.7728395859375 0.6060546875 0.7698464875 0.6138671875 0.7677665375 0.6294921875 0.7695928375000001 0.6451171875 0.782402296875 0.6711588546875 0.7970761015625001 0.6880859375
0 0.8649002765624999 0.7369791671875 0.872104009375 0.7317708328125 0.8778746046875 0.72265625 0.8810750640625 0.7070095484375 0.8774706578125 0.676171875 0.8759975687500001 0.6731770828125 0.868096290625 0.6640625 0.84734750625 0.6536458328125 0.84344125625 0.6536458328125 0.8326356562499999 0.6614583328125 0.8228319875000001 0.6861979171875 0.8249626703124999 0.7044270828125 0.846193396875 0.7356770828125 0.8473221515624999 0.7369791671875 0.8649002765624999 0.7369791671875
0 0.8286881796875001 0.5963541671875 0.8375406546875 0.5885416671875 0.8446556093750001 0.57421875 0.8486886828125 0.55859375 0.8482955203125 0.546875 0.84651995 0.531684028125 0.8396079140625 0.5143229171875 0.8294491265625 0.5026041671875 0.8158364359375 0.4953125 0.804475759375 0.4953125 0.7926441359374999 0.5052083328125 0.78357605625 0.51953125 0.7811917234375 0.5325520828125 0.7805296921875 0.5419270828125 0.7834669921875 0.5670572921875 0.78862375 0.5794270828125 0.7962206468749999 0.5859375 0.8183066890624999 0.5984375 0.8211191859375001 0.5984375 0.8286881796875001 0.5963541671875
0 0.6652724828125 0.49661458437499995 0.6731737625 0.5057291671875 0.6790686484374999 0.509375 0.6902014624999999 0.509375 0.7102831375 0.5057291671875 0.7157493484375 0.49401041718750005 0.7203987984375 0.46861979218750005 0.7193030171875 0.45924479218750003 0.71356793125 0.44192708437499995 0.7076197765625001 0.4328125 0.690472859375 0.41979166718750005 0.6843091 0.4171875 0.672894734375 0.41979166718750005 0.6692928671875 0.42239583437499995 0.6582716640624999 0.43671875 0.6558442109375 0.4644097234375 0.6578429953125 0.48151041718750004 0.6652724828125 0.49661458437499995
0 0.662000353125 0.40846354375000005 0.668253734375 0.4140625 0.69107275 0.4140625 0.6974609875 0.411067709375 0.7048803234375 0.39934895937500003 0.7078734234375 0.39153645937500003 0.7097453781249999 0.377473959375 0.7066406671875 0.350911459375 0.701481371875 0.33684895937500003 0.6845500578125 0.31731770937500003 0.6702694171875 0.3121093765625 0.6644100421875 0.3121093765625 0.6489626000000001 0.3303385421875 0.643800771875 0.34466145937500003 0.6435724875 0.372786459375 0.6441000859375 0.37730034843750004 0.6518415656250001 0.3967447921875 0.662000353125 0.40846354375000005
0 0.7636757234375 0.3684895828125 0.7748364421875 0.3971354171875 0.7782227046875 0.4010416671875 0.827659596875 0.40625 0.8420670625 0.3958333328125 0.8478376578125 0.38671875 0.8514002078124999 0.3729166671875 0.8495967343749999 0.35748697812499997 0.8446162640624999 0.3424479171875 0.8388837140625001 0.3268229171875 0.8340643140624999 0.3190104171875 0.819390509375 0.3020833328125 0.8005948500000001 0.2916666671875 0.7768529671875 0.2890625 0.7697380140625001 0.3033854171875 0.7673536796875 0.31640625 0.76215380625 0.35546875 0.7636757234375 0.3684895828125
0 0.8587054140625 0.48125 0.8659877796875 0.47265625 0.869348675 0.4596354171875 0.865163403125 0.423828125 0.861548853125 0.41796875 0.8491325562500001 0.4036458328125 0.84576405 0.4015625 0.828706759375 0.4015625 0.8204444484375 0.4088541671875 0.81632259375 0.4153645828125 0.8146358062499999 0.43268229218750004 0.8149858468750001 0.43567708281249995 0.8189352203125001 0.4544270828125 0.8214971125 0.4596354171875 0.8293983921875 0.46875 0.8358665343749999 0.4739583328125 0.849479225 0.48125 0.8587054140625 0.48125
0 0.73048655625 0.41790364531249996 0.7281022234375001 0.430924478125 0.7279753984374999 0.446549478125 0.7310192328125 0.47259114531249996 0.7415711828125 0.49602864531249996 0.7577504671875 0.5125 0.791266590625 0.5125 0.792225609375 0.5116536453125 0.797907425 0.493424478125 0.8013317328125 0.47259114531249996 0.79767913125 0.44134114531249996 0.7901202796875 0.41009114531249996 0.7847808921875 0.40618489531249996 0.7685471265625 0.4009765625 0.7607346265625 0.4009765625 0.738514659375 0.411393228125 0.73048655625 0.41790364531249996
0 0.8807072609375 0.6503906234375 0.8766741874999999 0.6660156234375 0.8791092546874999 0.68684895625 0.890269971875 0.715494790625 0.900428759375 0.727213540625 0.906284334375 0.7296875 0.9223976109375001 0.7296875 0.925819384375 0.727213540625 0.9315899796875 0.71809895625 0.9329343390625 0.7128906234375 0.9277598203125 0.668619790625 0.9245891609375001 0.6582031234375 0.9144303734375001 0.6464843734375 0.8939859734375 0.6386718734375 0.8900797234375 0.6386718734375 0.88647785625 0.641276040625 0.8807072609375 0.6503906234375
0 0.9317161734375 0.719596353125 0.9418185234375 0.73125 0.9634005546875001 0.73125 0.963565428125 0.7309895828124999 0.9596972218750001 0.697894965625 0.9579692140624999 0.6935546875 0.9494591671875 0.6792317703124999 0.9390847750000001 0.6740234375 0.9351785250000001 0.6740234375 0.931576659375 0.676627603125 0.924157321875 0.688346353125 0.9228129640624999 0.6935546875 0.9234217296875 0.6987630203124999 0.9265923890625001 0.7091796875 0.9317161734375 0.719596353125
0 1 0.6450911671874999 0.9894291031250001 0.640625 0.97282754375 0.640625 0.9695858625 0.64296875 0.9638152671875 0.652083334375 0.9608221671875 0.659895834375 0.9641703843749999 0.6885416671875 0.9667322765625 0.69375 0.9749379390625 0.70546875 1 0.73011470625 1 0.6450911671874999
0 0.9371449640625 0.65032551875 0.9473037515625 0.66204426875 0.9530933750000001 0.665625 0.958179634375 0.665625 0.97928934375 0.651627603125 0.9834111968749999 0.6451171859375 0.9886541937500001 0.6248046859375 0.9872844687500001 0.6130859359375 0.9818385453125 0.5982421859375 0.9739372656249999 0.589127603125 0.9677735078125 0.5865234359375 0.9560547578125 0.5865234359375 0.9485466406249999 0.589127603125 0.9432960328125001 0.5943359359375 0.9342279546875 0.608658853125 0.9322520031250001 0.623502603125 0.9342913718749999 0.64095051875 0.9371449640625 0.65032551875
0 0.9145267609375001 0.640625 0.918648615625 0.6341145828125 0.9198965843750001 0.6247395828125 0.9161222296875 0.5924479171875 0.915427221875 0.58984375 0.9099990546875001 0.5768229171875 0.8927633578125 0.5546875 0.888552725 0.5520833328125 0.8836217171875 0.55 0.8691685937500001 0.55 0.8631621 0.5520833328125 0.8590402453125 0.55859375 0.8536628125 0.5794270828125 0.8570110312500001 0.6080729171875 0.8621348140625 0.6184895828125 0.875159878125 0.6380208328125 0.8835811453125 0.6432291671875 0.8947621531250001 0.6453125 0.8992543375000001 0.6453125 0.9145267609375001 0.640625
0 0.886175996875 0.5350911453125 0.8991002328125001 0.55 0.9153599984375 0.55 0.9197722859375 0.5468098953125 0.9238941390625 0.5402994796875 0.925241034375 0.5367838546875 0.9212460015625 0.5026041671875 0.9135958375 0.48561197968750003 0.910209575 0.48170572968750003 0.9040458156250001 0.4791015625 0.8962333156250001 0.4791015625 0.8831702078125 0.48430989531249996 0.8770952296875001 0.4908203125 0.8763596375 0.5012369796875 0.8781859390625 0.5168619796875 0.8836141062499999 0.5298828125 0.886175996875 0.5350911453125
0 0.9476848453125 0.5078125 0.9594035999999999 0.5078125 0.9660429531249999 0.5019531265625 0.968516065625 0.4980468765625 0.972179440625 0.48385416875000004 0.9678100171875 0.44647135625 0.9580402046875 0.42513020937499996 0.9546539421875 0.42122395937499996 0.9442795500000001 0.4160156265625 0.9286545500000001 0.4160156265625 0.915680221875 0.43033854375 0.9136002718749999 0.44596354375 0.9160353390625 0.4667968765625 0.9288447984375001 0.49283854375 0.9367460781249999 0.5019531265625 0.9476848453125 0.5078125
0 0.9681438359375001 0.5479166671875 0.96753506875 0.542708334375 0.9547256093750001 0.5166666671875 0.9490818390625 0.51015625 0.9435344546875 0.5078125 0.936633415625 0.5078125 0.9242999812500001 0.515364584375 0.9165762609374999 0.5244791671875 0.9115032109375001 0.5479166671875 0.9145470453125 0.573958334375 0.9199752125 0.5869791671875 0.9298296171875 0.59609375 0.945923871875 0.5984375 0.949048878125 0.5984375 0.954395871875 0.597395834375 0.9681438359375001 0.5479166671875
0 1 0.524429609375 0.99789981875 0.5234375 0.99399356875 0.5234375 0.9867898359374999 0.5286458328125 0.978026140625 0.5455729171875 0.977364109375 0.554947915625 0.98027604375 0.5798611109375 0.9874112921875 0.5924479171875 0.9930550640625 0.5989583328125 0.997265696875 0.6015625 1 0.6015625 1 0.524429609375
0 0.8825868046875 0.4609375 0.8867974375 0.4635416671875 0.8965630625 0.4635416671875 0.9001649296875 0.4609375 0.9075842671875 0.44921875 0.916563565625 0.42578125 0.9127841406250001 0.41015625 0.8988459265625 0.3828125 0.8829165437500001 0.3802083328125 0.8721109437499999 0.3880208328125 0.8679890890624999 0.39453125 0.8642603984375 0.4127604171875 0.8673042328125 0.4388020828125 0.8701705078125 0.4466145828125 0.8825868046875 0.4609375
0 0.8366630031250001 0.4791015625 0.8417481062500001 0.48125 0.8588024359374999 0.48125 0.8694729656250001 0.4673828125 0.8708173234375 0.462174478125 0.8709644421875 0.46009114531249995 0.867068334375 0.4267578125 0.86655595625 0.42571614531249996 0.8499290265624999 0.4087890625 0.8353440015625001 0.4009765625 0.8275315015625001 0.4009765625 0.8181590390625001 0.4126953125 0.81577470625 0.42571614531249996 0.81564788125 0.44134114531249996 0.8194273078125001 0.45696614531249996 0.8242467078125 0.46477864531249996 0.8366630031250001 0.4791015625
0 0.9450476921875 0.415625 0.952055903125 0.409440103125 0.9558733734375 0.40032551875 0.9560293703125 0.39915364375 0.952696371875 0.37063802031250004 0.9522207734375 0.3690755203125 0.9496588812500001 0.3638671875 0.9349850765625 0.346940103125 0.9210088171875 0.3443359359375 0.913805084375 0.34954427187500003 0.9099876140625 0.358658853125 0.9139445984375 0.3925130203125 0.9210215078124999 0.4029296875 0.9337580421875 0.415625 0.9450476921875 0.415625
0 0.8576622546875001 0.3684244796875 0.8660714734375 0.378125 0.8827985937499999 0.378125 0.8958811875 0.36580255781250004 0.8905489421875 0.3201822921875 0.8849045359375 0.3007161453125 0.8773076390625001 0.2942057296875 0.8691907562500001 0.2916015625 0.8652845062500001 0.2916015625 0.8561276484375 0.2968098953125 0.8487083109375 0.3085286453125 0.8449796203125001 0.3267578125 0.8474146875 0.3475911453125 0.8528428546875 0.3606119796875 0.8576622546875001 0.3684244796875
0 1 0.369419165625 0.99088630625 0.3648437484375 0.97916755625 0.3648437484375 0.9736125640625 0.367447915625 0.9654576359375 0.3895833328125 0.9644176609375 0.3973958328125 0.9626420953125001 0.4156249984375 0.963859628125 0.426041665625 0.9721540718749999 0.4468749984375 0.9800553515624999 0.45598958281249996 0.9810623546875 0.45625 0.9990310984375 0.45625 1 0.45579578125 1 0.369419165625
0 1 0.46964676250000004 0.9904183281250001 0.4585937484375 0.9767464531250001 0.4585937484375 0.974273340625 0.4624999984375 0.964862834375 0.49895833281249996 0.9733728796875001 0.5132812484375 0.9808480265625 0.51875 0.9951058343750001 0.51875 0.995466021875 0.5184895828125 1 0.5097322 1 0.46964676250000004