0 0.3778562640625 0.9436402375 0.3993406390625 0.9436402375 0.40449600781250006 0.9384103828124999 0.410099934375 0.9292581359375 0.41069326562499997 0.9267739546874999 0.40581362343749994 0.89052451875 0.4044678859375 0.8874192921875 0.39409480937499997 0.8756521171875 0.383625178125 0.8704222625 0.366047053125 0.8704222625 0.36249280625 0.873037190625 0.3524375171875 0.8926491484374999 0.35630955000000003 0.9214133515625 0.36162381250000003 0.9318730625 0.3696917609375 0.9410253093750001 0.3778562640625 0.9436402375
0 0.47397028125 0.9789755843749999 0.46600274375 0.9197870921875 0.4645423609375 0.9172811203125001 0.40905430000000004 0.918588584375 0.40476183125 0.9447378609375001 0.40722585312500004 0.9630423546875001 0.41785437812500004 0.9839617765625001 0.4236171984375 0.9904990953125001 0.44029820781250006 0.9983438796874999 0.45982945781250006 0.9983438796874999 0.46693795156249995 0.9931140234375 0.47397028125 0.9789755843749999
0 0.5261083765625 0.9600368015624999 0.5253112359375 0.9584678453125001 0.5093192656250001 0.946875 0.50858141875 0.946875 0.4941577921875 0.9519305265625 0.48855386406249995 0.9610827734375 0.4860556265625 0.971542484375 0.48711163593749995 0.9793872671875 0.48976876718750006 0.9846171234375 0.5038286375000001 0.9984375 0.5207886015625001 0.9984375 0.52357934375 0.9963842968750001 0.5293663609375 0.9842394109375 0.5261083765625 0.9600368015624999
0 0.48284770625 0.91216425625 0.4912535953125 0.8984358859375 0.4879231046875 0.873694646875 0.47385451874999995 0.8598657046874999 0.467643140625 0.857250775 0.46018264374999995 0.8598657046874999 0.4474702234375 0.8742478046875 0.4462211046875 0.8794776593750001 0.4483331234375 0.8951672281249999 0.4532953828125 0.903012009375 0.46323412187499996 0.9125 0.4821405875 0.9125 0.48284770625 0.91216425625
0 0.371446046875 0.8408856859375 0.38703683125 0.869649890625 0.39475277656249996 0.876187209375 0.406988828125 0.8796875 0.43144136875 0.8796875 0.4412757734375 0.8735722812500001 0.451683065625 0.8565752515625 0.454144696875 0.8433044953125 0.4514342734375 0.82316955 0.45066127187499994 0.8199662640625001 0.437375615625 0.7938169875 0.422392284375 0.776819959375 0.41618090625 0.7742050296875 0.40446215625 0.7742050296875 0.3863389171875 0.784664740625 0.375579621875 0.79904684375 0.371128259375 0.8095065531250001 0.369334028125 0.8251961203124999 0.371446046875 0.8408856859375
0 0.604411015625 0.9961784937499999 0.6039182109375 0.9925175953125001 0.5980419625 0.961922940625 0.5866128765624999 0.9423109828125 0.5516497359375 0.9292363453125001 0.5409869953124999 0.9370811281250001 0.5353830687500001 0.946233375 0.532022090625 0.9923607000000001 0.5322074796875 0.9937378953125 0.5349462265625 0.9984375 0.6030278234375 0.9984375 0.604411015625 0.9961784937499999
0 0.49840518906250003 0.87466425625 0.4978600765625 0.8851239671875 0.49997209531250003 0.9008135328125 0.5079434890625001 0.9165030984375001 0.527185075 0.93611505625 0.5333964531250001 0.938729984375 0.5490214531250001 0.938729984375 0.554528825 0.93611505625 0.5700914859374999 0.9138881718749999 0.5725897234375 0.9034284609375 0.5690696921875 0.877279184375 0.5637554296875 0.8668194734375 0.551077225 0.8524373703125001 0.54256071875 0.847207515625 0.52107634375 0.847207515625 0.50685935625 0.8576672265624999 0.49840518906250003 0.87466425625
0 0.47649139218750003 0.84375 0.48866376093749997 0.84375 0.502375915625 0.8348802296875 0.5040187765625 0.83076171875 0.4979291234375 0.78552346875 0.4884204703125 0.7747368921875 0.48220909218749997 0.772121965625 0.46853721718749997 0.772121965625 0.4578744765625 0.7799667484375 0.45227055 0.7891189953125 0.44977231250000005 0.7995787062499999 0.44993120624999994 0.8152682718750001 0.4579025984375 0.8309578375 0.4702288 0.8427250125000001 0.47649139218750003 0.84375
0 0.6044290218749999 0.9890576578125 0.613057384375 0.9953125 0.6310836015625 0.9953125 0.64313951875 0.9864427296875 0.6467903203125001 0.9772904828125 0.6476874359375 0.9694457 0.6452234140625001 0.95114120625 0.6422142796875 0.9432964234375 0.6314892000000001 0.9289143203125001 0.62101956875 0.923684465625 0.60734769375 0.923684465625 0.6018403218749999 0.9262993937499999 0.5962363953125001 0.935451640625 0.5912399203125001 0.9563710625 0.5922959296875 0.9642158453125 0.5983141984375 0.9799054109374999 0.6044290218749999 0.9890576578125
0 0.6139553656250001 0.8929703640625 0.6103502671875 0.8661891468749999 0.607386171875 0.8590416781249999 0.5996702265625 0.852504359375 0.5879514765625 0.852504359375 0.5843972296875 0.8551192859375 0.577544184375 0.8695013890625001 0.579656203125 0.8851909546875 0.5831138953125 0.8891133468750001 0.5969048546875 0.8984375 0.610607834375 0.8984375 0.6139553656250001 0.8929703640625
0 0.5357470640625001 0.7733761625 0.5318065984375 0.8021403671874999 0.534077509375 0.8335194984375001 0.53708664375 0.84136428125 0.5478117234375001 0.855746384375 0.568151996875 0.8671875 0.584262146875 0.8671875 0.5863291109375 0.8662060953124999 0.5985929734375001 0.855746384375 0.6041969 0.8465941375 0.608841371875 0.8230597875000001 0.608330475 0.8047552937500001 0.6003590828125 0.789065728125 0.580413490625 0.7642239156249999 0.563380478125 0.753764203125 0.54615435625 0.7563791328125 0.5357470640625001 0.7733761625
0 0.47880435937500004 0.7540838078125 0.4921865703125 0.7736957656250001 0.4983979484375 0.7763106921875 0.5198823234375001 0.7763106921875 0.5383575640625 0.7684659093749999 0.549116859375 0.7540838078125 0.553644915625 0.7351255828125 0.5461519078125 0.6794622296874999 0.529432809375 0.658638946875 0.516306046875 0.6481792359375 0.50814154375 0.6455643078125 0.49482167187500004 0.6481792359375 0.47189506875 0.6664837296874999 0.4678922640625 0.67302105 0.46539402656249995 0.683480759375 0.4648489140625 0.6939404703125 0.47243408750000004 0.7357793140625 0.47880435937500004 0.7540838078125
0 0.44718871718750003 0.756808496875 0.4450766984375 0.7411189312500001 0.4336476125 0.7215069734374999 0.42152473281249997 0.7140625 0.408311 0.7140625 0.40364673125 0.71627711875 0.3932394390625 0.7332741484375 0.39109320468750003 0.7463487875 0.39285322031250003 0.759423425 0.40588342656250004 0.776420453125 0.41555167812500005 0.78125 0.4287155828125 0.78125 0.44068767500000006 0.773805528125 0.4430893578125 0.7698831359375 0.44718871718750003 0.756808496875
0 0.38435126875000003 0.7426943453125 0.384034465625 0.740340909375 0.37898591718749997 0.730404184375 0.37091796875 0.7212519375 0.357500059375 0.71875 0.3566983140625 0.71875 0.347832471875 0.723866865625 0.34382966718749997 0.730404184375 0.34270545937499997 0.735111053125 0.3449934796875 0.752108084375 0.3477017015625 0.7591683890625001 0.358074778125 0.7709355640625 0.3640177625 0.7734375 0.3780118703125 0.7734375 0.3848110765625 0.7591683890625001 0.38435126875000003 0.7426943453125
0 0.2589942625 0.71682754375 0.263286496875 0.7356550203125 0.273211015625 0.7513445890625 0.2916175203125 0.765625 0.31063138281249997 0.765625 0.3187403421875 0.7631117609375 0.333951 0.7382699500000001 0.33503267187499997 0.7245415796875 0.33186464375 0.7010072296875001 0.3276149453125 0.691201253125 0.31528874375 0.679434075 0.302513984375 0.67158929375 0.288138103125 0.6663594374999999 0.284231853125 0.6663594374999999 0.26841374375 0.679434075 0.261560696875 0.6938161765624999 0.25906246093749996 0.7042758890624999 0.258571859375 0.7136896296875 0.2589942625 0.71682754375
0 0.34949911718750004 0.6593491734375 0.3371387 0.6763462031249999 0.33588958125 0.681576059375 0.337649596875 0.6946506968749999 0.342963859375 0.7051104078125 0.3510318078125 0.7142626546875 0.3616908375 0.71875 0.36612756874999997 0.71875 0.3728681859375 0.7168775828125 0.37997667968750004 0.711647728125 0.38558060625 0.7024954812499999 0.38807884375 0.6920357703125 0.385966825 0.6763462031249999 0.38330969375 0.6711163484375 0.37293661718750004 0.6593491734375 0.3667252390625 0.6567342453125 0.3550064890625 0.6567342453125 0.34949911718750004 0.6593491734375
0 0.349655678125 0.652169421875 0.3509047953125 0.646939565625 0.350884934375 0.6449783703125 0.3474969046875 0.619809690625 0.3470327625 0.6181753609375 0.3316974265625 0.598563403125 0.3274391734375 0.5959484765624999 0.312364584375 0.59375 0.3083208921875 0.59375 0.3020485484375 0.5959484765624999 0.28968813125000004 0.61294550625 0.288791015625 0.6207902890625 0.2912550375 0.6390947828125 0.2965692984375 0.64955449375 0.31155263125 0.6665515234375 0.31677479062499997 0.66875 0.334266109375 0.66875 0.33889638125 0.6665515234375 0.349655678125 0.652169421875
0 0.41791620781249994 0.6554251671875 0.41560081093749995 0.6382247546875 0.4084893796875 0.626021759375 0.400773434375 0.6194844390625 0.383195309375 0.6194844390625 0.3740371359375 0.6312516140625 0.373037840625 0.635435496875 0.37507945781249996 0.650602078125 0.37986229374999997 0.6600158171875 0.38618432187499996 0.6671875 0.412311478125 0.6671875 0.41791620781249994 0.6554251671875
0 0.43512294687499997 0.703125 0.45700745937500004 0.703125 0.46033572500000003 0.7006763312500001 0.46593965156249995 0.691524084375 0.46631438750000004 0.689955128125 0.46216075156249997 0.6590989781250001 0.4613636109375 0.657530021875 0.4490374109375 0.64576285 0.4366146546875 0.6405329937500001 0.4272010328125 0.643147921875 0.4200925375 0.6483777749999999 0.4164417359375 0.657530021875 0.41394349999999996 0.6679897343750001 0.4176566390625 0.681064371875 0.42297090156249995 0.691524084375 0.43512294687499997 0.703125
0 0.44429489999999994 0.6032775375 0.44711092499999994 0.6241969578125001 0.450120059375 0.6320417421875 0.457387446875 0.6425014515624999 0.4627982640625 0.64642384375 0.4712929 0.65 0.4878519625 0.65 0.4940482640625 0.64642384375 0.502854434375 0.6320417421875 0.504103553125 0.6268118859375 0.50163953125 0.6085073921874999 0.48675275312500005 0.58497304375 0.47708368281249997 0.5784357234375 0.46501292968749997 0.575820796875 0.4523970640625 0.5836655796875 0.4467931375 0.592817825 0.44429489999999994 0.6032775375
0 0.39783215781250003 0.5983600203125 0.41451316718750003 0.606204803125 0.43173928906250003 0.6035898765625001 0.4424020296875 0.59574509375 0.44800595625 0.5865928453125 0.44964704375000003 0.5777456734374999 0.44294431718749994 0.5279530921875 0.44151100625 0.52383458125 0.4288328015625 0.5094524781249999 0.41605804218750003 0.5016076968750001 0.40043304218750003 0.5016076968750001 0.38426292968750003 0.51206740625 0.375456759375 0.526449509375 0.372958521875 0.53690921875 0.3775345625 0.57090328125 0.38550595625 0.5865928453125 0.39783215781250003 0.5983600203125
0 0.376289434375 0.5689081875 0.376476803125 0.568123709375 0.37245106093749997 0.538217653125 0.3574340671875 0.523146953125 0.3437621921875 0.523146953125 0.340207946875 0.5257618828124999 0.33460401875 0.5349141281249999 0.332457784375 0.5479887640625 0.33492180625 0.56629325625 0.3375789375 0.571523115625 0.34615344531250003 0.58125 0.36705648750000003 0.58125 0.376289434375 0.5689081875
0 0.2394425421875 0.519350465625 0.23729630781250002 0.5324251046875 0.2408163390625 0.5585743812499999 0.24878773281250002 0.574263946875 0.25685568124999997 0.58341619375 0.27388869374999997 0.5938759046875 0.2783741265625 0.5953125 0.303479425 0.5953125 0.3142003125 0.58864605 0.3246076046875 0.5716490203125 0.3264018359375 0.5559594531250001 0.3205766765625 0.5271952484375 0.307995028125 0.5062758281249999 0.2914105734375 0.491893725 0.2750815671875 0.4866638703125 0.2633628171875 0.4866638703125 0.2562543234375 0.491893725 0.2394425421875 0.519350465625
0 0.37098791875 0.4984375 0.38195435624999996 0.4984375 0.3876279859375 0.4942633015625 0.3932319125 0.4851110546875 0.39435611875 0.4804041828125 0.392455303125 0.466283575 0.390063884375 0.4615767046875 0.37543255468750003 0.447194603125 0.3621126828125 0.44980952968750004 0.35455563125 0.45896177656250003 0.3533065125 0.46419163125 0.35281591093750003 0.4736053734375 0.3530623140625 0.47543582031250003 0.355770534375 0.48249612500000005 0.3641904859375 0.4942633015625 0.37098791875 0.4984375
0 0.2071265125 0.43271887500000006 0.21013564687500003 0.4405636609375 0.21544990937500003 0.45102337031250006 0.22547098281250003 0.46017561875 0.23863516875 0.4671875 0.2529252890625 0.4671875 0.2677357265625 0.45494576249999996 0.274588771875 0.4405636609375 0.2743761640625 0.43644515000000006 0.27060093125 0.4084000484375 0.27001273124999997 0.4065695984375 0.2600882140625 0.3908800328125 0.250067140625 0.3817277859375 0.24385576250000002 0.3791128578125 0.22823076250000002 0.3791128578125 0.222723390625 0.3817277859375 0.21206065000000002 0.38957256875 0.20805784374999997 0.3961098875 0.2043104890625 0.4117994578125 0.2071265125 0.43271887500000006
0 0.1795156328125 0.3516593484375 0.19289784375000002 0.3712713078125 0.20957885312500002 0.379116090625 0.236218596875 0.373886234375 0.2468813375 0.36604145 0.2553355046875 0.349044421875 0.257740546875 0.3360787375 0.253941846875 0.307859309375 0.2509525734375 0.3019757234375 0.2317109875 0.28236376406249997 0.2173351078125 0.277133909375 0.1958507328125 0.277133909375 0.188390234375 0.2797488359375 0.1760298171875 0.29674586718749996 0.1747806984375 0.3019757234375 0.1733384703125 0.3202802171875 0.1765064984375 0.34381456718750003 0.1795156328125 0.3516593484375
0 0.3009052921875 0.3609375 0.3110718296875 0.3561103765625 0.316668484375 0.34436499375 0.3146767328125 0.3295688625 0.311554603125 0.3234237796875 0.297275278125 0.31165660625 0.285556528125 0.31165660625 0.278448034375 0.31688646249999997 0.27124298593749996 0.3286536375 0.273355003125 0.3443432015625 0.2763641375 0.3521879859375 0.282126959375 0.35872530625 0.2873817046875 0.3609375 0.3009052921875 0.3609375
0 0.37142513906249996 0.3651916 0.3673257796875 0.3782662390625 0.3674846734375 0.39395580625000004 0.3735029421875 0.40964537187500005 0.384228021875 0.4240274734375 0.3962634015625 0.4296875 0.40877405937500005 0.4296875 0.410322653125 0.4292573296875 0.42098539375 0.4214125453125 0.4274864359375 0.4044155171875 0.42361440312500004 0.3756513125 0.42095727031249996 0.3704214546875 0.4082790671875 0.356039353125 0.40206768750000005 0.353424425 0.3899969359375 0.3508094984375 0.3789821921875 0.356039353125 0.37142513906249996 0.3651916
0 0.43250892656250006 0.4779990953125 0.4410254328125 0.4832289515625 0.4491899359375 0.48584387968750004 0.4625098078125 0.4832289515625 0.47121942343749995 0.47538416874999995 0.47611934375000003 0.46100206562499996 0.4768370359375 0.4547262390625 0.474044478125 0.433981146875 0.46693304687500004 0.42177815 0.4523017171875 0.4073960484375 0.4460903390625 0.40478112031249996 0.4343715890625 0.40478112031249996 0.4288642171875 0.4073960484375 0.41970604375000004 0.41916322343749995 0.415879975 0.43136621875000003 0.419634675 0.45925878124999997 0.42674610625 0.47146177656250005 0.43250892656250006 0.4779990953125
0 0.316846703125 0.3079650359375 0.3200147328125 0.3314993890625 0.32532899375 0.3419590984375 0.33339694375 0.351111346875 0.3392204953125 0.3546875 0.3582447828125 0.3546875 0.368201190625 0.34849641875000004 0.3766553578125 0.3314993890625 0.3775524734375 0.3236546046875 0.3747364484375 0.3027351828125 0.36401136875 0.28835308125000003 0.349283484375 0.28050829843749997 0.337564734375 0.28050829843749997 0.330456240625 0.2857381546875 0.3196969453125 0.30012025625 0.316846703125 0.3079650359375
0 0.2475531359375 0.3024761109375 0.2502102671875 0.30770596562499997 0.25597308750000003 0.314243284375 0.26076756562500003 0.3171875 0.27906906875000004 0.3171875 0.279762590625 0.3168582125 0.2878647546875 0.2972462546875 0.2861047390625 0.2841716171875 0.2807904765625 0.27371190625 0.272722528125 0.26455965937500003 0.26651115000000003 0.26194473125 0.255144403125 0.26455965937500003 0.24998903437500003 0.2697895140625 0.2450891140625 0.2841716171875 0.2475531359375 0.3024761109375
0 0.4522582046875 0.5187935828125 0.4497599671875 0.52925329375 0.4532799984375 0.5554025703125001 0.4643570796875 0.5723996 0.4660472390625 0.5734375 0.49224322656249997 0.5734375 0.4936539546875 0.5723996 0.5021081234375 0.5554025703125001 0.5030052390625 0.5475577875 0.5012452234375 0.53448315 0.49823608906250005 0.526638365625 0.48520588125 0.5096413359375 0.480947628125 0.5070264078125 0.46692375 0.50441148125 0.461416378125 0.5070264078125 0.4522582046875 0.5187935828125
0 0.518131528125 0.525 0.5287283453125 0.5231856921875 0.5385752453125 0.5071038875 0.53417520625 0.47441729062500004 0.5295973375 0.46434981875 0.5261396453125 0.46042742812500004 0.5043032671875001 0.4578125 0.4952416484375 0.4630423546875 0.48998972500000004 0.4748095296875 0.489092609375 0.48265431249999996 0.491908634375 0.503573734375 0.5049388421875001 0.5205707640624999 0.5121515875 0.525 0.518131528125 0.525
0 0.276487021875 0.24174279843750002 0.2785990390625 0.2574323640625 0.289676121875 0.27442939375000003 0.30248120312500004 0.28125 0.31686755 0.28125 0.3284831734375 0.26527714687500004 0.3309814125 0.25481743749999997 0.32851739062499996 0.23651294531249997 0.32550825625 0.228668159375 0.31708830468750004 0.2169009859375 0.3066186734375 0.21167112968750001 0.2929467984375 0.21167112968750001 0.2874394265625 0.2142860578125 0.2773841375 0.23389801562499998 0.276487021875 0.24174279843750002
0 0.3641627203125 0.2843992125 0.3673557953125 0.268219346875 0.3652353140625 0.2524669203125 0.351166728125 0.238637975 0.343354228125 0.238637975 0.336245734375 0.2438678328125 0.3322429296875 0.25040515 0.33134581406249997 0.258249934375 0.3357629609375 0.276554428125 0.339220653125 0.28047681875 0.359400328125 0.2875 0.36226410625 0.2875 0.3641627203125 0.2843992125
0 0.384447403125 0.324092846875 0.39296390937500003 0.3293227015625 0.410542034375 0.3293227015625 0.417650528125 0.324092846875 0.4216533328125 0.317555528125 0.42415157031249995 0.3070958171875 0.42168754843749995 0.2887913234375 0.41070702031249995 0.2652569734375 0.4049442 0.2587196546875 0.39642769375000003 0.2534897984375 0.38275581875000003 0.2534897984375 0.3720930796875 0.2613345828125 0.3680902734375 0.2678719015625 0.3655920359375 0.2783316125 0.3687600640625 0.3018659609375 0.3740743265625 0.312325671875 0.384447403125 0.324092846875
0 0.20512670000000002 0.16721655468750002 0.201572453125 0.1698314828125 0.16910145625 0.22605242812499998 0.167307225 0.24174199375 0.170316359375 0.2495867765625 0.1780323046875 0.256124096875 0.2160045796875 0.2770435171875 0.23588783281249998 0.2796584453125 0.2531139546875 0.2770435171875 0.25862132656250003 0.274428590625 0.265826375 0.262661415625 0.26707549375 0.257431559375 0.2616023375 0.2312822828125 0.25753719375 0.2155927171875 0.24956580156250002 0.1999031515625 0.22926820625 0.1724464109375 0.21293920000000002 0.16721655468750002 0.20512670000000002 0.16721655468750002
0 0.2279422921875 0.12632360625 0.2254782703125 0.10801911093750001 0.21670631562499998 0.093637009375 0.20608508125 0.0859375 0.18035688125 0.0859375 0.1693827578125 0.09755940156250001 0.1650902890625 0.123708678125 0.1684514265625 0.1341683890625 0.1760708171875 0.1472430265625 0.18378676249999998 0.153780346875 0.1896530640625 0.15625 0.2060376109375 0.15625 0.21308363749999998 0.153780346875 0.2254440546875 0.13678331562499998 0.2279422921875 0.12632360625
0 0.24945317500000003 0.178028153125 0.2602748078125 0.18587293437500002 0.2739466828125 0.18587293437500002 0.2814071796875 0.18325800625 0.288515675 0.178028153125 0.2983625734375 0.161946346875 0.2961405546875 0.1454396140625 0.2854784171875 0.119192278125 0.2688939625 0.1048101765625 0.254870084375 0.10219524843750001 0.243855340625 0.107425103125 0.23514572500000003 0.1152698875 0.23149492343750003 0.1244221359375 0.2305978078125 0.1322669171875 0.2334138328125 0.1531863390625 0.23908009687499998 0.1662609765625 0.24945317500000003 0.178028153125
0 0.3341888375 0.184375 0.3391252890625 0.18074315624999998 0.34312809375 0.17420583750000002 0.344533353125 0.16832225 0.341441325 0.14535248750000002 0.33048410625 0.13105953125 0.326225853125 0.128444603125 0.312553978125 0.128444603125 0.3054454828125 0.1336744578125 0.30144267812500003 0.1402117765625 0.29894444062500003 0.15067148749999998 0.30070445625 0.1637461265625 0.30371359062500003 0.171590909375 0.3184553265625 0.184375 0.3341888375 0.184375
0 0.3842093765625 0.2483277375 0.3909658671875 0.24048295468749997 0.396217790625 0.22871577968749998 0.3970251953125 0.221655475 0.3939275671875 0.1986441109375 0.390585740625 0.18687693593750002 0.376306415625 0.17510976250000002 0.356775165625 0.17510976250000002 0.34806554843750004 0.1829545453125 0.341212503125 0.19733664687500002 0.3450845375 0.22610085156249998 0.350046796875 0.233945634375 0.36432612343750004 0.245712809375 0.3705375015625 0.2483277375 0.3842093765625 0.2483277375
0 0.23687458281249998 0.084375 0.2404202546875 0.0811814 0.24602418125 0.0720291515625 0.2467736515625 0.0688912390625 0.24304241875 0.04117300625 0.238791009375 0.0328052375 0.2307230609375 0.023652990625000002 0.2163471796875 0.018423135937499998 0.2065815546875 0.018423135937499998 0.1975199359375 0.023652990625000002 0.1893542140625 0.036989121874999996 0.19301504687499998 0.0641843703125 0.197548059375 0.07464408125000001 0.21097156093749997 0.084375 0.23687458281249998 0.084375
0 0.152872721875 0.0021159265625 0.158890990625 0.0178054921875 0.1646538109375 0.0243428109375 0.1783389296875 0.0359375 0.191015165625 0.0359375 0.19891294531249998 0.0321875953125 0.20451687187499998 0.0230353484375 0.20461055625000002 0.022643109375 0.20168079374999998 0.0008787703125000001 0.152872721875 0.0021159265625
0 0.2229793609375 0 0.21072392343750002 0.0049425359375 0.208322240625 0.0088649265625 0.20971659687500002 0.0125 0.2185868234375 0.0125 0.24842591718749998 0.0115213109375 0.24824237968750001 0.010157864062499999 0.2396687953125 0.0023276078124999998 0.2341399015625 0 0.2229793609375 0
0 0.2879578046875 0.048379390625000004 0.277584728125 0.036612215625 0.2739415578125 0.034375 0.2555170765625 0.034375 0.2501444234375 0.043149534375 0.2481055 0.0555704421875 0.2506991234375 0.07483770468749999 0.26349241874999996 0.09152569687499999 0.2687759234375 0.09375 0.28565133593750003 0.09375 0.2928858484375 0.084988378125 0.2947595265625 0.07714359531250001 0.2919435015625 0.056224173437500004 0.2879578046875 0.048379390625000004
0 0.30109772968750004 0 0.28722673125 0.004861828125 0.2777165546875 0.014014075 0.270766953125 0.034933496875 0.27396085000000003 0.0515625 0.34245917812500004 0.0515625 0.3436075796875 0.0453714171875 0.3426601046875 0.0383329015625 0.34072745000000004 0.03231856875 0.32929836562500003 0.012706610937500001 0.31617160312500003 0.0022469 0.3041214546875 0 0.30109772968750004 0
0 0.355595346875 0.122817665625 0.3682112125 0.1149728828125 0.3722140171875 0.1084355625 0.3747122546875 0.09797585156250001 0.3751608125 0.0940534609375 0.37181678281249997 0.069211646875 0.36783108593749997 0.061366864062500005 0.35745801093749996 0.049599690625 0.348941503125 0.044369834375 0.337222753125 0.044369834375 0.33011426093749996 0.049599690625 0.32095608593749997 0.061366864062500005 0.323950315625 0.0966683875 0.32451352031249997 0.10085227187500001 0.3369612125 0.1149728828125 0.355595346875 0.122817665625
0 0.3389828078125 0 0.3388893046875 0.0063307078125 0.345004128125 0.015482953125 0.36227916875 0.025 0.3691778 0.025 0.382113503125 0.015482953125 0.3856759984375 0.009664740625 0.384375 0 0.3389828078125 0
0 0.38548860937499996 0.0875 0.40629179375 0.0875 0.408878903125 0.086271628125 0.41746283125000005 0.060082121875000005 0.41433541875 0.0368494953125 0.4077947703125 0.0274357546875 0.39386744687499997 0.0182835078125 0.38570294375 0.0156685796875 0.371133953125 0.023513362500000003 0.3655300265625 0.032665609375 0.3637057265625 0.043779053125 0.3665041515625 0.064567728125 0.3688569484375 0.071889525 0.37923002499999997 0.0836567 0.38548860937499996 0.0875
0 0.38789246093749996 0.188633134375 0.4076905421875 0.19375 0.408618865625 0.19375 0.41949446406249996 0.1912480609375 0.4246498328125 0.18601820625 0.42830063437500004 0.176865959375 0.4284255453125 0.1763429734375 0.4247295140625 0.1488862328125 0.421419465625 0.140256971875 0.4064361328125 0.1232599421875 0.3959665015625 0.1180300859375 0.3803415015625 0.1180300859375 0.3732330078125 0.1232599421875 0.367981084375 0.1350271171875 0.366731965625 0.140256971875 0.36989999375 0.16379132031250002 0.372909128125 0.17163610468749999 0.38789246093749996 0.188633134375
0 0.40022529999999995 0.21532153906249998 0.3996801875 0.22578125 0.40880414531250003 0.2427782796875 0.41293097031250003 0.2453125 0.42873681562500005 0.2453125 0.43224989375 0.23957499375000002 0.429140534375 0.2164764671875 0.4215144125 0.20625 0.40771571093750003 0.20625 0.40022529999999995 0.21532153906249998
0 0.454427340625 0.292603953125 0.46063871875 0.29521888125 0.47040434375 0.29521888125 0.47946596250000006 0.2899890265625 0.48987325468750004 0.272991996875 0.4918718453125 0.2646242296875 0.48814061249999996 0.23690599375 0.48654633281250004 0.2337680796875 0.4738681296875 0.2193859796875 0.46144537343750003 0.214156125 0.4500786265625 0.2167710515625 0.43976788750000007 0.2272307609375 0.43576508281250004 0.2337680796875 0.43543801562500006 0.24004390781249998 0.4398028546875 0.2724690125 0.4440542640625 0.2808367796875 0.454427340625 0.292603953125
0 0.4262437140625 0.351656121875 0.42534659843749995 0.3595009046875 0.42976374531249995 0.3778053984375 0.4497644796875 0.3984375 0.46519686250000003 0.3984375 0.470137703125 0.394802428125 0.47734275156250006 0.383035253125 0.4782398671875 0.375190471875 0.47647985156250006 0.36211583125 0.4685084578125 0.346426265625 0.460440509375 0.33727401874999996 0.449970878125 0.3320441625 0.440205253125 0.3320441625 0.433096759375 0.33727401874999996 0.4262437140625 0.351656121875
0 0.48430032343749996 0.365625 0.502967371875 0.365625 0.508619065625 0.361466940625 0.5154721109375 0.347084840625 0.5130080890625 0.3287803453125 0.5099989546875 0.3209355640625 0.501579003125 0.3091683890625 0.49306249687500003 0.30393853125 0.47939062187500003 0.30393853125 0.472282128125 0.3091683890625 0.46667820156250006 0.31832063437499997 0.4661330890625 0.3287803453125 0.4685971109375 0.347084840625 0.47621650156250006 0.36015947656249997 0.48430032343749996 0.365625
0 0.495743928125 0.45625 0.524136578125 0.45625 0.5305213 0.44582257187499996 0.5333942734375 0.4337939046875 0.5294694375 0.4046374609375 0.5257863656249999 0.3961389453125 0.5154132890625001 0.384371771875 0.5068967828125001 0.379141915625 0.48931865781250006 0.379141915625 0.47375599687500003 0.4013688015625 0.47285888125 0.40921358437500005 0.47567490625 0.43013300625 0.48364630000000003 0.44582257187499996 0.4936673734375 0.45497481874999995 0.495743928125 0.45625
0 0.5197919343749999 0.635262784375 0.5271889437499999 0.640625 0.553519159375 0.640625 0.5572533125 0.6378777109375 0.5689097234375 0.6156508265625 0.569450559375 0.608786640625 0.5653179078125 0.5780863843749999 0.5498954625 0.554200025 0.5371207046875 0.5463552421875 0.5191905765625 0.543740315625 0.5120820828125 0.5489701703125001 0.504877034375 0.5607373453125 0.5007776734375 0.5738119828125 0.5002325609375 0.58427169375 0.5041045953125 0.6130358984375001 0.5094188578125001 0.623495609375 0.5197919343749999 0.635262784375
0 0.5599086671875 0.7098366484375 0.569668165625 0.71875 0.596001940625 0.71875 0.6027808625 0.7163739671875 0.6119390359375 0.7046067921875 0.61400008125 0.69597753125 0.608323053125 0.6538045578125 0.598432146875 0.6405410640625 0.589915640625 0.635311209375 0.5817511375 0.63269628125 0.5700323875 0.63269628125 0.564525015625 0.635311209375 0.557416521875 0.6405410640625 0.5489623546875 0.65753809375 0.5477132359375 0.66276795 0.5522892765625 0.6967620078125 0.5599086671875 0.7098366484375
0 0.667536003125 0.9546875 0.6586925359375 0.9597914515625 0.6514874875000001 0.9715586265624999 0.655904634375 0.9898631203124999 0.6634631765625 0.9984375 0.6876069593749999 0.9984375 0.6909100265625 0.9887424359375 0.6877168546875 0.96502130625 0.684883721875 0.9584839875 0.6683039953125001 0.9546875 0.667536003125 0.9546875
0 0.7262823625 0.9983277375 0.7438604875 0.9983277375 0.7493678593750001 0.9957128109375001 0.7601271546875 0.9813307078125 0.7629000265625 0.9663820375000001 0.758268253125 0.9319739484375 0.7569933437499999 0.9290321546874999 0.7535356515625 0.9251097625 0.6949419015625 0.9251097625 0.690939096875 0.9316470828125001 0.6891448640625 0.9473366484374999 0.6909048796875 0.9604112875 0.6935620109375 0.9656411421875 0.7011814015625 0.97871578125 0.71581273125 0.9930978828124999 0.7262823625 0.9983277375
0 0.6179990953125001 0.8620714421875 0.6117535015625 0.8882207187500001 0.6145695265625 0.909140140625 0.6228929234375 0.927444634375 0.6312060374999999 0.9390625 0.660840575 0.9390625 0.6767798625 0.9287520984375 0.6870906 0.9182923875 0.6990990140625 0.8986804296875001 0.6927287421874999 0.8803759359375001 0.6685248968749999 0.8529191953125 0.6553981359375001 0.8424594843750001 0.6491867578125 0.8398445578124999 0.6394211328125 0.8398445578124999 0.6252041453125 0.8503042687500001 0.6179990953125001 0.8620714421875
0 0.6143613375 0.81147016875 0.63600460625 0.8271597359375 0.64046035625 0.828125 0.6492304109375 0.828125 0.662122709375 0.8097119749999999 0.65629173125 0.766395353125 0.656052846875 0.765708934375 0.6476328953125 0.7539417609375 0.6329050109375001 0.7460969765625001 0.6172800109375001 0.7460969765625001 0.6066172703125 0.7539417609375 0.602614465625 0.7604790796875001 0.600820234375 0.7761686453125 0.602228246875 0.7866283578125 0.6082465140625 0.8023179218750001 0.6143613375 0.81147016875
0 0.629954525 0.746305203125 0.6445858546875 0.76068730625 0.645180153125 0.7609375 0.668272040625 0.7609375 0.6770849734375 0.7554574515625 0.682336896875 0.7436902765625 0.684835134375 0.733230565625 0.6865249828125 0.7008054625 0.6844657656249999 0.6855081359375 0.6813493187499999 0.6783170843749999 0.6778916265625 0.6743946937499999 0.6523421078125 0.6587051265625 0.6402713546875 0.6560901984374999 0.6273034859375 0.6613200546875 0.624901803125 0.6652424453125 0.6158059687499999 0.69923650625 0.616316865625 0.717541 0.619678003125 0.7280007109375 0.629954525 0.746305203125
0 0.7445913984375 0.8927621390624999 0.7458405171875 0.8875322828125001 0.7437284984375 0.8718427171875 0.7407193640624999 0.8639979343749999 0.7264788609374999 0.85 0.7118939921874999 0.85 0.705307665625 0.8548456874999999 0.6991586265625 0.8744576453124999 0.7012706453125 0.8901472109374999 0.7039277765625 0.8953770656250001 0.711995725 0.9045293125 0.7198866359375 0.909375 0.722469103125 0.909375 0.7338321031249999 0.907144240625 0.740940596875 0.9019143859375 0.7445913984375 0.8927621390624999
0 0.7246935421875 0.8515625 0.7267095125 0.8506053093749999 0.73335416875 0.8397533578124999 0.728760528125 0.8056285515624999 0.7270333921875001 0.8022291453125 0.7189654437499999 0.7930768984375 0.706190684375 0.7852321156250001 0.6967770625 0.7878470421875 0.6856657640625 0.7996142171875 0.6835195296875 0.81268885625 0.6859835515625 0.83099335 0.69670863125 0.8453754515625 0.705243471875 0.8515625 0.7246935421875 0.8515625
0 0.7670938390625001 0.9619891203125001 0.78688435 0.971875 0.806176884375 0.971875 0.8159219640625001 0.9619891203125001 0.8211738875 0.9502219453125 0.82392436875 0.9322050953125001 0.8180071953124999 0.8882481609375 0.8109657984374999 0.8743890437499999 0.80555498125 0.8704666515625 0.77680321875 0.860006940625 0.76313134375 0.860006940625 0.75602285 0.8652367968749999 0.7488178015625 0.8770039703125001 0.7422202046875 0.9005383203124999 0.7446842265625 0.9188428140625 0.754415634375 0.94760701875 0.7670938390625001 0.9619891203125001
0 0.7645971406250001 0.8701704546875 0.7736587593750001 0.8649405984375 0.7792626859375 0.8557883515625001 0.779980378125 0.849512525 0.777868359375 0.8338229593750001 0.7730855234375 0.8244092203125 0.767322703125 0.8178719015624999 0.758806196875 0.8126420453125001 0.749040571875 0.8126420453125001 0.741932078125 0.8178719015624999 0.7357199718749999 0.8341135078124999 0.73807448125 0.8516044671874999 0.7428573171874999 0.8610182078124999 0.7587377656250001 0.8701704546875 0.7645971406250001 0.8701704546875
0 0.790867675 0.97226441875 0.7961819375 0.9827241296875 0.8065550140625 0.9944913046874999 0.8170246453125 0.9997211593750001 0.8228840203125 0.9997211593750001 0.8429603828125 0.9892614484375001 0.84821230625 0.977494275 0.8491094218749999 0.969649490625 0.8469008484374999 0.9604972437500001 0.788724771875 0.9596538406249999 0.790867675 0.97226441875
0 0.8610681937500001 0.99267416875 0.8635162734374999 0.996875 0.925858165625 0.996875 0.926160425 0.995245515625 0.924265475 0.9811684875 0.9237613031249999 0.9795995312500001 0.915789909375 0.9639099640625 0.9077219609375 0.9547577171875 0.896900328125 0.946912934375 0.892642075 0.9442980078125001 0.87506395 0.9442980078125001 0.869556578125 0.946912934375 0.8623515296875001 0.9586801093749999 0.858956175 0.9769846031249999 0.8610681937500001 0.99267416875
0 0.8424256140624999 0.92890625 0.8487867093749999 0.9328125 0.8682249515624999 0.9328125 0.878030421875 0.9249838578125 0.8817777781249999 0.9092942921875 0.879665759375 0.893604725 0.874351496875 0.883145015625 0.8639784203125 0.871377840625 0.8535087890625 0.866147984375 0.8417900390625 0.866147984375 0.8343295421875 0.8687629125 0.8258753750000001 0.8857599421875 0.824978259375 0.893604725 0.826738275 0.9066793640625 0.8320525375000001 0.917139075 0.8424256140624999 0.92890625
0 0.8109614374999999 0.8625 0.8297843109375 0.8625 0.8387684906249999 0.8509563874999999 0.841266728125 0.8404966765624999 0.839154709375 0.8248071093749999 0.8338404468749999 0.8143473984374999 0.8188571140625 0.7973503671875 0.8126457359374999 0.794735440625 0.7989738609375 0.794735440625 0.7866134437500001 0.8117324703125 0.78411520625 0.8221921828125 0.785875221875 0.8352668187500001 0.78888435625 0.8431116031249999 0.8015625609375 0.8574937046875 0.8109614374999999 0.8625
0 0.8415637578125 0.7853919171875 0.8436248046875001 0.7767626546875 0.8405447765625 0.7538820375 0.8385888390625 0.748782928125 0.8328260203125 0.7422456093750001 0.8164970140625 0.7370157546875 0.8014794640625 0.748782928125 0.800230346875 0.754012784375 0.8030463703124999 0.77493220625 0.81377145 0.7893143078125 0.8184502703125001 0.7921875 0.8345024109375 0.7921875 0.8415637578125 0.7853919171875
0 0.798631709375 0.7559207140625 0.7961911546875 0.7377905484375 0.7951283015625 0.7356986062499999 0.784755225 0.72393143125 0.776942725 0.72393143125 0.7698342312500001 0.7291612875 0.7658314265625 0.7356986062499999 0.7689994546875 0.7592329546875 0.780605359375 0.7703125 0.7900727921875 0.7703125 0.792692403125 0.7683852015625 0.798631709375 0.7559207140625
0 0.7058221 0.7846703921875 0.71433860625 0.789900246875 0.7263585671875 0.79375 0.742309090625 0.79375 0.7510959781250001 0.7872853156249999 0.7570519078125 0.7807479984375 0.7647055140625 0.7650584328125001 0.7664997453125 0.7493688656249999 0.7640357234375 0.7310643703124999 0.7567683374999999 0.7206046625 0.7355736265624999 0.70099270625 0.7251039953125 0.6957628484375 0.7098309984375 0.698377775 0.6975671359375 0.7088374859375 0.68911296875 0.7258345171875 0.6873187359374999 0.7415240812499999 0.6894307562499999 0.7572136515625 0.6977541515625 0.7755181453125 0.7058221 0.7846703921875
0 0.7930514015625 0.721720846875 0.7964879640625 0.7234375 0.8239212281249999 0.7234375 0.8262545265625001 0.721720846875 0.8328029921875 0.7079779484375 0.8299713234375 0.686942309375 0.8272824140624999 0.678574540625 0.8211675906250001 0.6694222937500001 0.8083928312499999 0.661577509375 0.79667408125 0.661577509375 0.7895655875 0.6668073640625 0.7807594171875001 0.68118946875 0.780041725 0.6874652953125 0.78218894375 0.703416353125 0.7872885828125 0.7151835296875 0.7930514015625 0.721720846875
0 0.8898622953125 0.8068488500000001 0.8873982734375 0.78854435625 0.87667319375 0.7741622546875 0.85714194375 0.7741622546875 0.8499368953124999 0.7859294296875 0.8500957890624999 0.8016189953125 0.8554100515625 0.81207870625 0.8611728718749999 0.8186160250000001 0.8664799171875 0.821875 0.8801807265624999 0.821875 0.8846103718749999 0.8186160250000001 0.8898622953125 0.8068488500000001
0 0.8770049468750001 0.8832693046875001 0.8896831515624999 0.8976514078125 0.8960521296874999 0.9015625 0.9166021421874999 0.9015625 0.9193320296874999 0.9002663359374999 0.9296427671874999 0.889806625 0.93278245625 0.8819356921875 0.9277875312500001 0.8448298671875 0.923403265625 0.83620060625 0.9107250609375 0.8218185046875 0.9022085546874999 0.8165886499999999 0.8885366796874999 0.8165886499999999 0.8743196921875 0.8270483593750001 0.8703168874999999 0.83358568125 0.86781865 0.844045390625 0.8669215343750001 0.8518901734375 0.86868155 0.8649648109375001 0.8770049468750001 0.8832693046875001
0 0.8745031015625001 0.75625 0.8780156609375 0.75366574375 0.8866786796874999 0.7367692875 0.883761115625 0.7150955609375 0.8806446687499999 0.7079045093749999 0.8725767203125001 0.6987522609375 0.8640602156250001 0.6935224078125 0.8503883406250001 0.6935224078125 0.8432798453125001 0.6987522609375 0.8367788031250001 0.7157492921874999 0.837641703125 0.7366687125 0.8426039624999999 0.744513496875 0.8548980374999999 0.75625 0.8745031015625001 0.75625
0 0.7673728125 0.6876614140624999 0.7758269796875 0.670664384375 0.777758590625 0.6588972125 0.7746492296875 0.6357986828125 0.7675377984375 0.6235956859375 0.7506013406250001 0.60659865625 0.7474891390625 0.6046875 0.7258552609375 0.6046875 0.71970334375 0.6092135843750001 0.7108971734375 0.6235956859375 0.708648759375 0.6330094265625 0.712098390625 0.65863571875 0.7221954890625 0.6785091671875 0.7364748156250001 0.69027634375 0.7410144890625 0.6921875 0.7583659546875 0.6921875 0.7638185656250001 0.69027634375 0.7673728125 0.6876614140624999
0 0.6482143625 0.6527069359375 0.660892565625 0.6670890375 0.6743918234375 0.6734375 0.687978709375 0.6734375 0.69444769375 0.6697039640625 0.7100103546875001 0.647477078125 0.71238368125 0.6375403562499999 0.7097084578125 0.617666903125 0.706683434375 0.608253165625 0.7013691718749999 0.5977934546875 0.6906440921875 0.5834113515625 0.6778693328125 0.57556656875 0.6606432109375 0.578181496875 0.6499804703125001 0.5860262781250001 0.6408222968749999 0.5977934546875 0.637880390625 0.6180155609375 0.6381267937499999 0.6198460109374999 0.6482143625 0.6527069359375
0 0.6379463375000001 0.6185054562500001 0.63442630625 0.5923561765625001 0.631417171875 0.5845113937499999 0.6132315953125 0.5727442218750001 0.5995597203125 0.5727442218750001 0.5960054734375 0.575359146875 0.58755130625 0.5923561765625001 0.5910713375000001 0.6185054562500001 0.5963856 0.628965165625 0.6034634703124999 0.634375 0.6300529703125 0.634375 0.6379463375000001 0.6185054562500001
0 0.55173048125 0.5584008578125 0.5543876125 0.5636307140625 0.5647606890625 0.5753978859375 0.5702200890625 0.578125 0.59097394375 0.578125 0.5995649359375 0.5727829609375 0.603567740625 0.5662456390624999 0.604657965625 0.54532621875 0.59828769375 0.527021725 0.5879146171875 0.51525455 0.5774449859375 0.5100246937499999 0.5676793609375 0.5100246937499999 0.5566646171875 0.51525455 0.548562453125 0.534866509375 0.55173048125 0.5584008578125
0 0.6245250703125 0.5699477015625 0.6421031953125 0.5699477015625 0.6476105671875 0.5673327734375 0.6561443203125 0.5563679078125 0.650234553125 0.5124659874999999 0.6427167390624999 0.5019595812500001 0.6342002328125 0.4967297265625 0.6240826046875 0.4941147984375 0.6127158578125 0.4967297265625 0.603557684375 0.5084969015625 0.601059446875 0.5189566125 0.6008663375000001 0.53203125 0.6075886125000001 0.552950671875 0.6202668171875 0.5673327734375 0.6245250703125 0.5699477015625
0 0.663260515625 0.5453915921875 0.6732815890625 0.5545438390624999 0.6810458125000001 0.5578125 0.698868075 0.5578125 0.7045315890625 0.5545438390624999 0.7117366374999999 0.5427766671875001 0.7139850515624999 0.533362925 0.7115562296875 0.5153199265625 0.706456590625 0.50355275 0.6980366390625 0.4917855765625 0.6852618796875001 0.48394079218749997 0.6696368796875001 0.48394079218749997 0.6589741390625 0.4917855765625 0.6533702124999999 0.5009378234375 0.6526525203125 0.50721365 0.653567728125 0.5140124625 0.657946253125 0.5349318828125 0.663260515625 0.5453915921875
0 0.7378494843750001 0.594571259375 0.7341785953125 0.5673012984375 0.7269750703125 0.5591296484375 0.7207636921875 0.5565147203125 0.7109980671875 0.5565147203125 0.7074438203125 0.5591296484375 0.6982856468749999 0.5708968234375 0.7050079218749999 0.5918162437500001 0.7168539265625 0.603125 0.7296759625 0.603125 0.7361613671875 0.5983535640625 0.7378494843750001 0.594571259375
0 0.77410393125 0.571875 0.7771667250000001 0.56962164375 0.7859728953125 0.5552395406249999 0.7865560203124999 0.5501404296875 0.7837047953125 0.5289595171875 0.7817488578125 0.523860409375 0.7759860375 0.5173230890625 0.7609061500000001 0.5068633765625 0.7433280250000001 0.5068633765625 0.7293664859375 0.5264753359375 0.7284693703125 0.5343201203125 0.7302293859375 0.5473947578125 0.7355436484375 0.55785446875 0.74980714375 0.571875 0.77410393125 0.571875
0 0.777600878125 0.6328125 0.7943777015625 0.6328125 0.7982753046875 0.62994495625 0.80192610625 0.6207927093750001 0.80247121875 0.6103329984375 0.79715695625 0.5998732890625 0.7867838796875 0.5881061140625 0.7727600015625 0.5854911859375 0.763601828125 0.5972583609375001 0.762352709375 0.6024882171875 0.764112725 0.6155628546874999 0.777600878125 0.6328125
0 0.8459364109375 0.6626267109375 0.8486220156250001 0.651382521875 0.8453131875000001 0.6268022015625 0.8449146171875 0.6260177234375 0.832588415625 0.6142505484375 0.8244239125 0.6116356203125 0.81145604375 0.6168654765625 0.8046029984375 0.631247578125 0.8074190234374999 0.652167 0.8100761546875 0.6573968546875 0.8200364609375 0.6671875 0.8411972562500001 0.6671875 0.8459364109375 0.6626267109375
0 0.82716763125 0.5543937234375 0.8167957859375001 0.546875 0.798600696875 0.546875 0.7887125828125 0.5661608984375001 0.7915286078125 0.5870803203125 0.804558815625 0.6040773500000001 0.8162107531249999 0.60625 0.81984453125 0.60625 0.826043190625 0.6040773500000001 0.8364504828125 0.5870803203125 0.8366435921875001 0.57400568125 0.8336344578125001 0.5661608984375001 0.82716763125 0.5543937234375
0 0.68736798125 0.399472975 0.6817640546875 0.40862522187500006 0.6780166984375 0.4243147890625 0.6771195828125001 0.4321595703125 0.6799356078125001 0.45307899375 0.6829447421875 0.4609237765625 0.6882590046875 0.4713834875 0.7009372093749999 0.48576559062499997 0.716017096875 0.4962253 0.7175603640625 0.496875 0.7376009734375 0.496875 0.74691509375 0.4936103734375 0.7544721453125 0.4844581265625 0.7614217453125 0.46353870312499995 0.7611039578125001 0.4321595703125 0.7557896953125 0.42169986093749995 0.7455131734375 0.4033953671875 0.737445225 0.3942431203125 0.718811090625 0.3863983359375 0.69963184375 0.38901326406250003 0.68736798125 0.399472975
0 0.6125217015625 0.47461179531250003 0.6151788328125 0.4798416515625 0.6277386234375 0.4921875 0.649649021875 0.4921875 0.6560979031249999 0.48637896875 0.6629509484375 0.471996865625 0.6634960609375 0.46153715625 0.6594309171875 0.44584758906250005 0.6487058375 0.43146548749999997 0.63628308125 0.42623563124999997 0.62456433125 0.42623563124999997 0.619056959375 0.4288505609375 0.6090016703125001 0.44846251718749996 0.6125217015625 0.47461179531250003
0 0.5568443921874999 0.50625 0.579739353125 0.50625 0.588251996875 0.4999870859375 0.5954570453125 0.48821991093749995 0.5974244078125001 0.47998288906250003 0.5929539687500001 0.44677330781249996 0.5887689859374999 0.43853628593750005 0.5760907828125 0.424154184375 0.5675742765625 0.41892432812499997 0.5421836515625 0.41892432812499997 0.53337748125 0.43330643125 0.5310381359375 0.45945570625 0.5331501546874999 0.47514527187500005 0.5437786796874999 0.49606469375 0.5495415 0.5026020140624999 0.5568443921874999 0.50625
0 0.6149205390625 0.434375 0.626580234375 0.417996475 0.6207798734375001 0.3749073015625 0.6160887578125 0.368351303125 0.5967506171875 0.35527666406249997 0.5850318671875 0.35527666406249997 0.5795244953124999 0.3578915921875 0.567164078125 0.374888621875 0.5662669625000001 0.3827334046875 0.570138996875 0.411497609375 0.572796128125 0.416727465625 0.5883528984375 0.434375 0.6149205390625 0.434375
0 0.5646906453125 0.375 0.5738345140625001 0.362777259375 0.5706678390625 0.33925296875 0.5689407046875 0.3358535640625 0.5566145031249999 0.3240863890625 0.5468488781249999 0.3240863890625 0.54134150625 0.326701315625 0.5341364578125 0.338468490625 0.5316382203125001 0.34892820156250004 0.53499935625 0.3593879109375 0.5399616171875 0.36723269687500004 0.5484662734375 0.375 0.5646906453125 0.375
0 0.558140340625 0.312569409375 0.577733928125 0.33479629375000003 0.5819921828125 0.337411221875 0.5888259046875 0.340625 0.6198398015625 0.340625 0.6230078078125 0.337411221875 0.6330630968750001 0.3177992640625 0.633096890625 0.315511203125 0.6303380656249999 0.2950167078125 0.6261819281250001 0.2811902765625 0.6205345703125 0.2739123328125 0.6175065281250001 0.2602708546875 0.6090865765625 0.24850368125000002 0.6005700703125 0.243273825 0.5741234359375 0.2354290421875 0.5526048453125 0.264193246875 0.5473529218750001 0.275960421875 0.54786381875 0.294264915625 0.558140340625 0.312569409375
0 0.5169610015625 0.3140625 0.5423974390625 0.3140625 0.5432651578125001 0.3134241015625 0.5469750984374999 0.3025347953125 0.5427384890625 0.2710622734375 0.5423399203125 0.2702777953125 0.534271971875 0.2611255484375 0.52806059375 0.2585106203125 0.516693846875 0.2611255484375 0.5095853531250001 0.266355403125 0.5055825484375001 0.2728927234375 0.5037883171875001 0.2885822890625 0.5075014578125 0.301656928125 0.5159214078125001 0.3134241015625 0.5169610015625 0.3140625
0 0.512047446875 0.234588871875 0.5201153953125 0.24374111874999999 0.5318658875 0.25 0.5417369953125 0.25 0.546210028125 0.24897097656249997 0.5601715671874999 0.22935901875 0.562103178125 0.21759184375 0.559322353125 0.196933915625 0.5545395171874999 0.187520175 0.54647156875 0.1783679265625 0.5336968093750001 0.17052314531249999 0.5239311843750001 0.17052314531249999 0.514869565625 0.175753 0.5048142765625 0.19536495781250002 0.5035162703125 0.21183900156250002 0.504044275 0.21576139218749998 0.5067331859374999 0.2241291640625 0.512047446875 0.234588871875
0 0.6214825046875 0.23208613125 0.6227275734375 0.2268732328125 0.6199081234375 0.20592837656250002 0.609542521875 0.1941696796875 0.60333114375 0.1915547515625 0.5923491249999999 0.1931115890625 0.585230884375 0.207185778125 0.585553384375 0.22260034375 0.5895951562499999 0.2303076328125 0.5940422 0.23862345000000001 0.599846040625 0.2421875 0.613620796875 0.2421875 0.6214825046875 0.23208613125
0 0.6460855078125001 0.41925441875 0.6570142328124999 0.4296875 0.6748535765625 0.4296875 0.6828428796875 0.41663949375 0.6834708609375 0.4111481453125 0.6800212296875 0.385521853125 0.6779148359375 0.3800305046875 0.672152015625 0.3734931859375 0.6636355093749999 0.36826332968750003 0.6538698843749999 0.36826332968750003 0.6483625125 0.3708782578125 0.6395563421875 0.3852603609375 0.6377320421875 0.39637380312500003 0.63852405 0.402257390625 0.6411232484375 0.4114096390625 0.6460855078125001 0.41925441875
0 0.646039178125 0.33040418437499997 0.6379712296875 0.3212519375 0.624553321875 0.31875 0.6237093796875001 0.31875 0.6184399796875 0.3212519375 0.612836053125 0.33040418437499997 0.611586934375 0.3356340390625 0.615106965625 0.3617833171875 0.6231749140625 0.3709355640625 0.6272491687499999 0.3734375 0.641189571875 0.3734375 0.6518643375 0.35916838906250004 0.651353440625 0.3408638953125 0.646039178125 0.33040418437499997
0 0.6777469421875 0.378125 0.694493184375 0.378125 0.698266753125 0.3763332921875 0.7090260484375001 0.3619511890625 0.7115242859375 0.351491478125 0.7120470937500001 0.3448561 0.7086194625 0.3193932421875 0.6873546562499999 0.2952705328125 0.681143278125 0.29265560625 0.657705778125 0.29265560625 0.6501487265625 0.301807853125 0.6472984859375 0.3096526359375 0.6467533734375001 0.320112346875 0.6488653921875 0.3358019125 0.6555876671875 0.35672133437500003 0.666312746875 0.3711034359375 0.6777469421875 0.378125
0 0.691646496875 0.2847139734375 0.7163673312500001 0.25071991250000003 0.72357238125 0.2389527390625 0.7244694968750001 0.23110795468749998 0.72189543125 0.20822608125 0.7199061171875 0.1971678015625 0.7208263703125 0.18912541875 0.731135525 0.1500451953125 0.7283195 0.129125775 0.7179464234374999 0.11735860000000001 0.7064055328125 0.1125 0.69662329375 0.1125 0.6591487078125 0.11406315625 0.647898478125 0.11975985 0.6386150171875 0.1177492546875 0.6272633187500001 0.11339295468749999 0.6218406890625 0.1125 0.61898911875 0.1125 0.6069703015625 0.1199735296875 0.60456861875 0.12389591874999999 0.6033195 0.129125775 0.606135525 0.1500451953125 0.6257572375 0.223263171875 0.6519765453125 0.272946796875 0.666959878125 0.289943828125 0.68066854375 0.2921875 0.6833490656250001 0.2921875 0.691646496875 0.2847139734375
0 0.585057040625 0.15306043593750002 0.6033049562499999 0.1870544953125 0.6078298359375001 0.1921875 0.623219740625 0.1921875 0.6298481453125 0.188361959375 0.6363491875 0.1713649296875 0.635838290625 0.15306043593750002 0.632477153125 0.142600725 0.6221040765625 0.13083355000000002 0.6135875703125 0.12560369531249999 0.5960094453125 0.12560369531249999 0.586851271875 0.13737086874999999 0.5843530343750001 0.1478305796875 0.585057040625 0.15306043593750002
0 0.5457528953125 0.17302911875 0.5582534140625001 0.1796875 0.5688388718749999 0.1796875 0.5773548984375 0.175644046875 0.5833108296875 0.1691067296875 0.5854570625 0.1560320890625 0.5853617265625 0.14661835 0.584094515625 0.1372046125 0.5792799015625001 0.1246529578125 0.5666016968750001 0.1102708546875 0.5541789406250001 0.1050410015625 0.5483195656250001 0.1050410015625 0.54281219375 0.107655928125 0.5320528984374999 0.1220380296875 0.5303359109375 0.132497740625 0.5325887296875 0.149233278125 0.537684946875 0.163876871875 0.5457528953125 0.17302911875
0 0.5198699859375 0.1421875 0.521762675 0.14026746406249999 0.5273666015625 0.13111521875 0.528220634375 0.12839133593750002 0.5235272609375 0.09352563281250001 0.51401860625 0.08273905625 0.507807228125 0.080124128125 0.498041603125 0.080124128125 0.48933198750000007 0.0879689109375 0.4824789421875 0.1023510140625 0.48158182656250004 0.110195796875 0.4826378359375 0.1180405796875 0.48830410156250004 0.13111521875 0.5010718984375 0.1421875 0.5198699859375 0.1421875
0 0.5904061703125 0.1125 0.5915238234375 0.1125 0.6021678484375 0.11005133281249999 0.6092763437500001 0.1048214796875 0.6148802703125 0.095669234375 0.6178523046875 0.0861901203125 0.614094671875 0.05827576875 0.6135064734375 0.056445317187499996 0.595866009375 0.0342184328125 0.58184213125 0.03160350625 0.564070896875 0.044678143749999996 0.5584669703125 0.053830390625 0.5563207359375 0.066905028125 0.5577287484375 0.0773647390625 0.5660521453125 0.095669234375 0.5783783453125 0.10743640624999999 0.5904061703125 0.1125
0 0.49665919843750006 0.07674651406250001 0.5232466640625 0.096875 0.538636209375 0.096875 0.546446778125 0.0911286140625 0.5520507046875001 0.08197636875 0.5554460578125 0.063671875 0.5536860421875 0.0505972375 0.5476677734375001 0.0349076703125 0.5326844421875 0.017910640624999998 0.5264730640625 0.0152957125 0.5128011890625 0.0152957125 0.500185321875 0.023140495312500002 0.49458139531249995 0.0322927421875 0.4920831578125 0.042752453125 0.49118604218749995 0.0505972375 0.4936500640625 0.0689017296875 0.49665919843750006 0.07674651406250001
0 0.482454603125 0.08475916875 0.484627665625 0.0715210953125 0.47915548281250003 0.0308698671875 0.47631165624999994 0.02461583125 0.4682437078125 0.015463584375 0.45387947500000003 0.0078125 0.43767577187500006 0.0078125 0.4291812078125 0.015463584375 0.42197615937500005 0.027230759375000003 0.41697968437500005 0.04815018125 0.41944370624999994 0.06645467499999999 0.425461975 0.082144240625 0.4381401796875 0.0965263421875 0.4482220453125 0.1015625 0.4664512125 0.1015625 0.4768506765625 0.09391141562500001 0.482454603125 0.08475916875
0 0.46429573125 0 0.463641446875 0.00106856875 0.47135739218749995 0.0076058875 0.475559659375 0.009375 0.490753040625 0.009375 0.4983491390625 0.004990959375 0.5016461875 0.0006216890625 0.5015625 0 0.46429573125 0
0 0.41287284218750003 0 0.40064683125 0.010427428125 0.40134649062500005 0.015625 0.43022832656250004 0.015625 0.4292114640625 0.0080710203125 0.42075700937500005 0 0.41287284218750003 0
0 0.5693115546875 0.00018159375 0.569567003125 0.009333840625000001 0.5872074671874999 0.0315607265625 0.6106300078125 0.0390625 0.6300979828125 0.0390625 0.648458346875 0.036790579687500005 0.6555668421874999 0.0315607265625 0.6693931078124999 0.0163848078125 0.6672119453125 0.00018159375 0.5693115546875 0.00018159375
0 0.6486497421874999 0.1296875 0.6634718015625001 0.1296875 0.669086034375 0.12872627187500002 0.679748775 0.1208814890625 0.6833995765624999 0.11172924375 0.683579 0.1101602859375 0.6797773671875 0.08191906875 0.67155615 0.0672754734375 0.661535075 0.058123225 0.651417446875 0.055508296874999995 0.6198777828125001 0.0751202546875 0.6193326703124999 0.085579965625 0.6210926859375 0.09865460312499999 0.6241018203124999 0.1064993859375 0.637132028125 0.12349641874999999 0.645648534375 0.12872627187500002 0.6486497421874999 0.1296875
0 0.7023759484375 0.059726885937499995 0.7076278734375 0.0479597109375 0.7088769921875 0.042729856249999996 0.7067649734375 0.0270402890625 0.7018027140624999 0.01919550625 0.69408676875 0.012658187500000001 0.67650864375 0.012658187500000001 0.672954396875 0.0152731140625 0.6677024734375 0.0270402890625 0.67016649375 0.0453447828125 0.67548075625 0.055804493749999996 0.6831967015625 0.0623418125 0.6988217015625 0.0623418125 0.7023759484375 0.059726885937499995
0 0.7459597765625 0.043983246875 0.733633575 0.0322160734375 0.7199617 0.0322160734375 0.7131086546875001 0.046598175 0.7155726765625 0.06490266875 0.7261497046875001 0.075 0.7425931984374999 0.075 0.7487758015625 0.06490266875 0.7459597765625 0.043983246875
0 0.7552822984375 0.00042855937500000003 0.7503823781250001 0.014810660937500001 0.749837265625 0.025270371874999996 0.75165729375 0.0328125 0.8028544875 0.0328125 0.7995952 0.0086002078125 0.7923916734375 0.00042855937500000003 0.7552822984375 0.00042855937500000003
0 0.76702381875 0.1014365953125 0.7755403249999999 0.10666645 0.7817517031250001 0.10928137812500001 0.7915173281250001 0.10928137812500001 0.7970246999999999 0.10666645 0.80413319375 0.1014365953125 0.8125873609375001 0.084439565625 0.81274435625 0.083066728125 0.8110600218749999 0.0705543 0.798790809375 0.039985796875 0.7930279875 0.033448475 0.7845114828125 0.028218621875 0.7669333578125 0.028218621875 0.7614259859375 0.030833549999999998 0.753868934375 0.039985796875 0.7497695734375001 0.053060434375 0.7532896046875 0.0792097109375 0.7562987390625 0.0870544921875 0.76702381875 0.1014365953125
0 0.8402618546875 0.0828125 0.8493830156250001 0.07848172812500001 0.8517846984374999 0.0745593375 0.8543244281250001 0.0553396171875 0.85046119375 0.0266407859375 0.834371559375 0.0104936078125 0.820699684375 0.0104936078125 0.811638065625 0.0157234625 0.8024798921875 0.027490637499999998 0.8003336578125 0.0405652765625 0.8031496828125 0.061484696875 0.8084639453125 0.0719444078125 0.8119216375 0.0758668 0.8249615734375 0.0828125 0.8402618546875 0.0828125
0 0.849699496875 0.009375 0.849181440625 0.0055265125 0.83733080625 0.0005375140625 0.822057809375 0.0031524421875 0.8190952906250001 0.009375 0.849699496875 0.009375
0 0.754574809375 0.1152363921875 0.7466915984375 0.0925845796875 0.73206026875 0.0782024796875 0.724300784375 0.0734375 0.709240021875 0.0734375 0.706317640625 0.0755875515625 0.6875185203124999 0.13180849687500001 0.6919356671875 0.150112990625 0.702660746875 0.16449509375 0.716515865625 0.171875 0.737551746875 0.171875 0.747582621875 0.16449509375 0.7551396734375 0.1553428453125 0.7577956375 0.1391629828125 0.754574809375 0.1152363921875
0 0.796443178125 0.14188404062499999 0.7860701015625 0.130116865625 0.77773759375 0.125 0.77149844375 0.125 0.7626326015625 0.130116865625 0.756131559375 0.14711389531250002 0.75859558125 0.1654183890625 0.763557840625 0.173263171875 0.7711404234375 0.1796875 0.7890054890625 0.1796875 0.7924061578125 0.1771855640625 0.799259203125 0.1628034609375 0.800508321875 0.15757360625 0.796443178125 0.14188404062499999
0 0.8507311703125 0.1515625 0.8512138453125001 0.1512073859375 0.8596680140625 0.1342103578125 0.859831546875 0.13107244375 0.857613928125 0.11459839999999999 0.8564999859375 0.1106760078125 0.8515377265625 0.102831225 0.84382178125 0.0962939046875 0.82038428125 0.0962939046875 0.8096249859375 0.1106760078125 0.8108398890625 0.1342103578125 0.81349701875 0.1394402109375 0.8189078359374999 0.1433626046875 0.841447796875 0.1515625 0.8507311703125 0.1515625
0 0.8133522234375 0.2170769328125 0.8221264265625001 0.2234375 0.8494070109375 0.2234375 0.8555204125 0.2183844 0.8592613531250001 0.20808811718750003 0.854114775 0.16985569843749998 0.8397083953125 0.1517037421875 0.8331450140625 0.1464738859375 0.8210742609375 0.1438589578125 0.8116606390625 0.1464738859375 0.7993967765625001 0.156933596875 0.795745975 0.1660858421875 0.79449685625 0.17131570000000002 0.7976648843749999 0.1948500484375 0.802979146875 0.205309759375 0.8133522234375 0.2170769328125
0 0.7554786250000001 0.277561659375 0.7742070546875001 0.2890625 0.7931686421874999 0.2890625 0.799503384375 0.28540644375 0.8134649234375001 0.2657944875 0.8147452703125 0.260433884375 0.80880081875 0.216274290625 0.8087299890624999 0.2161108578125 0.7910895265625 0.19388397500000001 0.7783147671874999 0.18603919062500002 0.7607366421874999 0.18603919062500002 0.7497218984375 0.1912690484375 0.74251685 0.203036221875 0.7389283859375 0.23441535156249999 0.7420964140625 0.2579497 0.7447535453125 0.2631795578125 0.7554786250000001 0.277561659375
0 0.87321440625 0.342573284375 0.8797210140624999 0.3453125 0.8927430578125 0.3453125 0.893097659375 0.3451882109375 0.89665190625 0.342573284375 0.9061713078125001 0.324421325 0.9019194046875001 0.292835178125 0.8899015078125 0.270662771875 0.87952843125 0.2588955984375 0.8690588 0.25366574218750004 0.863199425 0.25366574218750004 0.850583559375 0.261510525 0.8430265078125 0.270662771875 0.8405282703125 0.28112248281249996 0.8467054328125 0.312501615625 0.8493625640625 0.31773146875 0.87321440625 0.342573284375
0 0.833792890625 0.340625 0.8352277609375 0.3400463265625 0.8408316875 0.330894078125 0.8427591421875 0.3176451125 0.8401777859375 0.29846897656250004 0.8371527625 0.2890552359375 0.8267796859375001 0.2772880625 0.8127558078125 0.274673134375 0.7992428265625 0.2903626984375 0.795592025 0.2995149453125 0.798760053125 0.323049296875 0.8014171843750001 0.3282791515625 0.8094851328124999 0.33743139843750003 0.814685721875 0.340625 0.833792890625 0.340625
0 0.7228193796875 0.3653925609375 0.7331924562500001 0.37715973593749996 0.736206265625 0.378125 0.74503671875 0.378125 0.776354315625 0.3640850953125 0.7781067 0.3596920171875 0.773858021875 0.328129840625 0.7718748296875 0.32355371875 0.758844621875 0.3065566890625 0.7460698625 0.29871190312499996 0.737905359375 0.2960969765625 0.726186609375 0.2960969765625 0.719078115625 0.30132683125000004 0.7154273140625 0.31047907812500003 0.7153930984375 0.339243284375 0.7175051171875 0.3549328484375 0.7228193796875 0.3653925609375
0 0.8197634984375 0.3441422390625 0.8158834031250001 0.3370819359375 0.8050617687500001 0.329237153125 0.79334301875 0.329237153125 0.7857859671874999 0.3383894 0.7832877296875 0.348849109375 0.7861037546875 0.36976853125 0.796224971875 0.38125 0.81462380625 0.38125 0.8232131296875 0.36976853125 0.8197634984375 0.3441422390625
0 0.764149921875 0.440625 0.77986835625 0.440625 0.786168140625 0.43698912187500005 0.7932130765625 0.42548343749999995 0.7924078703124999 0.41950179375 0.7717641359375 0.3807681765625 0.76830644375 0.376845784375 0.75658769375 0.376845784375 0.751080321875 0.3794607125 0.7454763953125 0.388612959375 0.7421942203125 0.4063073015625 0.7434203640625 0.415415965625 0.7488033171875 0.427836875 0.756871265625 0.43698912187500005 0.764149921875 0.440625
0 0.8341592234374999 0.42206547031249997 0.823786146875 0.4102982953125 0.8104548015624999 0.4078125 0.8096718546874999 0.4078125 0.7941996078125 0.429910253125 0.7933024921875 0.43775503593750004 0.7993207609375 0.453444603125 0.8054355843750001 0.46259685 0.816079084375 0.4703125 0.8223242640624999 0.4703125 0.8347324593750001 0.46259685 0.8415855046875 0.448214746875 0.8398254890624999 0.435140109375 0.8341592234374999 0.42206547031249997
0 0.786533246875 0.5203125 0.8130511437499999 0.5203125 0.8135168859374999 0.5200913625 0.8198575124999999 0.507343590625 0.813961459375 0.4635435515625 0.8047168093750001 0.4547181703125 0.794247178125 0.449488315625 0.77897418125 0.4521032421875 0.7718656875 0.4573330984375 0.7646606390625 0.4691002734375 0.7637635234375 0.47694505625000005 0.7662275453125 0.49524955000000004 0.7715418078125 0.5057092609375 0.7819148828125 0.517476434375 0.786533246875 0.5203125
0 0.851469675 0.46142820156250003 0.854478809375 0.46927298593750005 0.857135940625 0.47450284062500003 0.8732006453125001 0.490625 0.8895868625000001 0.490625 0.8932516453125 0.4888849421875 0.9003601390625 0.4836550875 0.9075651875 0.4718879125 0.9081483125 0.46678880312500004 0.9052970874999999 0.445607890625 0.9033411499999999 0.44050878125 0.90068401875 0.435278925 0.8860526906249999 0.4208968234375 0.8798413125 0.41828189531250004 0.8681225625 0.41828189531250004 0.8626151906249999 0.4208968234375 0.8574598203124999 0.426126678125 0.8506067749999999 0.44050878125 0.8493576562499999 0.44573863593749996 0.851469675 0.46142820156250003
0 0.87204583125 0.395919075 0.8667469265625 0.356555075 0.8666804984375001 0.356424328125 0.860917678125 0.349887009375 0.8426286234375 0.3421875 0.832401840625 0.3421875 0.8241603062499999 0.3525019359375 0.8201575015625 0.35903925625 0.8203163953124999 0.374728821875 0.8320009296875 0.4034930265625 0.839716875 0.4100303453125 0.8492724140625001 0.4125 0.8502489734375 0.4125 0.8647554968750001 0.40741541718749996 0.8699108656250001 0.4021855625 0.87204583125 0.395919075
0 0.8522884062499999 0.559375 0.8572110453124999 0.55703770625 0.8701566359375 0.53278040625 0.8685604296875 0.5209226499999999 0.8465543984374999 0.4851271953125 0.8392753078125 0.48125 0.8293296390625 0.48125 0.823917459375 0.48381973125 0.8131581625000001 0.4982018328125 0.8106599250000001 0.50866154375 0.8105054375 0.5191212546874999 0.8112094437499999 0.5243511109375001 0.81417995625 0.5348108218750001 0.821799346875 0.547885459375 0.8318204203124999 0.55703770625 0.83737231875 0.559375 0.8522884062499999 0.559375
0 0.9300843921874999 0.5601013671875 0.9285368343749999 0.548605025 0.92113930625 0.538266721875 0.9103176718749999 0.5304219390625 0.9005520468749999 0.5304219390625 0.895044675 0.533036865625 0.8881916296875 0.54741896875 0.89216021875 0.5696458546875001 0.9034347234375 0.578125 0.9221246828125 0.578125 0.9281170296875001 0.5683383921875 0.9300843921874999 0.5601013671875
0 0.9527300078125001 0.6438129531250001 0.9567328125 0.6372756328125 0.9573261437499999 0.6347914515624999 0.952244978125 0.5970449703125 0.9368214359374999 0.5836696156250001 0.9211964359374999 0.5836696156250001 0.9140879421875001 0.5888994703125 0.9082909062500001 0.61112635625 0.910050921875 0.6242009953125 0.9153651843749999 0.6346607046875 0.9280433890625 0.6490428078125 0.9303170578125 0.65 0.9427800875000001 0.65 0.9527300078125001 0.6438129531250001
0 0.8773647656250001 0.621875 0.8807413000000001 0.61939081875 0.88396748125 0.6121624125 0.8797406499999999 0.580762525 0.8704989937500001 0.5723221203125 0.8642876156250001 0.56970719375 0.8529208687500001 0.5723221203125 0.849366621875 0.5749370484375 0.8441146984375001 0.5867042234375 0.8435695859375001 0.5971639343749999 0.8469307234375 0.6076236453125 0.8495878546875 0.6128535 0.8594657703124999 0.621875 0.8773647656250001 0.621875
0 0.86158641875 0.6925563343750001 0.8671039781250001 0.6953125 0.8890901984375 0.6953125 0.896390665625 0.68994140625 0.9046911218749999 0.6732534140624999 0.9028191046874999 0.6593467515625 0.8951134234375001 0.644180171875 0.8850923500000001 0.6350279249999999 0.8703644671875 0.6271831421875 0.8664582171875 0.6271831421875 0.8538423500000001 0.6350279249999999 0.8482384234375001 0.644180171875 0.8461995015625 0.656601078125 0.8481179187500001 0.670852434375 0.8558235984375001 0.6860190140625 0.86158641875 0.6925563343750001
0 0.9113412734375 0.722655440625 0.9139984046875 0.7278852984374999 0.9220663531250001 0.7370375453125 0.93554161875 0.7453125 0.95541949375 0.7453125 0.9563254875 0.7448823296875 0.9718881484375 0.722655440625 0.9706732453125 0.69912109375 0.9600447203125 0.6782016734375 0.94185914375 0.6664344984375 0.924633021875 0.6690494265625 0.917524528125 0.6742792828125 0.9103194796875 0.6860464546875 0.9078212421874999 0.696506165625 0.9113412734375 0.722655440625
0 0.8869750015625 0.7853999875000001 0.8922892640625 0.795859696875 0.9003572125 0.8050119453125 0.9049177484375001 0.8078125 0.9315682593749999 0.8078125 0.9319592140624999 0.807626871875 0.9411173890625 0.795859696875 0.9456635953125 0.780300878125 0.9438155781249999 0.7665725078125 0.9420487203125001 0.759250709375 0.9367344578125 0.7487909984375001 0.924056253125 0.734408896875 0.915539746875 0.7291790421875 0.897961621875 0.7291790421875 0.8924542499999999 0.73179396875 0.8820469578125 0.7487909984375001 0.8807978390625 0.7540208546875 0.8839658671875 0.777555203125 0.8869750015625 0.7853999875000001
0 1 0.9169809375 0.9999792421875 0.916826734375 0.9970087296875001 0.906367025 0.9870842109375 0.8906774578125001 0.9701477531249999 0.873680428125 0.963936375 0.8710654999999999 0.944405125 0.8710654999999999 0.930540140625 0.8841401390625 0.9252882171874999 0.8959073140625 0.924570525 0.9021831406249999 0.92816095625 0.9288554015624999 0.9335773984375001 0.9429760125 0.9385396578125 0.9508207953125 0.9508658593750001 0.9625879703125 0.9546772812500001 0.965625 0.9810329109374999 0.965625 0.9915294812500001 0.9599730421875 1 0.9434520390625 1 0.9169809375
0 0.9813147078125001 0.9704008453125 0.9704930734375001 0.9625560625 0.9379939546875 0.9677859171875 0.9336391468749999 0.9717083093750001 0.9295397875000001 0.984782946875 0.929498584375 0.9984375 0.9890901062499999 0.9984375 0.986325603125 0.9779008078125001 0.9813147078125001 0.9704008453125
0 0.45868361875 0.21395273750000002 0.471458378125 0.2217975203125 0.483177128125 0.2217975203125 0.497394115625 0.21133780937500002 0.502646040625 0.1995706359375 0.504792275 0.18649599687500001 0.50268025625 0.17080643125 0.49169972812499996 0.14727208125 0.4816786546875 0.138119834375 0.47120902343750004 0.1328899796875 0.46144339843750004 0.1328899796875 0.4507806578125 0.1407347625 0.443575609375 0.15250193750000002 0.44018025625 0.17080643125 0.44264427812499996 0.18911092499999999 0.4456534125 0.1969557078125 0.45868361875 0.21395273750000002