0 0.7852522885659022 0.6718463090283041 0.1333265320925044 0.15710215605360817
0 0.90932556820118 0.6788189925751337 0.11921621797778244 0.15077091096933426
0 0.8728938396683326 0.8676951402140014 0.06602634992375016 0.08474770472226431
0 0.7039457775479855 0.7745122458947834 0.11284794165514782 0.14145777393045816
0 0.16723029359989533 0.6033982316532357 0.06107080224138892 0.08159429735014054
0 0.3200305981207982 0.48395840612487895 0.07014138696784729 0.07696020320973318
0 0.46393641375652706 0.8809430113146813 0.08699801251389765 0.11318619189029917
0 0.4377441217721524 0.5291805234149299 0.16735491012000878 0.20114184613916528
0 0.6814557945498259 0.6329560049699697 0.09500127906499997 0.11303746748058252
0 0.4870310344818396 0.7615299359827165 0.0838094508806293 0.11463228677469761
0 0.49866147834541613 0.6311111829576544 0.10596394508653226 0.12257261994925486
0 0.8955209073913537 0.49980820344571814 0.11093093929243522 0.1304129591739361
0 0.7937336697404508 0.844575281900941 0.09514674942972227 0.11928746748058253
0 0.03593162110656224 0.6557505511314682 0.07186324221312448 0.10199883723582168
0 0.2990595622172563 0.7135550025340829 0.08707764827090295 0.12080281124285683
0 0.27030139542350645 0.5727436501729507 0.088483231382639 0.10987496974937905
0 0.6470470398001732 0.49992533635205894 0.13062649666312948 0.17114704348289145
0 0.4210254811952077 0.7103578005422929 0.09663424127291247 0.11607390158966205
0 0.5365277670987496 0.481311170857406 0.09635937466720498 0.11265479654477702
0 0.5408625896683326 0.8657634389095827 0.07447511946681437 0.1037396053125473
0 0.3847768970390271 0.8242248578220812 0.08886955538763468 0.12227788164682138
0 0.6160632646302077 0.8240077309658647 0.0823354335815365 0.11003448896050294
0 0.38690048186079784 0.9344083788993199 0.06604006942174064 0.08953229282482197
0 0.10623758900274252 0.6389857528286703 0.06953994690319454 0.09726645358786605
0 0.1040178595199646 0.80149484318775 0.06274695096382818 0.08648620020922024
0 0.7772241958603467 0.5467826765147468 0.08799243220429709 0.09717852095449402
0 0.2558414647620483 0.4554561562230749 0.07231726346382814 0.08654187865858276
0 0.6822863702535409 0.899403161585828 0.09624134329846364 0.11597397274989199
0 0.21043347331142304 0.6942868520665446 0.08372299620027786 0.10672269867214013
0 0.5674458863054508 0.730743544295777 0.086725418882639 0.1098647430954145
0 0.02246731169666529 0.7431460120020525 0.04493462339333058 0.1111943677541051
0 0.30260017667430483 0.8299976139704013 0.07410714256000439 0.10051524462021995
0 0.07362641717499953 0.5630045149289188 0.06919689106402352 0.09091766104298102
0 0.9287632863817006 0.8172320527817881 0.09481741308854197 0.1177232630382548
0 0.31588012025354095 0.8972714723816576 0.04678985174041239 0.05954153231075132
0 0.13579649601284663 0.7118238100102627 0.06925355212264765 0.08496176608786606
0 0.35371200104683975 0.6482390747427897 0.0771957749688239 0.09897092533837917
0 0.03534786498329719 0.8557278252337692 0.07069572996659439 0.13323299421753845
0 0.24182502441385342 0.8898084303253757 0.0578321535189497 0.07669330413198132
0 0.2315252636802771 0.7952044574527388 0.08386846656500006 0.11297269867214013
0 0.11683286293843709 0.4859016594445286 0.11251178639062079 0.1396006007381308
0 0.02055692360906234 0.44233294574527393 0.04111384721812468 0.12529032334310522
0 0.824999893904895 0.9447707246211529 0.07121812364618947 0.0896600608892733
0 0.07591234973631883 0.7333533763652372 0.05648095849138894 0.08156759442034414
0 0.8967476073357631 0.9506576311388152 0.058136568792491516 0.08138194042686635
0 0.20881968797656203 0.5286300358097659 0.07703658510611114 0.08793633723582168
0 0.8549848667381592 0.5964604896482675 0.06086834421285161 0.06450558989502539
0 0.8584878071832632 0.7816621914436656 0.07051853742375017 0.08477383950461821
0 0.9699344534597911 0.7604326069383184 0.027084399220833433 0.09389487759783144
0 0.9717898538203814 0.6471468117587786 0.027293431218823726 0.09868060199527377
0 0.005476046089236972 0.5781931776930971 0.010952092178473944 0.08773344348875174
0 0.10592389200503398 0.8874550690854491 0.061606897606111176 0.08784656993991043
0 0.1947688396683326 0.8637499243734474 0.059608231465837755 0.08168343138850354
0 0.16377471922736048 0.7854340268327755 0.05316494698639325 0.06914763809962743
0 0.9694045105461452 0.9174820376564776 0.02089796085410143 0.09239424055895533
0 0.022430103344218546 0.5196948764634332 0.04486020668843709 0.06907611663198132