0 0.2109375 0.7936305531250001 0.2255859375 0.8106275828125 0.2470703125 0.8106275828125 0.2568359375 0.8080126546875 0.2734375 0.7884006968749999 0.2734375 0.77271113125 0.2666015625 0.763558884375 0.2529296875 0.7530991734375 0.2392578125 0.7504842453125 0.2216796875 0.7530991734375 0.208984375 0.7596364921875 0.20703125 0.7674812765625 0.20703125 0.7805559140625 0.208984375 0.7884006968749999 0.2109375 0.7936305531250001
0 0.2236328125 0.6694214875 0.2431640625 0.6877259812500001 0.2548828125 0.6929558375 0.2744140625 0.6929558375 0.2841796875 0.6877259812500001 0.30078125 0.66288416875 0.3046875 0.644579675 0.3046875 0.623660253125 0.302734375 0.6158154703125 0.2861328125 0.5935885843750001 0.2822265625 0.59097365625 0.2626953125 0.580513946875 0.2314453125 0.5883587296874999 0.220703125 0.60274083125 0.21484375 0.6158154703125 0.212890625 0.6288901078125 0.212890625 0.6498095296875 0.21484375 0.6576543125 0.2236328125 0.6694214875
0 0.1845703125 0.5935885843750001 0.1962890625 0.598818440625 0.2119140625 0.598818440625 0.2158203125 0.5962035125 0.224609375 0.5844363375 0.228515625 0.5713617 0.224609375 0.5582870609375 0.208984375 0.526907928125 0.2060546875 0.5229855375 0.1904296875 0.520370609375 0.1767578125 0.5282153921875 0.166015625 0.5425974953125 0.166015625 0.56613184375 0.16796875 0.5739766265624999 0.1845703125 0.5935885843750001
0 0.2275390625 0.5308303203125 0.2763671875 0.5726691625 0.2958984375 0.580513946875 0.3173828125 0.580513946875 0.3232421875 0.5778990187499999 0.333984375 0.563516915625 0.34375 0.5399825671875 0.34765625 0.51644821875 0.34765625 0.49291386875 0.341796875 0.477224303125 0.3251953125 0.44976756250000005 0.2626953125 0.423618284375 0.2470703125 0.4210033578125 0.2333984375 0.4262332125 0.2216796875 0.4366929234375 0.2109375 0.4510750265625 0.203125 0.4667645921875 0.201171875 0.474609375 0.201171875 0.4876840140625 0.2109375 0.5112183625 0.2275390625 0.5308303203125
0 0.337890625 0.4693795203125 0.3466796875 0.48114669374999997 0.3564453125 0.48899147656249997 0.3818359375 0.4968362609375 0.3935546875 0.4968362609375 0.4072265625 0.49160640468750005 0.4306640625 0.4706869828125 0.4453125 0.4510750265625 0.44921875 0.440615315625 0.447265625 0.39616154375 0.44140625 0.3726271953125 0.435546875 0.3543227015625 0.42578125 0.33601820781249997 0.4150390625 0.3242510328125 0.3994140625 0.31902117812499997 0.3447265625 0.3242510328125 0.328125 0.3543227015625 0.322265625 0.380471978125 0.3203125 0.398776471875 0.3203125 0.4275406765625 0.322265625 0.43538545937500006 0.337890625 0.4693795203125
0 0.3125 0.6759588062499999 0.3310546875 0.7008006203125 0.3466796875 0.7008006203125 0.3837890625 0.6877259812500001 0.390625 0.6811886625 0.39453125 0.6707289515625 0.396484375 0.6576543125 0.388671875 0.6288901078125 0.3740234375 0.6040482953125 0.3642578125 0.5962035125 0.3525390625 0.59097365625 0.3369140625 0.59097365625 0.3232421875 0.5962035125 0.3125 0.6079706875 0.306640625 0.621045325 0.306640625 0.6550393859375 0.30859375 0.6654990953125 0.3125 0.6759588062499999
0 0.3935546875 0.6066632234375 0.4072265625 0.6197378609374999 0.4345703125 0.6301975718749999 0.4482421875 0.6301975718749999 0.4638671875 0.6197378609374999 0.47265625 0.6079706875 0.484375 0.568746771875 0.486328125 0.5399825671875 0.482421875 0.5242930015625 0.4775390625 0.5151407546875 0.4599609375 0.4968362609375 0.4345703125 0.4968362609375 0.3935546875 0.5072959703125 0.3837890625 0.5125258265625 0.3759765625 0.520370609375 0.37109375 0.5321377843749999 0.369140625 0.5425974953125 0.37109375 0.56613184375 0.380859375 0.5896661937500001 0.3935546875 0.6066632234375
0 0.4951171875 0.7008006203125 0.5029296875 0.6981856921875 0.5107421875 0.6929558375 0.515625 0.6864185171875 0.521484375 0.6707289515625 0.521484375 0.641964746875 0.517578125 0.6158154703125 0.51171875 0.60274083125 0.5048828125 0.5935885843750001 0.4912109375 0.5935885843750001 0.4462890625 0.6328125 0.4375 0.644579675 0.43359375 0.6550393859375 0.431640625 0.6733438796875 0.4599609375 0.6981856921875 0.4697265625 0.7008006203125 0.4951171875 0.7008006203125
0 0.5576171875 0.6981856921875 0.5693359375 0.6903409093749999 0.578125 0.6759588062499999 0.578125 0.6550393859375 0.576171875 0.6498095296875 0.5595703125 0.6354274281250001 0.5458984375 0.6380423546875 0.5361328125 0.6432722109375 0.53125 0.6498095296875 0.529296875 0.6550393859375 0.529296875 0.678573734375 0.5458984375 0.6981856921875 0.5576171875 0.6981856921875
0 0.5263671875 0.6223527890625 0.5361328125 0.6249677171875 0.5498046875 0.6223527890625 0.560546875 0.6105856140625 0.56640625 0.5975109765625 0.568359375 0.5844363375 0.56640625 0.5713617 0.5595703125 0.556979596875 0.5498046875 0.5491348140625 0.5361328125 0.5491348140625 0.5224609375 0.556979596875 0.517578125 0.563516915625 0.509765625 0.587051265625 0.509765625 0.5922811203125 0.515625 0.6079706875 0.5263671875 0.6223527890625
0 0.484375 0.51644821875 0.5029296875 0.543904959375 0.5263671875 0.5517497421875001 0.5419921875 0.5465198859375 0.5498046875 0.54129003125 0.568359375 0.5138332906249999 0.578125 0.4798392296875 0.576171875 0.4615347359375 0.5703125 0.440615315625 0.5595703125 0.43146306875 0.5322265625 0.423618284375 0.5126953125 0.423618284375 0.5029296875 0.428848140625 0.494140625 0.440615315625 0.47265625 0.4798392296875 0.47265625 0.4876840140625 0.4765625 0.5007586515625 0.484375 0.51644821875
0 0.4619140625 0.40269886406250005 0.4833984375 0.4157735015625 0.4990234375 0.4157735015625 0.5244140625 0.405313790625 0.546875 0.3726271953125 0.552734375 0.35955255625000004 0.5546875 0.3517077734375 0.5546875 0.3334032796875 0.546875 0.307254003125 0.533203125 0.2837196546875 0.5146484375 0.25887784062499997 0.5107421875 0.2562629125 0.4912109375 0.2562629125 0.4814453125 0.25887784062499997 0.4677734375 0.26672262343750003 0.4541015625 0.277182334375 0.44140625 0.29679429218750003 0.4375 0.307254003125 0.4375 0.33601820781249997 0.453125 0.38308690625 0.4619140625 0.40269886406250005
0 0.578125 0.6132005421875 0.5869140625 0.6197378609374999 0.5927734375 0.6223527890625 0.6474609375 0.6249677171875 0.6767578125 0.617122934375 0.6904296875 0.6066632234375 0.7080078125 0.5883587296874999 0.716796875 0.5713617 0.71875 0.563516915625 0.71875 0.5399825671875 0.7109375 0.5190631453125001 0.6953125 0.49291386875 0.6806640625 0.4733019109375 0.6513671875 0.44976756250000005 0.6455078125 0.44715263437499997 0.6142578125 0.44715263437499997 0.5986328125 0.45499741718750003 0.591796875 0.4615347359375 0.572265625 0.4981437234375 0.5625 0.5295228562500001 0.5625 0.5582870609375 0.5703125 0.5975109765625 0.578125 0.6132005421875
0 0.6064453125 0.6929558375 0.6201171875 0.6929558375 0.6259765625 0.6903409093749999 0.640625 0.6733438796875 0.64453125 0.66288416875 0.64453125 0.6471946015625 0.642578125 0.63934981875 0.640625 0.6341199640624999 0.6298828125 0.6223527890625 0.5947265625 0.6249677171875 0.5859375 0.63934981875 0.583984375 0.6524244578125 0.58984375 0.6733438796875 0.6005859375 0.6903409093749999 0.6064453125 0.6929558375
0 0.5771484375 0.34517045468749996 0.5927734375 0.3425555265625 0.6103515625 0.33471074375 0.619140625 0.32294356875 0.625 0.30986893125 0.626953125 0.29679429218750003 0.626953125 0.2758748703125 0.619140625 0.25757037656250004 0.6025390625 0.23795841874999998 0.5810546875 0.23795841874999998 0.5751953125 0.24057334687499998 0.5625 0.25495545000000003 0.5546875 0.27325994374999996 0.548828125 0.2915644375 0.552734375 0.31771371406250004 0.5634765625 0.33471074375 0.5771484375 0.34517045468749996
0 0.5810546875 0.44715263437499997 0.5908203125 0.4523824890625 0.6025390625 0.4523824890625 0.6259765625 0.43930785156249996 0.634765625 0.4249257484375 0.638671875 0.4092361828125 0.638671875 0.3909316890625 0.634765625 0.37524212343749996 0.626953125 0.35955255625000004 0.6123046875 0.3425555265625 0.5947265625 0.3425555265625 0.5830078125 0.355630165625 0.564453125 0.380471978125 0.5625 0.385701834375 0.560546875 0.398776471875 0.560546875 0.41185111093750004 0.5625 0.41969589375 0.5810546875 0.44715263437499997
0 0.6728515625 0.465457128125 0.6904296875 0.48114669374999997 0.6962890625 0.483761621875 0.7099609375 0.483761621875 0.7177734375 0.4785317671875 0.73046875 0.4615347359375 0.75 0.4275406765625 0.75390625 0.4144660375 0.75390625 0.3935466171875 0.75 0.38308690625 0.7431640625 0.37393465937500003 0.7202353390625 0.3636508234375 0.6806640625 0.37131973125 0.6630859375 0.3791645140625 0.650390625 0.39616154375 0.6484375 0.4092361828125 0.650390625 0.43015560468749997 0.658203125 0.44846009843749995 0.6728515625 0.465457128125
0 0.6533203125 0.33471074375 0.6708984375 0.34517045468749996 0.6806640625 0.3399405984375 0.689453125 0.328173425 0.693359375 0.307254003125 0.69140625 0.2941793640625 0.6865234375 0.28502711718749996 0.6728515625 0.282412190625 0.6611328125 0.28502711718749996 0.6494140625 0.2928719015625 0.646484375 0.29679429218750003 0.646484375 0.31771371406250004 0.6484375 0.328173425 0.6533203125 0.33471074375
0 0.6474609375 0.2693375515625 0.6572265625 0.2797972625 0.6630859375 0.282412190625 0.6806640625 0.2797972625 0.7099609375 0.26149276875 0.728515625 0.2392658828125 0.740234375 0.215731534375 0.740234375 0.1948121125 0.736328125 0.179122546875 0.7255859375 0.16474044375000002 0.7177734375 0.15951058906249999 0.6962890625 0.15166580624999998 0.6787109375 0.15166580624999998 0.6669921875 0.15689566093750001 0.64453125 0.197427040625 0.640625 0.2314211 0.640625 0.2418808109375 0.64453125 0.2601853046875 0.6474609375 0.2693375515625
0 0.7158203125 0.6249677171875 0.7294921875 0.6354274281250001 0.7451171875 0.6354274281250001 0.7587890625 0.6249677171875 0.765625 0.6105856140625 0.7734375 0.5844363375 0.76953125 0.568746771875 0.7568359375 0.55436466875 0.7431640625 0.55436466875 0.7294921875 0.562209453125 0.7216796875 0.5674393078125 0.712890625 0.581821409375 0.70703125 0.5975109765625 0.70703125 0.6079706875 0.7109375 0.6184303984375 0.7158203125 0.6249677171875
0 0.7470703125 0.543904959375 0.7744140625 0.5674393078125 0.7861328125 0.5674393078125 0.8037109375 0.562209453125 0.83203125 0.5295228562500001 0.83984375 0.5112183625 0.84375 0.49552879687500007 0.84375 0.477224303125 0.83984375 0.4615347359375 0.828125 0.43277053125 0.8193359375 0.4210033578125 0.8134765625 0.4183884296875 0.8017578125 0.4157735015625 0.7861328125 0.4183884296875 0.7607421875 0.43407799531249996 0.748046875 0.4510750265625 0.73828125 0.471994446875 0.734375 0.4876840140625 0.734375 0.5138332906249999 0.736328125 0.5295228562500001 0.7470703125 0.543904959375
0 0.6787109375 0.6694214875 0.689453125 0.6576543125 0.69140625 0.63934981875 0.6875 0.6288901078125 0.6787109375 0.6197378609374999 0.6650390625 0.6223527890625 0.662109375 0.62627518125 0.65625 0.641964746875 0.65625 0.66288416875 0.6689453125 0.6720364156249999 0.6787109375 0.6694214875
0 0.7001953125 0.6981856921875 0.7177734375 0.6955707640625 0.7236328125 0.6929558375 0.732421875 0.6811886625 0.736328125 0.6707289515625 0.736328125 0.644579675 0.7314453125 0.6380423546875 0.7119140625 0.6249677171875 0.7060546875 0.6249677171875 0.69140625 0.641964746875 0.68359375 0.6681140234375 0.68359375 0.678573734375 0.6943359375 0.6955707640625 0.7001953125 0.6981856921875
0 0.7788844734375 0.703415546875 0.7886500984375 0.708645403125 0.8394313484374999 0.6903409093749999 0.8511500984374999 0.6798811984375 0.8677516609374999 0.6550393859375 0.8755641609374999 0.62627518125 0.8755641609374999 0.605355759375 0.8667750984374999 0.5883587296874999 0.8392696890625 0.57518411875 0.823473646875 0.57065350625 0.8003688484374999 0.5648243796875 0.7847438484375 0.5726691625 0.7759547859375 0.5844363375 0.7583766609375 0.6367348921875 0.7544704109375 0.6576543125 0.7603297859375 0.678573734375 0.7661891609375 0.6890334453125 0.7788844734375 0.703415546875
0 0.8857421875 0.6955707640625 0.8994140625 0.6955707640625 0.9130859375 0.6903409093749999 0.935546875 0.66288416875 0.9453125 0.641964746875 0.951171875 0.6158154703125 0.947265625 0.5975109765625 0.9345703125 0.5857438015625 0.9189453125 0.5752840906250001 0.9111328125 0.5752840906250001 0.8974609375 0.580513946875 0.8818359375 0.59097365625 0.876953125 0.6001259046875 0.8671875 0.6550393859375 0.869140625 0.6811886625 0.8759765625 0.6903409093749999 0.8857421875 0.6955707640625
0 0.9775390625 0.708645403125 0.994140625 0.6916483734375001 0.994140625 0.6733438796875 0.9921875 0.6654990953125 0.9853515625 0.6563468484375 0.9658203125 0.648502065625 0.95703125 0.66288416875 0.955078125 0.6707289515625 0.955078125 0.69949315625 0.9599609375 0.706030475 0.9775390625 0.708645403125
0 0.9853515625 0.6563468484375 0.9912109375 0.6589617765625 0.9990234375 0.6537319218750001 1 0.5347527125 0.9873046875 0.5282153921875 0.9794921875 0.5334452484375001 0.96484375 0.55305720625 0.953125 0.5792064828125 0.951171875 0.5948960484375 0.953125 0.62627518125 0.9658203125 0.6432722109375 0.9853515625 0.6563468484375
0 0.9462890625 0.5857438015625 0.951171875 0.5792064828125 0.953125 0.56613184375 0.9462890625 0.55436466875 0.9404296875 0.5517497421875001 0.9296875 0.5609019890625 0.927734375 0.568746771875 0.9345703125 0.5831288734375 0.9384765625 0.5857438015625 0.9462890625 0.5857438015625
0 0.8603515625 0.5831288734375 0.8701171875 0.5883587296874999 0.8798828125 0.5883587296874999 0.8935546875 0.580513946875 0.90234375 0.568746771875 0.91015625 0.54782735 0.91015625 0.5321377843749999 0.90625 0.5190631453125001 0.8935546875 0.50468104375 0.8857421875 0.50468104375 0.8701171875 0.5151407546875 0.8515625 0.5373676390625 0.849609375 0.545212421875 0.849609375 0.563516915625 0.8515625 0.5713617 0.8603515625 0.5831288734375
0 0.8818359375 0.5072959703125 0.890625 0.4850690859375 0.890625 0.474609375 0.8837890625 0.465457128125 0.8759765625 0.46022727343750003 0.869140625 0.4667645921875 0.86328125 0.4824541578125 0.86328125 0.4981437234375 0.8681640625 0.50468104375 0.8818359375 0.5072959703125
0 0.9111328125 0.49160640468750005 0.9267578125 0.48899147656249997 0.9384765625 0.48114669374999997 0.951171875 0.4615347359375 0.95703125 0.440615315625 0.95703125 0.43015560468749997 0.953125 0.4144660375 0.94921875 0.4066212546875 0.9462890625 0.40269886406250005 0.9287109375 0.392239153125 0.9111328125 0.392239153125 0.8955078125 0.4000839359375 0.884765625 0.43015560468749997 0.8828125 0.45368995312499993 0.88671875 0.4667645921875 0.9013671875 0.48637655 0.9111328125 0.49160640468750005
0 0.9501953125 0.55436466875 0.9560546875 0.55436466875 0.9677734375 0.5465198859375 0.98046875 0.526907928125 0.98046875 0.508603434375 0.9677734375 0.48899147656249997 0.9482421875 0.49160640468750005 0.9384765625 0.502066115625 0.935546875 0.508603434375 0.93359375 0.5242930015625 0.9375 0.545212421875 0.9404296875 0.5491348140625 0.9501953125 0.55436466875
0 0.8623046875 0.4419227796875 0.869140625 0.43277053125 0.875 0.4144660375 0.875 0.4066212546875 0.87109375 0.3935466171875 0.8603515625 0.3817794421875 0.8466796875 0.3817794421875 0.83203125 0.40400632812500004 0.828125 0.41969589375 0.8427734375 0.4419227796875 0.8505859375 0.44715263437499997 0.8623046875 0.4419227796875
0 0.7685546875 0.392239153125 0.7861328125 0.40269886406250005 0.8056640625 0.40269886406250005 0.8173828125 0.3974690078125 0.833984375 0.37785704999999997 0.837890625 0.367397340625 0.837890625 0.34386299062500003 0.833984375 0.328173425 0.8232421875 0.3111763953125 0.8115234375 0.3033316109375 0.7861328125 0.3033316109375 0.7822265625 0.30594653906249997 0.775390625 0.31509878593749996 0.76171875 0.3517077734375 0.759765625 0.35955255625000004 0.759765625 0.37524212343749996 0.76171875 0.380471978125 0.7685546875 0.392239153125
0 0.7236328125 0.3608600203125 0.7451171875 0.3608600203125 0.7568359375 0.3530152375 0.76953125 0.3334032796875 0.771484375 0.325558496875 0.771484375 0.29679429218750003 0.767578125 0.28633458125 0.7626953125 0.2797972625 0.7451171875 0.26672262343750003 0.7314453125 0.26672262343750003 0.7216796875 0.2719524796875 0.70703125 0.2941793640625 0.703125 0.328173425 0.70703125 0.34647791875 0.7177734375 0.35824509375 0.7236328125 0.3608600203125
0 0.7822265625 0.2797972625 0.7900390625 0.27456740625 0.80078125 0.25757037656250004 0.806640625 0.2392658828125 0.806640625 0.22619124531249998 0.802734375 0.21311660625 0.7900390625 0.1987345046875 0.7861328125 0.1961195765625 0.7744140625 0.1961195765625 0.7529296875 0.20657928750000001 0.740234375 0.23665095625000002 0.73828125 0.25495545000000003 0.7451171875 0.26672262343750003 0.7626953125 0.2797972625 0.7822265625 0.2797972625
0 0.7626953125 0.19350464843749998 0.7685546875 0.1908897203125 0.7822265625 0.1752001546875 0.7890625 0.16343297968749998 0.794921875 0.14251355937500002 0.796875 0.124209065625 0.791015625 0.10067471562500001 0.7763671875 0.0810627578125 0.7724609375 0.07844783125 0.7451171875 0.07583290312499999 0.7177734375 0.09152246875 0.7109375 0.10067471562500001 0.703125 0.1268239921875 0.701171875 0.1477434140625 0.7060546875 0.15428073281250002 0.7451171875 0.19350464843749998 0.7626953125 0.19350464843749998
0 0.8134765625 0.10198217968750001 0.8212890625 0.107212034375 0.8310546875 0.107212034375 0.8447265625 0.096752325 0.8515625 0.08498515 0.85546875 0.0719105109375 0.85546875 0.0588358734375 0.853515625 0.050991090625 0.8447265625 0.0313791328125 0.8291015625 0.0287642046875 0.8173828125 0.033994059375 0.8125 0.0405313796875 0.802734375 0.064065728125 0.802734375 0.07975529375 0.8046875 0.08760007812500001 0.8134765625 0.10198217968750001
0 0.828125 0.2026568953125 0.8369140625 0.2118091421875 0.8427734375 0.2144240703125 0.8642578125 0.2118091421875 0.8740234375 0.20396435937500002 0.884765625 0.18696732968750002 0.890625 0.1712777640625 0.892578125 0.155588196875 0.88671875 0.1346687765625 0.8681640625 0.11244189062500001 0.8623046875 0.10982696249999999 0.8486328125 0.10982696249999999 0.8203125 0.124209065625 0.818359375 0.14251355937500002 0.818359375 0.179122546875 0.822265625 0.192197184375 0.828125 0.2026568953125
0 0.9248046875 0.14643595 0.93359375 0.1320538484375 0.93359375 0.11113442656250001 0.931640625 0.10328964375000001 0.9267578125 0.094137396875 0.9189453125 0.088907540625 0.9052734375 0.088907540625 0.9013671875 0.09152246875 0.892578125 0.1085194984375 0.890625 0.13989863125 0.8994140625 0.15428073281250002 0.9130859375 0.15428073281250002 0.9248046875 0.14643595
0 0.9599609375 0.149050878125 0.9716796875 0.15166580624999998 0.9775390625 0.149050878125 0.986328125 0.13989863125 0.990234375 0.1268239921875 0.990234375 0.11113442656250001 0.986328125 0.10067471562500001 0.9775390625 0.088907540625 0.9736328125 0.0862926140625 0.9638671875 0.0862926140625 0.951171875 0.10590457187499999 0.94921875 0.1137493546875 0.94921875 0.1320538484375 0.9541015625 0.1438210234375 0.9599609375 0.149050878125
0 0.8916015625 0.243188275 0.9091796875 0.243188275 0.9150390625 0.24057334687499998 0.9208984375 0.2353434921875 0.9296875 0.2209613890625 0.931640625 0.21311660625 0.931640625 0.197427040625 0.9296875 0.18696732968750002 0.9150390625 0.167355371875 0.9072265625 0.16474044375000002 0.8955078125 0.16474044375000002 0.890625 0.1712777640625 0.875 0.2052718234375 0.87890625 0.228806171875 0.8837890625 0.23795841874999998 0.8916015625 0.243188275
0 0.8466796875 0.26149276875 0.8583984375 0.26149276875 0.865234375 0.25495545000000003 0.87109375 0.2392658828125 0.87109375 0.2314211 0.8623046875 0.2170389984375 0.8583984375 0.2144240703125 0.8505859375 0.2144240703125 0.8381413671875 0.22083181562499998 0.8330640734375001 0.2329134390625 0.833984375 0.2444957390625 0.8427734375 0.25887784062499997 0.8466796875 0.26149276875
0 0.8134765625 0.295486828125 0.8232421875 0.295486828125 0.8310546875 0.2902569734375 0.837890625 0.2811047265625 0.83984375 0.27325994374999996 0.83984375 0.25495545000000003 0.8291015625 0.23795841874999998 0.8212890625 0.2327285640625 0.8095703125 0.2327285640625 0.806640625 0.23665095625000002 0.798828125 0.2628002328125 0.798828125 0.2811047265625 0.8076171875 0.2928719015625 0.8134765625 0.295486828125
0 0.8857421875 0.3791645140625 0.8974609375 0.3843943703125 0.9423828125 0.3843943703125 0.953125 0.3726271953125 0.955078125 0.35955255625000004 0.953125 0.2837196546875 0.951171875 0.2784897984375 0.9326171875 0.2536479859375 0.9169921875 0.243188275 0.8896484375 0.245803203125 0.8779296875 0.2510330578125 0.861328125 0.2758748703125 0.85546875 0.2994092203125 0.85546875 0.325558496875 0.86328125 0.34386299062500003 0.8857421875 0.3791645140625
0 1 0.3647824125 0.9931640625 0.3530152375 0.9833984375 0.34778538281250004 0.9736328125 0.34778538281250004 0.9658203125 0.3530152375 0.958984375 0.3647824125 0.953125 0.380471978125 0.953125 0.3883167609375 0.955078125 0.39616154375 0.9619140625 0.40792871875000003 0.9658203125 0.410543646875 0.9853515625 0.410543646875 0.998046875 0.39616154375 1 0.3909316890625 1 0.3647824125
0 0.9609375 0.32294356875 0.9697265625 0.3294808890625 0.9912109375 0.3294808890625 0.9990234375 0.32686596093750003 1 0.247110665625 0.9853515625 0.243188275 0.9697265625 0.2510330578125 0.958984375 0.2628002328125 0.955078125 0.270645015625 0.955078125 0.29679429218750003 0.95703125 0.3124838578125 0.9609375 0.32294356875
0 0.9619140625 0.25887784062499997 0.9697265625 0.2510330578125 0.9765625 0.2392658828125 0.9765625 0.2209613890625 0.9736328125 0.2144240703125 0.9638671875 0.20657928750000001 0.94921875 0.21050167812499998 0.94140625 0.2314211 0.94140625 0.2418808109375 0.9521484375 0.25887784062499997 0.9619140625 0.25887784062499997
0 0.9833984375 0.46807205625000003 0.98828125 0.4615347359375 0.9921875 0.4510750265625 0.9921875 0.4275406765625 0.9853515625 0.4157735015625 0.9736328125 0.4183884296875 0.9658203125 0.423618284375 0.958984375 0.43277053125 0.955078125 0.45368995312499993 0.9638671875 0.46807205625000003 0.9755859375 0.4706869828125 0.9833984375 0.46807205625000003