0 0.36328125 0.67421875 0.07109375 0.0875
0 0.3109375 0.72578125 0.05234375 0.06015625
0 0.1140625 0.56640625 0.053125 0.0625
0 0.06796875 0.38203125 0.053125 0.0703125
0 0.21171875 0.425 0.06953125 0.0796875
0 0.953125 0.29609375 0.0375 0.0515625
0 0.36875 0.39609375 0.05703125 0.07421875
0 0.08984375 0.3046875 0.06484375 0.078125
0 0.24453125 0.21640625 0.09609375 0.13046875
0 0.92734375 0.33984375 0.03984375 0.0609375
0 0.471875 0.62109375 0.0375 0.046875
0 0.13359375 0.38984375 0.08671875 0.11484375
0 0.1578125 0.78828125 0.06875 0.090625
0 0.68984375 0.14296875 0.0625 0.08203125
0 0.7921875 0.26484375 0.0671875 0.11328125
0 0.48046875 0.2453125 0.03671875 0.04921875
0 0.2953125 0.4703125 0.0703125 0.09921875
0 0.18359375 0.54453125 0.07734375 0.0921875
0 0.6109375 0.3671875 0.10234375 0.115625
0 0.4421875 0.17109375 0.028125 0.03671875
0 0.565625 0.72890625 0.0515625 0.06796875
0 0.646875 0.56640625 0.0421875 0.0578125
0 0.5390625 0.771875 0.03515625 0.04609375
0 0.3953125 0.72265625 0.040625 0.05625
0 0.7703125 0.62265625 0.0625 0.0734375
0 0.44453125 0.58671875 0.0546875 0.06484375
0 0.4203125 0.8078125 0.0515625 0.0640625
0 0.1296875 0.50234375 0.05625 0.08125
0 0.8578125 0.525 0.0515625 0.06953125
0 0.04765625 0.58515625 0.05703125 0.06875
0 0.309375 0.38515625 0.05546875 0.07734375
0 0.28828125 0.6703125 0.05625 0.06875
0 0.3765625 0.59921875 0.03203125 0.04375
0 0.13984375 0.2484375 0.090625 0.1
0 0.27421875 0.32734375 0.0390625 0.04453125
0 0.41640625 0.1484375 0.03359375 0.0421875
0 0.315625 0.3015625 0.06953125 0.08671875
0 0.3125 0.57265625 0.05234375 0.07578125
0 0.596875 0.1171875 0.03203125 0.04453125
0 0.0359375 0.6796875 0.04140625 0.0546875
0 0.67109375 0.4171875 0.04921875 0.05859375
0 0.01328125 0.628125 0.02578125 0.07109375
0 0.18828125 0.734375 0.05 0.0515625
0 0.11640625 0.6671875 0.06015625 0.07890625
0 0.41953125 0.62109375 0.03125 0.04453125
0 0.15234375 0.7171875 0.03125 0.03984375
0 0.07421875 0.6296875 0.0328125 0.04921875
0 0.321875 0.221875 0.05390625 0.06796875
0 0.92578125 0.42578125 0.0375 0.0515625
0 0.3765625 0.3265625 0.0296875 0.04375
0 0.371875 0.8046875 0.03828125 0.04765625
0 0.153125 0.609375 0.0484375 0.06015625
0 0.6375 0.16953125 0.03515625 0.03984375
0 0.64609375 0.51015625 0.0359375 0.04921875
0 0.82421875 0.4828125 0.03671875 0.04921875
0 0.884375 0.33203125 0.0328125 0.04453125
0 0.521875 0.25859375 0.02890625 0.0375
0 0.984375 0.2421875 0.03125 0.0609375
0 0.5578125 0.11953125 0.0296875 0.04140625
0 0.4609375 0.29140625 0.03828125 0.0484375
0 0.18046875 0.475 0.0359375 0.04921875
0 0.4828125 0.096875 0.03046875 0.0421875
0 0.58984375 0.81015625 0.03515625 0.04609375
0 0.86171875 0.60390625 0.0390625 0.046875
0 0.48984375 0.57265625 0.02890625 0.0453125
0 0.5484375 0.54140625 0.03984375 0.05078125
0 0.66171875 0.103125 0.0375 0.0546875
0 0.49765625 0.70078125 0.03515625 0.04140625
0 0.3984375 0.34921875 0.03515625 0.046875
0 0.74921875 0.66875 0.03359375 0.040625
0 0.21640625 0.48203125 0.03046875 0.03828125
0 0.89140625 0.46953125 0.0546875 0.07734375
0 0.4421875 0.2609375 0.028125 0.034375
0 0.4234375 0.66640625 0.03515625 0.05078125
0 0.353125 0.73828125 0.034375 0.040625
0 0.5890625 0.61640625 0.03984375 0.0484375
0 0.92890625 0.6671875 0.03984375 0.05625
0 0.05 0.7953125 0.03515625 0.04140625
0 0.78359375 0.36328125 0.028125 0.03828125
0 0.646875 0.4625 0.03125 0.046875
0 0.65703125 0.28359375 0.0328125 0.0484375
0 0.6109375 0.53515625 0.03203125 0.03828125
0 0.36484375 0.2828125 0.0296875 0.03671875
0 0.76796875 0.18671875 0.0328125 0.0453125
0 0.22890625 0.6125 0.0765625 0.09140625
0 0.3203125 0.8109375 0.03125 0.06875
0 0.5375 0.29140625 0.02578125 0.034375
0 0.58515625 0.55546875 0.03359375 0.046875
0 0.34375 0.34921875 0.03046875 0.04140625
0 0.78671875 0.40546875 0.03203125 0.04296875
0 0.85625 0.18125 0.03046875 0.04453125
0 0.73671875 0.18984375 0.0234375 0.0421875
0 0.45859375 0.2015625 0.0296875 0.040625
0 0.44609375 0.1359375 0.03125 0.0375
0 0.39609375 0.775 0.028125 0.03515625
0 0.37109375 0.46953125 0.0546875 0.06953125
0 0.41796875 0.271875 0.02734375 0.040625
0 0.76015625 0.3890625 0.03046875 0.04140625
0 0.91171875 0.7234375 0.040625 0.0625
0 0.5578125 0.490625 0.03125 0.04609375
0 0.44140625 0.47265625 0.03125 0.04453125
0 0.6953125 0.27734375 0.04921875 0.07890625
0 0.06953125 0.67578125 0.028125 0.04296875
0 0.1828125 0.6734375 0.05703125 0.075
0 0.696875 0.63515625 0.03359375 0.0515625
0 0.76796875 0.5625 0.03671875 0.04453125
0 0.615625 0.65234375 0.05390625 0.06953125
0 0.2625 0.36328125 0.03125 0.03828125
0 0.196875 0.32421875 0.10546875 0.10625
0 0.6171875 0.49375 0.02578125 0.0328125
0 0.43203125 0.309375 0.03203125 0.0453125
0 0.7875 0.15390625 0.0296875 0.0421875
0 0.6203125 0.59765625 0.025 0.03203125
0 0.565625 0.2109375 0.03203125 0.03828125
0 0.8453125 0.6734375 0.0296875 0.0546875
0 0.45859375 0.77890625 0.0328125 0.04296875
0 0.8 0.53828125 0.053125 0.06640625
0 0.55859375 0.80625 0.02109375 0.040625
0 0.9 0.7921875 0.03046875 0.0484375
0 0.48046875 0.665625 0.0328125 0.03671875
0 0.48203125 0.1390625 0.03046875 0.04140625
0 0.92109375 0.29453125 0.02265625 0.0265625
0 0.83359375 0.815625 0.03046875 0.034375
0 0.42734375 0.2015625 0.01875 0.0328125
0 0.6109375 0.26171875 0.02734375 0.03984375
0 0.5828125 0.175 0.03515625 0.05390625
0 0.95 0.16875 0.02421875 0.0359375
0 0.4140625 0.7546875 0.0265625 0.03203125
0 0.696875 0.5203125 0.03203125 0.03984375
0 0.71015625 0.2 0.03046875 0.04375
0 0.95703125 0.72421875 0.0359375 0.0546875
0 0.62265625 0.1421875 0.0203125 0.02734375
0 0.72890625 0.13359375 0.025 0.03984375
0 0.55546875 0.43203125 0.02890625 0.04375
0 0.49921875 0.2859375 0.034375 0.0484375
0 0.57578125 0.09296875 0.03046875 0.03203125
0 0.01875 0.74296875 0.03671875 0.0875
0 0.27109375 0.79296875 0.0265625 0.040625
0 0.396875 0.30234375 0.02265625 0.0375
0 0.98984375 0.60234375 0.0203125 0.03359375
0 0.35625 0.565625 0.02734375 0.0359375
0 0.82890625 0.7125 0.0328125 0.0328125
0 0.84375 0.30234375 0.02734375 0.03671875
0 0.6328125 0.74609375 0.0328125 0.0421875
0 0.62421875 0.10859375 0.021875 0.0359375
0 0.8078125 0.43828125 0.02578125 0.0328125
0 0.26875 0.56484375 0.0359375 0.0375
0 0.575 0.29609375 0.05390625 0.0625
0 0.04765625 0.6375 0.028125 0.0390625
0 0.7296875 0.33828125 0.06875 0.08046875
0 0.4921875 0.184375 0.03515625 0.05078125
0 0.7625 0.1484375 0.03125 0.03671875
0 0.9296875 0.23046875 0.07265625 0.1
0 0.28515625 0.76015625 0.0265625 0.0328125
0 0.37578125 0.74921875 0.021875 0.0328125
0 0.83203125 0.11328125 0.025 0.03046875
0 0.01484375 0.49765625 0.0296875 0.0453125
0 0.64140625 0.33046875 0.03359375 0.04765625
0 0.38203125 0.140625 0.0265625 0.03515625
0 0.24296875 0.3921875 0.03203125 0.03515625
0 0.58203125 0.23515625 0.02890625 0.0375
0 0.95234375 0.4640625 0.028125 0.04140625
0 0.91796875 0.55625 0.03359375 0.04296875
0 0.60859375 0.19765625 0.02890625 0.03984375
0 0.81796875 0.12734375 0.03046875 0.03515625
0 0.990625 0.303125 0.0171875 0.053125
0 0.95625 0.5203125 0.028125 0.04140625
0 0.84375 0.56796875 0.034375 0.03359375
0 0.828125 0.63046875 0.0375 0.0484375