0 0 0.9186243218750001 0.009067109375 0.914187465625 0.0232494703125 0.8974859234375 0.0257660125 0.86872171875 0.0227748671875 0.8581710890625001 0.0150153 0.846199346875 0.005994515625 0.840910625 0.0049697249999999995 0.840886771875 0 0.8418610281250001 0 0.9186243218750001
0 0.0691215 0.8921451218750001 0.0723925640625 0.8547566859375 0.07220561875 0.8540972734375 0.0661703984375 0.8447859171875001 0.051710209375 0.8341462609375 0.0396177140625 0.8338648046875001 0.029694421874999998 0.8478673078125001 0.0224623875 0.8634204953125 0.01867905 0.8842944578124999 0.0199458453125 0.8921846999999999 0.0229369890625 0.9027353296875 0.030696557812500004 0.9147070718749999 0.043462246875 0.9200667828125001 0.052004153124999994 0.9202655984374999 0.055858406250000006 0.9179129734375 0.0691215 0.8921451218750001
0 0.0904667859375 0.8450214640624999 0.0901321453125 0.8712161984375 0.0961144328125 0.892317459375 0.1073226984375 0.9096099765625001 0.1101689328125 0.9106596265625001 0.1335212375 0.9112031578125 0.14488962656249998 0.9052438515624999 0.1590719859375 0.8885423093749999 0.16412211875 0.8755585890625 0.167447903125 0.8599144828125 0.14490845937500002 0.8043645671874999 0.1405975890625 0.7977136015624999 0.1210663390625 0.79725900625 0.11084316093749999 0.8022615640625 0.0964320234375 0.821578034375 0.0904667859375 0.8450214640624999
0 0.1495584515625 0.967642553125 0.153564171875 0.9695998859375001 0.18819596875 0.97040595 0.1925272015625 0.9686426625 0.2042988828125 0.9571255125 0.2080923140625 0.9501172890625 0.21369733906250002 0.8860515625 0.2113909546875 0.87606275625 0.20190703906250002 0.8614306265625 0.1871971453125 0.8506072390625 0.1715721453125 0.8502435640625 0.153483534375 0.8668541875000001 0.1464802765625 0.8797924484375 0.1363800125 0.9057598859375 0.1338634703125 0.934524090625 0.1398457578125 0.95562535 0.1495584515625 0.967642553125
0 0.3072660765625 0.952823475 0.32353713125 0.945360840625 0.339672615625 0.9287047562499999 0.349315328125 0.9079671734374999 0.3498740359375 0.9043773312500001 0.352626503125 0.8729164812500001 0.3484890359375 0.8503023859375001 0.33946267343750003 0.8304404 0.32843025312499996 0.8223228609375001 0.3152648734375 0.8167953375 0.3150984921875 0.8167914640625 0.2993621546875 0.819026040625 0.2891389765625 0.8240285999999999 0.268182134375 0.851053475 0.26244567343749997 0.8718819765625 0.2621110328125 0.8980767140625 0.26487340000000004 0.9112422703125 0.2756241109375 0.9337646421875 0.28642775625 0.9444971109375 0.307174446875 0.9528213421875 0.3072660765625 0.952823475
0 0.2117775375 0.853189025 0.212254246875 0.85353978125 0.234679015625 0.854061725 0.2352150375 0.8537345375 0.24744427343750003 0.8369875359375 0.253464575 0.8073222859375001 0.25395072500000004 0.8017655640625 0.2513334734375 0.792533765625 0.24162078125000003 0.7805165625 0.2340370578125 0.777719796875 0.22208953125000003 0.78006196875 0.21577260312500002 0.7851554453125 0.2035433671875 0.801902446875 0.2009039125 0.8097017718749999 0.2010268265625 0.8306666515625001 0.202293621875 0.8385568953125 0.2117775375 0.853189025
0 0.16905671718749998 0.8107672000000001 0.17806219843749999 0.815167590625 0.1952581390625 0.8155678312499999 0.200077940625 0.8141094796875 0.2116208453125 0.8052072609375 0.218857809375 0.7912754703125 0.22343476875 0.7389605734375 0.21848414218749998 0.72675943125 0.20900022499999998 0.7121273015625 0.199692153125 0.7066701484375 0.182114028125 0.7062610140625 0.1760258765625 0.7087395625 0.1686179984375 0.7151177734374999 0.15506903593750002 0.7357644375 0.1497901265625 0.751363084375 0.1496842625 0.7749428921875 0.16905671718749998 0.8107672000000001
0 0.079873375 0.8301047203125 0.0815570125 0.82941929375 0.0891936671875 0.8204261546874999 0.09361253281250001 0.8090654015625001 0.0947605015625 0.7959440671875 0.0895812390625 0.7824415140625 0.08590376562499999 0.77973566875 0.07223189062499999 0.779417453125 0.0602314328125 0.7935495265625 0.057820754687499996 0.798733921875 0.056676871875 0.8118085609374999 0.059668015625 0.8223591906250001 0.0639788875 0.829010159375 0.0671563609375 0.829808728125 0.079873375 0.8301047203125
0 0.0389347578125 0.8463743625 0.050000784374999996 0.8355476140625001 0.05241146249999999 0.830363215625 0.0547869703125 0.823343825 0.056068120312500004 0.8087002296874999 0.054928003125 0.8015990109375 0.0504412875 0.7857730671875001 0.0461304171875 0.7791221 0.03659356875 0.7762798734375 0.0120121859375 0.7888089984375 0.0089575234375 0.7924062546874999 0.0070129234375000005 0.8146331390625001 0.0079471390625 0.8240877953125001 0.027215175 0.8461015859375 0.0389347578125 0.8463743625
0 0.060218617187500004 0.7826767984375 0.0652687109375 0.7795942359375 0.075544821875 0.7628017703125 0.0781262296875 0.7534289453125 0.07835500625 0.75081401875 0.0778325875 0.7366524953125 0.076337015625 0.73137718125 0.06489997343750001 0.716699590625 0.0531812234375 0.7164268328125 0.0385942421875 0.7265683296875001 0.030731296875 0.740384953125 0.028598228125000003 0.764766040625 0.0331565375 0.7775366906250001 0.038045742187499995 0.7821607187499999 0.060218617187500004 0.7826767984375
0 0.1452079765625 0.7500498234374999 0.1378530296875 0.7446381296875 0.1250433296875 0.74565010625 0.1198873328125 0.782213634375 0.1198368484375 0.79345851875 0.1407633109375 0.7939455875 0.14459162812499998 0.790649390625 0.147424175 0.7845577265625 0.149820609375 0.7571663578125001 0.1452079765625 0.7500498234374999
0 0 0.5994642031249999 0.00045174062499999995 0.6010576234375 0.008211309375 0.6130293671875 0.015566256249999999 0.618441059375 0.03314438125 0.6188501953125 0.0372794078125 0.6163261859375 0.049441796875 0.5981062546875 0.05210440468750001 0.56767251875 0.0477672453125 0.55237410625 0.03587265 0.5429263734374999 0.018294525 0.5425172375 0.014159498437500001 0.545041246875 0.0043409421875 0.556603853125 0 0.56593946875 0 0.5994642031249999
0 0.0162757 0.713233078125 0.0302614890625 0.72091795 0.043911267187500005 0.7212356515625 0.053156298437500006 0.716711734375 0.071473684375 0.6974861828125001 0.074377084375 0.6889069265625001 0.0768478703125 0.6606657078125 0.0768584578125 0.6583077281249999 0.07282929375 0.637251928125 0.0650697265625 0.625280184375 0.048635484374999996 0.6117964125 0.028417904687500002 0.6191866 0.01228241875 0.6358426828125 0.0050503859375000005 0.6513958703125 0.0027626203124999998 0.677545146875 0.006791782812499999 0.698600946875 0.0162757 0.713233078125
0 0.0972298078125 0.736567790625 0.12430530312500002 0.7371979796875 0.13351594687499999 0.7315758265625 0.14551640625 0.717443753125 0.1527484390625 0.7018905656250001 0.15321034375 0.7005256828124999 0.1565108859375 0.6628003234375 0.146924946875 0.64541959375 0.137616875 0.6399624390625 0.118085625 0.6395078437499999 0.10981557187499999 0.6445558625000001 0.0956332125 0.6612574062500001 0.08840117812500001 0.6768105921875 0.0861134125 0.70295986875 0.091866925 0.7266760578125 0.09594901875 0.735941953125 0.0972298078125 0.736567790625
0 0.21671509375000003 0.677074171875 0.219125771875 0.6718897765625 0.22095598437500003 0.6509703546875001 0.21991796562500002 0.6404651859375 0.2117537765625 0.6219333953125 0.20376543125 0.6125765796875 0.19965023125 0.6105657484375 0.1949193203125 0.6104556359375 0.18618730625 0.61216744375 0.172004946875 0.6288689859375001 0.16695481406249998 0.64185270625 0.1651246015625 0.6627721296875 0.1696113171875 0.6785980734375 0.181048359375 0.6932756609374999 0.19079416093749998 0.6980378 0.1989063453125 0.6982266125 0.2077587109375 0.6899669734375 0.21671509375000003 0.677074171875
0 0.08325124218749999 0.5695790125 0.0857848328125 0.5853594984375 0.11641848437499999 0.6266864187500001 0.126155878125 0.6307746937500001 0.1379756375 0.6310498015625 0.1454865828125 0.6299832375000001 0.1576628859375 0.625026140625 0.16811484062499998 0.6174086515625 0.17816217343750002 0.6032311203125 0.1834410828125 0.5876324734375 0.185957625 0.5588682703125001 0.1846908296875 0.5509780265625001 0.17698419375000002 0.5272163796875 0.1593360875 0.49405245937500003 0.14462619375000002 0.48322907343750005 0.12900119375000002 0.482865396875 0.11050796249999999 0.492915971875 0.103100084375 0.4992941796875 0.09850750312499999 0.5070480468749999 0.0864541140625 0.5329700265625 0.08325124218749999 0.5695790125
0 0.0929061890625 0.495014121875 0.088583653125 0.48290402343750005 0.0847613828125 0.47950577812499995 0.066975890625 0.47909181562500003 0.062330854687500006 0.4809828578125 0.05055917343750001 0.492500003125 0.043555915625000004 0.5054382640624999 0.040916460937499996 0.5132375875 0.041268149999999997 0.531587540625 0.048798940624999995 0.5461742109375 0.055136907812500004 0.5508376203124999 0.0724542953125 0.5512406875 0.089557528125 0.533289484375 0.0929061890625 0.495014121875
0 0 0.48536920156249996 0.00047541562499999997 0.4867011359375 0.012333453125000001 0.49973954374999996 0.026643178125 0.50007260625 0.0379894125 0.4941249140625 0.0528581015625 0.46957858906250005 0.055518729687500004 0.457063303125 0.05606779375 0.4507874765625 0.0556034203125 0.43819945625 0.052612276562500004 0.427648825 0.043128359375 0.41301669687500003 0.0374977609375 0.41026539062499995 0.027732135937500003 0.4100380921875 0.0175089578125 0.41504065 0.0033265984375000003 0.43174219375 0 0.4388963640625 0 0.48536920156249996
0 0.0968895375 0.48918215312499996 0.1116815796875 0.48952644218749997 0.118620903125 0.48742677656250005 0.128439459375 0.4758641703125 0.13085013750000002 0.47067977499999997 0.13268035 0.44976035156250005 0.131184778125 0.44448503749999996 0.1197477375 0.4298074484375 0.1060758625 0.4294892328125 0.0967148578125 0.43582198281249995 0.095113421875 0.45412647812499995 0.0968895375 0.48918215312499996
0 0.17276403437500001 0.4177460609375 0.1786763421875 0.40609253437500004 0.179072259375 0.4049226359375 0.18216836875 0.3695339484375 0.1791168453125 0.35631799062499997 0.17308162656249998 0.34700663593750003 0.15921558281249998 0.3418930421875 0.14531825625 0.341569578125 0.13597225156249998 0.34614290468750003 0.12397179218750001 0.3602749796875 0.116053428125 0.38367295 0.11445199375 0.40197744375 0.1187099328125 0.4204183171875 0.12129645468750001 0.424408896875 0.13538060937500002 0.43214781875 0.13962604375 0.43224663281250003 0.1559951515625 0.43045702500000005 0.17276403437500001 0.4177460609375
0 0.2510405890625 0.42901705156250003 0.2722791390625 0.38758734375000004 0.27597224374999996 0.3711002046875 0.2774306953125 0.354430040625 0.2757107875 0.348363428125 0.267493665625 0.341621540625 0.2591386140625 0.33952173124999996 0.2546029765625 0.3394161625 0.241306378125 0.34589311093749997 0.206946790625 0.340212296875 0.1993101359375 0.3492054359375 0.1968994578125 0.35438983125 0.1955267984375 0.37007939843750004 0.20694748281250003 0.395341565625 0.2147933890625 0.42948351406249996 0.24130910781249998 0.43461333125 0.24619191875 0.43472698125000003 0.2510405890625 0.42901705156250003
0 0.157134325 0.4879010328125 0.16286839375 0.48915214687499997 0.17223593125 0.48937017968749996 0.18648413125000002 0.476793021875 0.193716165625 0.4612398328125 0.199452628125 0.44041132968749996 0.19686610468750002 0.4364207484375 0.1802030859375 0.42555190468750004 0.1684843359375 0.425279146875 0.1502898625 0.46546958125 0.149832309375 0.47069943593749997 0.152823453125 0.48125006406250004 0.157134325 0.4879010328125
0 0.184434503125 0.48679851249999995 0.18391975625 0.49268209843750005 0.188516240625 0.525149203125 0.202944425 0.550377425 0.2083462484375 0.5557436578125 0.22287745625 0.5578731890624999 0.231321921875 0.5580697359375 0.245913175 0.5513775328125 0.266641240625 0.5269675828125 0.2709804609375 0.51763566875 0.27395455625 0.48364161250000004 0.27294111875 0.47732941875 0.269949975 0.4667787875 0.2587417109375 0.449486271875 0.2444893703125 0.43343302812499995 0.24081189687500001 0.4307271828125 0.22128064687500001 0.4302725875 0.21105746875000003 0.4352751453125 0.1968751078125 0.451976690625 0.187461171875 0.470099346875 0.184434503125 0.48679851249999995
0 0.26488591562499997 0.41057538281249994 0.263970809375 0.42103509375000003 0.266046846875 0.4420454359375 0.26754241875 0.44732075 0.27563366562499997 0.4573317890625 0.306504753125 0.45805032187499994 0.31855244531250004 0.44588776875 0.3233738015625 0.4355189765625 0.32566156562500004 0.40936970156249997 0.3209460734375 0.396158684375 0.3149108546875 0.3868473296875 0.301925309375 0.37868432812499997 0.292159684375 0.37845703125 0.2860715328125 0.3809355828125 0.26970727031249997 0.40020659375 0.26488591562499997 0.41057538281249994
0 0.30262564062499997 0.5339788984375 0.3094300125 0.5379681781250001 0.319411746875 0.5382005046875 0.3258343640625 0.5371393375 0.3341044171875 0.5320913203125001 0.34174107343750004 0.52309818125 0.34656242812500004 0.5127293921875 0.3481638640625 0.494424896875 0.34367714843749997 0.478598953125 0.33936627812500003 0.47194798281250006 0.32833385625 0.463830446875 0.32052135625 0.46364860781250006 0.3063919296875 0.468560246875 0.29875527343749997 0.47755338593749996 0.293705140625 0.49053710468749995 0.2921037046875 0.5088415984375 0.2965904203125 0.52466754375 0.30262564062499997 0.5339788984375
0 0.31679583437500003 0.373416115625 0.345966315625 0.38327082031250004 0.3710536984375 0.41258226249999996 0.37967618281250004 0.41278295312499996 0.39101580937499997 0.40168851875 0.39779029062500004 0.3913651875 0.411410621875 0.36207335 0.4147050046875 0.324418390625 0.4137328828125 0.32098943593749996 0.40597331406250003 0.3090176953125 0.3765535265625 0.2873709203125 0.370922928125 0.2846196140625 0.345532303125 0.284028640625 0.3350803484375 0.2916461265625 0.3228511140625 0.3083931296875 0.3127508484375 0.33436056875000003 0.31092063593749997 0.35527998906249997 0.31679583437500003 0.373416115625
0 0.378750825 0.4669391796875 0.386105771875 0.4723508734375 0.40173077187499995 0.4727145484375 0.4141358515625 0.4651425234375 0.4254817390625 0.4517812890625 0.42889050937500006 0.4128188671875 0.42634803750000005 0.40385083125000004 0.41686412031250003 0.3892187 0.4075560484375 0.3837615484375 0.3977904234375 0.3835342515625 0.3875672453125 0.3885368078125 0.37579556406250003 0.40005395625 0.36879230625 0.4129922171875 0.366504540625 0.43914149374999994 0.3692669078125 0.45230705000000004 0.378750825 0.4669391796875
0 0.23817609062499998 0.6442867718749999 0.25175209375 0.6509204765625001 0.264512503125 0.651217478125 0.2731035640625 0.6477199687499999 0.2794204921875 0.64262649375 0.2870571484375 0.6336333546875 0.29888176093749996 0.610326303125 0.300993325 0.60408684375 0.3030294359375 0.5808139875 0.2969115875 0.565736153125 0.29087636875 0.5564247984375 0.28179707187499997 0.5483527171875 0.26421894687499997 0.5479435828125 0.24986074375 0.5554701484375 0.23567838281250003 0.5721716921875 0.22850143437499998 0.5915691984375 0.2278303578125 0.5992396531249999 0.22719660312499998 0.6243793265625001 0.23817609062499998 0.6442867718749999
0 0.3333272171875 0.6074143875 0.338908946875 0.604683053125 0.3443637 0.5982593828125 0.3494261234375 0.5873721515625 0.35207993125 0.5570389890625 0.34893923125000004 0.545960828125 0.342675234375 0.5392644015625 0.325097109375 0.5388552671875 0.3146451546875 0.5464727500000001 0.304597821875 0.5606502875 0.3012720375 0.57629439375 0.3020812796875 0.5894144906250001 0.311565196875 0.6040466203125 0.3166472890625 0.6070261578125 0.3333272171875 0.6074143875
0 0.21362260625 0.6900516999999999 0.21202117031249998 0.70835619375 0.2225431046875 0.73349349375 0.22985348593750002 0.738088959375 0.255896003125 0.73869510625 0.271881715625 0.7176102203125 0.275665053125 0.6967362593749999 0.274627034375 0.6862310875000001 0.26841596874999996 0.6677447562500001 0.2641050984375 0.6610937890625 0.253072678125 0.65297625 0.23744767812499998 0.6526125734375 0.2280866734375 0.658945325 0.2186727375 0.6770679796875 0.21362260625 0.6900516999999999
0 0.28904976875 0.7674460515625 0.29853368593749996 0.7820781828125 0.30388726093749996 0.7852168859375 0.32698025625 0.7857543812500001 0.3358718375 0.7803269859374999 0.348101071875 0.76357998125 0.3502126359375 0.7573405234374999 0.3521343578125 0.7353751328125 0.35130394374999996 0.72697099375 0.34681722812500004 0.7111450515625 0.339057659375 0.6991733078125 0.3260721140625 0.691010309375 0.3163064890625 0.6907830125000001 0.30608331093749996 0.6957855703125 0.28926149687499997 0.720286434375 0.2871499328125 0.7265258953125 0.2850756921875 0.750234571875 0.28904976875 0.7674460515625
0 0.3556254890625 0.69091451875 0.3661774640625 0.6844736234375 0.3738141203125 0.6754804828125 0.37684419999999996 0.6676902515625 0.3801843359375 0.6295123078125 0.37838965 0.6231819296875 0.368905734375 0.6085498015625 0.3581020890625 0.597817334375 0.3405239640625 0.5974081984375 0.3200246765625 0.6192032171874999 0.31750813437500003 0.647967421875 0.3191266203125 0.6742076171875 0.3305636609375 0.6888852062499999 0.33367091875 0.6904035203125 0.3556254890625 0.69091451875
0 0.35739174375 0.8637483421875001 0.3651513125 0.8757200859375001 0.376811121875 0.8808551124999999 0.40602320000000003 0.88153503125 0.4264374484375 0.8574946421874999 0.4318465359375 0.8443227578125001 0.43468336562500004 0.8118976531250001 0.4344616765625 0.8105168624999999 0.4267550390625 0.7867552171875001 0.42071982031250005 0.7774438609375001 0.415089221875 0.7746925546875 0.383839221875 0.7739652031250001 0.369252240625 0.784106696875 0.35897613125 0.800899159375 0.3515153203125 0.8190672749999999 0.349913884375 0.83737176875 0.35739174375 0.8637483421875001
0 0.46061145625 0.891350521875 0.4462532515625 0.8988770875000001 0.4301177671875 0.915533171875 0.42265695625 0.9337012874999999 0.42508468437499997 0.97306158125 0.43479737656250006 0.9850787828125 0.4438557125 0.9888819515625 0.4567553796875 0.9891821937499999 0.46191234999999997 0.9883301421875 0.47018240312500004 0.9832821265625 0.4821828609375 0.9691500515625 0.4894148953125 0.9535968625000001 0.49124510781249997 0.9326774406249999 0.4902070890625 0.922172271875 0.48721594531249995 0.9116216421875001 0.477732028125 0.8969895125 0.47037708125 0.8915778187500001 0.46061145625 0.891350521875
0 0.558752709375 1 0.5632212796875 0.9891184093750001 0.5661953750000001 0.9551243484375 0.5651573546875001 0.9446191781250001 0.5524535187499999 0.9220513484374999 0.537286071875 0.9164578156250001 0.5253385453125 0.9187999874999999 0.512933465625 0.9263720125000001 0.49656920312499997 0.9456430250000001 0.4864689390625 0.9716104624999999 0.48509627968749996 0.9873000296875001 0.48817727343749995 1 0.558752709375 1
0 0.49894964999999997 0.905012540625 0.5026271234374999 0.9077183859375 0.512163971875 0.9105606125 0.5262933999999999 0.9056489734375001 0.5465639109375 0.8864688812500001 0.5530727421875 0.8724710109375 0.5554062625 0.8457987499999999 0.5528637890625 0.8368307140625 0.545104221875 0.8248589718750001 0.526488078125 0.813944665625 0.512816203125 0.8136264484375 0.49668071718749995 0.830282534375 0.489448684375 0.8458357218750001 0.4868092296875 0.8536350453124999 0.4849790171875 0.8745544671875001 0.4862458125 0.8824447093750001 0.49894964999999997 0.905012540625
0 0.43657655625 0.8031210124999999 0.4477848203125 0.820413528125 0.454910990625 0.8284401484374999 0.45705896093750004 0.829489721875 0.4739715734375 0.8298833671875 0.482254740625 0.82907658125 0.510513596875 0.8192533046875001 0.52056093125 0.8050757703125001 0.5294378578125001 0.784702484375 0.5339824078125 0.732758034375 0.5320168062499999 0.718874075 0.5249435671875 0.69905755 0.4987437 0.6853464781249999 0.481165575 0.6849373437499999 0.47094239687500006 0.6899398999999999 0.4624435671875 0.697602846875 0.44607930625 0.7168738578125 0.43402591562500004 0.7427958375 0.4325473921875 0.7820652109374999 0.43657655625 0.8031210124999999
0 0.3689690015625 0.7470785265625 0.38819268125 0.7652595718749999 0.40934292968749997 0.7657518484375 0.41665324375 0.7612896515625 0.43106438125 0.7419731796875 0.431526284375 0.7406083 0.434488940625 0.7067449859375 0.4342672515625 0.7053641921875 0.42179219218749997 0.680181434375 0.41443724375 0.6747697421875001 0.4088066453125 0.672018434375 0.3951347703125 0.6717002187500001 0.38904661875 0.6741787687499999 0.38163874062500003 0.680556978125 0.370042903125 0.701249103125 0.36488690625000003 0.73781263125 0.3689690015625 0.7470785265625
0 0.42592575312500003 0.6768939578125 0.4368455359375 0.6730980515625 0.44230028906249996 0.6666743796875 0.4466395109375 0.657342465625 0.4484239671875 0.6369460296875 0.4457319375 0.6274504640624999 0.43969671874999994 0.618139109375 0.4340661203125 0.6153878015625 0.4203942453125 0.6150695859375 0.40839378593750003 0.6292016625 0.40646524375000004 0.6333491796875 0.40471246406250005 0.653383546875 0.415132384375 0.6752129234375001 0.4192706640625 0.676739059375 0.42592575312500003 0.6768939578125
0 0.3867298609375 0.5121940453125 0.3703655984375 0.5314650578125 0.3602653328125 0.557432496875 0.3601594703125 0.5810123046875 0.36786610625 0.604773953125 0.3721769765625 0.6114249187499999 0.3841263765625 0.6179908421875 0.40776230468749997 0.6185409749999999 0.41491695 0.61503995625 0.42450673125 0.606092278125 0.43828447031250006 0.582830684375 0.440923925 0.5750313593749999 0.4425253609375 0.556726865625 0.43849619687499997 0.5356710687499999 0.42901228125 0.5210389390625 0.4162555125 0.510261009375 0.3969530390625 0.5071914875 0.3867298609375 0.5121940453125
0 0.37035899843750003 0.5237294984374999 0.38463449375000003 0.5240617640624999 0.389085840625 0.5188197296875 0.3941359734375 0.5058360125 0.3925174890625 0.4795958171875 0.38257602031250004 0.4701935421875 0.37258161875 0.4725811703125 0.3651737390625 0.47895938437499996 0.35817048125 0.49189764374999995 0.35530225 0.50231189375 0.356797821875 0.5075872078125 0.37035899843750003 0.5237294984374999
0 0.45062007499999995 0.624707028125 0.45074298749999997 0.6456719093750001 0.45373413124999995 0.656222540625 0.47034421875000004 0.6788812890625 0.471659765625 0.6795241109375 0.51384364375 0.6805059515625 0.51526609375 0.6799268578125 0.5270377749999999 0.6684097109375 0.5457714890625 0.633799865625 0.5501754375 0.58346250625 0.5469924796875001 0.574545071875 0.5409572609375 0.565233715625 0.5262473671875 0.5544103296875 0.51671051875 0.5515681046875 0.49913239374999996 0.55115896875 0.48282106406249997 0.558640075 0.466685578125 0.5752961609375 0.459682321875 0.5882344203125001 0.45440341249999994 0.603833065625 0.45062007499999995 0.624707028125
0 0.478958453125 0.5544394500000001 0.484305909375 0.5511753765625 0.49653514374999996 0.534428375 0.49767902656249996 0.5213537359375 0.49641223125 0.51346349375 0.4849751890625 0.4987859046875 0.47739146562499996 0.4959891390625 0.4673970640625 0.49837676875000003 0.4632620375 0.5009007765625 0.4532147046875 0.5150783125 0.45057525 0.5228776359375 0.4513844921875 0.535997734375 0.46486741875000004 0.5541114765625 0.478958453125 0.5544394500000001
0 0.541668609375 0.717164265625 0.560710715625 0.717607475 0.5715614546875 0.7092390749999999 0.5781518375 0.6931905734375 0.579413921875 0.6787648890625 0.576946228125 0.67006061875 0.5709110078124999 0.6607492640625 0.5616029359375 0.6552921109375001 0.5518373109375 0.6550648125 0.545749159375 0.6575433640624999 0.5337487015625 0.6716754390624999 0.5313380234375 0.6768598359375 0.5295078109375 0.69777925625 0.5387629515625 0.7150263125 0.541668609375 0.717164265625
0 0.5543233578125 0.7530384421874999 0.555590153125 0.7609286828124999 0.564402928125 0.7803206828125 0.588504259375 0.780881646875 0.6020076000000001 0.7672495671874999 0.60682895625 0.7568807734375 0.6084303921875 0.7385762796875001 0.6037148984375 0.7253652640625 0.5942309828125001 0.7107331328125001 0.5827410093750001 0.70784545 0.5746997328125001 0.7102785375 0.5607461484375 0.72436515625 0.5559247921875 0.7347339484375001 0.5543233578125 0.7530384421874999
0 0.5606022875 0.6095729109375 0.574300959375 0.60989175 0.5815951046875 0.6090942921875 0.599912490625 0.5898687406249999 0.601599965625 0.5862396640624999 0.604619815625 0.5517226187500001 0.603572915625 0.5480298984374999 0.5940889984375 0.53339776875 0.5867340515625 0.527986075 0.5652496765625 0.5274860203125 0.5558886734375 0.533818771875 0.5491141921875 0.54414210625 0.544064059375 0.557125825 0.542233846875 0.5780452484375 0.545224990625 0.588595875 0.5606022875 0.6095729109375
0 0.496789015625 0.5136307718750001 0.5026217468749999 0.5342045 0.510381315625 0.54617624375 0.5164128265625 0.5506141640625 0.5472709953125 0.551332396875 0.5511681640625 0.5497458187500001 0.55880481875 0.5407526796875 0.5662656296875 0.5225845640625 0.5690529359375 0.5108583046875 0.5692817125 0.5082433765625 0.5685533953124999 0.4964352890625 0.5655622515625 0.48588465625 0.5558495578125 0.4738674578125 0.5409108875 0.46565899687499995 0.5291921375 0.465386240625 0.517015834375 0.47034333906250003 0.5050153765625 0.4844754125 0.500422796875 0.49222927812500006 0.4970177921875 0.51101584375 0.496789015625 0.5136307718750001
0 0.4540395421875 0.431830090625 0.4462270421875 0.43164825156250003 0.4296869375 0.4417442875 0.419639603125 0.4559218203125 0.41436069375000006 0.47152046875 0.4136743640625 0.479365253125 0.4162079546875 0.49514573593750005 0.4293693453125 0.5124837140625 0.4489005953125 0.512938309375 0.45717064843750005 0.507890290625 0.464807303125 0.4988971515625 0.4742212390625 0.48077449687499996 0.47708947031250004 0.4703602453125 0.47478465625000005 0.45196483125000003 0.461623265625 0.4346268578125 0.4540395421875 0.431830090625
0 0.4526552625 0.4297566609375 0.46460278906249997 0.4274144921875 0.478556371875 0.41332787499999996 0.48289559375 0.4039959640625 0.4843140078125 0.38778341250000004 0.48348359218750003 0.379379275 0.47399967500000006 0.364747146875 0.47032220156250004 0.3620413 0.45469720156250004 0.3616776234375 0.44642715 0.366725640625 0.43660859218750003 0.3782882484375 0.43468005 0.3824357640625 0.4327064703125 0.4049938734375 0.44507153906249997 0.42695989687499997 0.4526552625 0.4297566609375
0 0.4285584203125 0.2891069125 0.42064005625 0.3125048828125 0.42030541718750003 0.33869961875 0.4235253375 0.346635321875 0.434962378125 0.361312909375 0.45032435781249996 0.3658911734375 0.45615218437499994 0.36602681718749996 0.47034740468749997 0.359516253125 0.4801659625 0.347953646875 0.48739799531249994 0.33240045937499996 0.48991453749999997 0.3036362546875 0.485427821875 0.287810309375 0.47571512812499994 0.2757931078125 0.46640705625 0.2703359546875 0.45055327968750003 0.27258720625 0.4361950765625 0.2801137734375 0.4285584203125 0.2891069125
0 0.5108116515625001 0.3734841203125 0.5227591781250001 0.37114195 0.53298235625 0.36613939218749997 0.545211590625 0.34939238906250003 0.5461512796875 0.3431256546875 0.5487135765625 0.3138384640625 0.5454233187499999 0.30223277187500003 0.5339862765625 0.2875551828125 0.530308803125 0.2848493359375 0.5085956515625 0.286964209375 0.4924601671875 0.30362029375 0.4871812578125 0.319218940625 0.48512226875 0.3427532890625 0.48788463593750003 0.355918846875 0.5012748031250001 0.370641896875 0.5108116515625001 0.3734841203125
0 0.504141234375 0.3759070640625 0.4877769734375 0.395178075 0.482726840625 0.40816179375 0.480896628125 0.429081215625 0.4836589953125 0.4422467734375 0.4894654390625 0.45417305625 0.5058996812500001 0.4676568296875 0.5144886828125 0.469153928125 0.5263231671875 0.4694293796875 0.5354253328125 0.46572379374999995 0.547425790625 0.45159171875000004 0.5544290484375 0.43865345937500005 0.5584411625000001 0.41516457031250004 0.5571743671875 0.40727432812500003 0.5492389546875 0.3861276078125 0.541250609375 0.37677079375 0.5299894125 0.3712681828125 0.5124112875 0.37085904687500004 0.504141234375 0.3759070640625
0 0.5580367875000001 0.34652556875 0.565391734375 0.3519372609375 0.5689415609374999 0.3529952015625 0.595993065625 0.3536248328125 0.61277721875 0.3360085296875 0.62001418125 0.3220767375 0.6235101734375 0.282117375 0.6234409015625 0.281231428125 0.613956984375 0.266599296875 0.599247090625 0.2557759125 0.581668965625 0.2553667765625 0.5714457875 0.26036933281249997 0.5594453296874999 0.27450140625 0.5498026171875 0.29523899062500003 0.5472860749999999 0.324003196875 0.5485528703125 0.3318934375 0.5580367875000001 0.34652556875
0 0.591788709375 0.425471509375 0.59629134375 0.4287845 0.6263542796875 0.429484221875 0.6371681375 0.421287221875 0.6450335703125 0.4096791546875 0.6472031796875 0.40501319999999996 0.64979979375 0.37533377031250004 0.6467408703124999 0.36779485312500004 0.635303828125 0.3531172625 0.62208950625 0.34756919218750004 0.6101419796875 0.3499113625 0.606006953125 0.3524353703125 0.5872320140625 0.3768907796875 0.5840329093750001 0.393323909375 0.58379269375 0.396069584375 0.5859822671875 0.41354522656250003 0.591788709375 0.425471509375
0 0.6688946953125 0.3002446390625 0.6591750875 0.2877710953125 0.645234684375 0.287446628125 0.64127833125 0.2898615765625 0.631459775 0.3014241828125 0.6264096421875001 0.3144079015625 0.6254945359375 0.32486761249999996 0.6269901078125 0.3301429265625 0.6385439078124999 0.3420897609375 0.652506475 0.3424147421875 0.6605978546875 0.33747578749999996 0.66621625 0.3308594078125 0.6688946953125 0.3002446390625
0 0.694786409375 0.3409661921875 0.7048684421875 0.3451991625 0.7211155609375 0.34557731875000003 0.731895784375 0.341829921875 0.7458493671875 0.32774330625000003 0.7506707234375 0.31737451562499996 0.7525350734375 0.3106052515625 0.7552003203125001 0.2801413453125 0.7526068 0.272875284375 0.7392166328124999 0.25815223593750003 0.7260023109375 0.25260416406249997 0.7142835609375 0.25233140781249996 0.693608428125 0.26495145 0.6816079703125 0.2790835265625 0.6767866140625001 0.28945231875 0.6769095265625 0.31041719843750004 0.683120590625 0.3289035296875 0.694786409375 0.3409661921875
0 0.6632702796875 0.40998958906249994 0.677273709375 0.41031552187500003 0.685590421875 0.406929703125 0.6995440046875 0.3928430859375 0.702183459375 0.3850437640625 0.7030985656250001 0.37458405156249996 0.700564975 0.3588035671875 0.69280540625 0.346831825 0.6871748078125 0.34408051875 0.661097853125 0.35133433125 0.6556431 0.357758 0.6481822890625 0.3759261140625 0.64703840625 0.3890007546875 0.648533978125 0.39427606718749997 0.6545691984374999 0.4035874234375 0.6632702796875 0.40998958906249994
0 0.6429503359375001 0.4752752703125 0.6637474890624999 0.4757593296875 0.669503346875 0.4722459703125 0.6819613578125 0.45288403749999995 0.6843368671875 0.44586464843750007 0.6858239140625 0.4288676171875 0.682982328125 0.41884451875 0.6695921609375 0.40412146875 0.6539671609375 0.4037577921875 0.647879009375 0.40623634375 0.631743525 0.42289242656250003 0.629368015625 0.42991181875000006 0.6271946390625 0.45475363281250003 0.628540653125 0.45950141406249995 0.6399776953125 0.474179003125 0.6429503359375001 0.4752752703125
0 0.7374111671875 0.3991897828125 0.7461232796874999 0.3928403109375 0.751806809375 0.3838017125 0.7526672796875 0.3806774375 0.753788284375 0.3678642921875 0.75214145 0.35760697656249996 0.7424287578125 0.345589775 0.7268037578125 0.3452260984375 0.72266873125 0.3477501078125 0.7128501734375 0.3593127140625 0.7112487375 0.3776172078125 0.7142398812499999 0.3881678375 0.7185507531249999 0.39481880625 0.725534678125 0.3989133546875 0.7374111671875 0.3991897828125
0 0.7087836390625 0.47837323906250007 0.740527746875 0.47911209218749995 0.7418767359375 0.47828867343750003 0.753113528125 0.4650559109375 0.756773953125 0.42321706875 0.7515023984375 0.4130064 0.7387456296875 0.402228471875 0.7192143796875 0.4017738765625 0.704856175 0.40930044375 0.7015833234375 0.4131546453125 0.6941225125 0.4313227609375 0.6925210765625 0.4496272546875 0.6970077921875 0.46545319999999996 0.7030430125 0.4747645546875 0.7087836390625 0.47837323906250007
0 0.8106549515625 0.344229165625 0.8106761234375 0.339513203125 0.8065940296875 0.33024730625 0.7992390828125 0.3248356125 0.7938865390625 0.3222201734375 0.7933078328125001 0.3222067046875 0.7753440296874999 0.3295199546875 0.7652966953125 0.34369748906250003 0.7639240375 0.3593870546875 0.76691518125 0.369937684375 0.7729504 0.379249040625 0.78012374375 0.3845271109375 0.79026445625 0.38476313906250004 0.8077020296875 0.3735072625 0.808275675 0.3714244125 0.8106549515625 0.344229165625
0 0.7716970843750001 0.46068384375000004 0.77709890625 0.466050078125 0.7846826296875 0.4688468421875 0.7964013796875 0.46911959999999997 0.8168477359375 0.45911448593750004 0.8336483781249999 0.43932957968749997 0.8354175828124999 0.419107471875 0.832966171875 0.3979137109375 0.8234822562499999 0.3832815828125 0.8044085593749999 0.37759713125 0.794642934375 0.37736983281250003 0.774196578125 0.38737495 0.76219611875 0.401507025 0.759785440625 0.4066914203125 0.7574976765625 0.43284069687500004 0.7639375171875 0.448712103125 0.7716970843750001 0.46068384375000004
0 0.7541611234375 0.5827644078125 0.7733668546875 0.5832114265625 0.784208128125 0.5810861218750001 0.7946600828125 0.5734686375 0.8066605421874999 0.5593365625 0.811387740625 0.5506032375000001 0.8158717609374999 0.49935065625 0.8046203859375 0.481991628125 0.78818614375 0.46850785312500004 0.774215490625 0.465805046875 0.7721357828125 0.465756640625 0.7586604921875 0.47044088906250003 0.7460266359375 0.48062784374999995 0.7362080796875 0.49219045 0.7289760453125 0.5077436375 0.726336590625 0.5155429609375 0.7240488265625 0.5416922375000001 0.7255443984375 0.5469675515625 0.7345707609375001 0.5668295390625 0.749051878125 0.58026785 0.7541611234375 0.5827644078125
0 0.6843670875 0.5685530171875001 0.69895406875 0.558411521875 0.7109545265625 0.5442794484375 0.716004659375 0.531295728125 0.7180636484375 0.507761378125 0.705817365625 0.479963690625 0.6965092921875 0.4745065390625 0.68501931875 0.471618853125 0.660895490625 0.47891812343750007 0.6534876109375001 0.48529633437499997 0.6390235421875 0.516402709375 0.6367357765625 0.5425519875 0.64621969375 0.5571841156249999 0.6667889625 0.5681438812499999 0.6843670875 0.5685530171875001
0 0.6426584656250001 0.5620974953125 0.6307109390625001 0.5644396671874999 0.616352734375 0.5719662359375 0.6078539046875 0.579629178125 0.589078965625 0.6040845890625001 0.580931825 0.630097484375 0.58013963125 0.6615220765625 0.5891130625 0.6931739671875 0.6003213281249999 0.71046648125 0.6113537484375 0.7185840203125 0.621001940625 0.7221421328125001 0.644981946875 0.7227002734375 0.6601818734375 0.7197205078125 0.67890388125 0.70705500625 0.69549691875 0.6851690671874999 0.70513963125 0.6644314828125 0.708465415625 0.6487873796875 0.709257609375 0.6173627859375 0.68925175625 0.5775933578125 0.6793102875 0.5681910828125 0.6700022156250001 0.562733928125 0.6426584656250001 0.5620974953125
0 0.6382934687499999 0.8166731265625 0.647601540625 0.822130278125 0.6512613109375 0.823050059375 0.6659025140625 0.8233908375000001 0.669085915625 0.8226303328125001 0.6773559687499999 0.8175823156250001 0.6849926234375 0.8085891765625 0.6898139796875 0.798220384375 0.69286796875 0.7778534968749999 0.6939889734375 0.7650403531250001 0.6885301359375 0.745785453125 0.6807705671875001 0.7338137109375 0.669738146875 0.72569616875 0.654113146875 0.7253324937500001 0.6397549421875001 0.7328590609375001 0.627754484375 0.746991134375 0.622475575 0.7625897828125 0.6211029156250001 0.77827935 0.6253608546875 0.796720221875 0.6382934687499999 0.8166731265625
0 0.5645723203124999 0.9227846812499999 0.5749460625 0.9293058437499999 0.5871239546875 0.9295892859375 0.59341164375 0.9286964281250001 0.6016816953124999 0.9236484125000001 0.6136821546875 0.9095163359375 0.61988965 0.8961665156249999 0.6225987453124999 0.8652014140625001 0.6189440140625 0.8493729999999999 0.61463314375 0.8427220328124999 0.6016475984375 0.8345590312500001 0.5918819734375 0.834331734375 0.5797056703125001 0.8392888328125 0.56093073125 0.8637442406250001 0.5580625 0.8741584921875001 0.5560035109375 0.897692840625 0.558765878125 0.9108583984375 0.5645723203124999 0.9227846812499999
0 0.68507348125 1 0.6923574171875 0.9967612859375 0.71699173125 0.9724422546874999 0.727811253125 0.95111630625 0.7316895875 0.9067867421875 0.7313158375000001 0.8758263124999999 0.7103419484375 0.8583064968749999 0.6951745015624999 0.8527129656250001 0.6695551 0.8547369203124999 0.6591031453125 0.86235440625 0.63642195625 0.8867188921875 0.6270080203124999 0.9048415484375001 0.6184033265625 0.9360843046875 0.6180686859375 0.9622790406249999 0.6227841781250001 0.9754900578125 0.6357167921875 0.9954429593749999 0.6419101921875 1 0.68507348125 1
0 0.808726665625 1 0.8152074453125 0.9923680515625 0.8226682546875 0.9741999359375001 0.8254135734375 0.9428208031249999 0.8209268578125 0.9269948593749999 0.8114429421875 0.9123627296875 0.791331225 0.896173109375 0.77765935 0.8958548937499999 0.7567554421875 0.9110898640625 0.7423443046875 0.930406334375 0.7375229484375 0.9407751265625001 0.7317864859375 0.9616036296875 0.7316806234375 0.9851834374999999 0.7351017203125 1 0.808726665625 1
0 0.6934841375 0.8435124437500001 0.699923978125 0.8593838484375 0.707683546875 0.8713555890625001 0.7277952625 0.8875452109375 0.739056459375 0.893047821875 0.74664680625 0.894160178125 0.76945768125 0.8946911078124999 0.7763946109375001 0.8912966250000001 0.7838024890625 0.8849184140625 0.7905769703125001 0.8745950828125 0.7980377812499999 0.856426965625 0.80146779375 0.8429469921875 0.8061939359375 0.7889269453125001 0.8036342812499999 0.77008889375 0.796103490625 0.7555022234375001 0.7655398203125 0.7469300890625 0.7499148203125 0.7465664125 0.7438266687499999 0.7490449625 0.7159195015625001 0.77721819375 0.6971445625 0.8016735984375 0.6920944296875 0.8146573203124999 0.6904929937500001 0.8329618125 0.6934841375 0.8435124437500001
0 0.82042955625 0.8884987296875 0.825831378125 0.893864965625 0.84295195 0.8995039546875001 0.86144518125 0.8894533796875 0.866899934375 0.8830297093749999 0.8717212906249999 0.8726609171874999 0.87710755625 0.837380121875 0.8794668140624999 0.8104136796875 0.8714054843750001 0.7979763703125 0.854742465625 0.7871075234375 0.833258090625 0.7866074703125 0.8208530109375 0.794179496875 0.8088525531249999 0.8083115718749999 0.8038024203124999 0.8212952921875001 0.802200984375 0.8395997859375001 0.8045057984374999 0.8579951984375 0.8107168625 0.8764815296874999 0.82042955625 0.8884987296875
0 0.87435611875 0.8643552296875001 0.8645716609375 0.9650072140624999 0.8672898453125001 0.9674238546874999 0.88898821875 0.9679288906249999 0.8988657359375001 0.964495290625 0.9104086421875 0.955593071875 0.9178694515625001 0.9374249562499999 0.9216527890625 0.9165509937499999 0.9191191984374999 0.9007705093749999 0.9158992781249999 0.8928348093749999 0.9081397093750001 0.8808630640624999 0.8936585921875 0.86742475 0.88802799375 0.8646734468749999 0.87435611875 0.8643552296875001
0 0.9098506125 1 0.911316103125 0.9832493671875 0.9059275140624999 0.9749356562499999 0.899205965625 0.9734690828125 0.8974093296874999 1 0.9098506125 1
0 0.9231097531250001 0.6213940499999999 0.9086286359375 0.6079557343750001 0.8906367749999999 0.60003205 0.8599783421874999 0.599318465625 0.8511258375 0.6053072171875 0.83894775 0.7556882875 0.8605131796875 0.7715559078124999 0.8872300031250001 0.7721777484375 0.8924913671875 0.7700357921875 0.9199409796875001 0.7470924171875 0.9335761328125001 0.7288160640625 0.9396098500000001 0.6598503625000001 0.93431801875 0.6386865671875 0.9231097531250001 0.6213940499999999
0 0.7060455484375 0.680920534375 0.7081215875 0.7019308750000001 0.709617159375 0.707206190625 0.7259984687500001 0.7324798671874999 0.7407083625 0.74330325625 0.7471411 0.743866234375 0.7849780765625 0.7447469 0.80217034375 0.7342527875 0.8163527046875 0.717551246875 0.8235847390625001 0.7019980578125 0.8293915390625 0.6848395453125 0.8334180046874999 0.6388168203125 0.83389673125 0.628871003125 0.8160198484375 0.5983220078125 0.8067117765624999 0.5928648546875 0.7856849546875 0.5871349453125 0.7681068296875 0.5867258093750001 0.745936125 0.594070540625 0.7208442578125 0.6236194234375 0.7112015453125 0.6443570078125 0.708562090625 0.6521563296874999 0.7060455484375 0.680920534375
0 0.80630893125 0.59075846875 0.8069317421875001 0.5970615703125 0.8159581062499999 0.6169235546875 0.828714875 0.6277014828125 0.8466451453125 0.63188745 0.8556050000000001 0.6320959921875 0.8640999015625 0.625904825 0.88723864375 0.59631048125 0.8910957296875001 0.5880154484375 0.89338349375 0.5618661734375 0.8926234171875 0.5571320265625 0.885550178125 0.5373155015625 0.8745177578125001 0.529197959375 0.8554440609375 0.5235135109375 0.8395902843749999 0.5257647624999999 0.83132023125 0.5308127796875 0.8171378718750001 0.547514321875 0.8101346140624999 0.5604525828125 0.808413675 0.5667011343749999 0.80630893125 0.59075846875
0 0.9572376765625 0.49415502031249997 0.94446835625 0.502534878125 0.9287374921874999 0.5257510109375 0.9236873593749999 0.5387347328125001 0.9206659828125 0.5542549109375 0.9203342578125 0.5580465546875 0.9241619625 0.5780495640625001 0.9368657984375 0.6006173968749999 0.9429880703125001 0.607513265625 0.9473113124999999 0.6076138906249999 0.9572376765625 0.49415502031249997
0 0.8692881187499999 0.50620483125 0.88022016875 0.52307119375 0.9101996484375 0.5237689750000001 0.9237468421875 0.510092625 0.9285681968749999 0.499723834375 0.9231493265624999 0.449812909375 0.9093016078125 0.4403197171875 0.8995359828125 0.44009241875000005 0.8895415812499999 0.44248005 0.875587996875 0.45656666562500003 0.8681271859375 0.4747347796875 0.8667545265625 0.490424346875 0.8692881187499999 0.50620483125
0 0.8426167328125 0.4908823296875 0.8676058796874999 0.49146395781249996 0.8732101359375 0.48486423125 0.8756208140625 0.47967983593749997 0.8786299 0.46206316875000003 0.87922471875 0.45526435625 0.8755508328125 0.44692505000000005 0.8625652875 0.43876204999999996 0.8527996625 0.438534753125 0.8467115109375 0.441013303125 0.8368929546875 0.452575909375 0.8344822765625001 0.45776030468749995 0.8335671703124999 0.46822001562500004 0.8363295374999999 0.4813855734375 0.8423647578125 0.49069692812500004 0.8426167328125 0.4908823296875
0 0.8883333468749999 0.4451053390625 0.90164291875 0.4316688734375 0.904534553125 0.3986173375 0.8992258046874999 0.3877133078125 0.886240259375 0.3795503078125 0.8621164296874999 0.386849578125 0.8566616765624999 0.393273246875 0.8518403203125 0.40364203906249996 0.8500101078125001 0.4245614609375 0.8530012515625 0.435112090625 0.8629427218749999 0.444514365625 0.8705264453125 0.44731112968750003 0.8883333468749999 0.4451053390625