0 0.131463340625 0.6250302015625 0.1370672671875 0.615917725 0.14061063437500002 0.603821109375 0.13600379375 0.56959824375 0.13393345625 0.5636418984375 0.11859812031250001 0.5439560828125 0.0990668703125 0.543842453125 0.0858093375 0.568587678125 0.08401510625 0.5842545203125 0.086127125 0.5999440875000001 0.10146245937500001 0.6196299015625 0.110378503125 0.625152690625 0.13076334843749998 0.6252712875 0.131463340625 0.6250302015625
0 0.1286577703125 0.73610965625 0.1556856296875 0.7362669000000001 0.159829021875 0.7320910375 0.1654329484375 0.7229785609375 0.16747187187499998 0.7105792453124999 0.1644974453125 0.6884831046875 0.159448896875 0.6785247921875001 0.1467706921875 0.66408019375 0.1320428078125 0.6561558671875 0.11231844843750001 0.669105515625 0.1083156421875 0.675614425 0.11130987187500001 0.7109057234375 0.11192587812499999 0.715481846875 0.1173088296875 0.7279243453124999 0.120766521875 0.7318637781249999 0.1286577703125 0.73610965625
0 0.20235364374999998 0.651840778125 0.21151195312499999 0.658527871875 0.23221218437500002 0.6586483015625 0.2465715125 0.646872271875 0.2518234359375 0.6351448656249999 0.2530843484375 0.627476865625 0.24908471250000003 0.5977647515625 0.2484965140625 0.5959323140625 0.2216355375 0.5631150453125 0.215424159375 0.5604660265625 0.201752284375 0.5603864859375001 0.18362904687499998 0.57073256875 0.1780251203125 0.57984504375 0.1739257609375 0.5928855921875 0.1770937890625 0.6164199421875 0.1896754390625 0.6373961796875001 0.20235364374999998 0.651840778125
0 0.2065086765625 0.7591833453125 0.2121180875 0.761575634375 0.23259575937500002 0.7616947703125 0.2429140453125 0.754169384375 0.2501190921875 0.7424533421875 0.25047341562500003 0.7356619156249999 0.2491182046875 0.7255944453125001 0.246247059375 0.7136891390625 0.22905515312500002 0.6874603203125 0.2213392078125 0.6808832312499999 0.2037610828125 0.680780965625 0.1946994640625 0.685954003125 0.184292171875 0.702877178125 0.183043053125 0.70809566875 0.18691508750000002 0.736859871875 0.1945344765625 0.7499686 0.2065086765625 0.7591833453125
0 0.2942510640625 0.612890290625 0.30296068125 0.605102325 0.3114148484375 0.5881677890625 0.3134422796875 0.5655346265625 0.31069047968749997 0.545092315625 0.28903945000000003 0.5161834203125 0.276140946875 0.5137051734375 0.27441688750000004 0.5136951437499999 0.26009457812500003 0.5186279015624999 0.2454290328125 0.5329134203125 0.2421813234375 0.5464815015625 0.2466869640625 0.579952575 0.24891484843749997 0.587804175 0.2519239828125 0.595660321875 0.25999193125 0.6048523390625 0.27476928749999996 0.6151801546875 0.28918564375 0.6152640265625 0.2942510640625 0.612890290625
0 0.2918742078125 0.7089562468749999 0.3088434859375 0.709054971875 0.3163752578125 0.7047552796875001 0.32678255 0.6878321109375001 0.32607854375 0.682602253125 0.29790611093749997 0.6327936359375 0.2898381625 0.62360161875 0.2781194125 0.6235334421875 0.27101091875 0.6287178453125 0.262204746875 0.6430374515625 0.259706509375 0.653474434375 0.261818528125 0.6691640015625 0.270141925 0.6875025859375 0.2831721328125 0.7045621093750001 0.2918742078125 0.7089562468749999
0 0.2617142453125 0.7263806234375 0.2595680109375 0.7394325375 0.2606240203125 0.747277321875 0.2761182484375 0.7826413390625 0.30420406875 0.7964594546875 0.318889021875 0.7965448890625 0.3224481359375 0.7933623984375 0.33055029999999996 0.7738129359375 0.3323445328125 0.7581460984375 0.33058451718750004 0.745071459375 0.31800286718750004 0.7240952218750001 0.303723540625 0.7122541890625 0.291300784375 0.70695615625 0.279582034375 0.7068879781249999 0.26891929375 0.7146645828125 0.2617142453125 0.7263806234375
0 0.3820560375 0.7875447265625 0.391040384375 0.780992215625 0.4026967953125 0.7588505515625 0.40553725625 0.739357578125 0.40380070625000003 0.7264572671875 0.4016750015625 0.722264290625 0.37676715 0.6894583828124999 0.351376525 0.6893106640625 0.33030649218749997 0.7140104421875 0.323296953125 0.7315282125 0.324944328125 0.7437660765625 0.3376985578125 0.7689239234375 0.3523298875 0.7833798859375001 0.36181949375 0.78742699375 0.3820560375 0.7875447265625
0 0.30997252343750004 0.6644401656250001 0.3203456 0.676258475 0.328747828125 0.6795065218749999 0.35417985 0.6796544812499999 0.355853853125 0.6790779359375 0.364915471875 0.67390489375 0.378204784375 0.6522953078125 0.3748255546875 0.6271920015625 0.37004271875 0.617757809375 0.36197477031249997 0.6085657921875 0.34689488281249997 0.5980265390625 0.32150425781249997 0.5978788203125001 0.3179500109375 0.6004710234374999 0.304340475 0.6226013234375001 0.30309135625 0.627819815625 0.30237366250000003 0.6340865515624999 0.30518968750000003 0.6550059734375 0.30997252343750004 0.6644401656250001
0 0.3726890078125 0.6011717390625 0.38954708125000004 0.604918978125 0.39936796406249997 0.6049761140625 0.4094463796875 0.59877270625 0.42145479375 0.579245971875 0.423453384375 0.570896384375 0.42042615625 0.5484080062500001 0.410860484375 0.5295396203125 0.4004874078125 0.5177213125 0.38771264843750003 0.5098083515625 0.37013452343750003 0.509706084375 0.359375228125 0.524014328125 0.355979875 0.5422847328125 0.3542575125 0.5671841671875 0.35502722656249996 0.5729021421875 0.3669261875 0.5946060125 0.3726890078125 0.6011717390625
0 0.39069495625 0.672591984375 0.4056782890625 0.689662875 0.4094909109375 0.69090520625 0.4346060484375 0.6910513218750001 0.4460864625 0.6781400015625 0.44842580625000006 0.652024815625 0.44506466875 0.6415537390625 0.43478814843749997 0.6232037953125 0.429025328125 0.61663806875 0.41625056875000005 0.6087251078125 0.40222669062499994 0.606030640625 0.384869796875 0.643816415625 0.387685821875 0.6647358375 0.39069495625 0.672591984375
0 0.43327245625 0.788817684375 0.434666184375 0.7894120796874999 0.46806944375 0.7896064140625 0.4788359984375 0.772099046875 0.47833365624999996 0.7466205484375 0.47698164375 0.7365768484374999 0.4651360015625 0.7210681890624999 0.4500561140625 0.7105289359375 0.4438447359375 0.707879921875 0.4243134859375 0.7077662921875 0.41355419062500004 0.7220745359375 0.4099317453125 0.7372081609375 0.41257176875 0.75682011875 0.4152799890625 0.7638906515625 0.42289937968749997 0.7769993796875 0.43327245625 0.788817684375
0 0.4788099703125 0.7287791234375 0.502844259375 0.7289189515625 0.50892158125 0.7244866046875 0.517727753125 0.710167 0.5186652015625 0.6982838515625 0.5151627703125 0.6722653203125 0.514048828125 0.6683395187500001 0.5056288765625 0.6565325750000001 0.49125299531250005 0.651223178125 0.45644874843750005 0.6536335734375001 0.45244594375 0.660142484375 0.4506517125 0.6758093265625 0.45417174375 0.701958603125 0.45948600624999997 0.7124410390625 0.46985908125 0.7242593453125 0.4788099703125 0.7287791234375
0 0.4482324328125 0.639714928125 0.45886257343750003 0.6474767046875 0.4845988140625 0.647626434375 0.4931543078125 0.6399762765625 0.5047330109375 0.617982225 0.5008058296875 0.5888083484375 0.49031016093749996 0.5681055359375 0.47958508125000004 0.5536723 0.462200065625 0.5405067578125 0.43520831875 0.5429626046875 0.43005295 0.5481583703124999 0.41999766093749996 0.56769646875 0.4182034296875 0.5833633093749999 0.4203154484375 0.5990528765625001 0.4309439734375 0.6200177499999999 0.4482324328125 0.639714928125
0 0.532766984375 0.5014870140625 0.5296448546875 0.49532858125 0.519271778125 0.48351027343749997 0.5071751859375 0.47601738437499996 0.4903837359375 0.47591969375 0.47860815624999997 0.48588657968750004 0.47460535156250006 0.492395490625 0.47758027031249994 0.528993115625 0.49061047812499997 0.5460526421874999 0.49844881875 0.5509078781250001 0.517478525 0.551018590625 0.5312741 0.5436763375 0.5368780265625 0.5345638609375001 0.537096621875 0.5336506234375 0.532766984375 0.5014870140625
0 0.42526273750000004 0.5277960078125 0.42723159062500005 0.52863568125 0.448489175 0.528759353125 0.45625728906249996 0.5188312515625 0.4600833578125 0.50666006875 0.45947321875 0.502127528125 0.4559395015625 0.48747484375 0.44290929375 0.4704153171875 0.43243966250000004 0.46512864687500005 0.42267403750000004 0.46507183281250003 0.40640737031249996 0.4819609140625 0.4023080109375 0.4950014625 0.40243512656249997 0.507544028125 0.4029151296875 0.5111098359375 0.41479310625 0.5225093375000001 0.42526273750000004 0.5277960078125
0 0.566466690625 0.6615832515625 0.572326065625 0.661617340625 0.58298880625 0.6538407359375 0.5917949765625 0.639521128125 0.5918754609375 0.6390316828125 0.585306203125 0.5902305937500001 0.57979265625 0.5793550671875 0.5694195796875 0.567536759375 0.5609030734375 0.5622614515625 0.5351604453125 0.5594988046875 0.5244977046875 0.5672754109375 0.518893778125 0.5763878874999999 0.5151464203125 0.5920433625 0.5163613234375 0.61556635 0.52743840625 0.6326145140625 0.566466690625 0.6615832515625
0 0.552909315625 0.8057127609375 0.614827396875 0.8060729890625 0.618417871875 0.80286245625 0.6300742828125 0.7807207921875 0.631709621875 0.7493757484375 0.623965553125 0.6918473390625001 0.6079262109375 0.6669316656250001 0.5974565796875 0.6616449984375 0.5470273328124999 0.6639644890625 0.5360125890624999 0.6691261671875 0.5136934375 0.699044434375 0.5111952 0.70948141875 0.511706096875 0.72777455 0.5207334984374999 0.7513429875 0.5512110609375 0.803777896875 0.552909315625 0.8057127609375
0 0.6998300609375 0.69000715625 0.6963100296875 0.663857878125 0.6936528984375 0.6586166625 0.687538075 0.6494360078125 0.670857065625 0.64150031875 0.6489591156250001 0.6394079265625 0.6296483312500001 0.6543249734375001 0.6256455265625 0.6608338859375 0.6234992921875 0.6738857984375 0.6259633140624999 0.6921902906249999 0.6293244515625 0.7026613671875 0.6392489703125 0.718396384375 0.649622046875 0.7302146921875 0.655833425 0.732863709375 0.67341155 0.7329659765625001 0.6876285375 0.72259716875 0.6964347078124999 0.7082775609375 0.6998300609375 0.69000715625
0 0.6749822296875 0.8001778546875 0.687559234375 0.793484146875 0.692470584375 0.78321361875 0.6858411921875 0.7339658140624999 0.6830174109375 0.730748609375 0.6725477796875 0.7254619375 0.6387995421875 0.7357171171875 0.6363978593749999 0.7396224640625 0.63495563125 0.7579042328125001 0.6393727765625 0.7762200875 0.644687040625 0.786702528125 0.6527549875 0.7958945453124999 0.659524828125 0.8000879265625 0.6749822296875 0.8001778546875
0 0.6326727937500001 0.6332993296875 0.639614796875 0.63759935625 0.6655076906249999 0.637749996875 0.676538659375 0.62571589375 0.6817905828125 0.6139884890625 0.6826876984375 0.6061550687499999 0.676703646875 0.5617012984375 0.6620723171875 0.5472453390625 0.6457433109374999 0.541924578125 0.6398839359374999 0.5418904890625 0.6288691921875 0.54705216875 0.6201595765625 0.5548401359375 0.6117054093750001 0.5717746703125 0.6104562890625 0.5769931609375 0.6139763203124999 0.6031424390625 0.6176894609375 0.616228440625 0.6326727937500001 0.6332993296875
0 0.5785313046875 0.5841605875 0.5990134078125 0.5842797484375 0.6077380828125001 0.5789095890625 0.61787665 0.565426821875 0.610229890625 0.508621290625 0.603485921875 0.49657913750000005 0.591159721875 0.4847494671875 0.56737021875 0.48199818437499997 0.5504960999999999 0.48712577343749996 0.5349334375 0.5092447109375 0.53986148125 0.5458536984375 0.55049000625 0.5668185703125 0.5582059515625 0.5733956609375 0.5771920890625 0.5839576390625 0.5785313046875 0.5841605875
0 0.609865959375 0.373987515625 0.604165478125 0.3896316296875 0.60397236875 0.40269490625 0.6060843874999999 0.4183844703125 0.609445525 0.42885554687500005 0.6205226078125 0.4459037078125 0.6379076234375 0.4590692515625 0.6466016359375 0.46277705625000004 0.66222965 0.46286797812499997 0.6743129921875 0.4540552921875 0.687218521875 0.42669513593749997 0.689012753125 0.411028296875 0.6805304640625 0.37701151093749996 0.6678522578125 0.3625669109375 0.653124375 0.3546425890625 0.646912996875 0.351993571875 0.629334871875 0.35189130468749996 0.6238275 0.35447214374999997 0.609865959375 0.373987515625
0 0.6525555062499999 0.5272901484375 0.6659377171875 0.5469646 0.6869683390625 0.5566884828124999 0.7020227593749999 0.556776065625 0.7096104734375001 0.552444440625 0.720721771875 0.5407511234375 0.722902221875 0.4989577359375 0.71387481875 0.47538929531249996 0.6946332328125 0.4556807515625 0.6848676078125 0.45562393749999996 0.6514713734375001 0.46849404375 0.644618328125 0.4828250109375 0.645129225 0.5011181421875001 0.6525555062499999 0.5272901484375
0 0.691882340625 0.625069871875 0.695331628125 0.6420379765625001 0.7110189671875 0.6643387203125 0.7337910765625 0.68186299375 0.7541032875 0.6819811671875 0.7706687265625 0.672524390625 0.7775217718749999 0.6581934234375 0.7812644921875 0.642557315625 0.77609568125 0.604159746875 0.7703228171875 0.5902166671875 0.7585360765625 0.5832872453125 0.73404821875 0.559957509375 0.727836840625 0.55730849375 0.718071215625 0.5572516796875 0.6983468546875 0.5702013218750001 0.690789803125 0.5793024359375 0.691665184375 0.5959214140625 0.691518928125 0.612044546875 0.691882340625 0.625069871875
0 0.6943056546874999 0.7471907515625 0.696769675 0.7654952453125 0.6997788109374999 0.7733513921874999 0.7239826546875 0.80092744375 0.7644531671875 0.8116144140625 0.7719136640625 0.8090449375000001 0.7835700765625 0.786903275 0.7841151890625 0.7764549265625 0.78341661875 0.762929209375 0.7815715359375 0.7492226296875 0.7735208796874999 0.726748575 0.7535752875 0.7018101765625 0.74505878125 0.6965348687499999 0.7326360249999999 0.6912368343749999 0.7189641499999999 0.69115729375 0.7134567781250001 0.6937381328125001 0.701192915625 0.704118303125 0.6955889890625 0.7132307796874999 0.6937947578125 0.7288976218750001 0.6943056546874999 0.7471907515625
0 0.730488421875 0.5089203328125 0.734073228125 0.52540233125 0.742396625 0.5437409140625 0.7596850859375001 0.56343809375 0.7703497375 0.5712250671875 0.79656155625 0.5713775640625001 0.8085132109375 0.56372216875 0.8185684999999999 0.5441840703125 0.8228646375 0.5224568406250001 0.8215710265625 0.51284698125 0.8177398171875 0.49453453124999996 0.8041021578124999 0.4657135125 0.78325945 0.44860853437500003 0.771188696875 0.4459254296875 0.74685408125 0.4536224953125 0.7377924625000001 0.458795534375 0.7321885359375 0.46790801093749995 0.7296902984375 0.47834499687500004 0.729062809375 0.49832987656250005 0.730488421875 0.5089203328125
0 0.8519941624999999 0.5540292546875001 0.834064034375 0.551312059375 0.8159407968749999 0.5616581421875 0.8058855062499999 0.581196240625 0.801786146875 0.5942367890625 0.801241034375 0.6046851390625 0.8044090625000001 0.6282194875 0.810075328125 0.64131685 0.8250586609375 0.6583877390625 0.8459979234375 0.6689610796875 0.8639280515625 0.671678275 0.8904089015625001 0.650929296875 0.89541900625 0.6317334453125001 0.8951391421875 0.6193287484375001 0.8896459828125 0.595731 0.8840105062499999 0.5816507578125 0.8778956828125001 0.5724701046875 0.8582055390625 0.5566782703125 0.8519941624999999 0.5540292546875001
0 0.779941240625 0.737111640625 0.782950375 0.7449677859375 0.7986377140625 0.7672685312499999 0.8247323453125001 0.7726461046875001 0.8400053421875 0.7701220796875 0.8455127140625001 0.7675412421875001 0.8522692046874999 0.759741909375 0.8591222500000001 0.745410940625 0.86341471875 0.719307115625 0.862358709375 0.7114623328125 0.8536833093749999 0.6905088234375001 0.8433102328125001 0.6786905140624999 0.8305354734374999 0.6707775546875 0.8181127171875 0.665479521875 0.8024877171875 0.66538861875 0.7886227328125 0.6783723515625 0.7798165625 0.692691959375 0.777318325 0.70312894375 0.7767732125 0.713577290625 0.779941240625 0.737111640625
0 0.757466459375 0.41937567187499997 0.7675635578125 0.43929229999999997 0.77953775625 0.44850704375 0.8382159140625 0.45608545468750006 0.8443618203125001 0.456121209375 0.854108509375 0.45155376406250003 0.8663723718749999 0.44117359375 0.8773753296875 0.417077178125 0.8752621375 0.40137889375 0.8628242187499999 0.364072996875 0.855204828125 0.3509642703125 0.8451837546875 0.341760890625 0.8324089953125 0.3338479296875 0.8118217359375001 0.325889515625 0.7782666078125 0.32308141875 0.765906190625 0.339993225 0.755016125 0.3895745859375 0.75429843125 0.3958413234375 0.757466459375 0.41937567187499997
0 0.89344225625 0.4233505953125 0.9039118875 0.42863726562500004 0.9127552109374999 0.4299774140625 0.9243031546875 0.430044596875 0.93641100625 0.42360058125 0.9452171765624999 0.409280975 0.9490894453125 0.3931036484375 0.9448830078125001 0.3618552625 0.9413793593750001 0.35177529218750003 0.9214337671875 0.3268368921875 0.9152223890625001 0.32418787656250003 0.8956911390625001 0.3240742484375 0.8747176609375 0.3422423859375 0.8678646156250001 0.3565733546875 0.865014375 0.3643954109375 0.8731446609375 0.3957972703125 0.8807640515624999 0.4089059984375 0.89344225625 0.4233505953125
0 0.8805087515625001 0.5422017046875001 0.8967694312500001 0.5303423796875 0.9055756015625 0.5160227749999999 0.9051821 0.49606461562500004 0.902616878125 0.47700833125 0.896582415625 0.4637128578125 0.8799979609375 0.44924553281249996 0.8507010859375 0.4490750890625 0.8435925921875 0.45425949374999997 0.8303350578125 0.47900472031249997 0.8311979578124999 0.49991277968750003 0.8352631015625 0.5156137078125 0.8474927484375 0.5339750171875 0.8580129375000001 0.5420708265624999 0.8805087515625001 0.5422017046875001
0 0.92132346875 0.5079652718750001 0.9293914171875001 0.5171572906249999 0.9519318015625 0.525127065625 0.9632985484375001 0.522580315625 0.969254478125 0.5160827671875 0.9753069625 0.50305358125 0.9774880296875 0.488085759375 0.974234934375 0.4639194671875 0.9705720281250001 0.453381315625 0.9652577656249999 0.44289888125 0.9594949453125 0.436333153125 0.9405088078125001 0.4257711765625 0.9209775578125001 0.425657546875 0.9138690640625 0.43084195000000003 0.9082651374999999 0.4399544265625 0.9041657781250001 0.4529949765625 0.903779559375 0.47912152812500003 0.92132346875 0.5079652718750001
0 0.938932434375 0.627903740625 0.9533035015625 0.6347405140625 0.97857436875 0.6348875359374999 0.980652065625 0.63337221875 0.9862559921875 0.6242597421875 0.9900876828125 0.604881403125 0.9865764499999999 0.578797496875 0.9831221796875 0.5719839140625 0.9723971015625 0.5575506796874999 0.9596223421875001 0.54963771875 0.9443493437500001 0.5521617421875 0.9317334781250001 0.559926984375 0.9261295515624999 0.5690394609375 0.9236313140625001 0.5794764453125001 0.9227341984375 0.587309865625 0.9266062328125001 0.6160740703124999 0.938932434375 0.627903740625
0 0.8972356984375001 0.70415563125 0.91026590625 0.7212151578125 0.923744671875 0.7343579734375 0.9241579375000001 0.734492634375 0.957410734375 0.7346860937499999 0.9828835343750001 0.7242505140625 0.9846810796875 0.7154947609375 0.9783291828125 0.6683083890625 0.9782451546875001 0.6680466125 0.9706257640624999 0.6549378859375 0.9490790499999999 0.632603053125 0.9405625437499999 0.627327746875 0.9151719187499999 0.627180028125 0.9045091781249999 0.6349566328125 0.8989052515625 0.644069109375 0.8914105390625 0.6753800625 0.8938745609375 0.6936845578125 0.8972356984375001 0.70415563125
0 1 0.3878047265625 0.98798411875 0.3877348203125 0.97572025625 0.398114990625 0.9701163296875001 0.40722746875000004 0.9681847171875001 0.4189741859375 0.9713175453125 0.44224704375 0.98141464375 0.46216367500000005 0.9956939703125001 0.47400470625 0.9976339734374999 0.47418696093749996 1 0.4742007265625 1 0.3878047265625
0 1 0.47941023437499997 0.999842671875 0.47945298750000004 0.983672559375 0.48981043125 0.9727201546875 0.51718195 0.972175040625 0.5276302984375 0.98065733125 0.561647084375 0.9936875390625 0.578706609375 1 0.582218228125 1 0.47941023437499997
0 0.8845149265625001 0.83262240625 0.9121864578125001 0.8327833953124999 0.9151453281249999 0.831764328125 0.9227023796875 0.8226632140625 0.9264497359374999 0.8070077375 0.926478703125 0.805048246875 0.92051225 0.7607252203125 0.9174565484375 0.7546978203125 0.907435475 0.7454944390625 0.8848950906249999 0.7375246640625 0.8731763406249999 0.7374564875 0.864466725 0.7452444546875 0.8572616765625 0.756960496875 0.8506640796875 0.7804380296875 0.8534801046875 0.8013574515625 0.86385318125 0.8131757609375001 0.8845149265625001 0.83262240625
0 1 0.774202775 0.9969992953125001 0.751911421875 0.991236475 0.74534569375 0.9461557062500001 0.72940614375 0.9422494562500001 0.7293834171875 0.9370940875 0.734579184375 0.9314901609374999 0.7436916609375 0.9263005765625 0.77762890625 0.9280605921875 0.7907035453125 0.9377920015625 0.8195018375 0.958634709375 0.8366068171875 0.961322475 0.8377530890625 0.9841634828125001 0.8378859750000001 0.994688075 0.828977928125 1 0.8186565031249999 1 0.774202775