0 0.12734375 0.65390625 0.09921875 0.1328125
0 0.6171875 0.2671875 0.065625 0.0875
0 0.26171875 0.9015625 0.05078125 0.0734375
0 0.9734375 0.78984375 0.053125 0.0953125
0 0.665625 0.8921875 0.0546875 0.07109375
0 0.89609375 0.2296875 0.0640625 0.0703125
0 0.33359375 0.7046875 0.0734375 0.096875
0 0.10703125 0.8265625 0.05546875 0.0828125
0 0.55703125 0.23984375 0.06328125 0.078125
0 0.540625 0.52421875 0.08515625 0.103125
0 0.42421875 0.74609375 0.0640625 0.08671875
0 0.40234375 0.65625 0.075 0.0953125
0 0.815625 0.4734375 0.05078125 0.059375
0 0.6796875 0.2875 0.05859375 0.06953125
0 0.76796875 0.821875 0.065625 0.09140625
0 0.87265625 0.49140625 0.06640625 0.0796875
0 0.03515625 0.21640625 0.0703125 0.1515625
0 0.05625 0.1109375 0.06015625 0.07109375
0 0.78984375 0.6375 0.07578125 0.09453125
0 0.33203125 0.3984375 0.05 0.06171875
0 0.1375 0.4171875 0.04296875 0.0609375
0 0.03515625 0.64375 0.0703125 0.12734375
0 0.8984375 0.93046875 0.0515625 0.071875
0 0.70234375 0.659375 0.0546875 0.0703125
0 0.29609375 0.8640625 0.053125 0.07734375
0 0.746875 0.440625 0.10078125 0.12734375
0 0.1734375 0.5515625 0.06953125 0.1
0 0.65078125 0.68671875 0.06328125 0.08203125
0 0.96171875 0.16953125 0.065625 0.07265625
0 0.96640625 0.23203125 0.05078125 0.05859375
0 0.2125 0.8046875 0.0734375 0.103125
0 0.9171875 0.74765625 0.0828125 0.09609375
0 0.5921875 0.865625 0.0796875 0.1125
0 0.56796875 0.58671875 0.0484375 0.059375
0 0.4046875 0.546875 0.075 0.10234375
0 0.56640625 0.3765625 0.053125 0.06484375
0 0.3671875 0.459375 0.05625 0.0703125
0 0.66953125 0.4703125 0.0609375 0.0765625
0 0.88671875 0.83984375 0.071875 0.09921875
0 0.37265625 0.30234375 0.05078125 0.0625
0 0.60703125 0.45546875 0.0609375 0.0796875
0 0.61484375 0.61875 0.06015625 0.075
0 0.68671875 0.75078125 0.05859375 0.0765625
0 0.259375 0.70078125 0.0625 0.0859375
0 0.621875 0.346875 0.06484375 0.0765625
0 0.4421875 0.91171875 0.05390625 0.07890625
0 0.3015625 0.6 0.08203125 0.10703125
0 0.82265625 0.1796875 0.05625 0.07265625
0 0.03046875 0.32265625 0.05546875 0.0796875
0 0.76484375 0.54296875 0.0609375 0.0734375
0 0.49375 0.8703125 0.0921875 0.1203125
0 0.4703125 0.68515625 0.04609375 0.0625
0 0.7453125 0.73671875 0.06640625 0.0890625
0 0.28359375 0.778125 0.071875 0.09375
0 0.67890625 0.38125 0.07109375 0.08359375
0 0.88828125 0.1609375 0.065625 0.0734375
0 0.59296875 0.1890625 0.05546875 0.06953125
0 0.165625 0.2875 0.06796875 0.0890625
0 0.87890625 0.33203125 0.128125 0.134375
0 0.2875 0.52265625 0.03515625 0.0484375
0 0.46484375 0.49453125 0.06171875 0.08046875
0 0.07109375 0.2859375 0.0453125 0.05625
0 0.25078125 0.446875 0.06796875 0.09140625
0 0.02734375 0.53203125 0.05390625 0.09296875
0 0.76640625 0.16796875 0.0609375 0.078125
0 0.65859375 0.5671875 0.090625 0.1140625
0 0.73203125 0.33203125 0.07890625 0.0984375
0 0.51640625 0.38125 0.040625 0.05078125
0 0.721875 0.87578125 0.053125 0.06640625
0 0.85859375 0.69453125 0.06640625 0.0828125
0 0.2046875 0.37734375 0.05546875 0.06796875
0 0.6140625 0.7640625 0.04921875 0.0671875
0 0.25625 0.3484375 0.0640625 0.078125
0 0.671875 0.171875 0.07578125 0.10546875
0 0.3171875 0.33203125 0.0640625 0.07578125
0 0.6640625 0.825 0.05625 0.0734375
0 0.07578125 0.33984375 0.04765625 0.059375
0 0.4671875 0.60625 0.07265625 0.09140625
0 0.821875 0.4078125 0.0578125 0.07109375
0 0.7875 0.89609375 0.046875 0.0609375
0 0.53515625 0.43046875 0.0484375 0.06875
0 0.48984375 0.43125 0.04765625 0.05703125
0 0.53359375 0.6390625 0.0625 0.08359375
0 0.58671875 0.69765625 0.06953125 0.08671875
0 0.9703125 0.6890625 0.05859375 0.1046875
0 0.371875 0.88671875 0.090625 0.12890625
0 0.78046875 0.2515625 0.07109375 0.08828125
0 0.221875 0.50703125 0.040625 0.0484375
0 0.40234375 0.396875 0.0546875 0.06953125
0 0.95859375 0.88828125 0.0703125 0.090625
0 0.41640625 0.33125 0.053125 0.0671875
0 0.0890625 0.5703125 0.06953125 0.084375
0 0.715625 0.81328125 0.04453125 0.059375
0 0.0734375 0.4921875 0.03359375 0.04765625
0 0.196875 0.4578125 0.04375 0.05546875
0 0.4890625 0.759375 0.06328125 0.0875
0 0.28828125 0.27421875 0.06640625 0.08125
0 0.0375 0.45 0.0578125 0.06953125
0 0.940625 0.4703125 0.0734375 0.09296875
0 0.84296875 0.24765625 0.04765625 0.059375
0 0.159375 0.36796875 0.0421875 0.06015625
0 0.1078125 0.44453125 0.04140625 0.05546875
0 0.11640625 0.3734375 0.03671875 0.0484375
0 0.3484375 0.78828125 0.0609375 0.08359375
0 0.1546875 0.7734375 0.06640625 0.08359375
0 0.97421875 0.3203125 0.05078125 0.11953125
0 0.221875 0.640625 0.071875 0.0890625
0 0.309375 0.20390625 0.05625 0.07109375
0 0.12109375 0.19921875 0.0765625 0.0890625
0 0.440625 0.27109375 0.059375 0.07265625
0 0.4875 0.3265625 0.06484375 0.08515625
0 0.06953125 0.7734375 0.05625 0.0875
0 0.2484375 0.546875 0.040625 0.04921875
0 0.8390625 0.5484375 0.05703125 0.06796875
0 0.36640625 0.59921875 0.04296875 0.0515625
0 0.1546875 0.87578125 0.06484375 0.0953125
0 0.71015625 0.5140625 0.04453125 0.05625
0 0.11640625 0.26640625 0.03359375 0.04296875
0 0.7140625 0.23046875 0.04296875 0.05234375
0 0.22578125 0.30078125 0.05625 0.07421875
0 0.07265625 0.39921875 0.046875 0.0578125
0 0.82578125 0.84140625 0.05625 0.08359375
0 0.553125 0.7703125 0.0671875 0.0953125
0 0.54609375 0.3234375 0.05546875 0.07265625
0 0.36953125 0.35546875 0.0390625 0.04453125
0 0.4546875 0.3921875 0.05 0.06015625
0 0.53046875 0.70390625 0.0328125 0.0421875
0 0.603125 0.52890625 0.04375 0.0546875
0 0.79609375 0.334375 0.03515625 0.046875
0 0.93359375 0.39296875 0.04453125 0.053125
0 0.415625 0.2171875 0.04296875 0.0515625
0 0.1125 0.89140625 0.0234375 0.0484375
0 0.425 0.46484375 0.04453125 0.05625
0 0.18828125 0.22265625 0.04375 0.0515625
0 0.3140625 0.4671875 0.0609375 0.0828125
0 0.428125 0.82578125 0.05546875 0.0671875
0 0.92109375 0.603125 0.1359375 0.171875
0 0.9640625 0.41484375 0.03671875 0.046875
0 0.23984375 0.23515625 0.05 0.0578125
0 0.1703125 0.1453125 0.06171875 0.07890625
0 0.825 0.9015625 0.03125 0.040625
0 0.203125 0.71796875 0.046875 0.06484375
0 0.49609375 0.2609375 0.05546875 0.05859375
0 0.15546875 0.49296875 0.053125 0.06953125
0 0.728125 0.59921875 0.06171875 0.07421875
0 0.80625 0.75078125 0.06796875 0.09921875
0 0.015625 0.76171875 0.03125 0.1171875
0 0.88046875 0.42890625 0.05078125 0.06171875
0 0.4578125 0.20859375 0.0359375 0.04765625
0 0.028125 0.86796875 0.05625 0.1078125
0 0.00859375 0.4125 0.01640625 0.0484375
0 0.3390625 0.5390625 0.0578125 0.0671875
0 0.55234375 0.13671875 0.04453125 0.0609375
0 0.978125 0.55625 0.04375 0.09453125
0 0.0046875 0.3625 0.009375 0.0421875
0 0.9921875 0.4765625 0.015625 0.0578125
0 0.3453125 0.2359375 0.05 0.06328125
0 0.14609375 0.228125 0.03125 0.0390625
0 0.00546875 0.459375 0.0109375 0.05
0 0.990625 0.20625 0.0171875 0.0375