0 0.16376206088123024 0.7354062506655901 0.11908036246740386 0.14293450534256086
0 0.16576968165341227 0.3478159848980207 0.06792262716226491 0.08579560903049047
0 0.18133052196073335 0.23360801453329846 0.06406224212409221 0.07790810087368065
0 0.5596157922544768 0.4712092787822565 0.11058629788366652 0.13201502583555574
0 0.7398119280295683 0.011166704028471922 0.0485011439408634 0.022333408056943845
0 0.5884917675394916 0.9485335385659022 0.07129679235118865 0.07339789288068595
0 0.24890259330294526 0.8004844303771177 0.06988171072309868 0.09188439114722229
0 0.164541376811922 0.16226034460541652 0.05507789935858067 0.0681468585199827
0 0.29486673453804857 0.18963784935506917 0.045140925039869904 0.053879790819592085
0 0.5885228158822 0.6997875672512495 0.07640274545807202 0.0953501740119446
0 0.12049093769315222 0.9025034848980205 0.063701522748971 0.07468317164923163
0 0.3650849290683384 0.5903625883371524 0.09340685007973981 0.10783231682154515
0 0.23762806150945007 0.14574368541111088 0.08956239214402721 0.10491618551694018
0 0.5092318656020343 0.0949753935236454 0.07167738434058535 0.09358318796285162
0 0.6423951809045063 0.1066915306821175 0.08457596483319332 0.09875694119229608
0 0.29992283042606765 0.748612152641701 0.06051674373370197 0.07148998241576834
0 0.2291308089243762 0.3931271784772567 0.0641897878817268 0.07947060087368056
0 0.574171468327191 0.14960703571611061 0.06961267291989941 0.08739447662167103
0 0.8237890889301951 0.2248927507624993 0.11589165405756355 0.12297626275138036
0 0.2713988308851095 0.6299719086256247 0.05188714566523363 0.06368641101096788
0 0.27484076120988765 0.05286520117868032 0.07904944886694257 0.0895635341943056
0 0.42455500816577185 0.4158704281929163 0.07631108000339441 0.09183909496084208
0 0.7246187810445891 0.4081066006862494 0.07602807979502053 0.09076033026194459
0 0.7357962996713426 0.662829815067048 0.08819520464402722 0.10488436387465719
0 0.6405453806049438 0.022568544026405995 0.06734673879011233 0.04513708805281199
0 0.7004176826921824 0.9147378071832634 0.05920336057089308 0.07331135654903634
0 0.22723527420745143 0.9226321873109719 0.11063812140632763 0.1302617592844534
0 0.3478189701148672 0.9642722138121176 0.06827151000193972 0.05305357123840295
0 0.19013233967910126 0.46967214789204836 0.06375532708616198 0.07653636742478298
0 0.1809499476950919 0.8496317516155205 0.07628317131028979 0.09388533026194423
0 0.40209033467813143 0.4904710379003122 0.05365093284331159 0.06499458282659738
0 0.3995387748356713 0.33067846381211774 0.09304811151914842 0.10821384992375008
0 0.42412496028210545 0.5453215388502427 0.060136087275328265 0.07040894474242201
0 0.16058887664274413 0.6309915075994443 0.0656546316317268 0.07950469549041231
0 0.6925553222602957 0.31372147426135355 0.09901106909549391 0.1239479526972918
0 0.6111459545322295 0.33666997141156196 0.08801583536373148 0.1050751304257596
0 0.2983906051410527 0.2706514600123956 0.07589256242753395 0.0891001740119445
0 0.784678404691709 0.12131446229350629 0.09412234638639276 0.1034627882904818
0 0.5985191824023184 0.5677745010468398 0.08136128019304553 0.09877958928548622
0 0.34676613739358986 0.8052245221327426 0.08137522648097573 0.10014450381103757
0 0.4797514018167711 0.032318186500382845 0.08121985261645773 0.06463637300076569
0 0.36795586905670047 0.8990829716959023 0.0627249441317268 0.07943650625694901
0 0.4933852722505975 0.575679879655937 0.1005735690954939 0.12398432028847228
0 0.2274883027154584 0.3081709502287498 0.09004270178417499 0.10482989413918409
0 0.7827658630169605 0.3357945363817007 0.08169011312875796 0.10161389350993497
0 0.7657075849679955 0.8313427725139924 0.08565817131028979 0.09410353580902786
0 0.548263188321372 0.3046036602411454 0.07420251666989941 0.08750130642076392
0 0.5505921233087643 0.6390689260087148 0.0657522878817268 0.07950696846486113
0 0.6261665949699352 0.7831260909026037 0.09545959602702539 0.11626257596382832
0 0.12911393090450624 0.11863828438493045 0.06645778341226491 0.08576151441375872
0 0.11645559468007109 0.44565472606430545 0.09840914002405672 0.13806719540721363
0 0.3037006321027559 0.4826241299402775 0.05526723718050262 0.06688414619332902
0 0.32426706317644005 0.1351497178961803 0.07592245193516849 0.09066040103749576
0 0.6451871461875814 0.6360874367422911 0.07915307979502054 0.09083306544430556
0 0.4583738328419636 0.9663776148382983 0.06438123545613247 0.043605836056041625
0 0.21755635376392685 0.6304453405213539 0.04170901000193963 0.052435322188333446
0 0.4785242574168658 0.18458340739135376 0.07454729282531644 0.09053092314521276
0 0.10602789089674758 0.3250337547496526 0.06227454011645768 0.07630696030805133
0 0.5743465536335423 0.06148943987642312 0.0727835056472383 0.08922275132958339
0 0.3924112852966529 0.16007567629305522 0.09607545526914833 0.10828431213166238
0 0.2949789495312597 0.3697611072388539 0.08469553898097573 0.10022178494229603
0 0.25975918452835023 0.4477776576756941 0.04789124325957417 0.05413874660415807
0 0.8560750436316027 0.10639667069038121 0.05802947252187494 0.07922974723340719
0 0.253892724366931 0.7106952317638886 0.07264798827975164 0.08756259507958344
0 0.31436770982306345 0.6671803146857982 0.07714814738960377 0.08776480815422757
0 0.16723723149393274 0.5590983238038539 0.043399055759574215 0.05403418977951393
0 0.10500829846339461 0.5667848436554859 0.09328725981471316 0.11114353742375016
0 0.7916631466466235 0.5133740225139924 0.06886134466202236 0.07938439114722229
0 0.361097125603974 0.052068380224617926 0.15593074879205204 0.10413676044923585
0 0.19794329242365466 0.01364182979343526 0.0601681026526907 0.02728365958687052
0 0.6846946380218096 0.20941583396874944 0.07966326282555869 0.09708306544430556
0 0.4599197126980014 0.7659418569545134 0.08164035100684792 0.08309330062666671
0 0.1972100977241869 0.07728527935093733 0.08093281019280303 0.09233654975993495
0 0.6153228846878298 0.22818532418510365 0.07640274545807202 0.0953501740119445
0 0.45091047195103506 0.4846561425737148 0.04645628901720862 0.05566487901297741
0 0.5144164098133651 0.9198468005337496 0.07980475487112351 0.1000104799698569
0 0.6458098020872386 0.8863777242613535 0.07786758920807202 0.09538426862867624
0 0.5562181780295683 0.013432879966734807 0.07495801608101119 0.026865759933469614
0 0.16033494556906 0.9779931409581941 0.07465111716032524 0.03448768216875422
0 0.6545313557207809 0.9610322321451383 0.0847893947743584 0.04525048974138883
0 0.27777753708432906 0.9721405716196525 0.0656886439408634 0.04051720364722229
0 0.7801997460378003 0.5869388090831243 0.051287277994547506 0.05753179428651904
0 0.5404344549912714 0.21901165235736064 0.05568775168813715 0.06845346511667535
0 0.4044668092142403 0.738381207828194 0.05883466958591956 0.06998877107458767
0 0.4581662808754112 0.8829475189986106 0.08361333250387944 0.10487519032556421
0 0.6325748022564165 0.41804660477031186 0.06416786998394439 0.07800803009812932
0 0.6932099290683384 0.5827253941892355 0.06166670083591956 0.0700546873336025
0 0.09831279087735091 0.8398586677436803 0.062485795836162004 0.07650681875694901
0 0.42686629150557076 0.24426818512677045 0.077110286272117 0.08610692487867624
0 0.24241257467619176 0.5456521132227776 0.0992561276001596 0.14724915588166249
0 0.772722601637895 0.7454052725139924 0.05736982583591939 0.06995467645785602
0 0.35510363543673573 0.4642728670224997 0.0625595372566055 0.07621612298139765
0 0.579626692694122 0.8660847144777077 0.07605796930265515 0.09232055728749558
0 0.3362411625676168 0.20816899059760385 0.05160216464232992 0.05900118398541672
0 0.47830163256179786 0.35925609907072875 0.06416786998394439 0.0780080300981294
0 0.06456005996314634 0.9763234978157985 0.09705024647879361 0.042611742970833436
0 0.30851709617788314 0.9012461901607635 0.06625451541965699 0.0808832478626563
0 0.5397334690760971 0.3804394616279162 0.0523734138662153 0.06964344226096789
0 0.4071142217818572 0.9543146791428467 0.06136777352508567 0.06400454578249999
0 0.7464606696946186 0.04500718864215215 0.051450704055138984 0.05714571523541671
0 0.2831023790586401 0.8495934243931942 0.048070612539869904 0.05394798005305575
0 0.13176031196849203 0.03086748708222218 0.07397937606301594 0.06173497416444436
0 0.8054710708831699 0.6690057734639229 0.0705374441317268 0.0796183442128516
0 0.49112023907997643 0.2786418787060065 0.07588459081768181 0.0890025177619445
0 0.628333970284045 0.4891039871791314 0.050143295570407885 0.060234347644236054
0 0.7670472022370197 0.9295620669669091 0.09100531799624481 0.10348770935812084
0 0.7467801787784744 0.23214351273034656 0.05919538896104086 0.07321370029903651
0 0.8103478265123595 0.05521668360815903 0.04263378121376711 0.04465918977951393
0 0.670298974366931 0.7010032687142702 0.05658062034331159 0.06506277206006068
0 0.6944198086345121 0.03360426520454616 0.06153915507828493 0.06720853040909232
0 0.7534455405874868 0.47527526368027717 0.044600836384453044 0.050845628146245755
0 0.7159602266621408 0.10341975389663134 0.06754198682113532 0.07993850700493929
0 0.6995722729995035 0.800911696525937 0.06782497091226496 0.08579333605604163
0 0.07334487072369038 0.8973626964290278 0.052231921820650486 0.06671602773541671
0 0.09659027845951526 0.669909843655486 0.08326855634846245 0.10184557360111554
0 0.4886016616495329 0.4432310555677426 0.048987347672868255 0.06517844880305557
0 0.41972476058166786 0.6374363036678815 0.05782618841202236 0.0791275450345097
0 0.5202991033048849 0.7427030722852426 0.07277553403738608 0.08912509507958326
0 0.37565602512553536 0.6805693610385759 0.06706766797630995 0.07651599230604163
0 0.8531411043921466 0.03132423019399379 0.054147169585919384 0.06264846038798758
0 0.7199810125385218 0.9712053595199646 0.037587623239396704 0.021051298347153136
0 0.8481516180179304 0.3085403989388881 0.038576038392087494 0.05226493075597229
0 0.36052381438438796 0.24503255775194416 0.058430098297989376 0.06861476465124135
0 0.722196443153164 0.7434622192273604 0.038456464244305266 0.05080008700597212
0 0.7793687645438675 0.023970588568578238 0.04153762844874045 0.047941177137156475
0 0.30916963997866365 0.5589138730064234 0.0635978918208929 0.07341364039923182
0 0.6937038787687759 0.49070154834954793 0.07449546930265534 0.09228418969631527
0 0.817091905150751 0.011019443966143329 0.04374587719849785 0.022038887932286658
0 0.40705006208917827 0.8404703846899302 0.05238138547606734 0.0697410985109677
0 0.5152451993620819 0.8332735208984717 0.04661578568322895 0.03851374660415807