0 0.2609375 0.75390625 0.103125 0.12265625
0 0.25390625 0.65625 0.0640625 0.07578125
0 0.653125 0.7375 0.06953125 0.0765625
0 0.78984375 0.640625 0.08984375 0.12265625
0 0.18828125 0.71640625 0.05859375 0.06875
0 0.54921875 0.70078125 0.0765625 0.08828125
0 0.1359375 0.6859375 0.0546875 0.06875
0 0.47265625 0.4765625 0.08515625 0.1
0 0.50625 0.5546875 0.05859375 0.07421875
0 0.121875 0.61328125 0.0515625 0.0703125
0 0.759375 0.7359375 0.09765625 0.103125
0 0.178125 0.6390625 0.071875 0.09140625
0 0.39296875 0.75859375 0.06875 0.1015625
0 0.0265625 0.77578125 0.053125 0.0765625
0 0.40546875 0.65390625 0.07578125 0.09921875
0 0.07109375 0.678125 0.05859375 0.06953125
0 0.3390625 0.7109375 0.065625 0.075
0 0.565625 0.62421875 0.05390625 0.071875
0 0.221875 0.571875 0.05 0.06328125
0 0.5046875 0.78125 0.05546875 0.0734375
0 0.46015625 0.734375 0.0703125 0.08671875
0 0.4921875 0.6484375 0.065625 0.090625
0 0.67734375 0.53359375 0.06875 0.0859375
0 0.77578125 0.815625 0.06328125 0.07109375
0 0.33359375 0.7765625 0.04765625 0.0578125
0 0.03046875 0.61796875 0.0609375 0.08203125
0 0.2796875 0.584375 0.06484375 0.08359375
0 0.6203125 0.81015625 0.046875 0.06171875
0 0.0796875 0.759375 0.06640625 0.08046875
0 0.1515625 0.7703125 0.05234375 0.0734375
0 0.56484375 0.77734375 0.059375 0.0921875
0 0.71953125 0.603125 0.0625 0.08046875
0 0.68828125 0.67578125 0.059375 0.0828125
0 0.6953125 0.80078125 0.0734375 0.0921875
0 0.61171875 0.58046875 0.06953125 0.084375
0 0.61953125 0.66484375 0.06875 0.08515625
0 0.440625 0.56640625 0.07109375 0.09296875
0 0.6671875 0.60703125 0.04765625 0.05859375
0 0.91640625 0.78359375 0.0921875 0.11015625
0 0.0296875 0.696875 0.05078125 0.07109375
0 0.5453125 0.4609375 0.06015625 0.08046875
0 0.334375 0.63828125 0.0609375 0.07109375
0 0.3703125 0.56875 0.0640625 0.0796875
0 0.76640625 0.54140625 0.0625 0.07265625
0 0.5640625 0.5390625 0.05703125 0.071875
0 0.00546875 0.66484375 0.01015625 0.05
0 0.165625 0.5625 0.05078125 0.05078125
0 0.84609375 0.7109375 0.0953125 0.10390625
0 0.3453125 0.484375 0.0671875 0.09140625