0 0.09635017667430487 0.8254337982526387 0.10310017384554697 0.1271367592844534
0 0.6175556422893744 0.6743154417762842 0.09672759652790805 0.13011174297083344
0 0.2930674014074301 0.5257026359242011 0.09302753399236555 0.10533197653847229
0 0.37518499791270765 0.7549160508180899 0.08482870998736987 0.09274552185812084
0 0.3934096274717355 0.6764091911106942 0.05496602765221796 0.07614111482458767
0 0.5970957122935063 0.7817649190748606 0.10563663676590736 0.11031041726791671
0 0.527420298349548 0.722482144473576 0.0659899823325695 0.08430357123840296
0 0.5067837560808328 0.5691395921368746 0.07710704731402344 0.0922729881266667
0 0.3233328636040272 0.7014650489182289 0.07239235327193586 0.09518895612867624
0 0.7796348021492701 0.8228042271111452 0.1105515158620836 0.12438209081700968
0 0.16542813820531185 0.7761955580362846 0.06906944119229604 0.07822623564521258
0 0.38692519776020784 0.5859842128621872 0.061125190325564294 0.07657728096486113
0 0.48673944054201324 0.7929225842530899 0.07233528395682302 0.08015671255202257
0 0.2292373714878119 0.7184908543890624 0.07284451188464854 0.10622865832757392
0 0.5384097368947909 0.8541860861529509 0.08052980696681437 0.10513869205902786
0 0.08775838630545078 0.7249071213909026 0.06102298812666671 0.0763796954904123
0 0.16446962272208288 0.5489972784010068 0.06307628730500876 0.08911592153049064
0 0.6263091271873951 0.8685375672512494 0.06435247417575951 0.08104454739722229
0 0.025102570669721946 0.7062675305852084 0.05020514133944389 0.09058993882958326
0 0.27039100798069393 0.6277379146095484 0.07420707178445322 0.10186822169430557
0 0.32707741907486054 0.6076786813270484 0.06275360658457903 0.07944567980604163
0 0.20242225798069394 0.6293199048259026 0.06129330878347661 0.07960689768930998
0 0.5448273103173953 0.6455559685617704 0.07067520935812084 0.08431501776194458
0 0.4519299890789924 0.7117459726458331 0.07385256942174045 0.0908307924698569
0 0.006987612127847968 0.8449306402926041 0.013975224255695936 0.07273637566479181
0 0.21257458871840207 0.8305369127096874 0.07574010476791679 0.10483200381103756
0 0.43469120374413145 0.5466119351267704 0.05933993882958344 0.06697060087368065
0 0.025662100281371215 0.7857731926293055 0.05132420056274243 0.07318650625694882
0 0.159324914990798 0.7029398959921874 0.06896951196784729 0.07812630642076393
0 0.6962241965259368 0.7497862608304855 0.09939581031499997 0.11475251767874575
0 0.2844684257243743 0.7945071873109719 0.06769105212264766 0.0861000243040321
0 0.48928582513503416 0.6499720180486801 0.051357047397222286 0.06366148994332903
0 0.5894507857161105 0.5734621098043051 0.057798058902217876 0.0762070310836025
0 0.4398131552071522 0.6284795309664579 0.07095697653847229 0.09222744698639325
0 0.3699026583412843 0.5122018739563539 0.07209451196784729 0.07819904160312507
0 0.05218586863802029 0.6429674435792361 0.05465243882958339 0.06686149810013901
0 0.3294165966021868 0.8426530933711455 0.05803428494229603 0.07796938953250035
0 0.10507447929534668 0.651887195479097 0.06739581039819886 0.08599554913068594
0 0.3957864790110063 0.8426699707459718 0.06780705547083343 0.09527743882958326
0 0.46162903134770766 0.8653430981207982 0.05313320699540789 0.07287754503450969
0 0.1622109128065965 0.8473256756274651 0.04356037656706606 0.05996629996187508
0 0.012494121106562246 0.633139155110243 0.02498824221312449 0.05872168977951393
0 0.8780904859448604 0.8197318188667702 0.056239859897222286 0.06377513866576834
0 0.8961488485020478 0.8825584739770133 0.05462954578249999 0.057491044049036336