0 0.9449431716500566 0.4453125 0.06917289182931938 0.07822265625
0 0.787005053977483 0.21171875 0.12140527182193636 0.13896484375
0 0.6160869864248812 0.44609375 0.0946154561219549 0.11103515625
0 0.304030670108897 0.29453125 0.11301076881459977 0.1298828125
0 0.934593561840164 0.60078125 0.11270659536844789 0.12666015625
0 0.5816142520025849 0.32265625 0.1150663469684389 0.140625
0 0.620552045801035 0.55234375 0.07543656982512026 0.0830078125
0 0.9201155474990781 0.33828125 0.11457821541389848 0.1330078125
0 0.19740923272425337 0.3375 0.07945153107581238 0.09384765625
0 0.5545475115633087 0.49765625 0.07249436613141409 0.0828125
0 0.7608895442598755 0.4015625 0.08216349668350897 0.08740234375
0 0.8982732210040612 0.2046875 0.09998014207964231 0.1185546875
0 0.17904327112403276 0.67265625 0.0817086798265045 0.1046875
0 0.36106283157992075 0.7578125 0.10771870671950019 0.12197265625
0 0.6795301202934672 0.36328125 0.09791699433139556 0.1107421875
0 0.7120293445367307 0.5046875 0.1390478523082784 0.17197265625
0 0.1789677182262839 0.43984375 0.08650504077265624 0.10791015625
0 0.11746302590439472 0.76015625 0.09137533707895007 0.10771484375
0 0.4971670057032126 0.43125 0.08785229218000215 0.10302734375
0 0.423242942626431 0.21640625 0.08423537582825791 0.096875
0 0.48131386335363685 0.31796875 0.09530763157299767 0.1203125
0 0.9636185302233315 0.67578125 0.056732137087024626 0.0578125
0 0.27831208589885736 0.6734375 0.08119551588455173 0.0966796875
0 0.8727734847268381 0.66015625 0.06513420968876922 0.06396484375
0 0.7019792119047624 0.2015625 0.06739630503875986 0.0779296875
0 0.273529246603914 0.428125 0.11038641656284635 0.1376953125
0 0.5193669710040612 0.2046875 0.09218510487264701 0.121875
0 0.9204983883351808 0.734375 0.0913916380698602 0.1064453125
0 0.6664524359911426 0.7078125 0.05774347547757479 0.0720703125
0 0.09405489281100111 0.28515625 0.06664241103036199 0.0875
0 0.8418052845422681 0.59140625 0.09048916062546156 0.09541015625
0 0.19871661859542417 0.57734375 0.08755816162790726 0.0984375
0 0.8449338772332975 0.40859375 0.0861787573251199 0.0830078125
0 0.3432094933647115 0.49140625 0.07240296797826709 0.08291015625
0 0.4836935934569966 0.52578125 0.08060725478036197 0.0875
0 0.9721476829486211 0.515625 0.05570463410275792 0.0876953125
0 0.8315662962624604 0.72421875 0.09344095812684614 0.11708984375
0 0.7419509747046888 0.31328125 0.07455998717931003 0.0921875
0 0.9818013537156244 0.3984375 0.03639729256875128 0.128515625
0 0.8282889929032862 0.31953125 0.07788277297895903 0.09375
0 0.20569421112957004 0.759375 0.0626249764800205 0.07509765625
0 0.23342348318567868 0.509375 0.06907523557931912 0.07822265625
0 0.20556408929494344 0.2453125 0.06331715193106335 0.084375
0 0.6575969586655599 0.26484375 0.06779566143526239 0.07958984375
0 0.10744436921373302 0.384375 0.07444865293350889 0.08740234375
0 0.8852165206626074 0.50078125 0.08474228167335766 0.10478515625
0 0.7437856940107069 0.73203125 0.09792819902754743 0.11396484375
0 0.3571334885843495 0.40390625 0.07545373322720587 0.1015625
0 0.3950759747046889 0.31328125 0.07808303207825791 0.096875
0 0.992926318435655 0.61171875 0.014147363128689961 0.1044921875
0 0.4099964751661142 0.48515625 0.07328914443175556 0.09521484375
0 0.04765265730897057 0.1828125 0.0792720704803436 0.1154296875
0 0.47914459823735855 0.61328125 0.0795378329342011 0.0982421875
0 0.49734149058693433 0.7265625 0.06917783842861773 0.08134765625
0 0.11547332201919677 0.5828125 0.0644840803317647 0.08125
0 0.989767203909711 0.2859375 0.020465592180578085 0.09052734375
0 0.1392426866094513 0.51484375 0.06409360502722423 0.0736328125
0 0.9804655739583342 0.75546875 0.03906885208333151 0.1
0 0.5480609862679977 0.8109375 0.09647703327334849 0.11875
0 0.7855540869785915 0.65234375 0.06076208783107262 0.07041015625
0 0.42046930752122724 0.68515625 0.08756310822720578 0.1015625
0 0.35239113355481894 0.646875 0.07456377197651368 0.09072265625
0 0.8094853354374321 0.5015625 0.08493380937615384 0.10625
0 0.6590392566260632 0.775 0.06722107832687349 0.0751953125
0 0.0690315137227771 0.45546875 0.06038993773071266 0.0859375
0 0.05780172192691171 0.5484375 0.050913496683508884 0.08740234375
0 0.5390993915743835 0.67109375 0.07600242153700662 0.0857421875
0 0.14013005397748302 0.21171875 0.0683112986768644 0.08916015625
0 0.5329111458933201 0.58671875 0.07395673658176474 0.08125
0 0.3925166833702488 0.578125 0.07642287582825791 0.096875
0 0.6029010757198245 0.69140625 0.0655434592838688 0.071875
0 0.9893616910852714 0.17734375 0.021276617829457223 0.0921875
0 0.66331933913806 0.61015625 0.06584384793281686 0.0765625
0 0.0411988055186425 0.3625 0.04074371838316741 0.075
0 0.2715194702288687 0.7625 0.0680947385866558 0.0873046875
0 0.05791924274640266 0.684375 0.03353199568106333 0.084375
0 0.4287080999354016 0.39921875 0.0742683299268645 0.08916015625
0 0.3255096560723529 0.56875 0.06341510757198243 0.069140625
0 0.5926761721114818 0.6171875 0.05733669918212456 0.06572265625
0 0.9687593335029072 0.23515625 0.06248133299418548 0.0765625
0 0.5951982857788858 0.20546875 0.06428760602966968 0.07666015625
0 0.27232409931709267 0.5921875 0.06105621838316742 0.075
0 0.7286835232835011 0.63046875 0.07444486813630516 0.0888671875
0 0.06112219077150445 0.7953125 0.02712756747300693 0.10634765625
0 0.02495443938722848 0.2796875 0.018874976480020494 0.07509765625
0 0.0976232904023642 0.6578125 0.05812521938561299 0.07802734375
0 0.3531807665005543 0.2203125 0.06419242307931912 0.07822265625
0 0.05048867211148185 0.6171875 0.025291920881783093 0.0533203125
0 0.43312759869878387 0.78515625 0.06447913373246603 0.078125
0 0.24568963911037328 0.1765625 0.06168202806847569 0.084765625