0 0.10831702137840796 0.6509422913187846 0.10239960531292791 0.13510593121882392
0 0.6094131377675215 0.25282230148368 0.06817098997087001 0.08902743882958335
0 0.235485960478713 0.8954709284772567 0.053561875667971215 0.0732681700345097
0 0.9504553941022348 0.7671867406945131 0.0558983105039836 0.09654899810013902
0 0.6396649951184491 0.8766949061570827 0.05814319489797946 0.07308203108360231
0 0.889410526326466 0.20883068645795064 0.06614816589131536 0.07317075873840287
0 0.31308943791317084 0.6969230192829511 0.07625627461060622 0.09858427678548623
0 0.08298073759660168 0.8240713200041319 0.05723453499429694 0.08545482616576834
0 0.5500525096334185 0.22687870374413147 0.06623804908113406 0.07961379826395412
0 0.5253717922280905 0.5116355634515273 0.087473287287097 0.10509112289819882
0 0.4025096390876698 0.7362199489944788 0.06656586737091139 0.08752622748840277
0 0.3832488252184739 0.6468853452710066 0.07773352941068871 0.0956909568766667
0 0.8018493756933276 0.4544536174037493 0.051825292301661816 0.0605410358922267
0 0.6713221043814267 0.2716800978364578 0.06118579120472578 0.07032273501596364
0 0.7440546299164698 0.8040003289347564 0.06826475969077954 0.09225009507958326
0 0.8583577884671667 0.47109495032565896 0.06940851318775679 0.08124903344631526
0 0.033110365201979346 0.21558797919843747 0.06622073040395869 0.15319904160312509
0 0.05302204842978964 0.10962826671749996 0.06156116364797941 0.07316158518930997
0 0.7712943944979461 0.6191161826582285 0.07910071691068872 0.0957227785189497
0 0.3204379028112163 0.3907093868741317 0.05181572275824333 0.06356610666777787
0 0.12536108353174416 0.413987151976111 0.04538566281498975 0.06058633207860673
0 0.02672194784482667 0.6429317291984374 0.05344389568965334 0.12966388535312506
0 0.8713636245061934 0.9095573850711798 0.05502103640464355 0.07310695215124134
0 0.6831578970052286 0.6430277677643397 0.05669928671805362 0.0704134906913195
0 0.2709520990376574 0.8571708414712844 0.055392522317806225 0.07916618560013902
0 0.7340541219324039 0.4232412914156938 0.1039176862297321 0.13026175928445322
0 0.15738867036219356 0.5475256973789582 0.07175735907385157 0.10160244698639324
0 0.6307997751393316 0.6715716482732981 0.06637159989433812 0.08420364201395394
0 0.9567858944314391 0.14714699762836725 0.06775897150460217 0.07486728257958339
0 0.9596548301665319 0.20953789485482557 0.0531498572017032 0.059108013784509604
0 0.18908598508931923 0.7997415075994443 0.077805318537097 0.10486609842776921
0 0.8954329249810471 0.7263084739770131 0.08695583951064734 0.09736946022485249
0 0.5670003849310346 0.8518416829425689 0.08159372817683312 0.11432292550792553
0 0.5508969779631833 0.5734991306058677 0.05016513605166182 0.06050239532659738
0 0.3887750626820616 0.5374557938842358 0.07799778953043299 0.10477298812666672
0 0.5554494003039337 0.36337924819704814 0.055031650971488585 0.06676384185013892
0 0.35382105265293173 0.45082861607256913 0.05825610370472578 0.07025454578249998
0 0.655846553906573 0.4547289871791314 0.06320502231780623 0.07934802355604162
0 0.8622817926903089 0.819205142005034 0.07474208022389277 0.10020806544430556
0 0.3638589453685112 0.29367007950343715 0.05328340801490725 0.0636978575345096
0 0.5937784629194884 0.4413399408263537 0.06325616943775678 0.08110583605604163
0 0.5968399637774183 0.6044393528704509 0.06302212086788864 0.07641606308159296
0 0.6648732467678017 0.7347976936761453 0.06013789747451135 0.07791037384812931
0 0.2389843481797275 0.6947442298640276 0.06500052586424747 0.08739220364722229
0 0.6117819683297648 0.33240069871013833 0.06771530388121647 0.0767204783551346
0 0.4156591937856655 0.9014267216959023 0.05563329892442894 0.08073323154903633
0 0.2841042830568904 0.5929810549021525 0.08454255476367009 0.1083409731902865
0 0.8174278777383917 0.16053996324343683 0.0583441904113073 0.07328188953250007
0 0.02481616241314736 0.32194708197197913 0.04963232482629472 0.08096263866576825
0 0.7490449729486184 0.5251668141171175 0.06307431301126591 0.07485583605604162
0 0.46842649261116664 0.858820341186944 0.09709520480324123 0.12385719702193576
0 0.4503764892459543 0.6742096050546523 0.048498251764907255 0.06358648178651904
0 0.7238761737274059 0.7193714090068744 0.06831411032749272 0.09059221180403228
0 0.2609526249019048 0.7715242822007289 0.07460284639736088 0.09542290919430556
0 0.6678130079840658 0.365448281632048 0.07286237650096083 0.0859161583275739
0 0.8835984470178637 0.14026252441385342 0.06772771493129923 0.0737930638295834
0 0.5874675930986555 0.17526099914697868 0.05678841844806186 0.07012279491576826
0 0.15725960438142667 0.283645035334861 0.07120401673419799 0.08929321353749575
0 0.8692451273426801 0.31157447996093673 0.1320349131695508 0.13735714247680572
0 0.2722922563347131 0.5159646132227775 0.03588204355530315 0.04923985998042113
0 0.4504543602539214 0.4837118916237843 0.06335666719442071 0.08120576528049046
0 0.06277381848804936 0.2842827746012847 0.046949207838416517 0.05730466014423623
0 0.2377785155059132 0.4410380016155206 0.07002541369744338 0.0923886648696616
0 0.020226674048505044 0.5313948171543403 0.04045334809701009 0.09365113224242201
0 0.7615188585380618 0.15013044652593685 0.06321070533113407 0.07954333605604172
0 0.6420902792959667 0.5518585603173953 0.09398366087675054 0.11753900778847245
0 0.7223701273426804 0.3149930335319091 0.08245408246722903 0.1002899741757596
0 0.5053130079840658 0.36923051111482597 0.04208269291858961 0.051043213620694416
0 0.6963923682379873 0.8589794228745827 0.05507427357144756 0.06822868560013902
0 0.8383849546062183 0.6745472586462841 0.06940178515100186 0.08437176047186626
0 0.1937079182506225 0.37257959555534703 0.058110141841439235 0.06859211655805124
0 0.5918305518615089 0.7497700366660411 0.05181751924148052 0.06698180244332903
0 0.2461115042231421 0.34247321504638867 0.06496851783113407 0.07958424959611987
0 0.666873948271505 0.15623693579236056 0.07818637399367852 0.1079002611011155
0 0.30752637734268023 0.32464862899034697 0.06745643321118351 0.07788553443178828
0 0.6400574517032244 0.8095437737482634 0.05842659410456079 0.07611392078249998
0 0.06589280680956686 0.338079921827743 0.05006747980166189 0.06050012235214845
0 0.4495474266303997 0.5953760902370135 0.07461241594077936 0.0923978384187544
0 0.8100088681714801 0.38868314703902707 0.058726290891315355 0.07299801268029515
0 0.7614263348518924 0.8777644840449993 0.04864810015828454 0.062028527735416714
0 0.5226308886254514 0.41801285002065924 0.05043792069139794 0.06987739532659738
0 0.47729565657214 0.4198487601648955 0.04997939309508048 0.05747277860214837
0 0.5149989303913234 0.6266429676118398 0.06495222025096084 0.08573204739722229
0 0.5664190263929729 0.6840002195117009 0.0727182111209114 0.08766942487867624
0 0.9502628289793975 0.6664782258768742 0.06228365780042466 0.1047000079904123
0 0.3460741194916285 0.8780632632990276 0.09439567934301855 0.1316991640384721
0 0.7731490288337483 0.23339688820531185 0.0729589877275341 0.08923647082757383
0 0.20712189740093997 0.5018670520523609 0.04203438730530307 0.049383057370694414
0 0.39079586691783896 0.3875103452710066 0.056690762198061864 0.0701205219413195
0 0.9327474053850058 0.8659697328107285 0.07294941818411545 0.0922615416031249
0 0.4067678593959916 0.3215580369503816 0.055114054664742264 0.06959587310013893
0 0.07246810108272138 0.5682395473027082 0.07130271800762478 0.08597744698639324
0 0.6919609325028946 0.796624893239305 0.04567294855166182 0.06039783850195306
0 0.05911630641385544 0.49047822321451384 0.03564410845534436 0.04777047028152346
0 0.18355401675955443 0.4532301835112499 0.0453838663317526 0.057170636303055564
0 0.466966944181377 0.7479919439604856 0.06514364622087002 0.08895697662167094
0 0.28030229928771944 0.26750892942718724 0.06945397729437941 0.08281153344631517
0 0.026864850822515367 0.44912717781166667 0.053729701645030735 0.07026363768029516
0 0.9269403039065729 0.4484192101093047 0.07752969239069714 0.09539344217776921
0 0.835762689100305 0.22803593455808957 0.05006747980166182 0.06050012235214845
0 0.1486682028903586 0.36425925569958323 0.04532494615162062 0.06185359035415807
0 0.09487796166584721 0.44202188620854155 0.042316741488457765 0.05573298659514325
0 0.1055403285171792 0.37072811445704856 0.03740476246200828 0.047909040071601613
0 0.3255008582088574 0.7801712771667357 0.06218090566432988 0.08439887286265631
0 0.13218276722177286 0.7698371084731248 0.06817487650096088 0.08580705555403209
0 0.9648986081423505 0.2976373068989228 0.05482814261665183 0.12014089706006086
0 0.20323471628470074 0.6354608020523609 0.07442667298419803 0.08936822169430556
0 0.3034419340857401 0.19670546694624974 0.05829872630468458 0.07171938953250004
0 0.11529707640560816 0.19640026168350685 0.07915395407749282 0.09084451196784729
0 0.43273697750096485 0.26083808928708296 0.061508971504602175 0.07472181221486114
0 0.47799800171585966 0.3152158115516662 0.06798524701428868 0.0859978221051346
0 0.04702651722177285 0.7718191421924653 0.05879598997087014 0.08880923328249998
0 0.23252506268206163 0.5410925530022915 0.042077009905261954 0.050847901120694414
0 0.8231045985754388 0.5289081035360409 0.05844005017806993 0.06986846673139765
0 0.34897076511020175 0.5906905498681594 0.04388312801854841 0.052548970910772576
0 0.1292048682379872 0.872180858473125 0.06830065425398354 0.0968376658551346
0 0.6951985589211379 0.4975334298084369 0.04675389533841656 0.05730011419533856
0 0.10865461982083287 0.26369686445704854 0.0341405286354763 0.043051148639240464
0 0.7073565442731546 0.21384876083048548 0.04515550077521233 0.05267617582860682
0 0.21702940947513388 0.29552613307440956 0.05838965451792992 0.07484438953250008
0 0.06104017075790498 0.3975276570101041 0.04855717194503919 0.05890352773541672
0 0.8012988285836862 0.8221859780610756 0.05866243915766596 0.0842193895325
0 0.5307111954350182 0.7574383727220828 0.07136777909727847 0.09827531556304692
0 0.536682679929105 0.3107270268823954 0.0568793466613073 0.07324779491576834
0 0.35918816574334006 0.3468678146857983 0.0403781175853938 0.04612403352951393
0 0.44327600923770705 0.3816045309664579 0.05173047755832574 0.060636419167777865
0 0.5099871699664822 0.6915594527942008 0.034040030878812286 0.04295121941479181
0 0.5877353999082224 0.5148683598043051 0.045341243731793844 0.055705792553055564
0 0.7863644311827462 0.3158457122935063 0.03720376694868044 0.04770918162270403
0 0.9221595271843956 0.37123911426961725 0.04676062337517095 0.05417738716978739
0 0.4093054891794473 0.20751372074597185 0.04519244036184329 0.05394570707860682
0 0.08656272717176042 0.888787783435 0.026214074805303113 0.049014835509991174
0 0.4114744282797524 0.4549517651988886 0.045582020338416386 0.05727283850195306
0 0.18180261480626794 0.2182739552627429 0.04525031551854845 0.05258079255305557
0 0.30046873211981834 0.45987761417270806 0.06201969124429692 0.08556620191375881
0 0.40409721964991296 0.8158165300165274 0.0581073003347754 0.06849446030805133
0 0.9035446048436452 0.5816863049990617 0.14093855172849495 0.17503898043270852
0 0.9519917796916781 0.39240494624159644 0.03866861069868044 0.04774327623943577
0 0.2330014019532865 0.22957382475378454 0.05168217194503919 0.05897626291777787
0 0.16608433808409068 0.1413484325613193 0.06458357584446191 0.0797704701983247
0 0.798767210478713 0.882360411856666 0.03243206677218957 0.04135235182361115
0 0.18223424300687802 0.7132409631465275 0.048741869878193844 0.06525118398541671
0 0.4885012441940123 0.24939078980017318 0.05650995079499808 0.06055248241576834
0 0.1411248243605441 0.4893501746775346 0.05516804329135674 0.07145134185013902
0 0.7106895151102017 0.5822714525098606 0.06444718352459375 0.07508297019832462
0 0.7844044967678018 0.7320155729508326 0.07151942397389277 0.10013305728749575
0 0.0053955760098967475 0.7613550740881945 0.010791152019793495 0.11791485182361114
0 0.8679888527320742 0.4084131123697562 0.053240785414948276 0.0622330137845097
0 0.4517430417658721 0.19793804578409685 0.03616932929197532 0.04905136640376737
0 0.016281600224791568 0.86731413335875 0.032563200449583135 0.1091217332825
0 0.002930365962955582 0.4122999782485069 0.005860731925911164 0.05020245802853722
0 0.323377383215175 0.5311707327138192 0.06109486299148044 0.06719773501596364
0 0.5483656406705154 0.12386280651767315 0.046987943908284535 0.06198988716978739
0 0.9619397780423256 0.5334838879209715 0.046483529410688715 0.09496360505305575
0 0.9783209474800822 0.4534690796003463 0.01734695303833398 0.05954336341180557
0 0.3384474198999752 0.22790026234909694 0.05182140577157117 0.06376141916777786
0 0.13945599043308854 0.22472463022461792 0.03234682157227216 0.03842266432361115
0 0.984623737925806 0.18319294719152696 0.019645826058944493 0.0379318651452691