0 0.5499984373574586 0.40955210140831466 0.10701415831013036 0.13258398693109025
0 0.046206337726800974 0.583367030673136 0.09241267545360195 0.169859061346272
0 0.386494473560008 0.44593340205281573 0.09744327766268786 0.13237497001312448
0 0.7004887958669108 0.4613066000954501 0.11333688118276726 0.14515671226527208
0 0.8671808712970718 0.5484082527848128 0.09146686428953785 0.11218960251232897
0 0.3512230314289714 0.8682078440483615 0.11331194780540432 0.15765557593192553
0 0.24625074776050485 0.5130561727004984 0.10391586123992677 0.13713746801399934
0 0.38570815749962106 0.5810896520528157 0.09442325471933426 0.11681353626272681
0 0.505306543431024 0.8395299554025877 0.11023801596512114 0.14961253709818118
0 0.547572353244895 0.5579714200747693 0.07716359999413971 0.10421119784372693
0 0.25665750351604144 0.33582151070177113 0.08190507400117494 0.1135430855943631
0 0.6507973471947708 0.5419838880887686 0.07408114594221953 0.09470331525998255
0 0.2560514319947055 0.8428800327020893 0.06930508005129923 0.09621013492599957
0 0.1810302687395478 0.44276130669158975 0.05036475065806965 0.06327711517345413
0 0.14673201591087742 0.5634641580203628 0.09137716210373248 0.11355565367898243
0 0.021188236830290037 0.8065227200031817 0.042376473660580075 0.10015254233967
0 0.4077008112868089 0.6954157813892248 0.08053731835373253 0.11342952067751089
0 0.14238436261466886 0.7735840453532719 0.09410478444452863 0.12921133467934034
0 0.7544899737563997 0.5799116967695408 0.06309705785193653 0.08656823342516447
0 0.6241065404059618 0.8323179867520414 0.09923631530412144 0.1384501115133631
0 0.6894098744203296 0.6197821714274048 0.07703810451945828 0.09942490526038021
0 0.2962638624182771 0.6456783160407253 0.08840549680309522 0.12309073984523806
0 0.23553037461672138 0.7441970846992259 0.08974427693097135 0.11822383601209037
0 0.07941322658507009 0.4509545200111359 0.089628505072918 0.13189343834539713
0 0.6088547660090733 0.6336895827498144 0.08810109999413988 0.104338467178545
0 0.4667308985226306 0.6210975813971789 0.05356133723582168 0.07561816534054522
0 0.8117388714934635 0.6774594061107222 0.07877098364209552 0.11194422292727228
0 0.4641740459651068 0.523404968730088 0.09431537181536953 0.1150545874293801
0 0.4888644528755526 0.7112049607335879 0.07562723477649361 0.10868520401018138
0 0.7067190525062103 0.8676565974299499 0.06465046749285683 0.08502391475870966
0 0.2088855405041577 0.8923345926957259 0.06303576303825498 0.09281709709181776
0 0.17318192818407646 0.3145363093570898 0.09131700358493591 0.11999982984563581
0 0.85516109768575 0.8686025741167673 0.05531119567162719 0.07427143184078382
0 0.3376706332991242 0.5117760307129069 0.0534085706839015 0.0661443727571985
0 0.742121263082207 0.6914940867679499 0.07240337712150283 0.09165665384309048
0 0.13364568775024208 0.6640999573519991 0.06004301117214013 0.08194316334142009
0 0.5692832059006147 0.7207350494111783 0.08180741775117503 0.11354194926101649
0 0.9626605011783503 0.7893792454646303 0.06629768657189175 0.11638861600890867
0 0.834590043332828 0.7785133761139038 0.07837183643045834 0.11047483384388598
0 0.3222036728213233 0.753018648710998 0.07863582966089186 0.10549777409392576
0 0.7033309529737485 0.7785486440960865 0.07220692832661797 0.09145906867639723
0 0.9331871454975685 0.6179309594604941 0.07713576076945827 0.09942604159372692
0 0.19783090759781694 0.6437516420273623 0.07855692227649361 0.10871929401057905
0 0.07073155553127236 0.8688505446769541 0.08662836729005094 0.11974997334499946
0 0.5400547690341354 0.6414833540738147 0.037878889234025694 0.04877733208843722
0 0.9781223955957643 0.6833019681333121 0.0350295058537327 0.11289998933799979
0 0.642784338414172 0.7106520720878142 0.056900398601423416 0.07887945692432918
0 0.13912456987101596 0.39383291068586274 0.04722100179246795 0.06001809625636341
0 0.062092874616721395 0.7421789566756815 0.08498405405833438 0.10566929201145392
0 0.5901371031466991 0.49361856608049626 0.0613653150241845 0.0742442282582724
0 0.4346667905041577 0.8949617953930428 0.06144656010845857 0.08820907200827222
0 0.8303717385871225 0.4292219007797221 0.0784660186856975 0.09309429401057905
0 0.057193313820891746 0.37569089067472694 0.06611587939029935 0.08513861600890867
0 0.8827826245185255 0.6868804067870399 0.0725658672900508 0.11958634134309047
0 0.9185029976623088 0.4560303961250397 0.0661147430954145 0.08494330350890866
0 0.7737161758463854 0.7668668041056315 0.05684585644694558 0.06950445692432919
0 0.9752963356836976 0.9004712867997666 0.03935806689029917 0.08482726067194299
0 0.4211997090238727 0.7924544133911338 0.0676420179539809 0.0789067973424542
0 0.9008690283057135 0.8011610827895852 0.06933064668621043 0.10060466617599957
0 0.7861899465308408 0.5029315734404497 0.07232162899989199 0.09438989250974394
0 0.7725258596878026 0.8371702134388588 0.0646952860307067 0.07594301984205636
0 0.9744848320694602 0.5027786741326757 0.0464051126419875 0.20511596608947133
0 0.020631561581396556 0.8854562420034998 0.03314941143338833 0.058291964254454244
0 0.3006342416121847 0.43165217870781625 0.06945494075590108 0.08839990759269263
0 0.010932433939613066 0.30638636000159086 0.021864867879226133 0.0721477200031817
0 0.013616551524251608 0.46736022266868177 0.027233103048503217 0.09097044533736351
0 0.23667173556206053 0.41371924403245314 0.043996641100140545 0.059687628505925974
0 0.1066484131569618 0.3356386026814084 0.05499095584438814 0.06958052284074405
0 0.008343244244463388 0.37667158800127265 0.016686488488926777 0.043968176002545344
0 0.006538225108174388 0.7227562473345 0.013076450216348776 0.06582272200230666