0 0.14863278604148453 0.4245798130702777 0.04737198123793185 0.05560359035415807
0 0.15687125696049092 0.475251960296736 0.04391237051671779 0.05074569892179692
0 0.06045544284641896 0.3945487805852083 0.05050586321495672 0.05440906726096797
0 0.31578707107456283 0.5545004363610414 0.03744384922939439 0.047475228557074624
0 0.21559568295906187 0.6100438811745484 0.055728062039603635 0.060770443008958355
0 0.12286224371893913 0.49247648109829856 0.046109278778160734 0.05567169793632374
0 0.5118544158591123 0.26979420877812454 0.030342972867423868 0.03795021224345483
0 0.0658802702020427 0.46093684678961805 0.04955045631548418 0.058871706093133726
0 0.9342268065725033 0.1887539225902423 0.043335269496469306 0.06340691680506519
0 0.23546043270696035 0.5360244997156596 0.0491318469247279 0.054279589368685065
0 0.10224945893796233 0.43270209080569444 0.054679774493564 0.0666933796422267
0 0.2934093265224445 0.5925823178199303 0.04391647689030975 0.048015869870694415
0 0.3145084303611718 0.6257396567257636 0.03117269362886681 0.04284438961569883
0 0.3761514986626177 0.3770280933711455 0.04778581502525529 0.058733136303055565
0 0.08183268815484195 0.5771612588337153 0.04550218567763324 0.05117269151297741
0 0.380537985925269 0.540472997531458 0.06031107699937479 0.06077961655805133
0 0.12750582107456288 0.5588827310982986 0.06586583335843979 0.07329106308159297
0 0.20849410509923505 0.3965807932186457 0.06908371400500694 0.07190350046285161
0 0.1151804197175101 0.6288140246012845 0.0530448802176835 0.06841027860214836
0 0.16465054199356927 0.6088820778879166 0.04475847127525534 0.05866267409514325
0 0.06971047452530263 0.3254714722645833 0.04412816938740438 0.051043213620694416
0 0.1436560729161483 0.3198377616835068 0.04254723620351379 0.04934896275396276
0 0.3474301910048335 0.626538437310972 0.027926828591543364 0.03964892740778651
0 0.4999060729161483 0.3115459508943399 0.04267493003106608 0.05256934602951393
0 0.5107893065725033 0.1986095398001732 0.03295371491619044 0.04600575720687936
0 0.2531995897639963 0.5770852575994443 0.03426288044788164 0.03823644372140631
0 0.3951971575612391 0.17938937395635385 0.053344677757912254 0.06851475377549483
0 0.1944587382710575 0.45324902051722216 0.04444229373793185 0.05553540112069442
0 0.15686018530485035 0.5198559454790971 0.04347738112886681 0.04313078439624576
0 0.3028943151224781 0.37012543636104145 0.044535174384498964 0.05407510331959209
0 0.43155418270696033 0.5314603670224997 0.04119848188740427 0.050975024387230936
0 0.7182454355569519 0.5803465830188189 0.030533509763991162 0.03649218741680116
0 0.2763975170999496 0.3269209502287498 0.03786451180694668 0.05070243075597229
0 0.09820681512247816 0.37488959080569434 0.04421899684717552 0.050947830345143254
0 0.29744770843375923 0.2810447525654512 0.06105063953088745 0.06996157703249999
0 0.6027529314464526 0.1596905505337495 0.04791556203960372 0.060588605053055564
0 0.2770687784999159 0.5491414423449651 0.03787134059717552 0.05080008700597212
0 0.4531896100429136 0.28133242724298574 0.031161089235205174 0.041284162590147576
0 0.38008524581262615 0.32137750541524274 0.04580470563449897 0.05410465198742624
0 0.5135907865456877 0.5631993698722912 0.04151943502816078 0.05556486813723094
0 0.17980674036474445 0.2884780056995832 0.04759255571205134 0.05736367582860673
0 0.19739235015555648 0.5063922043128123 0.03709968730131452 0.039764930755972115
0 0.40440790261756054 0.28872800636517326 0.032419016091543365 0.039753484232430567
0 0.48728574061684604 0.3548783768061455 0.03618797555985189 0.047640992389240466
0 0.2996761159949983 0.46958057570371514 0.041105601240837245 0.052435322188333446
0 0.7306265591703933 0.17549477564812438 0.04498859695624056 0.06334790112069451
0 0.32834242935276564 0.3311895697197914 0.044644435028160775 0.05563760331959209
0 0.2607721531217636 0.43918521409645817 0.06420090150500694 0.0717898517404123
0 0.21773271128375082 0.3384591686936109 0.04421899684717552 0.050947830345143254
0 0.46046578654568765 0.5644358679724302 0.03767602809717552 0.05079554105707462
0 0.6786094991668208 0.5171023538203814 0.04579993003106608 0.05264208121187508
0 0.42545809395137024 0.24285180870187464 0.05816259400210146 0.07467172512569017
0 0.42120191870910395 0.32746319804454826 0.03536236117200105 0.040016985965894133
0 0.6864288089182919 0.10296646542763832 0.030565600528339232 0.03834538319235246
0 0.7162798359055985 0.21651981915111054 0.034202090565662854 0.04154993729805989
0 0.3539162297210827 0.2828605192829511 0.04589825551090705 0.0568367540129775
0 0.5058168553513366 0.46321755366788153 0.035772088585732574 0.045876360965894133
0 0.22616756017879958 0.4814642862847915 0.044111789390309755 0.048020415819592085
0 0.7040587053316661 0.14246472331142304 0.03243267367200105 0.03994879673243057
0 0.2629077255337088 0.6152028534391317 0.03430929802252862 0.04447735182361114
0 0.053882650775975115 0.535555640292604 0.03587179802252858 0.044513719414791805
0 0.8488134664795309 0.2877746104698951 0.0427889662781606 0.05559441680506509
0 0.28560290831754365 0.40261128125079837 0.03586702241909574 0.043051148639240464
0 0.6729929197175102 0.6158307945498258 0.03909922987596133 0.04605129834715278
0 0.5033688345682161 0.6072584943973259 0.028154901085732577 0.045699068958888846
0 0.5437167850330784 0.12115603381624955 0.03377937480131443 0.039687649624713564
0 0.5286923545950319 0.24201404768395793 0.03460021358573258 0.04584908527250864
0 0.5213390404809599 0.15923791527513848 0.027724687301314433 0.03954672520888893
0 0.5480750471893494 0.563961782866319 0.02795686616909574 0.04286703770888885
0 0.568666052637231 0.6010435555677426 0.042782137487931846 0.0554967605550651
0 0.6802766339281271 0.26117900893062446 0.051056942036698236 0.06368413803651914
0 0.6882301536259667 0.5763500672512494 0.03423690374664794 0.04623061837471347
0 0.3786801910048335 0.6258110854873609 0.027627031051314522 0.03954445223444018
0 0.5477812081816577 0.2016611514074301 0.041554248209146036 0.06024554921388461
0 0.6661316424781019 0.4281853241851036 0.04580470563449897 0.05410465198742624
0 0.6897119820668711 0.18348976681440915 0.04270496760861846 0.055787456330616346
0 0.5198193711907784 0.4284606939604857 0.036825151735205175 0.04141599510817713
0 0.5474155854013955 0.07333612965593704 0.05561674820914586 0.06057285753450958
0 0.5021726853048504 0.5118187078281939 0.03450461052252862 0.04448189777250881
0 0.809750602501345 0.40058438820531184 0.03253782794207076 0.04424112578353299
0 0.138886445444309 0.3747252834349999 0.03401838245932458 0.043105618374713564
0 0.5653786175844822 0.1511701889264926 0.03295849051962314 0.04746832798243057
0 0.8611431297407531 0.5871933822213882 0.02781073915765262 0.03798877115778652
0 0.5005012886393746 0.3983919874634718 0.03396991169788173 0.03822962479805989
0 0.3703163979259835 0.47263153410059006 0.06139890783255932 0.0749420457825
0 0.49622406202038505 0.23650958330315933 0.029257149723762053 0.036364982498967004
0 0.5739502242732011 0.24017813753972178 0.03764599051962314 0.047577430755972296
0 0.6662855537225119 0.13943129549975639 0.03610397689030975 0.04783403191479172
0 0.47826638367602553 0.1923238254193746 0.031184298022528624 0.04440461664124999
0 0.4953392691936365 0.15671298052961763 0.032856058666190256 0.04600348423243057
0 0.7967203607992183 0.4940077330950688 0.03766442370351371 0.04923531403152346
0 0.7930658470534633 0.36341169652593686 0.036194804350081 0.04773864863924047
0 0.8096692029858776 0.23156163127145768 0.02750821920078721 0.03505681068333768
0 0.47909654618094316 0.2713391781929163 0.03524622624083733 0.05229894372140631
0 0.7868272826872899 0.20705259375239518 0.032332964235205 0.04131143828353299
0 0.5490205521330279 0.45438676111482595 0.04089390874374264 0.049407978438333444
0 0.11311626709994957 0.33072136350711795 0.032528276735205086 0.04131598423243066
0 0.19251346204005548 0.5597172260643054 0.06083894703379285 0.06693423328249999
0 0.7720377990309347 0.3200799238245133 0.03890387187868818 0.05998886640376746
0 0.976096140384415 0.5860828642696173 0.032437449275434106 0.04141136750798182
0 0.3383833369140047 0.5195435549021525 0.047690211962051345 0.05736594880305575
0 0.758892942846419 0.3782924673274994 0.027410562950787032 0.03505453770888893
0 0.7809871920901144 0.15710714513916604 0.03410715673229969 0.04437514962471356
0 0.532674286293586 0.4891981722089927 0.032528276735205176 0.04131598423243048
0 0.31485871958162404 0.42931859840513864 0.037006806654747405 0.041225228557074625
0 0.5501188763865585 0.391759474545694 0.045409259533792934 0.06657510331959209
0 0.47667030473091804 0.4380727365135414 0.037538783062757375 0.04465001623042113
0 0.7406778104309011 0.54304595155993 0.04133572692182241 0.05712054921388443
0 0.08961805498301949 0.520638501899861 0.04790190445914595 0.06039329255305557
0 0.1749114267548756 0.3527587112466666 0.037447955602986305 0.0447453995059723
0 0.36528432652244447 0.5909094086256247 0.031049775404747314 0.04108657711569883
0 0.9370882707062457 0.5877733040491312 0.029284464884677418 0.036755607498967
0 0.6391863662470999 0.5352354111910759 0.03576253737886681 0.04295121941479163
0 0.6534902588020763 0.2250239565939231 0.03743429802252862 0.044550087005972294
0 0.044518722431615664 0.4911698606573264 0.024136622528160734 0.05516027868534721
0 0.4845534965689307 0.539617052717951 0.032619104194976246 0.041220600956879495
0 0.41283204383515465 0.36443652118281217 0.03263959056566286 0.04151356970687932
0 0.8546374955605245 0.23677515492281181 0.0440379656602012 0.06927311072841143
0 0.43667300746469395 0.61585355081809 0.03241424048811048 0.038290913456879315
0 0.4262382520168124 0.5785353887739927 0.03578097056275738 0.044609102690342795
0 0.8415087008921907 0.3959326025861104 0.034230074956419186 0.04613296212471365
0 0.07936860585553968 0.6202572954028472 0.043372896088637994 0.043030855171796924
0 0.6596299062238569 0.5590177500969091 0.03431612681275738 0.044575008073611144
0 0.4015064137654253 0.4374746308902081 0.03399106729840913 0.042714993374713475
0 0.3302919674879371 0.5940714294271873 0.02772468730131452 0.03954672520888884
0 0.6275394000196706 0.30153255841753424 0.039410631809851895 0.047716000546050366
0 0.6956988101787995 0.47053582513503417 0.026055649074289634 0.04077534291881087
0 0.448759200135886 0.18440287585621493 0.03286288745641919 0.046101140482430567
0 0.623835609790812 0.20380357323517312 0.032430620485205175 0.04131371125798182
0 0.40698587144287995 0.5046439470946178 0.03229815105421992 0.03663075720687932
0 0.9079088690970915 0.5845398544859715 0.021395464235204997 0.04105686514526905
0 0.5316577255337088 0.6089476277560759 0.02672897689030975 0.04761582636770836
0 0.35030454668514627 0.4214508938079858 0.03408600113177229 0.039889781048059805
0 0.7037951694654085 0.541556839952673 0.02984031930985189 0.047493249050069505
0 0.30268078369569607 0.5125493257037151 0.03577414177252862 0.04451144644034279
0 0.04947365622385676 0.5732192944529166 0.021816126812757443 0.04428406734416672
0 0.5590618236724529 0.5308401583412843 0.03264708858573258 0.04580362578353316
0 0.3290358340640131 0.46420209147128444 0.02427873416055819 0.034884146276527875
0 0.7808000658787828 0.5796731293715967 0.030958947944976244 0.041181960391250175
0 0.5058890031020932 0.11734135600458293 0.03744590241619026 0.04611031403152346
0 0.9102372855372813 0.2597392230270826 0.02407181726689629 0.033319373302079035
0 0.4472941611675353 0.4544069045415622 0.032332964235205 0.04131143828353316
0 0.619699766847848 0.2453734773954856 0.030928910367423866 0.03796385009014758
0 0.8319212613999664 0.20287293360815903 0.02971262548229987 0.04427286577451826
0 0.4007901377865249 0.6174712554152427 0.026078188631772293 0.039703397143259524
0 0.6358550085499748 0.15187739732336752 0.033067751163284954 0.049030827982430567
0 0.41969903889147614 0.47382970497840243 0.037131778065662854 0.041618126531523456
0 0.8248342891435776 0.5379571016361799 0.03787134059717552 0.05080008700597212
0 0.7523869446880044 0.13977482798482577 0.03108186616909574 0.04293977289125004
0 0.5361877803415014 0.3044413125015968 0.034846050033971565 0.04936471027250873
0 0.3412137699499412 0.38097136417270805 0.03441855866619026 0.046039851823611144
0 0.5678201925943174 0.30918271067798564 0.030851740488110478 0.03825454586569883
0 0.5693930362935861 0.48834353381624956 0.03389068863177229 0.03988523509916249
0 0.04031790546755211 0.35276132408819444 0.03419798419207086 0.04427976634916231
0 0.8936117862935861 0.48079725864628403 0.04280057067182241 0.057154643830616435
0 0.715180783695696 0.5029482816320481 0.03228244028696618 0.03780035923243048
0 0.8777243423618863 0.5445512873316313 0.03163499817763338 0.05084992914124999
0 0.7705895495351378 0.46722768075836746 0.027840776735205176 0.041206881458888844
0 0.6193505695619536 0.10609277184840227 0.038113070671822416 0.05704554105707467
0 0.6394484462006137 0.583745646373437 0.030637994804219915 0.03659211664125017
0 0.6806533283640299 0.3449000454997564 0.03577619495932467 0.043146531914791716
0 0.8972895352851799 0.18648356098298538 0.02471100113177229 0.03967157550097657
0 0.8206391899964274 0.321296278497916 0.04011747984444867 0.036910251412782105
0 0.7370554197175101 0.6143397233114231 0.03879670991909556 0.043119337872704125
0 0.7643284778794973 0.5119771363054507 0.03108186616909574 0.04293977289125017
0 0.8956067029858776 0.22956141375652703 0.02751777040765262 0.0379819522344401
0 0.7048602787520174 0.6127415089306244 0.024399599197881726 0.03800687330207904
0 0.8795121734006809 0.1336858693036104 0.03148887116619044 0.04597166259014758
0 0.4645255838119116 0.3874915082650344 0.04612565877525547 0.058694495737426244
0 0.7387775487788332 0.24729704046576328 0.037484821970767614 0.04806116605707471
0 0.7345213735365669 0.3319084298084369 0.04624174820914586 0.06035465198742625
0 0.5942409449401059 0.21701274126319398 0.03443016305985207 0.04760007884916231
0 0.2534406183407868 0.3791016992788193 0.03754833426962323 0.04757515778152346
0 0.6621497107795478 0.1810011996600689 0.031086641772528623 0.04440234366680125
0 0.39280839298230497 0.5816610419843747 0.028156954272528623 0.04433415443333768
0 0.46764985585553964 0.6112199489944787 0.026801371166190434 0.04586255981660585
0 0.7714197120400554 0.5462430335319091 0.025331797310030702 0.030423780418810865
0 0.7993261907527319 0.5424634168906591 0.029184755447881728 0.03811824905006951
0 0.8817298732844654 0.2549250896683326 0.027931604194976246 0.04111149818333768
0 0.8020909218111971 0.4477139613435758 0.03975956934136491 0.056888869122703946
0 0.8451528709386767 0.3473314484257979 0.029068666013991162 0.03645809280006951
0 0.9871634171645931 0.2594287920812839 0.0256731656708137 0.04912621125798182
0 0.5789972652583641 0.5585469310427079 0.027203646057125396 0.03348976473444019
0 0.5861324220632985 0.5262974754956244 0.02805929802252862 0.04433188145888885
0 0.6336797753978228 0.41172517600871483 0.032528276735204996 0.04131598423243048
0 0.584811678596461 0.10454910885437452 0.03192591374083733 0.05222166259014758
0 0.685111235421066 0.38626992790857584 0.03250096157428963 0.04092535923243066
0 0.754757099903455 0.4198623714878119 0.03107503737886681 0.04284211664125
0 0.8854165100625842 0.5874109345580896 0.02261652472376241 0.036210420236449534
0 0.6117662065921738 0.5123979764455552 0.030547167344448668 0.03668749991680116
0 0.9602155062041863 0.23588284251812422 0.041998119574021685 0.06659320546388461
0 0.881134657561239 0.16807905309920065 0.03199357791055846 0.03506371125798178
0 0.5199725544788164 0.363507841186944 0.030437906700787033 0.03512499991680125
0 0.5390831873985373 0.34584756250159676 0.030219385413463584 0.03199999991680125
0 0.7535109462006137 0.5810908122172563 0.02658284987886681 0.042737559816605854
0 0.5509169158591123 0.26888501899861067 0.03063594161742387 0.03795703116680125
0 0.7620240246415182 0.18806685762010353 0.028984667344448666 0.03665113232562067
0 0.7480043553513366 0.45758057703489524 0.028977838554219915 0.03655347607562067
0 0.7441580895118948 0.49210104739961746 0.029282411697881726 0.03812052202451817
0 0.8249667850330784 0.11460986740374932 0.04120325749083733 0.052437595162782145
0 0.838083052133028 0.44765875674642286 0.03787134059717552 0.05080008700597212
0 0.7313031744090871 0.4313635691511105 0.027603822263991162 0.03642399818333768
0 0.9940176333677169 0.5642617624460062 0.011964733264566263 0.04304660269034279
0 0.24489079098516306 0.31278636825677064 0.03243267367200105 0.03994879673243057
0 0.47498747243161576 0.481150589287083 0.030528734160558103 0.03502961664125017
0 0.430063102501345 0.4094217128621872 0.055714404459146036 0.06057513050895835
0 0.6062596157428967 0.388887741263194 0.033574511094448665 0.036757962124713564
0 0.9772387512605076 0.34503963697104084 0.03430929802252862 0.04447735182361114
0 0.46242821622742936 0.223210802717951 0.03630884059717552 0.05076371941479172
0 0.9357064511442921 0.4672971498888187 0.02739212976689629 0.03339665443333768
0 0.5816473818344401 0.42858667410885365 0.04255884059717552 0.05090918977951393
0 0.8222284591900639 0.4895014178405896 0.029291962904747493 0.04104566357562067
0 0.6539605163436449 0.09746200104683975 0.03587179802252862 0.044513719414791694
0 0.892333145580195 0.5520364790110062 0.02542740037323483 0.031790967918810864
0 0.9814292245253025 0.3042509828107284 0.029813004148936527 0.04710262405006951
0 0.4511618423618863 0.5544796397239232 0.03881514310298613 0.04477722114825529
0 0.5929015921097849 0.47762358615295086 0.026180620485204996 0.041168240893259524
0 0.4421585469372478 0.492869992497465 0.027294473516896466 0.033394381458888844
0 0.2672678075809095 0.4985056627096872 0.04067538745641919 0.04628297843833344
0 0.7850783844323302 0.4058537696642007 0.026036546660558102 0.034925059816605854
0 0.34362249397104067 0.5608952535153817 0.030310212873234654 0.031904616641249994
0 0.7524465648703765 0.28610496732749935 0.03399994927543411 0.04144773509916231
0 0.8637172006400892 0.3218586697404507 0.0315517597324785 0.02735114048243057
0 0.7993601336760255 0.18485028543177018 0.025955270407652976 0.03794558464325952
0 0.6168139755337089 0.6069655940367357 0.031604960600081 0.047631818840147486
0 0.8085972839477975 0.5743310127303466 0.020939319246826925 0.028956582043064217
0 0.03442282057035978 0.41393521343086803 0.014117663059852048 0.0471273001638151
0 0.9997481661365797 0.5295776379209715 0.0005036677268407175 0.04448189777250881
0 0.8575114872626513 0.14358819937572848 0.03297009491328495 0.049028555007981825
0 0.6424324265027741 0.2683200149145481 0.029291962904747493 0.04104566357562067
0 0.9805051349365332 0.5484192101093048 0.024181077910558457 0.034881873302079036
0 0.9434421775111801 0.5555420322976381 0.025364511806946412 0.05041149002652787
0 0.829533952733776 0.15754224981256876 0.03132908657428999 0.04089808353904516
0 0.7279114685732179 0.12547659185253413 0.02938961915474749 0.04104793655006946
0 0.7883240807098184 0.25083896134357575 0.027833947944976244 0.04110922520888893
0 0.5301555736724529 0.5315129587781247 0.030247369804219916 0.03658302474345483
0 0.9385529456964103 0.42966986331968676 0.03251667234154354 0.039755757206879315
0 0.9203442590541779 0.2923698850711798 0.03023371222376241 0.03638771224345483
0 0.8255891339281269 0.2577968229508326 0.02698307158300608 0.03172967925999135
0 0.5804401609154338 0.37775087272208285 0.03440695427252862 0.04447962479805998
0 0.4299431341802286 0.3405626100886455 0.03443297647103556 0.022543336139240467
0 0.5096409778794972 0.5179050536678815 0.032751573625961504 0.04590355500798182
0 0.9244190259020257 0.5520721933918049 0.02104447351689629 0.03324891109416654
0 0.44353574061684603 0.35589666935920106 0.03520940537032935 0.03504106316479172
0 0.6349916310781355 0.20667400009690923 0.024387994804219916 0.036446646276527786
0 0.4157495942034718 0.31663480081809 0.024846283973940862 0.019297786842157195
0 0.5768131443196873 0.19159516717499953 0.020972079241015962 0.03500217764526914
0 0.6120282865456875 0.5609082116279162 0.030644823594448665 0.03668977289125017
0 0.8336519142696284 0.5745303812714576 0.023537118442249393 0.0270671003276302
0 0.3385250845682162 0.6110952752668748 0.025990174583184533 0.014742037708888845
0 0.7091989454443091 0.36145111265409663 0.03722055233863806 0.04288765778152346
0 0.7692902214232096 0.18007251966420074 0.025864442947881726 0.03804096791881077
0 0.46360793999642735 0.32960627308267326 0.03922009491328495 0.04917402537270403
0 0.5822322538583977 0.33623551994854123 0.02729447351689629 0.033394381458888844
0 0.912301802133028 0.4459312961653465 0.030540338554219913 0.03658984366680116
0 0.4326739223154002 0.603426286000451 0.03197719791346358 0.0320409134568795
0 0.5204256585696452 0.47070274534725653 0.02626667234154336 0.03961028684215719
0 0.7367283657428968 0.38585104739961745 0.039015231206419185 0.04624433787270395
0 0.6957805736724529 0.5276579941129855 0.022488070671822413 0.05668186514526905
0 0.7264467935830531 0.28358003258197856 0.0288685779105581 0.03499097607562067
0 0.8638153896281103 0.36802515492281185 0.024060212873234833 0.03175914627652787
0 0.9088772453084231 0.16195568645795064 0.025727197913463583 0.031895443092157104
0 0.5950264568442754 0.5863446227220829 0.021465136094448667 0.036476113293064216
0 0.712094352501345 0.40285736265409666 0.03701091302833923 0.03849539950597229
0 0.6414315632808927 0.6009149625778467 0.028812518134498966 0.05370915443333768
0 0.6260250845682162 0.6044036384896523 0.02849634059717552 0.050581881458888846
0 0.3796210700661567 0.25878658643729135 0.03492799551671784 0.050536585272508726
0 0.8999224984105162 0.29128016375652704 0.027426942947881727 0.03807733550999135
0 0.6535880838119116 0.383091029732187 0.027738344881772292 0.039742037708888935
0 0.4723987959288416 0.19793804578409685 0.027415338554219914 0.03651710848444014
0 0.7677766339281271 0.2591424238245133 0.03053556295078703 0.03512727289124999
0 0.970672040985163 0.295893622153402 0.040880251163284954 0.04921266593833344
0 0.8656681946880044 0.13713817762423539 0.044221050033971566 0.049582915819592045
0 0.7284952486626176 0.36882720155993 0.03387225544788173 0.038227351823611144
0 0.9193819646379456 0.524801178574166 0.030754084238110834 0.038252272891249994
0 0.8719224565921738 0.5063427725139924 0.022739442947881727 0.03796823273644954
0 0.9451414353048504 0.5015084957285062 0.024497255447881727 0.03800914627652787
0 0.8557729327069603 0.5215865660169785 0.030296555292776972 0.03170930414124999
0 0.9180001450759919 0.4043250244138534 0.030958947944976244 0.041181960391250175
0 0.7202510599266981 0.39640734090260354 0.039164795361613255 0.044200375546050365
0 0.9017681297407532 0.5862478248506937 0.02137225544788137 0.03793641109416672
0 0.874479010062584 0.5876655076963535 0.022832323594448665 0.03650793493534721
0 0.9640003319703261 0.6145351725902423 0.03152649775835883 0.025595600956879495
0 0.6294732406168461 0.35156892600871475 0.06061359695624056 0.0637115770325
0 0.9933212299488787 0.5675686004019089 0.013357540102242637 0.04275793493534721
0 0.9650222465689307 0.5284340184299298 0.02146308290765262 0.03784102781861556
0 0.760630769445738 0.22409527659805492 0.026766603482478325 0.0272397647344401
0 0.8667325760182415 0.4321240225139924 0.026631320640309753 0.047613553393259525
0 0.6068494776273958 0.44208547644555507 0.0244740466605581 0.034888692225425365
0 0.8231896616717386 0.5927718882053119 0.02185580659172217 0.022543091185347208
0 0.8238077486626176 0.366608778497916 0.02405543726980177 0.03029657550097662
0 0.1998018021330279 0.46251491774368036 0.031161089235205087 0.041284162590147486
0 0.9963048136022732 0.5007986744901034 0.007390372795453714 0.05371605500798182
0 0.7398690632808927 0.5986238043334716 0.04575342146187271 0.07428540112069441
0 0.8523694272590788 0.4841047498125688 0.02458808290765262 0.03791376300097653
0 0.9601876450759921 0.4033430994519784 0.03596262548229987 0.04441833613924047
0 0.7907278148703766 0.28521396134357574 0.022609026703692338 0.031920364159796044
0 0.7658263678365838 0.22006174002892295 0.02560905529277697 0.03160020136770836
0 0.6551016713069939 0.3040211255718745 0.024581254117423866 0.03781610675097653
0 0.04897091167173839 0.6107920296352777 0.014362206545682366 0.028316011504995586
0 0.8497971762506726 0.18993652251399235 0.01903332654858758 0.025402316477434895