0 0.7677291480870652 0.5094281222600208 0.10942686990420185 0.11619882891690096
0 0.15282478806200847 0.41439481898725317 0.09259461452255788 0.10526694528121965
0 0.11484759213844509 0.31880960821486465 0.09561407913882589 0.1020636060442639
0 0.3280843970470754 0.4544981651018694 0.049342341202100924 0.05806816634911431
0 0.5523130467975184 0.48081626716841397 0.10859246063838306 0.1271255341154939
0 0.5268508042852424 0.6698333153730159 0.059503995398222286 0.06759479660614946
0 0.2667452645598562 0.734762382022578 0.06452231946747684 0.07221134328594588
0 0.07223502558314147 0.7250323371376257 0.07145343827986608 0.07849827286970683
0 0.30949642762135976 0.6787305506404888 0.06129054661493942 0.07209493817034414
0 0.2979148550339138 0.5934606711519936 0.09101388131748323 0.10506254242214012
0 0.07351064039154506 0.4936641624695907 0.060968839148222154 0.06760331881778665
0 0.00537670988490169 0.6580579396951497 0.01075341976980338 0.07237995285614947
0 0.21375744197241026 0.6492516080184728 0.12324753980330963 0.13355500359721048
0 0.36063728806200845 0.41560383674484236 0.055834625623892895 0.06279089149054773
0 0.4449528895593513 0.2660129029034251 0.09830024474822849 0.10051758232009575
0 0.5972534059903813 0.3427213695295461 0.09771059484181244 0.10988406010845857
0 0.40358886917716824 0.7425935836215845 0.06758999347434216 0.07056993590154761
0 0.8255590245431517 0.6770428691367627 0.06528286132479125 0.0782671670808309
0 0.47350074064110215 0.4709776588553535 0.06654064959434329 0.0771032461450254
0 0.06774147088230711 0.41311814441741407 0.09010747381957127 0.0974442186272551
0 0.7763810850673227 0.7181854987234537 0.07141310802300076 0.08015729282482198
0 0.5850613022052629 0.565427616504484 0.06224872446956482 0.06458506542686618
0 0.41766974958440806 0.35731006859446973 0.061007931936282137 0.06906759442034413
0 0.2610847847342433 0.43534818930236624 0.06950155074867145 0.0753636143631848
0 0.20215606988407853 0.5139544574527388 0.1047166411448055 0.1504301527240603
0 0.09263399272108166 0.5735061985739442 0.08492628837345 0.08794656388978624
0 0.4539262570721322 0.5466861859827166 0.05942719873120765 0.06886319156126461
0 0.8660813924715246 0.6030195618569745 0.052369684952100926 0.05808577891983102
0 0.8877622396011124 0.4210155829342133 0.1151745221764429 0.1286278755966972
0 0.6811895975461897 0.40652531517662416 0.09865346874987377 0.1178930089033436
0 0.5214709444679817 0.4009060533709633 0.054126259983295455 0.06121930113146803
0 0.3474895809073638 0.5062015656676035 0.052554643380758215 0.06111255452238851
0 0.3508889357324719 0.3358163427949665 0.094641229045242 0.09268803789682148
0 0.009746320858690254 0.45798976200205255 0.019492641717380507 0.07825694042686618
0 0.7092689409324204 0.5997622307694728 0.08833266558330202 0.09411538391561791
0 0.48478937042495396 0.6179981046006273 0.0874994937862887 0.10191879355653839
0 0.309116810108579 0.3981072645361353 0.040411125467919626 0.047084646406273654
0 0.41562641909364595 0.4378106348512484 0.07687026648285275 0.08633804394694575
0 0.48244319738015484 0.7352356015755652 0.07785842052300077 0.08019479055602527
0 0.3418181973801549 0.7344174692583996 0.06906395382687949 0.0706761143631848
0 0.7224859463401652 0.6842599506170477 0.06628013196747684 0.07222156993991043
0 0.8680356252083008 0.29739627575262095 0.10122374490420186 0.11615110453173286
0 0.6313318286195884 0.5805486224564124 0.044206890208966246 0.05637903457954785
0 0.2822811668058705 0.5097305657657993 0.07927381741359803 0.08176467647277744
0 0.8565308275795985 0.5294866130866385 0.0885853040764367 0.0957761083130606
0 0.9088943770804843 0.5798184111930446 0.04544768274224893 0.05189650558607006
0 0.3862369155580848 0.635403252337691 0.1233689848948055 0.1505386688855733
0 0.5514639176380642 0.7411088725546083 0.07613182167732865 0.07842788769694557
0 0.4659502726709682 0.3927663004440971 0.05359100681150366 0.056531232984025695
0 0.15314137250493345 0.7208129906302261 0.0790132997867314 0.07688300026766229
0 0.6704684729622865 0.5213690651766242 0.08979750933330202 0.0941239061272551
0 0.042301450915716056 0.5349113311856974 0.04596470270896624 0.0563892612335124
0 0.7802735931784348 0.37505312226002063 0.09740355961405385 0.12227788164682138
0 0.13440611834497454 0.5112152768327756 0.054135376585832874 0.06131695738146803
0 0.623974301997467 0.7430940742518104 0.08658520715464454 0.0910795179539809
0 0.14276611647279105 0.22907948770335987 0.059329542481207476 0.06886262341382202
0 0.11495527787091693 0.6525851653964571 0.08178181769956998 0.09085636622929946
0 0.8954660499174875 0.6399292093976465 0.05945578600762502 0.06603286475359198
0 0.7874557624798768 0.633047429441613 0.05982570286493942 0.07208641595870695
0 0.03564790397527491 0.3127727107723885 0.07129580795054982 0.14449073404477702
0 0.6399033560739035 0.6478224808676687 0.07028032581106061 0.08161475065806964
0 0.2751175854829147 0.3603890959182245 0.07424637674180605 0.07705047354298111
0 0.9285937152667664 0.5111456792452213 0.05996088560718817 0.1237193011314682
0 0.22427330241305893 0.3858885447867563 0.06138820286493942 0.07209550631778665
0 0.011886122023458557 0.5237420270291672 0.023772244046917114 0.05001376575883114
0 0.8158526942601856 0.5800587848278073 0.03698527758418777 0.04384380943811443
0 0.19820153265426382 0.330237987605164 0.04900116306150357 0.056504530054229285
0 0.9458268718805357 0.3181723840656815 0.06750387687167851 0.1877908914905478
0 0.9216626742935947 0.7026155617587786 0.033564050748671546 0.07515453610435366
0 0.24463408964287364 0.5697004634046672 0.04158423793672501 0.04396816861791084
0 0.699661608153883 0.7529145018467117 0.0732162006550876 0.06601531729298102
0 0.4878474952166531 0.32566970403489326 0.046787520434637034 0.051611490900264734
0 0.1506863022052629 0.5629004966803504 0.04893348299702627 0.05787058125934443
0 0.03458047171450086 0.6427374667243169 0.03534335453926233 0.0440294634315924
0 0.005723512895468739 0.5822448734383711 0.011447025790937478 0.07061248184962743
0 0.6601811031617303 0.3133838483541114 0.052019390208966246 0.056424486374946084
0 0.5889861401837491 0.6741031797362005 0.06639478395374603 0.0755407461450254
0 0.7422123531617304 0.31386109220579134 0.04357135440926356 0.050616747682105515
0 0.01259123301045526 0.7097749757995031 0.02518246602091052 0.05043166183607006
0 0.6166684896011125 0.41943840563389967 0.04441131931150366 0.056477827124432875
0 0.4036975588607932 0.5237254089535494 0.040364607867027405 0.06436014414975162