0 0.39075355885787993 0.67421875 0.07407316428688589 0.0875
0 0.34051081973229486 0.72578125 0.055506377414319095 0.06083984375
0 0.13714178612046693 0.56640625 0.05567167984777566 0.0625
0 0.08353533056952872 0.38203125 0.05599001482874762 0.0703125
0 0.2290361729648745 0.425 0.07341195455305974 0.080859375
0 0.9651898957788372 0.29609375 0.03960101087441501 0.0515625
0 0.38488958353527825 0.39609375 0.059343984258398576 0.07353515625
0 0.10225881425790635 0.3046875 0.06734350605971957 0.078125
0 0.2533491289729232 0.21640625 0.10080013155865881 0.1298828125
0 0.9411913216722801 0.33984375 0.04174082535158128 0.0609375
0 0.4971826309872706 0.62109375 0.039410009885831696 0.046875
0 0.14947866555050066 0.38984375 0.09068682615945275 0.11416015625
0 0.1899324995800705 0.78828125 0.07244268577927473 0.090625
0 0.6956692801517868 0.14296875 0.06586639242377856 0.0826171875
0 0.8029790558549493 0.26484375 0.07046402403492849 0.11396484375
0 0.4904644684025195 0.2453125 0.03806852094095845 0.04990234375
0 0.3144762658545118 0.4703125 0.07575039606917891 0.09990234375
0 0.20578169817374542 0.54453125 0.08041650902546911 0.0921875
0 0.6258992441056821 0.3671875 0.10773870146838505 0.115625
0 0.4491590360832859 0.17109375 0.029593320099733235 0.03603515625
0 0.5953256537246836 0.72890625 0.053136264210883154 0.0673828125
0 0.6699542861204669 0.56640625 0.04571505385919252 0.0578125
0 0.5705139961200294 0.771875 0.036378686948569695 0.04677734375
0 0.424758485739906 0.72265625 0.04291701186299797 0.05625
0 0.7956837979834651 0.62265625 0.0654923488211363 0.0734375
0 0.46843820707099404 0.58671875 0.05730182603123222 0.06416015625
0 0.45322833703250043 0.8078125 0.05539247209111586 0.065234375
0 0.15015643927649686 0.50234375 0.05956068380210837 0.08125
0 0.8792046107213155 0.525 0.05573501451981535 0.06884765625
0 0.07149954007479961 0.58515625 0.06051619158255321 0.06875
0 0.3250689145619175 0.38515625 0.05927600575078733 0.07666015625
0 0.315594391367394 0.6703125 0.05905134783255317 0.06875
0 0.4009787930405492 0.59921875 0.033227988393442945 0.04375
0 0.14996680239490826 0.2484375 0.09469968775644104 0.1
0 0.28755698570272503 0.32734375 0.04090486370237523 0.04521484375
0 0.4224546146384672 0.1484375 0.03457345652557855 0.0408203125
0 0.32791273026551754 0.3015625 0.07240902884962379 0.08740234375
0 0.33583395410524447 0.57265625 0.056041411939000876 0.0763671875
0 0.6016500247145793 0.1171875 0.03313431133070512 0.04384765625
0 0.06363264334456029 0.6796875 0.04300090711965789 0.053515625
0 0.6880928379839025 0.4171875 0.05095052291812472 0.05927734375
0 0.03887538247014538 0.628125 0.029389546387679856 0.07177734375
0 0.21820473821136402 0.734375 0.052053260627269095 0.050390625
0 0.1435920573750052 0.6671875 0.06393349568424389 0.0783203125
0 0.44483888098727065 0.62109375 0.03309236370237514 0.04521484375
0 0.18156690125322567 0.7171875 0.03289738352652991 0.0404296875
0 0.09987654946633977 0.6296875 0.03484188550369623 0.0498046875
0 0.3309157134596036 0.221875 0.05602002489529108 0.06865234375
0 0.9431305064629717 0.42578125 0.03960101087441501 0.0515625
0 0.3898689022046279 0.3265625 0.030102988393442942 0.04375
0 0.40466350304011167 0.8046875 0.03951164532309388 0.04697265625
0 0.1779551285158127 0.609375 0.05222801254264904 0.05947265625
0 0.6444078690870916 0.16953125 0.03606831034212199 0.03916015625
0 0.6668810242574688 0.51015625 0.03791515606928826 0.04853515625
0 0.8438918518240669 0.4828125 0.03806852094095845 0.04990234375
0 0.8979042366913081 0.33203125 0.033479009515112776 0.0451171875
0 0.5324118878701718 0.25859375 0.02984832040866543 0.0375
0 0.9887023661475876 0.2421875 0.022595267704824805 0.0595703125
0 0.5626830252088709 0.11953125 0.030035342209986382 0.04208984375
0 0.472811394790254 0.29140625 0.03966898938202608 0.0484375
0 0.19982351684309502 0.475 0.03797086469095836 0.04990234375
0 0.48675985376405234 0.096875 0.032927061268918575 0.0435546875
0 0.622855087526792 0.81015625 0.03759648876416168 0.0455078125
0 0.8863260440291324 0.60390625 0.0409725098858317 0.046875
0 0.5131777041052444 0.57265625 0.03143618663963732 0.0453125
0 0.5704981141813568 0.54140625 0.04262437543715265 0.05146484375
0 0.6659207717488298 0.103125 0.03978405348847378 0.0560546875
0 0.5262108977931845 0.70078125 0.037554873459986385 0.04208984375
0 0.41266707364944655 0.34921875 0.0363826661358317 0.046875
0 0.7764682243711996 0.66875 0.03456549815105418 0.040625
0 0.23604751832596982 0.48203125 0.03146652903033544 0.0388671875
0 0.9105381823564146 0.46953125 0.057815141188049424 0.0767578125
0 0.45281988836446346 0.2609375 0.029525673916276675 0.034375
0 0.45059147387690796 0.66640625 0.036663364999890646 0.0513671875
0 0.38320765570184995 0.73828125 0.03603034190105418 0.040625
0 0.6141791299986874 0.61640625 0.04240336438202626 0.0484375
0 0.9560920573750054 0.6671875 0.041452168112998324 0.05625
0 0.08240650106294527 0.7953125 0.03623361277557846 0.0408203125
0 0.798396326615196 0.36328125 0.029708716530335622 0.0388671875
0 0.6657204308735398 0.4625 0.0331600098858317 0.046875
0 0.668586809809282 0.28359375 0.03478617688202625 0.0484375
0 0.6327434461965791 0.53515625 0.03293535196759763 0.03896484375
0 0.3763674763111849 0.2828125 0.03121152872140325 0.03740234375
0 0.7755769560452298 0.18671875 0.03465884288963732 0.0453125
0 0.25386371250820144 0.6125 0.08025916496653682 0.09072265625
0 0.3533556710248892 0.8109375 0.03405134783255317 0.06875
0 0.549373894790254 0.29140625 0.026498330166276673 0.034375
0 0.6077898671471061 0.55546875 0.0348201661358317 0.046875
0 0.35797957364944655 0.34921875 0.03286737345998638 0.04208984375
0 0.8032403355124446 0.40546875 0.03443783183451075 0.04228515625
0 0.8636353715585493 0.18125 0.032938998830704946 0.04384765625
0 0.7444542900376185 0.18984375 0.025156508897248565 0.0421875
0 0.4668067925090765 0.2015625 0.031342841901054186 0.040625
0 0.45163277866891205 0.1359375 0.03277800790866543 0.0375
0 0.4276725801124181 0.775 0.029529653103538677 0.03447265625
0 0.39022568235641464 0.46953125 0.057544556454223364 0.0701171875
0 0.4290468073378241 0.271875 0.028315498151054184 0.040625
0 0.7760093320524035 0.3890625 0.03144447733831619 0.04072265625
0 0.9411965692380033 0.7234375 0.04317167984777583 0.0625
0 0.5778039368050389 0.490625 0.03315205151130733 0.0466796875
0 0.46066551634880337 0.47265625 0.03309236370237514 0.04521484375
0 0.7066133918245046 0.27734375 0.05304374593138963 0.0794921875
0 0.09706722585407432 0.67578125 0.029847988084510703 0.04228515625
0 0.21025297535978274 0.6734375 0.05940367206733077 0.075
0 0.7227556339530201 0.63515625 0.03637835462441501 0.0515625
0 0.7908888686299809 0.5625 0.0378218113307053 0.04384765625
0 0.6422059709111585 0.65234375 0.05608369189148554 0.07021484375
0 0.27730257661519603 0.36328125 0.03283371653033544 0.0388671875
0 0.21008590171033625 0.32421875 0.1104816994912186 0.10625
0 0.6373062707974277 0.49375 0.02648456917293629 0.031640625
0 0.44463731524648953 0.309375 0.03450547801796731 0.0439453125
0 0.7937711991251476 0.15390625 0.03257838389724839 0.0421875
0 0.6446651260443547 0.59765625 0.026333027732820112 0.03271484375
0 0.5742200444862429 0.2109375 0.032981278783189794 0.0376953125
0 0.8727529753597828 0.6734375 0.03049294874513393 0.0533203125
0 0.49033174760290416 0.77890625 0.03453548808451075 0.04228515625
0 0.8219332801889678 0.53828125 0.05585870164909679 0.06708984375
0 0.591445920036306 0.80625 0.022065498151054186 0.040625
0 0.9322791670705565 0.7921875 0.03307031201035606 0.0470703125
0 0.5075908903788108 0.665625 0.03433652872140325 0.03740234375
0 0.4876976126613009 0.1390625 0.03144447733831619 0.04072265625
0 0.9330949787826428 0.29453125 0.024422182685304605 0.0265625
0 0.8668279220134725 0.815625 0.031185830166276674 0.034375
0 0.43555679250907653 0.2015625 0.020134757167227946 0.033984375
0 0.6216017218625606 0.26171875 0.02962299784212199 0.03916015625
0 0.5899432035737718 0.175 0.03664131330787139 0.05322265625
0 0.9568760355889943 0.16875 0.026422393284141067 0.0373046875
0 0.4448136591618911 0.7546875 0.029015673298412103 0.0314453125
0 0.7180761097327324 0.5203125 0.032999018963792 0.04052734375
0 0.7183056255128821 0.2 0.03156783214344294 0.04375
0 0.9837289901513493 0.72421875 0.032542019697301326 0.0546875
0 0.6284499466536897 0.1421875 0.021454526744236802 0.02802734375
0 0.7343497781746204 0.13359375 0.026599633279383993 0.0392578125
0 0.5730726744477492 0.43203125 0.03137251964344294 0.04375
0 0.5108698103035737 0.2859375 0.036292968260356065 0.0470703125
0 0.5795694362735663 0.09296875 0.031211861045557933 0.0326171875
0 0.04902365669043315 0.74296875 0.04087003928688593 0.0875
0 0.3034047505686537 0.79296875 0.028217841901054187 0.040625
0 0.40919456376361474 0.30234375 0.02350066415866543 0.0375
0 0.3792974526223697 0.565625 0.029547393284141066 0.0373046875
0 0.8579384002646424 0.7125 0.03410175667293629 0.031640625
0 0.8560695637636148 0.30234375 0.029401986786995238 0.0361328125
0 0.663213490682822 0.74609375 0.035703383897248565 0.0421875
0 0.6286436062355103 0.10859375 0.023339340912470873 0.0359375
0 0.8256710924325269 0.43828125 0.026532319420082474 0.0328125
0 0.2917656191242725 0.56484375 0.03883269540866543 0.0375
0 0.5870648957788372 0.29609375 0.05576933609777566 0.0625
0 0.07363238444731172 0.6375 0.029668924657714 0.037890625
0 0.7434714046760857 0.33828125 0.07200099599317618 0.07978515625
0 0.4997002055509382 0.184375 0.036513979315482635 0.05009765625
0 0.7685483646384672 0.1484375 0.03277004953414107 0.0373046875
0 0.9390783819386727 0.23046875 0.07614500025644091 0.1
0 0.31613024364857145 0.76015625 0.027899506920082206 0.0328125
0 0.40630957467521067 0.74921875 0.023212006920082295 0.0328125
0 0.8366471072240934 0.11328125 0.026213652114955723 0.02978515625
0 0.03512168828791369 0.49765625 0.031533842889637356 0.0453125
0 0.6548718196951138 0.33046875 0.03497353100750189 0.0482421875
0 0.38776127965749524 0.140625 0.027967153103538766 0.03447265625
0 0.2589491660447923 0.3921875 0.03411949685353877 0.03447265625
0 0.5916131329272559 0.23515625 0.03102019540866543 0.0375
0 0.9712528478697344 0.4640625 0.029784321088316544 0.04072265625
0 0.9406342006452032 0.55625 0.03468885295618094 0.04365234375
0 0.6166476250185905 0.19765625 0.03118549784212199 0.03916015625
0 0.823157610189843 0.12734375 0.03133919503794687 0.0357421875
0 0.9963083572882037 0.303125 0.007383285423592767 0.053125
0 0.9774511097327323 0.5203125 0.02978432108831619 0.04072265625
0 0.8668929531166614 0.56796875 0.035719965294606484 0.0330078125
0 0.8538146329644369 0.63046875 0.03947367688202626 0.0484375