0 0.0322265625 0.8603112093749999 0.0380859375 0.8629261359375 0.0478515625 0.8629261359375 0.0537109375 0.8603112093749999 0.0625 0.8485440343749999 0.068359375 0.8328544687500001 0.068359375 0.811935046875 0.06640625 0.806705190625 0.0322265625 0.7740185953125 0.0244140625 0.7740185953125 0.015625 0.7831708421875 0.01171875 0.7936305531250001 0.01171875 0.8197798296875 0.017578125 0.8380843234375 0.0322265625 0.8603112093749999
0 0.0498046875 0.7923230890624999 0.0556640625 0.7949380171875 0.0673828125 0.7949380171875 0.0732421875 0.7897081609375001 0.078125 0.775326059375 0.078125 0.74917678125 0.07421875 0.7334872156250001 0.064453125 0.715182721875 0.0556640625 0.708645403125 0.0439453125 0.708645403125 0.0400390625 0.71126033125 0.029296875 0.7282573609375 0.02734375 0.7361021437499999 0.02734375 0.757021565625 0.029296875 0.7700962031249999 0.0498046875 0.7923230890624999
0 0.0908203125 0.8629261359375 0.1044921875 0.8603112093749999 0.109375 0.8537738890625001 0.11328125 0.8433141781250001 0.11328125 0.8276246125 0.109375 0.8145499734375001 0.0888671875 0.7923230890624999 0.0791015625 0.7949380171875 0.072265625 0.806705190625 0.0703125 0.811935046875 0.0703125 0.8328544687500001 0.076171875 0.8459291062500001 0.0908203125 0.8629261359375
0 0.017578125 0.715182721875 0.017578125 0.6890334453125 0.01171875 0.6733438796875 0.0009765625 0.6641916328125 0 0.738717071875 0.0048828125 0.740024534375 0.015625 0.7230275046875 0.017578125 0.715182721875
0 0.0556640625 0.706030475 0.0615234375 0.708645403125 0.0771484375 0.708645403125 0.083984375 0.702108084375 0.08984375 0.6707289515625 0.0859375 0.6524244578125 0.0771484375 0.6406572828125 0.0634765625 0.6301975718749999 0.0576171875 0.6301975718749999 0.0498046875 0.6354274281250001 0.041015625 0.6498095296875 0.0390625 0.6576543125 0.0390625 0.678573734375 0.04296875 0.6890334453125 0.0556640625 0.706030475
0 0.1591796875 0.8498514984375 0.1787109375 0.8498514984375 0.185546875 0.8433141781250001 0.19140625 0.8276246125 0.19140625 0.806705190625 0.1875 0.7936305531250001 0.1826171875 0.7870932328125 0.1533203125 0.77924845 0.142578125 0.7962454796875 0.140625 0.8171649015625 0.142578125 0.8276246125 0.1494140625 0.842006715625 0.1591796875 0.8498514984375
0 0.126953125 0.7517917093750001 0.1455078125 0.7740185953125 0.1728515625 0.78447830625 0.1943359375 0.7870932328125 0.2158203125 0.7740185953125 0.234375 0.7439469265625 0.23828125 0.7308722875 0.234375 0.6654990953125 0.23046875 0.6550393859375 0.1962890625 0.6118930781249999 0.1923828125 0.6092781515625 0.1513671875 0.6066632234375 0.1162109375 0.6328125 0.109375 0.6471946015625 0.107421875 0.6916483734375001 0.109375 0.7073379390625 0.1171875 0.7308722875 0.126953125 0.7517917093750001
0 0.2353515625 0.82108729375 0.2412109375 0.8263171484375 0.2568359375 0.8237022203125001 0.2666015625 0.818472365625 0.275390625 0.80932011875 0.27734375 0.7700962031249999 0.2724609375 0.763558884375 0.2431640625 0.745254390625 0.2314453125 0.7530991734375 0.224609375 0.7622514203125 0.220703125 0.77271113125 0.22265625 0.7936305531250001 0.23046875 0.8145499734375001 0.2353515625 0.82108729375
0 0.2978515625 0.8446216421875 0.3037109375 0.8472365703125 0.3154296875 0.8472365703125 0.3251953125 0.842006715625 0.337890625 0.8171649015625 0.337890625 0.791015625 0.333984375 0.7779409859374999 0.328125 0.7674812765625 0.3193359375 0.7557141015625 0.3095703125 0.7557141015625 0.2841796875 0.7661738125 0.279296875 0.775326059375 0.27734375 0.7857857703125 0.27734375 0.8040902640625 0.28515625 0.8276246125 0.2978515625 0.8446216421875
0 0.2509765625 0.7504842453125 0.2744140625 0.763558884375 0.2861328125 0.763558884375 0.2978515625 0.7583290296875 0.3076171875 0.7478693187500001 0.318359375 0.7308722875 0.3203125 0.71779765 0.3203125 0.683803590625 0.3125 0.66288416875 0.2978515625 0.6406572828125 0.2880859375 0.6354274281250001 0.2763671875 0.6328125 0.2646484375 0.6354274281250001 0.2490234375 0.6458871390625001 0.236328125 0.6681140234375 0.234375 0.683803590625 0.236328125 0.7099528671875001 0.240234375 0.7256424328125 0.2509765625 0.7504842453125
0 0.3388671875 0.7766335234375 0.3447265625 0.781863378125 0.3623046875 0.781863378125 0.375 0.7700962031249999 0.3828125 0.74917678125 0.3828125 0.7308722875 0.3720703125 0.708645403125 0.3623046875 0.7008006203125 0.3447265625 0.7008006203125 0.328125 0.720412578125 0.326171875 0.7256424328125 0.326171875 0.7544066375 0.330078125 0.7648663484375 0.3388671875 0.7766335234375
0 0.4287109375 0.852466425 0.4482421875 0.852466425 0.4580078125 0.8446216421875 0.474609375 0.8197798296875 0.4765625 0.7988604078125 0.470703125 0.77271113125 0.4541015625 0.7478693187500001 0.4423828125 0.7426394625 0.4228515625 0.7426394625 0.4111328125 0.7530991734375 0.40234375 0.7648663484375 0.400390625 0.775326059375 0.3984375 0.7962454796875 0.404296875 0.8223947578124999 0.4189453125 0.8446216421875 0.4287109375 0.852466425
0 0.3271484375 0.6563468484375 0.3369140625 0.6589617765625 0.3525390625 0.6589617765625 0.3642578125 0.6537319218750001 0.37890625 0.6184303984375 0.37890625 0.6079706875 0.3671875 0.5765915546875 0.3603515625 0.5674393078125 0.3505859375 0.559594525 0.3349609375 0.559594525 0.3271484375 0.562209453125 0.3125 0.5765915546875 0.306640625 0.5922811203125 0.306640625 0.621045325 0.310546875 0.6367348921875 0.3271484375 0.6563468484375
0 0.2177734375 0.6432722109375 0.2216796875 0.6458871390625001 0.2314453125 0.6458871390625001 0.2490234375 0.6380423546875 0.2529296875 0.6354274281250001 0.265625 0.6158154703125 0.265625 0.5922811203125 0.2578125 0.568746771875 0.2490234375 0.55436466875 0.2314453125 0.5465198859375 0.2236328125 0.5465198859375 0.2158203125 0.5517497421875001 0.203125 0.56613184375 0.197265625 0.587051265625 0.197265625 0.60274083125 0.203125 0.623660253125 0.2177734375 0.6432722109375
0 0.1396484375 0.598818440625 0.1494140625 0.6040482953125 0.1591796875 0.6040482953125 0.173828125 0.5896661937500001 0.177734375 0.5792064828125 0.1796875 0.56613184375 0.177734375 0.550442278125 0.171875 0.5373676390625 0.1611328125 0.5229855375 0.1455078125 0.5229855375 0.130859375 0.5399825671875 0.126953125 0.550442278125 0.125 0.5582870609375 0.126953125 0.5739766265624999 0.130859375 0.587051265625 0.1396484375 0.598818440625
0 0.1044921875 0.6249677171875 0.1181640625 0.6275826453125 0.1328125 0.6132005421875 0.134765625 0.5948960484375 0.125 0.568746771875 0.1201171875 0.562209453125 0.1083984375 0.562209453125 0.09375 0.5765915546875 0.08984375 0.587051265625 0.08984375 0.60274083125 0.09375 0.6132005421875 0.1044921875 0.6249677171875
0 0 0.6001259046875 0.0126953125 0.6197378609374999 0.0283203125 0.6197378609374999 0.037109375 0.6079706875 0.04296875 0.5844363375 0.04296875 0.568746771875 0.0390625 0.55305720625 0.0322265625 0.54129003125 0.0244140625 0.538675103125 0.0185546875 0.538675103125 0.0068359375 0.543904959375 0 0.55305720625 0 0.6001259046875
0 0.021484375 0.5321377843749999 0.02734375 0.5190631453125001 0.02734375 0.5007586515625 0.0205078125 0.48114669374999997 0.0126953125 0.4733019109375 0.0009765625 0.4706869828125 0 0.5399825671875 0.0068359375 0.54129003125 0.0185546875 0.536060175 0.021484375 0.5321377843749999
0 0.0537109375 0.5674393078125 0.0615234375 0.5726691625 0.0791015625 0.5726691625 0.087890625 0.5609019890625 0.091796875 0.550442278125 0.08203125 0.5138332906249999 0.0712890625 0.502066115625 0.0576171875 0.502066115625 0.048828125 0.5112183625 0.04296875 0.526907928125 0.04296875 0.5425974953125 0.046875 0.5582870609375 0.0537109375 0.5674393078125
0 0.1025390625 0.55436466875 0.1162109375 0.55436466875 0.1201171875 0.5517497421875001 0.1328125 0.5321377843749999 0.126953125 0.49291386875 0.125 0.4876840140625 0.1181640625 0.48114669374999997 0.1025390625 0.48114669374999997 0.0947265625 0.48637655 0.083984375 0.5007586515625 0.08203125 0.51644821875 0.0859375 0.5321377843749999 0.087890625 0.5373676390625 0.1025390625 0.55436466875
0 0.0537109375 0.48637655 0.0615234375 0.49160640468750005 0.0771484375 0.49160640468750005 0.0810546875 0.48899147656249997 0.091796875 0.471994446875 0.099609375 0.44323024218749996 0.099609375 0.43015560468749997 0.095703125 0.41969589375 0.0869140625 0.40792871875000003 0.0810546875 0.405313790625 0.0654296875 0.405313790625 0.0517578125 0.410543646875 0.044921875 0.422310821875 0.0390625 0.44323024218749996 0.0390625 0.45630488125 0.044921875 0.474609375 0.0537109375 0.48637655
0 0.0400390625 0.39485408125 0.0517578125 0.40269886406250005 0.0673828125 0.40269886406250005 0.0732421875 0.4000839359375 0.07421875 0.34647791875 0.072265625 0.3386331359375 0.0537109375 0.31902117812499997 0.0498046875 0.31902117812499997 0.0419921875 0.3242510328125 0.033203125 0.3386331359375 0.03125 0.3490928453125 0.03125 0.380471978125 0.03515625 0.3883167609375 0.0400390625 0.39485408125
0 0.0517578125 0.31379132187500003 0.0673828125 0.31902117812499997 0.0751953125 0.31379132187500003 0.087890625 0.29679429218750003 0.091796875 0.2837196546875 0.091796875 0.265415159375 0.08984375 0.25495545000000003 0.08203125 0.23665095625000002 0.0771484375 0.2301136359375 0.0712890625 0.227498709375 0.0537109375 0.2301136359375 0.044921875 0.2444957390625 0.041015625 0.2601853046875 0.041015625 0.2915644375 0.046875 0.307254003125 0.0517578125 0.31379132187500003
0 0.0322265625 0.2902569734375 0.0380859375 0.2902569734375 0.048828125 0.23403602812500002 0.0439453125 0.2301136359375 0.0302734375 0.2301136359375 0.021484375 0.2418808109375 0.01953125 0.247110665625 0.01953125 0.270645015625 0.0263671875 0.28502711718749996 0.0322265625 0.2902569734375
0 0.1201171875 0.3294808890625 0.1298828125 0.337325671875 0.1416015625 0.337325671875 0.1474609375 0.33471074375 0.154296875 0.328173425 0.1640625 0.2915644375 0.1640625 0.2758748703125 0.162109375 0.2680300875 0.154296875 0.252340521875 0.1435546875 0.24057334687499998 0.1298828125 0.24057334687499998 0.115234375 0.25495545000000003 0.107421875 0.2758748703125 0.107421875 0.304639075 0.11328125 0.3203286421875 0.1201171875 0.3294808890625
0 0.1142578125 0.43930785156249996 0.1240234375 0.43930785156249996 0.1298828125 0.4366929234375 0.13671875 0.4275406765625 0.140625 0.41969589375 0.14453125 0.38308690625 0.1435546875 0.3765495875 0.1279296875 0.36608987656249997 0.1181640625 0.3634749484375 0.1064453125 0.368704803125 0.095703125 0.38308690625 0.09375 0.3883167609375 0.09375 0.4092361828125 0.1044921875 0.43146306875 0.1142578125 0.43930785156249996
0 0.1533203125 0.43930785156249996 0.1630859375 0.44453770625000005 0.1748046875 0.44453770625000005 0.1806640625 0.4419227796875 0.1875 0.422310821875 0.1875 0.398776471875 0.185546875 0.3909316890625 0.1728515625 0.3765495875 0.1669921875 0.37393465937500003 0.1533203125 0.3765495875 0.146484375 0.385701834375 0.142578125 0.39616154375 0.142578125 0.422310821875 0.14453125 0.4275406765625 0.1533203125 0.43930785156249996
0 0.1318359375 0.49160640468750005 0.1533203125 0.49160640468750005 0.16015625 0.4798392296875 0.162109375 0.471994446875 0.16015625 0.45630488125 0.15234375 0.44323024218749996 0.1494140625 0.43930785156249996 0.1396484375 0.43407799531249996 0.1279296875 0.43930785156249996 0.123046875 0.44584517031250004 0.119140625 0.45630488125 0.119140625 0.4693795203125 0.123046875 0.4798392296875 0.1318359375 0.49160640468750005
0 0.1826171875 0.54129003125 0.1982421875 0.54129003125 0.205078125 0.5321377843749999 0.212890625 0.508603434375 0.212890625 0.4850690859375 0.2109375 0.477224303125 0.1962890625 0.46022727343750003 0.1806640625 0.45761234531249995 0.1748046875 0.46022727343750003 0.162109375 0.4824541578125 0.16015625 0.4876840140625 0.16015625 0.508603434375 0.1640625 0.5190631453125001 0.1826171875 0.54129003125
0 0.1826171875 0.368704803125 0.2021484375 0.3817794421875 0.2138671875 0.3817794421875 0.2216796875 0.3791645140625 0.23046875 0.35955255625000004 0.232421875 0.34386299062500003 0.232421875 0.3334032796875 0.2265625 0.2994092203125 0.2197265625 0.295486828125 0.2021484375 0.2928719015625 0.1845703125 0.3033316109375 0.177734375 0.31509878593749996 0.171875 0.33078835156249997 0.171875 0.34647791875 0.17578125 0.35955255625000004 0.1826171875 0.368704803125
0 0.17578125 0.2601853046875 0.1865234375 0.2719524796875 0.1923828125 0.27456740625 0.2060546875 0.27456740625 0.2109375 0.2680300875 0.212890625 0.2418808109375 0.2109375 0.215731534375 0.20703125 0.20788675156249997 0.2021484375 0.20134943125000002 0.1884765625 0.1987345046875 0.1767578125 0.20657928750000001 0.171875 0.215731534375 0.169921875 0.2209613890625 0.169921875 0.23665095625000002 0.171875 0.24972559374999997 0.17578125 0.2601853046875
0 0.2509765625 0.355630165625 0.2626953125 0.355630165625 0.2763671875 0.350400309375 0.279296875 0.34647791875 0.283203125 0.328173425 0.283203125 0.31509878593749996 0.279296875 0.2941793640625 0.2724609375 0.2797972625 0.2529296875 0.27456740625 0.2373046875 0.28502711718749996 0.23046875 0.29679429218750003 0.228515625 0.31509878593749996 0.234375 0.3386331359375 0.2392578125 0.34517045468749996 0.2509765625 0.355630165625
0 0.2392578125 0.48637655 0.2587890625 0.49422133281249997 0.2705078125 0.49422133281249997 0.2900390625 0.483761621875 0.302734375 0.4667645921875 0.306640625 0.45630488125 0.306640625 0.43538545937500006 0.302734375 0.417080965625 0.28515625 0.38308690625 0.2763671875 0.37131973125 0.2490234375 0.37131973125 0.2431640625 0.37393465937500003 0.2314453125 0.3843943703125 0.220703125 0.398776471875 0.216796875 0.41185111093750004 0.21484375 0.43277053125 0.21875 0.45630488125 0.22265625 0.4667645921875 0.2392578125 0.48637655
0 0.3076171875 0.4157735015625 0.3134765625 0.4183884296875 0.3271484375 0.4183884296875 0.3408203125 0.40792871875000003 0.3515625 0.3909316890625 0.353515625 0.38308690625 0.353515625 0.3517077734375 0.345703125 0.3334032796875 0.3310546875 0.31379132187500003 0.3056640625 0.3111763953125 0.294921875 0.325558496875 0.28515625 0.34647791875 0.283203125 0.3543227015625 0.283203125 0.37524212343749996 0.296875 0.40400632812500004 0.3076171875 0.4157735015625
0 0.2353515625 0.5491348140625 0.2529296875 0.5491348140625 0.26171875 0.5347527125 0.26171875 0.5112183625 0.259765625 0.5033735796875 0.2509765625 0.49160640468750005 0.2451171875 0.48899147656249997 0.2353515625 0.48899147656249997 0.224609375 0.5007586515625 0.22265625 0.508603434375 0.22265625 0.5295228562500001 0.2265625 0.5399825671875 0.2353515625 0.5491348140625
0 0.2724609375 0.5962035125 0.2880859375 0.6014333671875 0.3017578125 0.5935885843750001 0.306640625 0.587051265625 0.310546875 0.5765915546875 0.30859375 0.55305720625 0.302734375 0.5399825671875 0.2939453125 0.5282153921875 0.2802734375 0.525600465625 0.2666015625 0.536060175 0.2578125 0.550442278125 0.255859375 0.5609019890625 0.259765625 0.5765915546875 0.263671875 0.587051265625 0.2724609375 0.5962035125
0 0.3154296875 0.5517497421875001 0.3251953125 0.55436466875 0.3447265625 0.5465198859375 0.353515625 0.5321377843749999 0.359375 0.51644821875 0.359375 0.49029894062499996 0.3466796875 0.46022727343750003 0.3271484375 0.45499741718750003 0.3154296875 0.45761234531249995 0.3076171875 0.4628422 0.29296875 0.4876840140625 0.291015625 0.4981437234375 0.29296875 0.5190631453125001 0.296875 0.5295228562500001 0.3154296875 0.5517497421875001
0 0.3798828125 0.483761621875 0.3916015625 0.48899147656249997 0.4033203125 0.48899147656249997 0.4248046875 0.4785317671875 0.4375 0.4615347359375 0.44140625 0.44323024218749996 0.44140625 0.422310821875 0.4296875 0.398776471875 0.4169921875 0.3843943703125 0.4033203125 0.3791645140625 0.3974609375 0.3791645140625 0.3876953125 0.3843943703125 0.3759765625 0.392239153125 0.361328125 0.4144660375 0.359375 0.4380003875 0.365234375 0.4641496640625 0.37109375 0.474609375 0.3798828125 0.483761621875
0 0.3935546875 0.5935885843750001 0.4052734375 0.6014333671875 0.4169921875 0.6014333671875 0.4267578125 0.598818440625 0.4345703125 0.5935885843750001 0.44140625 0.5844363375 0.44921875 0.56613184375 0.44921875 0.54782735 0.439453125 0.5216780734375 0.4345703125 0.5151407546875 0.4267578125 0.5099108984375 0.4072265625 0.5099108984375 0.3955078125 0.520370609375 0.38671875 0.5321377843749999 0.380859375 0.54782735 0.380859375 0.568746771875 0.38671875 0.5844363375 0.3935546875 0.5935885843750001
0 0.390625 0.69949315625 0.4052734375 0.7164901859375 0.4091796875 0.7191051140625 0.4306640625 0.7191051140625 0.4384765625 0.7138752578124999 0.44921875 0.702108084375 0.451171875 0.6942633 0.451171875 0.6654990953125 0.44921875 0.6576543125 0.44140625 0.644579675 0.4326171875 0.6354274281250001 0.4169921875 0.6301975718749999 0.4072265625 0.6301975718749999 0.3974609375 0.6380423546875 0.388671875 0.6550393859375 0.38671875 0.66288416875 0.38671875 0.6864185171875 0.388671875 0.6942633 0.390625 0.69949315625
0 0.4541015625 0.5229855375 0.4619140625 0.5282153921875 0.4716796875 0.5308303203125 0.4892578125 0.5282153921875 0.498046875 0.5190631453125001 0.50390625 0.5007586515625 0.505859375 0.49029894062499996 0.505859375 0.45630488125 0.50390625 0.4510750265625 0.4931640625 0.4366929234375 0.4755859375 0.423618284375 0.4560546875 0.4262332125 0.447265625 0.440615315625 0.4375 0.4693795203125 0.4375 0.49552879687500007 0.44140625 0.5059885078125 0.4541015625 0.5229855375
0 0.4560546875 0.648502065625 0.4658203125 0.6537319218750001 0.4794921875 0.6537319218750001 0.4873046875 0.65111699375 0.4970703125 0.6432722109375 0.5078125 0.6288901078125 0.51171875 0.6184303984375 0.51171875 0.60274083125 0.509765625 0.5922811203125 0.50390625 0.5765915546875 0.4912109375 0.556979596875 0.4873046875 0.55436466875 0.4677734375 0.55436466875 0.4580078125 0.562209453125 0.4453125 0.5792064828125 0.439453125 0.5948960484375 0.439453125 0.623660253125 0.4453125 0.6367348921875 0.4560546875 0.648502065625
0 0.4716796875 0.7504842453125 0.4817897140625 0.7683105171875 0.49474761093749997 0.7741769125 0.5069433250000001 0.765759909375 0.51953125 0.7361021437499999 0.525390625 0.715182721875 0.525390625 0.7047230109375 0.519901221875 0.671387728125 0.503894378125 0.6504728 0.4912109375 0.65111699375 0.4716796875 0.6563468484375 0.46484375 0.6654990953125 0.4609375 0.6759588062499999 0.453125 0.702108084375 0.453125 0.7230275046875 0.455078125 0.7282573609375 0.4716796875 0.7504842453125
0 0.5185546875 0.8472365703125 0.5400390625 0.855081353125 0.5673828125 0.8472365703125 0.572265625 0.8406992515624999 0.58203125 0.8145499734375001 0.5859375 0.7936305531250001 0.5859375 0.7779409859374999 0.580078125 0.7544066375 0.5673828125 0.745254390625 0.5439453125 0.7347946796875 0.5341796875 0.7347946796875 0.5263671875 0.740024534375 0.49609375 0.7779409859374999 0.494140625 0.7857857703125 0.494140625 0.8014753359375 0.498046875 0.8171649015625 0.5185546875 0.8472365703125
0 0.5458984375 0.7321797515624999 0.5634765625 0.740024534375 0.5712890625 0.740024534375 0.58984375 0.71779765 0.58984375 0.7047230109375 0.5859375 0.6916483734375001 0.5771484375 0.6798811984375 0.5654296875 0.6720364156249999 0.5576171875 0.6694214875 0.5478515625 0.6720364156249999 0.537109375 0.683803590625 0.533203125 0.69949315625 0.533203125 0.7099528671875001 0.537109375 0.7230275046875 0.5458984375 0.7321797515624999
0 0.5458984375 0.666806559375 0.5517578125 0.666806559375 0.5732421875 0.6563468484375 0.583984375 0.644579675 0.587890625 0.6341199640624999 0.587890625 0.6132005421875 0.5859375 0.6001259046875 0.583984375 0.5948960484375 0.5673828125 0.5752840906250001 0.5595703125 0.5726691625 0.5341796875 0.5752840906250001 0.517578125 0.605355759375 0.515625 0.623660253125 0.51953125 0.641964746875 0.5302734375 0.6589617765625 0.5458984375 0.666806559375
0 0.505859375 0.550442278125 0.5205078125 0.5674393078125 0.5380859375 0.5674393078125 0.5439453125 0.5648243796875 0.556640625 0.550442278125 0.552734375 0.51644821875 0.5380859375 0.49422133281249997 0.5302734375 0.49422133281249997 0.5166015625 0.502066115625 0.50390625 0.51644821875 0.501953125 0.5216780734375 0.501953125 0.5373676390625 0.50390625 0.545212421875 0.505859375 0.550442278125
0 0.5849609375 0.5700542359375 0.5986328125 0.580513946875 0.6142578125 0.580513946875 0.6240234375 0.5752840906250001 0.6357421875 0.5674393078125 0.640625 0.5556721328124999 0.640625 0.5242930015625 0.638671875 0.51644821875 0.634765625 0.5059885078125 0.6240234375 0.49422133281249997 0.6064453125 0.48899147656249997 0.5966796875 0.49160640468750005 0.5888671875 0.4968362609375 0.580078125 0.508603434375 0.57421875 0.5216780734375 0.572265625 0.5295228562500001 0.572265625 0.5425974953125 0.576171875 0.5582870609375 0.5849609375 0.5700542359375
0 0.6669921875 0.6040482953125 0.6767578125 0.6066632234375 0.6904296875 0.6066632234375 0.7021484375 0.598818440625 0.7109375 0.5844363375 0.716796875 0.56613184375 0.71484375 0.54782735 0.7109375 0.5373676390625 0.6982421875 0.520370609375 0.6787109375 0.5125258265625 0.6630859375 0.5151407546875 0.6572265625 0.520370609375 0.650390625 0.5295228562500001 0.64453125 0.54782735 0.642578125 0.56613184375 0.6484375 0.5844363375 0.6591796875 0.598818440625 0.6669921875 0.6040482953125
0 0.6181640625 0.6824961265625 0.6298828125 0.6824961265625 0.6435546875 0.67465134375 0.650390625 0.6654990953125 0.654296875 0.6550393859375 0.654296875 0.6315050359375001 0.6494140625 0.6197378609374999 0.6357421875 0.61450800625 0.6201171875 0.61450800625 0.6142578125 0.617122934375 0.603515625 0.6315050359375001 0.6015625 0.6471946015625 0.60546875 0.6654990953125 0.609375 0.6733438796875 0.6181640625 0.6824961265625
0 0.619140625 0.8406992515624999 0.6259765625 0.8498514984375 0.6396484375 0.8603112093749999 0.6650390625 0.8681559921875 0.6982421875 0.8655410640625 0.7392578125 0.8446216421875 0.751953125 0.8276246125 0.75 0.7779409859374999 0.7421875 0.7308722875 0.73828125 0.720412578125 0.7216796875 0.6981856921875 0.7080078125 0.6877259812500001 0.6728515625 0.6720364156249999 0.6513671875 0.6720364156249999 0.6142578125 0.6903409093749999 0.595703125 0.71256779375 0.591796875 0.7230275046875 0.58984375 0.7413319984375 0.58984375 0.7648663484375 0.591796875 0.7779409859374999 0.619140625 0.8406992515624999
0 0.6884765625 0.6798811984375 0.7041015625 0.6798811984375 0.7158203125 0.6720364156249999 0.72265625 0.66288416875 0.724609375 0.6471946015625 0.720703125 0.6288901078125 0.7138671875 0.6223527890625 0.7060546875 0.617122934375 0.6845703125 0.617122934375 0.67578125 0.623660253125 0.671875 0.6341199640624999 0.671875 0.6576543125 0.6845703125 0.6772662703125001 0.6884765625 0.6798811984375
0 0.7490234375 0.7191051140625 0.7587890625 0.72433496875 0.7763671875 0.72433496875 0.7939453125 0.7138752578124999 0.806640625 0.696878228125 0.810546875 0.6759588062499999 0.810546875 0.6498095296875 0.806640625 0.6367348921875 0.7958984375 0.617122934375 0.7744140625 0.6066632234375 0.7568359375 0.6066632234375 0.7412109375 0.617122934375 0.7265625 0.641964746875 0.72265625 0.6681140234375 0.7265625 0.6890334453125 0.73046875 0.696878228125 0.7490234375 0.7191051140625
0 0.7724609375 0.8132425109374999 0.7783203125 0.8158574375000001 0.7939453125 0.8158574375000001 0.8037109375 0.8132425109374999 0.8115234375 0.8080126546875 0.82421875 0.7884006968749999 0.82421875 0.7596364921875 0.822265625 0.74917678125 0.8095703125 0.729564825 0.8017578125 0.72433496875 0.7919921875 0.721720040625 0.7666015625 0.729564825 0.7568359375 0.7374096078125 0.751953125 0.7465618546874999 0.75 0.757021565625 0.75390625 0.7857857703125 0.7578125 0.7962454796875 0.7724609375 0.8132425109374999
0 0.83984375 0.8145499734375001 0.8505859375 0.8263171484375 0.8583984375 0.8315470046875 0.8857421875 0.8315470046875 0.9033203125 0.82108729375 0.91796875 0.7988604078125 0.921875 0.7779409859374999 0.921875 0.7544066375 0.9140625 0.7334872156250001 0.8974609375 0.7138752578124999 0.8857421875 0.706030475 0.8642578125 0.706030475 0.8525390625 0.71126033125 0.8427734375 0.7191051140625 0.833984375 0.7308722875 0.828125 0.7465618546874999 0.828125 0.7831708421875 0.830078125 0.7936305531250001 0.83984375 0.8145499734375001