0 0.97265625 0.2890625 0.0546875 0.08671875
0 0.31953125 0.47265625 0.04921875 0.0640625
0 0.27109375 0.37734375 0.05 0.05859375
0 0.56328125 0.35078125 0.08984375 0.10703125
0 0.48515625 0.34921875 0.06484375 0.08828125
0 0.1296875 0.4359375 0.0515625 0.06015625
0 0.4625 0.43203125 0.0515625 0.0671875
0 0.49453125 0.4921875 0.05625 0.07421875
0 0.440625 0.49296875 0.04921875 0.06484375
0 0.12734375 0.31953125 0.06796875 0.08984375
0 0.18046875 0.3453125 0.05234375 0.05546875
0 0.1875 0.46640625 0.065625 0.0734375
0 0.09765625 0.471875 0.04140625 0.053125
0 0.26953125 0.29375 0.05859375 0.06953125
0 0.3 0.4171875 0.04375 0.05625
0 0.1578125 0.3921875 0.04140625 0.05390625
0 0.35078125 0.30625 0.0359375 0.05
0 0.39375 0.33046875 0.0515625 0.0765625
0 0.38125 0.48984375 0.04453125 0.0546875
0 0.8859375 0.4125 0.04296875 0.065625
0 0.35625 0.42265625 0.06171875 0.08046875
0 0.83984375 0.28828125 0.06640625 0.08359375
0 0.43359375 0.37890625 0.04296875 0.053125
0 0.7625 0.50546875 0.053125 0.07421875
0 0.9328125 0.2390625 0.04140625 0.05390625
0 0.228125 0.33671875 0.04375 0.05390625
0 0.84296875 0.3921875 0.05234375 0.0671875
0 0.259375 0.4609375 0.06484375 0.08515625
0 0.0671875 0.3484375 0.04609375 0.05390625
0 0.31015625 0.3328125 0.05234375 0.0640625
0 0.70625 0.50859375 0.05 0.0609375
0 0.515625 0.24453125 0.03828125 0.04921875
0 0.5546875 0.4953125 0.06171875 0.08203125
0 0.8796875 0.33984375 0.04921875 0.06484375
0 0.1828125 0.28046875 0.071875 0.0859375
0 0.5890625 0.43125 0.0578125 0.075
0 0.965625 0.20703125 0.03984375 0.053125
0 0.63515625 0.4953125 0.08359375 0.09609375
0 0.721875 0.22421875 0.05703125 0.07265625
0 0.165625 0.21328125 0.059375 0.07421875
0 0.88828125 0.22421875 0.0546875 0.06640625
0 0.6265625 0.28984375 0.05625 0.078125
0 0.06875 0.2828125 0.06796875 0.07734375
0 0.409375 0.4390625 0.0546875 0.07265625
0 0.2359375 0.15546875 0.06640625 0.0734375
0 0.0671875 0.415625 0.06875 0.0796875
0 0.315625 0.26171875 0.05703125 0.06796875
0 0.84765625 0.51796875 0.04765625 0.05546875
0 0.65625 0.20390625 0.07421875 0.0828125
0 0.33359375 0.19140625 0.04609375 0.05625
0 0.48828125 0.21484375 0.0546875 0.0640625
0 0.51875 0.4234375 0.059375 0.07578125
0 0.7734375 0.26640625 0.05078125 0.06171875
0 0.0265625 0.471875 0.05234375 0.0703125
0 0.1140625 0.384375 0.04140625 0.0515625
0 0.96171875 0.46640625 0.0484375 0.06171875
0 0.90234375 0.2765625 0.04453125 0.05703125
0 0.58828125 0.2140625 0.053125 0.0671875
0 0.41953125 0.27578125 0.0453125 0.05546875
0 0.93984375 0.525 0.0578125 0.07265625
0 0.27734375 0.21171875 0.0578125 0.07578125
0 0.471875 0.27734375 0.05078125 0.06484375
0 0.8984375 0.4703125 0.05234375 0.06953125
0 0.515625 0.29140625 0.040625 0.05234375
0 0.77890625 0.384375 0.0609375 0.0734375
0 0.92734375 0.3234375 0.0484375 0.05859375
0 0.13984375 0.48828125 0.034375 0.03828125
0 0.86015625 0.46015625 0.04140625 0.0609375
0 0.2328125 0.23515625 0.05546875 0.07734375
0 0.5578125 0.26640625 0.05 0.06328125
0 0.89140625 0.52890625 0.03125 0.03671875
0 0.83125 0.20703125 0.0421875 0.07109375
0 0.6484375 0.36875 0.08125 0.0875
0 0.6734375 0.43359375 0.06171875 0.0796875
0 0.67734375 0.26484375 0.04375 0.0578125
0 0.73515625 0.4375 0.0578125 0.07890625
0 0.71484375 0.38125 0.04140625 0.05
0 0.93359375 0.421875 0.03828125 0.053125
0 0.21875 0.40078125 0.0625 0.07421875
0 0.8171875 0.34765625 0.0421875 0.05078125
0 0.3734375 0.2609375 0.0453125 0.05546875
0 0.79140625 0.20703125 0.0359375 0.0515625
0 0.9859375 0.5109375 0.028125 0.05703125
0 0.8015625 0.453125 0.07109375 0.0859375
0 0.984375 0.40703125 0.03125 0.07734375
0 0.1234375 0.2578125 0.04140625 0.04296875
0 0.353125 0.35625 0.03828125 0.04765625
0 0.00859375 0.4171875 0.01640625 0.06171875
0 0.32421875 0.3828125 0.03515625 0.0375
0 0.4390625 0.32421875 0.03515625 0.05390625
0 0.74765625 0.3296875 0.040625 0.05859375
0 0.39140625 0.3890625 0.0375 0.040625
0 0.021875 0.37890625 0.04375 0.05234375
0 0.70234375 0.31953125 0.05234375 0.06953125
0 0.93359375 0.18359375 0.03984375 0.05
0 0.725 0.2796875 0.03984375 0.040625
0 0.43125 0.221875 0.0484375 0.05859375
0 0.99296875 0.21796875 0.0125 0.059375
0 0.80703125 0.51875 0.03984375 0.04921875
0 0.0328125 0.325 0.0390625 0.05234375
0 0.78203125 0.32109375 0.0359375 0.05234375
0 0.38671875 0.63671875 0.05390625 0.0640625
0 0.990625 0.34296875 0.0171875 0.0421875
0 0.9921875 0.62109375 0.01484375 0.06796875
0 0.75703125 0.20390625 0.03203125 0.0484375
0 0.00703125 0.3453125 0.01328125 0.0515625
0 0.99453125 0.46484375 0.01015625 0.03515625
0 0.9921875 0.47265625 0.0140625 0.0328125
0 0.80703125 0.3359375 0.0375 0.03828125
0 0.01875 0.35703125 0.0375 0.0703125
0 0.0171875 0.27109375 0.02421875 0.0390625