0 0 0.5051649984375 0.0069687343750000005 0.505043359375 0.0195835390625 0.496052940625 0.029811484375000002 0.484180778125 0.035316490625 0.47109176093749994 0.0369152484375 0.458070928125 0.0329743828125 0.442548203125 0.027257575 0.433552940625 0.0145449546875 0.42597908437500004 0.0028262046874999998 0.42618363593749997 0 0.42828729374999996 0 0.5051649984375
0 0.0328451796875 0.5126472984375 0.0385619875 0.5216425609375 0.0525882296875 0.5343906578125 0.061714353124999996 0.5394285328125 0.07570597812499999 0.5365857218750001 0.08611110625 0.5312069296875 0.100884803125 0.514058246875 0.1031935265625 0.5055725468750001 0.10585545781250001 0.48389285937500004 0.10500695625 0.4646131734375 0.0999296515625 0.45040957812500004 0.0826366625 0.4325213296875 0.0670116625 0.432794065625 0.0608325359375 0.435500509375 0.0478347796875 0.44612172812499995 0.0395599609375 0.4579597984375 0.036967332812499996 0.46320222343750006 0.031851309375 0.504868890625 0.0328451796875 0.5126472984375
0 0.05998787343749999 0.6122190578125 0.0696475984375 0.601006459375 0.07588275312500001 0.550225209375 0.07057428906249999 0.541872465625 0.036022925 0.5216868796874999 0.03016355 0.52178915625 0.017982481249999998 0.5336954109375001 0.012797225 0.5441802625000001 0.00956509375 0.5546310203125 0.0079663375 0.5676518546875 0.0083207046875 0.5806385953125 0.014214695312500001 0.5961272265625001 0.02319825 0.6102626390625 0.036230621875 0.6152323281250001 0.055761871875 0.614891409375 0.05998787343749999 0.6122190578125
0 0 0.757837553125 0.0020276078125 0.7592712578125 0.048219014062499996 0.7584649828125001 0.050048770312500004 0.7578483625 0.067272528125 0.7445547953125 0.07295471875000001 0.7379591484375 0.09767657187499999 0.7028837578125 0.1045370578125 0.6470095859375 0.09646965625000001 0.6258095203125 0.0904330984375 0.6194184265625 0.06731535 0.6172233625 0.0396518484375 0.6203048171875001 0.0188415921875 0.6310624015624999 0 0.649309909375 0 0.757837553125
0 0.1394951765625 0.749595715625 0.1446804328125 0.7391108656250001 0.1468840765625 0.7052907890625 0.1362671484375 0.6885853046875 0.13268065 0.6860493203125 0.11964827812500001 0.6810796328125 0.11574202812500001 0.6811478171875 0.1053369 0.6865266078125 0.10324120781249999 0.6956582375 0.104658678125 0.7476052046875 0.13413273750000002 0.7535871953125 0.13608586250000002 0.753553103125 0.1394951765625 0.749595715625
0 0.153379403125 0.6690570734375 0.155323875 0.6651252546875 0.1613458609375 0.6160801171875 0.159420065625 0.6039869999999999 0.15533663125 0.5975618125 0.1484833859375 0.5898856796875 0.1406708859375 0.5900220484375 0.11073450781250001 0.595741759375 0.102779440625 0.6049756656249999 0.09500155625 0.6207029421875 0.0924435453125 0.641536275 0.096064659375 0.6596631656249999 0.10668158750000001 0.6763686515625 0.11939420781250001 0.6839425078125 0.13697233281250001 0.6836356796875 0.1476972125 0.6756527203125 0.153379403125 0.6690570734375
0 0.123702159375 0.49092234843749993 0.10697533749999999 0.508105121875 0.0926985765625 0.5291430078125 0.09109981874999999 0.542163840625 0.0911690515625 0.57334565625 0.10210573125 0.587446975 0.1114716625 0.5905317218749999 0.126120109375 0.5902760328125 0.1291297296875 0.5895738546875 0.1375817328125 0.5842291546875 0.15008255312500002 0.5697187312499999 0.15849993906249998 0.548783121875 0.1610579515625 0.5279497890625 0.1584307078125 0.51760130625 0.15303365156249998 0.506001878125 0.14618040625 0.49832574531249996 0.137054284375 0.49328787343749997 0.123702159375 0.49092234843749993
0 0.225522603125 0.4806996625 0.23067324218750002 0.45462390468749997 0.2276916296875 0.43128867968750007 0.219027828125 0.41454910156249997 0.21185482968749997 0.40947713593749996 0.20012569375 0.405004415625 0.186160853125 0.405248171875 0.168246578125 0.415435490625 0.1599717578125 0.42727356250000004 0.15780273125 0.47668454687499995 0.1680999078125 0.4959941984375 0.17969010000000002 0.5082651015625 0.1989869734375 0.5079282734375 0.210109403125 0.5030566765625 0.2154718421875 0.499065196875 0.22261022343749998 0.488546253125 0.225522603125 0.4806996625
0 0.1212472984375 0.40059939062499994 0.12646717031250002 0.40570544843749995 0.1281530390625 0.40626070312499996 0.155899621875 0.405776384375 0.16421604843749998 0.39984936875 0.17866999374999998 0.38530485468750003 0.18312369374999998 0.375222559375 0.18883125781250001 0.328738184375 0.185350159375 0.3150264453125 0.1776802265625 0.3060652765625 0.16138110781249998 0.29595543750000003 0.13794360781249998 0.296364540625 0.13371760625 0.299036890625 0.12089703437499999 0.3161514796875 0.10988701875 0.3423295140625 0.1079685109375 0.3579545140625 0.110950121875 0.38128973906249997 0.1212472984375 0.40059939062499994
0 0.140419815625 0.7261923078125 0.143047059375 0.7365407890625 0.15171086250000002 0.7532803671875 0.17418910781250002 0.7606837640624999 0.18786098281250002 0.760445121875 0.20053898750000002 0.7524280703125 0.217265809375 0.7352452953124999 0.224404190625 0.7247263546875 0.22792145625 0.6960805203125 0.2219928484375 0.6650009796874999 0.214322915625 0.6560398125 0.20714991875000002 0.6509678453125 0.2016102953125 0.64846595625 0.18403217031250002 0.6487727828125001 0.17785304375 0.651479225 0.165175040625 0.6594962765625 0.1504013421875 0.6766449578125 0.1429432109375 0.689768065625 0.140419815625 0.7261923078125
0 0.1732967265625 0.593350440625 0.176598090625 0.614081496875 0.185901396875 0.6256127421875 0.1966608921875 0.633220690625 0.20805989062500002 0.63562030625 0.2188953390625 0.62929460625 0.24105121562499998 0.6129564640625 0.2567404859375 0.5756527640625 0.2606467828125 0.543838528125 0.2587760109375 0.5320909296874999 0.25305920312499997 0.5230956671875 0.238713209375 0.5129517375 0.2234079609375 0.51062030625 0.20877683125000002 0.5186714484375 0.1923697609375 0.53325005625 0.18004612343749998 0.5542538484375 0.1745411171875 0.5673428640625 0.172942359375 0.5803636984375 0.1732967265625 0.593350440625
0 0.2598616078125 0.7204694203125 0.26799385937500003 0.7177288859375001 0.2806718640625 0.709711834375 0.2871707421875 0.7044012265624999 0.3019444390625 0.6872525453125 0.3071296953125 0.6767676953125 0.309539740625 0.6662663203125 0.3108080890625 0.655936459375 0.307699965625 0.6403775453125 0.300349784375 0.628812209375 0.28991004062500003 0.61860009375 0.27428504062500003 0.6188728296875 0.2681059140625 0.6215792718750001 0.2486092796875 0.6375111 0.2383813359375 0.6493832625 0.2299639484375 0.6703188718749999 0.228045440625 0.6859438718749999 0.228719559375 0.696326446875 0.23134680312499997 0.706674928125 0.2354302375 0.713100115625 0.2500959828125 0.72063988125 0.2598616078125 0.7204694203125
0 0.2903424796875 0.586110228125 0.293289475 0.5938545453125 0.303906403125 0.6105600296875 0.31107940156249997 0.6156319953125 0.316619025 0.6181338859375 0.33419715 0.6178270593749999 0.34037627656249997 0.615120615625 0.3511011546875 0.60713765625 0.363601975 0.5926272359375 0.36619460312499996 0.587384809375 0.3691285734375 0.5746005296875001 0.371462759375 0.5555901125 0.370990875 0.548322309375 0.36573638750000004 0.52762534375 0.35838620625 0.5160600078125 0.3463130890625 0.50327781875 0.331007840625 0.5009463859375 0.3144235859375 0.509031621875 0.3087413953125 0.51562726875 0.2897014421875 0.5484744109374999 0.2867957 0.5721397765625 0.2903424796875 0.586110228125
0 0.2897134 0.7499620171875 0.29805745156249996 0.7693057609375 0.31195950156249996 0.780366946875 0.31974595781250004 0.7802310343750001 0.3403867 0.773764071875 0.3446127015625 0.7710917203125 0.355160396875 0.7566153921875001 0.3566165859375 0.7526920953125 0.3597341625 0.7273014703125 0.35800354375 0.717586984375 0.35228673593750004 0.7085917203125 0.3346739953125 0.6933076406249999 0.3271812453125 0.6908398421874999 0.3112364953125 0.69371674375 0.2982387390625 0.7043379625 0.29223679687500004 0.713537775 0.28868491406249996 0.7265927015625 0.288399778125 0.744787775 0.2897134 0.7499620171875
0 0.26223375 0.3959946296875 0.25459843437499996 0.4026243671875 0.24291429999999997 0.4184198265625 0.2354561671875 0.4315429375 0.23027091249999998 0.4420277875 0.227073396875 0.46806945468750005 0.227747515625 0.4784520296875 0.23168838281249998 0.493974753125 0.24035218593750002 0.51071433125 0.25111168125 0.5183222796875 0.2634747171875 0.522394146875 0.269627059375 0.5222867578125 0.27618255468749997 0.5204832515625 0.2865876828125 0.5151044578125 0.3059071328125 0.49267926093750003 0.311412140625 0.47959024218749996 0.31205164218750003 0.474381909375 0.3102798046875 0.4094482015625 0.3081494953125 0.40298892343750004 0.2820847515625 0.39304954375 0.2703660015625 0.3932540953125 0.26223375 0.3959946296875
0 0.35495048125 0.361504146875 0.36336786718749997 0.3405685390625 0.3665645609375 0.32881910625 0.3699859015625 0.3009545234375 0.3661763984375 0.2859492234375 0.3594657203125 0.269175553125 0.32390268906249997 0.26252026875 0.2912204 0.263090740625 0.27516159375 0.273245671875 0.26493365 0.2851178359375 0.26000765625 0.2950784453125 0.2554032359375 0.33257844375 0.261839984375 0.3579322265625 0.2767175296875 0.3875562703125 0.29591263125 0.39709584375 0.3247863265625 0.3965918515625 0.3398570328125 0.3812569953125 0.35495048125 0.361504146875
0 0.3739738203125 0.30101484218749996 0.37077630625 0.327056509375 0.37667029687500003 0.3425451421875 0.38892059843750004 0.361820703125 0.392507096875 0.364356684375 0.40224680468749996 0.36717505156249997 0.42055735156249996 0.3668554390625 0.421484221875 0.3664494734375 0.434162225 0.358432421875 0.448935921875 0.341283740625 0.45152855000000003 0.336041315625 0.453712834375 0.3301563703125 0.45738997656249997 0.3002084546875 0.455650703125 0.286596240625 0.448443090625 0.2659333671875 0.44240653124999996 0.259542271875 0.43100753281250004 0.25714265625 0.41928878281250004 0.2573472078125 0.4010711546875 0.26286236875 0.3945722765625 0.268172978125 0.38207145625 0.2826834 0.3768862 0.2931682515625 0.3739738203125 0.30101484218749996
0 0.31157283593749996 0.46399592500000003 0.31451983125 0.471740240625 0.3235033859375 0.48587565312500003 0.327089884375 0.4884116359375 0.333229703125 0.4899935453125 0.3562765765625 0.48959126093750005 0.360293009375 0.4878320734375 0.3747469546875 0.473287559375 0.3822050875 0.46016445 0.3836612765625 0.45624115468750004 0.38717854375 0.42759532031249997 0.387001359375 0.42110195 0.380113496875 0.397834909375 0.3721238140625 0.39147790625 0.3486863140625 0.391887009375 0.3317823078125 0.40257641250000004 0.31928148749999996 0.4170868328125 0.3144159828125 0.42496751718750003 0.3120826171875 0.4296857015625 0.310292009375 0.444269034375 0.31157283593749996 0.46399592500000003
0 0.364665278125 0.7672985765625 0.370382084375 0.7762938390625 0.3814582109375 0.7853904468749999 0.40410225468750005 0.78499519375 0.41075820781249994 0.7807862421875 0.42325902812500005 0.76627581875 0.433222253125 0.7510041296875001 0.43838304062500005 0.7089728796875 0.4384258109375 0.7062436187500001 0.43579856718750004 0.6958951359375 0.430081759375 0.686899875 0.40760351406249995 0.6794964765625 0.3958847640625 0.679701028125 0.3916587625 0.6823733796875 0.37947769375 0.6942796359375001 0.3694269328125 0.7126451687500001 0.3610441625 0.7491716875 0.364665278125 0.7672985765625
0 0.3851943015625 0.567563778125 0.3725162984375 0.5755808296875 0.3600154765625 0.5900912515625001 0.3499647171875 0.6084567875 0.34641283437500003 0.6215117125 0.3494290625 0.66043784375 0.35155937187499997 0.6668971234375001 0.3945627375 0.681738009375 0.4004221125 0.6816357328125 0.41796562187499997 0.6657379984375 0.428193565625 0.653865834375 0.4356516984375 0.6407427234374999 0.438209709375 0.619909390625 0.43721583906249994 0.6121309828125 0.430647728125 0.586259775 0.4216641734375 0.572124365625 0.4144911765625 0.5670523984375 0.3851943015625 0.567563778125
0 0.44578608906249995 0.5574110953125 0.4510692734375 0.5421604624999999 0.45320095 0.52479935 0.4509021125 0.515744428125 0.4419185578125 0.50160901875 0.4275725640625 0.49146508750000006 0.4197600640625 0.4916014546875 0.40122268437499997 0.49972078125 0.3906749890625 0.5141971125 0.38808236093750004 0.5194395375 0.38456509375 0.5480853703124999 0.3888257125 0.5610039296875 0.3929091453125 0.5674291140625 0.4000821421875 0.57250108125 0.41311451562499996 0.5774707703125 0.42678639062499996 0.5772321265625 0.44578608906249995 0.5574110953125
0 0.4939478890625 0.4103999984375 0.4760500125 0.41331099375 0.4675980109375 0.41865569375 0.457370065625 0.43052785781249997 0.44927243125 0.44885929999999996 0.445400796875 0.46451839218749996 0.4444415421875 0.47233089218749996 0.4487367765625 0.5008403578125 0.4645735765625 0.5226519015625 0.46890848749999997 0.5250448921875 0.5015744984375 0.5244747046875 0.5055892015625 0.521935971875 0.5177702703125 0.510029715625 0.5249086515625 0.4995107734375 0.530413659375 0.48642175625000006 0.533645790625 0.475970996875 0.5368433046875001 0.4499293296875 0.5329024390625 0.43440660624999994 0.5275053828125 0.4228071765625 0.5131593875 0.41266324687499994 0.4939478890625 0.4103999984375
0 0.4490473234375 0.5967227390625001 0.4562549359375 0.6173856125 0.46197174375000005 0.626380875 0.4732802359375 0.6356683203125 0.5012343359375 0.6351803796875 0.5124332421875 0.6280986515625 0.5200685578125 0.6214689140625 0.5272069390625 0.6109499703125 0.5349848234375 0.5952226953124999 0.5373147265625 0.588945421875 0.5408959421875 0.5597787546874999 0.5401008468749999 0.553556028125 0.520677546875 0.5292085015625 0.5135045500000001 0.5241365375 0.5021055515625 0.521736921875 0.469896296875 0.5300948921875 0.459668353125 0.5419670562500001 0.45448309687500005 0.55245190625 0.4518973921875 0.5608125125 0.448508028125 0.588416678125 0.4490473234375 0.5967227390625001
0 0.45765050937499996 0.43221204531249996 0.4587817546875 0.42855427968750004 0.4619126546875 0.40305514843749995 0.45459966406249996 0.3776950046875 0.44107035781250004 0.3688361109375 0.42378 0.36679918749999996 0.42143625937499996 0.3668400984375 0.41340685625000007 0.3719175640625 0.3963602828125 0.3917045046875 0.390855275 0.40479352031250004 0.3876577609375 0.43083518749999994 0.3902850046875 0.4411836703125 0.397315434375 0.45535317343750004 0.41320707343749996 0.4652102671875 0.425716840625 0.46499190781250005 0.44451018593749997 0.45193079999999997 0.45765050937499996 0.43221204531249996
0 0.4987235265625 0.406028975 0.5088659296875 0.399615334375 0.5236396265625001 0.3824666546875 0.5237124359374999 0.3822704890625 0.5286792421875 0.34181910000000004 0.5274420281250001 0.335625746875 0.516185596875 0.32412859374999997 0.5106459734375 0.3216267015625 0.48298247187500004 0.32470815625 0.47648359375 0.330018765625 0.46366302187499997 0.3471333546875 0.4591865015625 0.3835916875 0.4650804921875 0.3990803203125 0.47790879375 0.4063922984375 0.4987235265625 0.406028975
0 0.5672667328125 0.46563944687500003 0.587117734375 0.4626943609375 0.6014291125 0.457247384375 0.618155934375 0.44006461249999995 0.6239806921875 0.424371428125 0.6252381078125 0.4188924515625 0.6300663546874999 0.37956953437499996 0.6300559703124999 0.3748922609375 0.6254756015625 0.3645778703125 0.616492046875 0.3504424609375 0.6112721750000001 0.3453364015625 0.6076856765625 0.3428004203125 0.592380428125 0.3404689875 0.584567928125 0.34060535625 0.5702565500000001 0.34605233125 0.5561223562500001 0.35799267968750004 0.548983975 0.36851162187500003 0.5434789671875 0.3816006390625 0.5392875828125 0.3998638984375 0.5364098187499999 0.4233013984375 0.5370839390625 0.43368397343750004 0.5383975609375 0.43885821406250003 0.5526009875 0.4580996828125 0.5672667328125 0.46563944687500003
0 0.5658286718750001 0.4630659625 0.5541099218750001 0.4632705140625 0.5375256671875001 0.47135575 0.5295706 0.48058965625 0.52438534375 0.49107450625000004 0.5218273328125 0.5119078406249999 0.5238150734375 0.52746465625 0.528892378125 0.5416682500000001 0.539971625 0.5466720328125 0.5617757515624999 0.5436928546875001 0.57250063125 0.5357098953125 0.5804556984375 0.5264759906250001 0.5859260890625 0.4977960640625 0.579038228125 0.47452902343750003 0.57495479375 0.4681038375 0.5658286718750001 0.4630659625
0 0.5436978640625 0.6048153046875 0.5450461015625 0.6255804546875 0.547673346875 0.6359289375 0.553390153125 0.6449242 0.562196525 0.652566240625 0.5836809 0.6521912296875 0.6103505296875 0.64133136875 0.616032721875 0.6347357203125 0.6215377281250001 0.6216467046874999 0.62571345625 0.6054950703124999 0.62909083125 0.577988559375 0.628926628125 0.577341778125 0.621576446875 0.5657764421875 0.60396370625 0.5504923609375 0.5984240828125 0.547990471875 0.5906115828125 0.5481268390625 0.58443245625 0.55083328125 0.5717544515624999 0.5588503328125001 0.562982696875 0.5667992 0.5524350015625 0.5812755296875001 0.5436978640625 0.6048153046875
0 0.52455168125 0.62463889375 0.5183725546875 0.627345334375 0.49269679375 0.6459836046875 0.4841022234375 0.66042584375 0.47991083906250004 0.6786891015625 0.4832122015625 0.699420159375 0.4938291296875 0.7161256453125 0.508494875 0.723665409375 0.5233101015625 0.7252258171875 0.531220271875 0.7250877453125 0.5400646265625 0.7205157718749999 0.55078950625 0.7125328125 0.5632903265625 0.698022390625 0.5687953343750001 0.6849333734374999 0.57071384375 0.6693083734374999 0.5700397234375 0.6589257984375 0.5643229171875 0.6499305359374999 0.5470299265625 0.6320422906250001 0.53041105625 0.6245366171875 0.52455168125 0.62463889375
0 0.46180894375000003 0.802307946875 0.463225825 0.802673003125 0.48431957499999995 0.8023048109375001 0.48524644375000003 0.8018988437499999 0.4894724453125 0.7992264921875 0.5060644437499999 0.7799672046875 0.5093898593749999 0.7528838734375001 0.5007329796875 0.7392624765625 0.4935599828125 0.7341905109375 0.488020359375 0.7316886203124999 0.4662162328125 0.7346677984375 0.45307590937500003 0.754386553125 0.4507460046875 0.7606638265625 0.4484437953125 0.7794138265624999 0.4492388921875 0.785636553125 0.4582224453125 0.7997719640625001 0.46180894375000003 0.802307946875
0 0.5850308609375 0.8130200984375 0.599668915625 0.8080871359374999 0.6081209171874999 0.8027424359375 0.6183488625 0.790870271875 0.620941490625 0.7856278453125001 0.6260295 0.7679985828125 0.6289872 0.7439100421875 0.628650140625 0.738718753125 0.6219394625 0.7219450843749999 0.6084742703125 0.7097069109375 0.5715211453125 0.7103519296874999 0.56657784375 0.7125170828125 0.5516269625 0.72317239375 0.5365335140624999 0.742925240625 0.5274694281250001 0.7707150796875 0.5271923109375 0.7729720234374999 0.527511240625 0.7846600921875 0.5312749234374999 0.7936894453125001 0.5433480421875 0.806471634375 0.5533902375 0.8135723875 0.5850308609375 0.8130200984375
0 0.6265546093750001 0.7295953171875 0.65328329375 0.7416669421875 0.6752885 0.7412828390625 0.6841891046875 0.7363850609375 0.719276121875 0.7045895890625 0.7272311890625 0.6953556843750001 0.7289856765625 0.6913838718750001 0.7346879109375 0.6449429 0.7246426640625 0.629136940625 0.703443425 0.6113168765625 0.692364178125 0.6063130953125 0.682598553125 0.6064835546875 0.6230801640625 0.6309097203125 0.6173979734375 0.637505365625 0.6044348328125 0.6637174921875 0.59733106875 0.68982734375 0.608622115625 0.7169154046874999 0.6265546093750001 0.7295953171875
0 0.721951796875 0.8098905249999999 0.724696 0.8025100984375 0.7267403765625 0.7858599890625 0.726669503125 0.7832626390625 0.7259953828125 0.7728800640625 0.719107521875 0.7496130234375 0.7130709625 0.743221928125 0.7075313390625 0.7407200390625001 0.6801875890625 0.7411973265625 0.6697824609375 0.74657611875 0.65792114375 0.75587820625 0.64332463125 0.7795202578125 0.6417258734375 0.7925410921875 0.6450272359375 0.8132721500000001 0.6562836671875 0.8247693015625 0.661823290625 0.82727119375 0.702838915625 0.8265552625 0.7147843375 0.8177003609375 0.721951796875 0.8098905249999999
0 0.7435809640625 0.5963240546875 0.7374364531250001 0.6146214046875 0.7355179453125 0.6302464046875 0.768588203125 0.7069121109375 0.796850734375 0.7064187875 0.8383553484374999 0.689518128125 0.8575322296874999 0.6761904671875001 0.8677601749999999 0.6643183031250001 0.8721079734374999 0.6431938703125 0.8763286921875 0.6088188703124999 0.8744403390625 0.5940398953125 0.8592430421874999 0.56702001875 0.8452167984375001 0.5542719203125 0.8253311812499999 0.5416260984375 0.8136124312499999 0.54183065 0.8035270546875 0.5446052765625 0.788895925 0.5526564203125 0.7586744125 0.5765712062499999 0.7461735921875 0.591081628125 0.7435809640625 0.5963240546875
0 0.9076629765625001 0.6865543125 0.89345955 0.66731284375 0.8807469296875 0.6597389875 0.8612156796875 0.6600799078125 0.8527636765625 0.6654246078125 0.8516272390624999 0.6667437359374999 0.8343606593749999 0.8073687359375 0.844942971875 0.808483315625 0.8631606 0.802968153125 0.8891938296875 0.7805052859375 0.8962077671875001 0.7703336125 0.9003575671874999 0.75597261875 0.9085506062500001 0.6892456796875 0.9076629765625001 0.6865543125
0 0.6821269703125 0.48572253125 0.6642983265625 0.519815340625 0.65982180625 0.556273675 0.6614897953125001 0.57443465625 0.6670640359375 0.59252745625 0.6773612124999999 0.6118371078125 0.6900738328125 0.6194109640625001 0.70147283125 0.6218105796875 0.7232769578125 0.6188314015625 0.761630721875 0.5921760796875 0.7741315421875 0.577665659375 0.785461309375 0.54888345625 0.787060065625 0.5358626234375 0.7863859468750001 0.5254800484375 0.7840784546874999 0.5125274 0.7765510890625 0.4944686921875 0.7626674140625 0.47262305781249997 0.7574475421875 0.46751699999999996 0.7502745453124999 0.46244503437500006 0.736922421875 0.46007951093750005 0.711531796875 0.46052270625 0.694627790625 0.47121210781249995 0.6821269703125 0.48572253125
0 0.5994174984375 0.5482329859374999 0.6104967453125 0.5532367687499999 0.6300279953125 0.55289585 0.6404331234375 0.5475170546875 0.6514777546875 0.5369299296875 0.6594328218750001 0.5276960234375 0.66202545 0.5224536 0.6649378296874999 0.5146070078125 0.66941435 0.478148675 0.6630234234375 0.45877083750000003 0.6437773078125 0.44091668281249996 0.6362845593750001 0.4384488828125 0.6226126843750001 0.4386875265625 0.5966171734375 0.45992996406250003 0.588022603125 0.4743722015625 0.5851102234375001 0.48221879218749997 0.582586828125 0.5186430359374999 0.5881610671875 0.5367358328125 0.5994174984375 0.5482329859374999
0 0.674054253125 0.456629353125 0.68117236875 0.45897376406249996 0.71173876875 0.45844022500000003 0.7212490046875 0.45320697968749996 0.7337498250000001 0.43869655781250005 0.7417221546875 0.42257610156250003 0.743920446875 0.40467245468749996 0.7365583546875001 0.38407724375 0.7295279265625 0.3699077375 0.7187684296875 0.36229978906250004 0.69760380625 0.36007063437500003 0.6803800484375 0.3733642046875 0.6675594765625 0.39047879375 0.6646470984375 0.398325384375 0.6614495828125 0.42436705 0.66801769375 0.45023825781250004 0.674054253125 0.456629353125