0 0.7588285181687209 0.5283970316037282 0.11136836725778529 0.11849208022389277
0 0.14553619173568622 0.41885060306127847 0.09444259747580545 0.10719475390100204
0 0.10923991972859035 0.322174179862598 0.09730757132440604 0.10406586737091139
0 0.3201068974762993 0.46311874326957536 0.05026426175389265 0.0590883364920991
0 0.5438946491502916 0.49471103872986416 0.11082450715041361 0.1293784331039422
0 0.5150981149348589 0.6835462181967508 0.060799126347442466 0.06893427513849915
0 0.2538214396939011 0.7425645508705652 0.06578990143727195 0.07355717194503911
0 0.059462759430966225 0.7282877875427299 0.07292890101877388 0.07999471138485781
0 0.29756462342741824 0.6874056894295094 0.06244791121597508 0.073265248218466
0 0.2874848599128818 0.601681138096726 0.09285841975450851 0.1069539772943795
0 0.06481668144653688 0.4964467541566351 0.062166313847442464 0.06897405623179384
0 0.20233542617936462 0.6556352007122805 0.12559153309256404 0.1361352663135463
0 0.3533486917356862 0.424897329242095 0.05693687081501908 0.06395485141192588
0 0.4403096816917321 0.2769432140401157 0.09996618080403046 0.10258577106416507
0 0.5912737258285213 0.35736180291562913 0.0996395239262835 0.11192098997087019
0 0.39054104172721144 0.753596642253361 0.06882829705624811 0.07199078541494863
0 0.8137098887385447 0.6977213446149942 0.06665722329747688 0.07961754245836694
0 0.4652476797725445 0.4830173692921075 0.06788350560904685 0.07838779230166182
0 0.06046665262087397 0.41559155925034225 0.09181767612392806 0.09933110678105166
0 0.7638017118235945 0.7378091355229365 0.07282019289979794 0.08164634311486604
0 0.5751548735500158 0.5802681055020539 0.06337113144604309 0.06579686408841656
0 0.4114145081247666 0.3678038947606435 0.06222040164652096 0.07033840222512992
0 0.253437958720805 0.44236832257817743 0.07082424497802293 0.07681856426490725
0 0.1931176593168434 0.519774257059629 0.1073603073453974 0.15254210344077954
0 0.08253467115738752 0.5769071439692206 0.08646943164102674 0.08973342423783918
0 0.44433672390933393 0.558434906439126 0.060636223925224185 0.07009762561850721
0 0.85554117283138 0.6244800729073818 0.05338926175389247 0.05917926470534436
0 0.8804323090801229 0.4425852152272499 0.11743240256014076 0.13103081629376093
0 0.6740938941283146 0.4232572390464333 0.10061512788880922 0.1198339877275341
0 0.514457909439441 0.4139096681176085 0.05520094904464372 0.062346887305303154
0 0.33860272905390854 0.5153859369222269 0.05362761018399516 0.06220376694868044
0 0.3450057020248356 0.34470972406924555 0.09626704070215322 0.0946908673709114
0 0.0060475189090375605 0.45869905007914225 0.012095037818075121 0.07937108283841657
0 0.698770055486943 0.6175671801918023 0.08998431111188018 0.09596817168109287
0 0.4739460333572497 0.6306197949980703 0.08928891996375761 0.10373520757446997
0 0.3021313312098165 0.4061640496169239 0.04133546561126433 0.04792635746564944
0 0.40795203695042953 0.4484317691338228 0.07838585362065124 0.08794076219806186
0 0.4695331505790888 0.748057347584495 0.07926550539979793 0.08183388255468457
0 0.32890815057908884 0.7439655779884538 0.07030397966689642 0.07213106426490726
0 0.7104990298866672 0.7025559456312086 0.06774302643727204 0.0736140020783175
0 0.8628826289397857 0.3182384330947963 0.10326289850778529 0.11825623517078761
0 0.6211636167314488 0.5964985107540457 0.045088693512220245 0.05718560715223919
0 0.2733254246279698 0.5174054264973857 0.0807084584201733 0.08343332214131553
0 0.8472857460390273 0.5505651997878437 0.09026622799290393 0.09763116943775678
0 0.8987674993870121 0.6022246396795715 0.04636959614368763 0.05293987927218957
0 0.3750766829979316 0.6457697703874642 0.1260126510953973 0.15308483121358768
0 0.5384574243827747 0.7555492503292044 0.07750790590812535 0.08003060594806186
0 0.4590750182913184 0.404460460279192 0.0545830274835172 0.057656545798639235
0 0.14045177474209267 0.7259416890337981 0.08035098902710143 0.0784585364046432
0 0.661347394005717 0.5381009890464334 0.09144915486188018 0.09601079428105166
0 0.03287725453158673 0.5370573822907382 0.046955001122868725 0.05733725202885367
0 0.7737427904210119 0.3940220316037282 0.09955121547863861 0.1242807111209114
0 0.12540904197240663 0.5154528184215423 0.05521178790529206 0.062444543555303156
0 0.6109402526123991 0.7592258312871591 0.08818346268177776 0.09289820533113406
0 0.1387429215251803 0.23289873119538154 0.0605385676752241 0.07009478411184329
0 0.1034643717534259 0.6566772119950516 0.08337662871048072 0.09256365900460217
0 0.8842782612275564 0.6621535691464582 0.060821017077066844 0.06737745815182698
0 0.7763781983090581 0.6527438137361818 0.061091562576623556 0.0733231233751713
0 0.03352694311141247 0.31386392319868045 0.06705388622282495 0.14667315889736088
0 0.6285502306053032 0.6641179197669611 0.07171324455952473 0.08307424727823509
0 0.26879345369882796 0.3675729110579795 0.07559834935904686 0.0786122713281114
0 0.919679307283533 0.5338610845858643 0.06213781985966271 0.12484688730530316
0 0.21749449448763256 0.3919447737526764 0.06265406257662347 0.07336858748179384
0 0.007492767909949238 0.5249605475718597 0.014985535819898477 0.050948018202321775
0 0.8057120385018244 0.6003007753355221 0.037841944349216304 0.04451511675240418
0 0.192400967335962 0.33556674162022276 0.0499931837335172 0.057522994985435096
0 0.9403156459249045 0.340869602532553 0.07081061244505733 0.18895485141192586
0 0.9093726404125372 0.7255855833322231 0.03488674497802293 0.07577288981258548
0 0.23461743646851393 0.5766296623116208 0.042355809570513436 0.04484113855894449
0 0.6864622219901463 0.7708285725116705 0.07437355810577007 0.0675771150781113
0 0.48215715441746393 0.3377276013454188 0.0478019233117422 0.052689533122148545
0 0.14077987355001587 0.5676290838609486 0.05005811039324417 0.05898499722877126
0 0.023254902375678788 0.6449380784506722 0.03611664843116184 0.04475693838245363
0 0.0009011901842914552 0.583099656505633 0.0018023803685829104 0.0718128155185486
0 0.6547249894656555 0.3294246710206024 0.05300968862286872 0.05751342544201652
0 0.5771645605089202 0.689271032461658 0.06771008383867141 0.07682529230166182
0 0.7367562394656555 0.3318115366182931 0.044536018123312184 0.051329073658903115
0 0.006557301718094684 0.7113754206913979 0.013114603436189368 0.05137737927218957
0 0.609338559080123 0.4346971927282147 0.0455009962335172 0.05739228567889487
0 0.3945075895797783 0.5342556088672662 0.0414961314460431 0.06516036659569906