0 0.6104725019797674 0.5403144975610727 0.03881658845433442 0.04913858329927621
0 0.11007125226259143 0.6072454841716874 0.03681835389966426 0.04413084101032592
0 0.1276819599437494 0.31815175649282174 0.054862625860092516 0.05868184405404211
0 0.2602122044771292 0.23699898822887722 0.035069085214461636 0.04419781452900686
0 0.12729841701277672 0.5545023137169922 0.07310468936740726 0.06992105757868039
0 0.3181047425071295 0.06951720779006801 0.06193044159996512 0.06368056909458102
0 0.2934259541943053 0.16191321347211085 0.03214794152925915 0.044244332893474916
0 0.2847234803961106 0.2764296810047068 0.0348042269557407 0.04117047077900686
0 0.7490990472198144 0.2346117426898088 0.040038353970370366 0.06310342704927621
0 0.2566462900097678 0.36564613960884895 0.041843932204334425 0.04919142578099258
0 0.3333345120645361 0.4754126517837136 0.04525574762021982 0.05363879951270896
0 0.22382564514629583 0.22232283360249455 0.042086833305891067 0.05085328662717696
0 0.24184362181921265 0.1875347763783241 0.03835641769561331 0.046107830356907534
0 0.4716062001418047 0.45988488351976897 0.04726252598968746 0.058744198051659244
0 0.1390508124883793 0.17169949634655202 0.061151493514444336 0.07595286926707749
0 0.3545157364283787 0.5124450474816424 0.03966747277925915 0.04437558679967335
0 0.4873473602738415 0.5506462512145207 0.053213492471776466 0.055435323457460585
0 0.5019963291710638 0.5040985336819247 0.030116726955740702 0.041088650162155814
0 0.2814235316684256 0.20304672808260746 0.03868843123237262 0.0476737395492763
0 0.3286101814328698 0.2787558400953163 0.03150348113222208 0.037992628297290484
0 0.15358078713504578 0.28428131696340303 0.03687448631601846 0.04588694891414154
0 0.3437971010840275 0.15811210348799692 0.03713934457473948 0.04891429266414153
0 0.1527488934028695 0.4441784683433748 0.044530718602777686 0.047580702820340014
0 0.658754885627175 0.4413099817327601 0.0371393445747394 0.04891429266414153
0 0.3886407093781016 0.1713757625786064 0.05533988424840848 0.061907909496410875
0 0.4427527194628702 0.11225590705871935 0.03654247277925933 0.044321039721772724
0 0.32096448529708294 0.20919731655636595 0.04887748411881354 0.061600093648240775
0 0.24141297780421245 0.27177340868357247 0.04646427692629622 0.05073468095547486
0 0.3137172047599531 0.31359844439738743 0.04174627595433442 0.0491897211848082
0 0.5300954775213885 0.20114685754518669 0.05097585397037037 0.06329434182192868
0 0.29287419033986 0.5924950117678275 0.05050713939685174 0.060165932629559826
0 0.35424091729560064 0.6341291327089901 0.04867123732333321 0.057013659090609535
0 0.49757125226259136 0.6140093218313718 0.03727604561149889 0.05047679266414153
0 0.3542745627712033 0.25112176379642237 0.03859077498237262 0.04767203495309182
0 0.5151047560322681 0.24378832507778264 0.03664012902925915 0.04432274431795715
0 0.2695960578702309 0.3175086485373027 0.049020338489687454 0.0587748807829783
0 0.20403126352513853 0.17439384821299114 0.044530718602777686 0.047580702820340014
0 0.30386445966092546 0.24556151055001152 0.04181343123237262 0.047728286627176965
0 0.09166513044337883 0.42361082386326193 0.04164255493642353 0.045775161627176965
0 0.2769867672483324 0.4822296676120262 0.04186588936149871 0.0505569086848082
0 0.27213742309152755 0.1147382045436571 0.04148141769561331 0.04616237743480815
0 0.31769782455291545 0.644412067774182 0.03732363421305544 0.05213524431795698
0 0.09039728195124948 0.27537787540538944 0.05206963939685174 0.060193206168510205
0 0.25537915004726824 0.1550086485373027 0.04467596345433442 0.04924085907034006
0 0.5610023078702309 0.3225951635515411 0.034658982104183875 0.039510314529006864
0 0.29870594236611026 0.4451660442352316 0.04593456040885409 0.04467999345547487
0 0.24470194754990654 0.4520239703719697 0.043693247620219824 0.05361152597375849
0 0.17661845447712918 0.235539853895034 0.0660343060144443 0.07603809907629736
0 0.5422625783225921 0.2778048149315128 0.03874088936149871 0.050502361606907444
0 0.39264328713504576 0.2884541684228051 0.02937461030870363 0.03483524096978696
0 0.1782464708769898 0.48596654788867955 0.04466741963953695 0.049143202820340015
0 0.2218781851560637 0.5834552025150621 0.045546237323333204 0.05695911201270896
0 0.40352412412828687 0.11859168181548567 0.04568293836009243 0.05852161201270882
0 0.1945153113106008 0.547094962661332 0.04872984878657398 0.0554545682829783
0 0.12329654778546224 0.3750193652591197 0.05565481015557281 0.06327850618877964
0 0.27446806852064737 0.40886035145940197 0.03861034165885409 0.04455214874164497
0 0.45870920160240714 0.1608979586008469 0.04533383719373827 0.05676039032034001
0 0.18333309500527664 0.5976034772718285 0.04183051886196747 0.04792359912717696
0 0.6679754778042124 0.27921908481701524 0.04815475701585044 0.06782793389784363
0 0.4455735060322681 0.24257465259449246 0.04109079269561331 0.046155559050070585
0 0.48843282370444363 0.4203956895261234 0.03593218764141195 0.03845996012558821
0 0.35020150890699014 0.3204757357932452 0.03357374049249993 0.042709106432425245
0 0.3691632882663415 0.5907064151763942 0.029522334207146984 0.0331801985083402
0 0.2303373597081937 0.3948290791382677 0.05385795286881354 0.06168702805364497
0 0.28094011833235993 0.6344097763783241 0.033749486316018464 0.04583240183624078
0 0.5317118064096285 0.6208457029188039 0.0346089144557407 0.0411670615866381
0 0.4182386094253697 0.322443384737585 0.041972089426296225 0.05065626953099258
0 0.4907301811500459 0.205920132301953 0.04569148217488994 0.05861926826270887
0 0.0392059288409717 0.26980398538950345 0.03781164976444431 0.07554547077900686
0 0.5532259299722674 0.5814383295420095 0.048886027933611055 0.06169774989824077
0 0.2791541514613879 0.5337512573036006 0.04140571860277768 0.047526155742439256
0 0.32752471800226773 0.4090064017837135 0.05581953311740726 0.0696193440540421
0 0.2099264063623602 0.4646779289761119 0.03820262902925915 0.04435001785690744
0 0.2072819855799069 0.2828785040571898 0.03205028527925915 0.04424262829729049
0 0.3162344864283787 0.5117768457773592 0.041729188324739576 0.0489944086848082
0 0.46923163878472113 0.593233171669216 0.04186588936149871 0.0505569086848082
0 0.3466929659760175 0.556771745939515 0.03535957491757511 0.04751812702900686
0 0.47419608350638837 0.2844172792176979 0.055660874923483664 0.06669136115022649
0 0.7840105809144902 0.28592482669934044 0.048347590468964086 0.07114654180165925
0 0.5397615863811105 0.36512753692833566 0.05123216841429397 0.06622402932192858
0 0.08624348152740631 0.5756272913958578 0.03784011452053813 0.04132096951072306
0 0.4169849250712951 0.6469251874975285 0.04479557686149871 0.050608046570340195
0 0.6484700794538878 0.5823207654179802 0.0385370330467012 0.05040129616453868
0 0.04400958897300857 0.3603744383116027 0.030604742507129502 0.06449887662320544
0 0.12401086432634212 0.24944266680124727 0.046737678999814715 0.053859680955474776
0 0.12391843025509135 0.6496102621748646 0.03847603110277768 0.04747501785690744
0 0.4537380290765274 0.20215420413662005 0.036718218602777596 0.04744433512558839
0 0.3562868306316663 0.20279335795222378 0.02816608100262723 0.03773935952702105
0 0.20129157455291544 0.6423801891223816 0.03785352786290499 0.04258879616453868
0 0.7162865472198143 0.23403899837185166 0.027795022679108782 0.03461265493083658
0 0.6037748597081937 0.40134745494739893 0.0400690320747394 0.04896543054967335
0 0.31239127620180535 0.12012117978689078 0.03668165286290499 0.042568341010325916
0 0.15683009213055457 0.5175750580349494 0.04105422695574066 0.04127956493480802
0 0.3337725924133785 0.5963291237805363 0.03371044152925915 0.044271606432425156
0 0.06951460278097106 0.6073176221589786 0.03296832488222214 0.038018197240056395
0 0.5855900791710639 0.505557668015768 0.031168988548576238 0.03974191781636858
0 0.11455511776671204 0.48017446956119086 0.07571320905992462 0.08078987946381488
0 0.06423461460916605 0.3240647913958578 0.055079895517256824 0.06005073615022649
0 0.17700801668268457 0.32915348620028234 0.04122997277925915 0.04440286033862382
0 0.3789586618289804 0.5510944902574721 0.035368118732372625 0.04761578327900686
0 0.9022881465604154 0.612493055188985 0.029003374852777597 0.047309672027020966
0 0.1620466894913882 0.36321484050235336 0.03845894347318275 0.04727970535690744
0 0.25817727012305447 0.5614671542193456 0.038671343602777686 0.047478427049276205
0 0.4390561232333322 0.5693047479681098 0.04041813324109356 0.05072665224204229
0 0.4842113812918506 0.657459312902918 0.04052433330589107 0.05082601308822667
0 0.6546722698402305 0.49272247726853335 0.04190493414825802 0.05211770408862364
0 0.8134731969842587 0.31062086363097136 0.0383783748527776 0.04747331326072306
0 0.3820482482565737 0.22976496103647887 0.04176823311149871 0.050555204088623726
0 0.582251882752453 0.36040880924947 0.04293754049840839 0.061691425780992584
0 0.4094568061268046 0.5430462110364788 0.03447221341898139 0.039604561586638096
0 0.3646960699812498 0.11167348011120234 0.04006903207473948 0.048965430549673436
0 0.07605040089574001 0.37887502232113435 0.0464642769262962 0.05073468095547477
0 0.4829059936384252 0.3750559159871731 0.03673778527925915 0.044324448914141536
0 0.42664855730458306 0.16891896428288974 0.03609314774981485 0.053673879971375585
0 0.6646057614988883 0.3298639671222635 0.04388856012021982 0.05361493516612725
0 0.7028937393031007 0.5980918157422919 0.03566347796305536 0.05210626618282248
0 0.05957367478847113 0.5650210280031771 0.024725977963055444 0.05191535141016992
0 0.637869021300833 0.19366736850223532 0.03175979557614568 0.04092231579729053
0 0.9767735708297216 0.3493539013733812 0.03745179143501716 0.05360008806795715
0 0.4337548856271751 0.4373825921239112 0.03654247277925915 0.04432103972177277
0 0.3647807102265733 0.3979558534879969 0.04158394347318275 0.0473342524348082
0 0.14787404863393405 0.6024449358759707 0.03881658845433442 0.04913858329927621
0 0.08899662610805432 0.6427602443179572 0.0352362872231828 0.04722345368282248
0 0.6338363407164349 0.1475736185022353 0.04578913842488994 0.05862097285889325
0 0.7334439443923605 0.30532366314450404 0.028066034271944318 0.03325228581557429
0 0.20828528539161942 0.5083324715897857 0.03752766766026037 0.03663517410690744
0 0.24455497606078608 0.4949245365245939 0.03145589253066543 0.036334176643474866
0 0.5943821529219904 0.24049177556424994 0.03650342799249984 0.04276024431795715
0 0.4148217920360181 0.22097634212391118 0.03323318314094319 0.041045540990056396
0 0.441936406928008 0.6200587244291595 0.0348042269557407 0.04117047077900686
0 0.4106318695101384 0.26224622442915946 0.03613236966898139 0.03963353972177277
0 0.6023660590015266 0.6259792621715693 0.034773725983778904 0.039707331625191244
0 0.9299088412820827 0.30407262905224686 0.03896422378657398 0.05528410866453868
0 0.16151617507129507 0.6424659638791479 0.03673778527925915 0.044324448914141536
0 0.05393068459041585 0.4291926221589786 0.03703314450994204 0.04881493181795715
0 0.745250168756203 0.34219241760873087 0.03196117284405666 0.04433857995110611
0 0.18856952474120292 0.41672167004765814 0.06538984561740727 0.06978639448011296
0 0.6707264967959713 0.533565665580136 0.0317768832057407 0.04111762829729049
0 0.38867470589124886 0.6175689241048479 0.030633030130815884 0.0458755110083402
0 0.8106113286054161 0.35815438270569483 0.0367853738808158 0.045982900567957154
0 0.5581390224321288 0.49493776785361215 0.028369937317424744 0.03784042496938973
0 0.07511120042462863 0.5286295604705813 0.05857595384077534 0.06323198782431164
0 0.5707300394441199 0.2197974460189452 0.033163637382222076 0.03802160643242525
0 0.20175373845462893 0.3623478157455871 0.03791213932614577 0.04102970535690744
0 0.5671531459947676 0.45531220616521495 0.035175285279259325 0.04429717537519125
0 0.9070563931200457 0.3816794318121904 0.036025992471776645 0.055135314529006864
0 0.7192323473143508 0.5351923952875965 0.045713439332054226 0.059984751166524575
0 0.6148469351560637 0.5903144975610728 0.02851518216898139 0.03950058121938973
0 0.5146117807734709 0.6572098969124496 0.0254292269557407 0.04100682954530477
0 0.4143096929317581 0.5985149610364788 0.03784011452053804 0.04132096951072306
0 0.31975188275245303 0.3558268547058129 0.03439412384546285 0.03648297077900677
0 0.4834166756834257 0.122326382301953 0.032069851955740705 0.041122742085843725
0 0.5688155163998607 0.260326988632619 0.03113242280870381 0.034865923701106104
0 0.6582183519324992 0.390596915580136 0.031397281067424745 0.037893267451106105
0 0.5576251552310645 0.16808494155471831 0.03520578625122095 0.04576031452900677
0 0.6805983657404617 0.6374855523496111 0.029489354188298476 0.03503225806597143
0 0.539272153770462 0.46652639569463367 0.029408785567893503 0.03522586596978705
0 0.5491234818102303 0.6593724147693572 0.0418268445747394 0.048996113280992584
0 0.6447791514613879 0.5401332654179802 0.025880853899664304 0.04393992623767353
0 0.29588444726708263 0.3772518413131323 0.03466752591898139 0.039607970779006865
0 0.5851151681905552 0.18806620494739892 0.034044845546701195 0.05032288474005644
0 0.6155414193218509 0.4912593887947748 0.03950009363813063 0.05695108329927621
0 0.6411888024036106 0.24052873173276015 0.0334712147149304 0.04153723143242525
0 0.8092701698874988 0.645971982543539 0.033515129029258975 0.044268197240056394
0 0.7655215869467582 0.520399238225582 0.032067550041261585 0.02883680514387201
0 0.3812854135724068 0.3280388198027769 0.034413601955740704 0.041163652394269154
0 0.6395462643736103 0.40899235957378155 0.030954197938298476 0.035057827008737344
0 0.8120952076346752 0.4018634723972693 0.031581570705740705 0.041114219104921725
0 0.6978092407637032 0.29924125851812133 0.03038158521446164 0.044115993912155815
0 0.3647226301605549 0.35271153733537275 0.027633885438298568 0.03499987073846782
0 0.5294275535349063 0.541240023535655 0.0316182250118171 0.038189645393475045
0 0.38650803020782315 0.5036427917995996 0.03997991963953691 0.04906138220348897
0 0.6209931710652773 0.2682582654179802 0.03166213932614568 0.04092061120110611
0 0.5290004521680549 0.3134559427725343 0.02994098113222208 0.037965354758340196
0 0.5725344216309252 0.4187434606294418 0.028297912511817104 0.038131689123205345
0 0.7873289449580085 0.4575952751572128 0.03246286743642344 0.04561492958584381
0 0.7105592678139803 0.6411287495896676 0.02624961030870363 0.034780693891886295
0 0.31330426753115637 0.5585291148520826 0.03806592799249984 0.042787517856907445
0 0.7660786615461566 0.4821861720729578 0.034901883205740704 0.041172175375191244
0 0.2319264198874988 0.6358944099013885 0.03278137906461218 0.05371357995110611
0 0.6373795886901845 0.29506622726853327 0.024899510438298477 0.034952142045304765
0 0.44033636776671203 0.4858610024323367 0.04146433006601846 0.0459670649348082
0 0.7166474236571754 0.27382820129395097 0.028250323910260278 0.03647323746938991
0 0.4565676690390269 0.4128189687471166 0.0337580301308158 0.045930058086240955
0 0.6924293821868052 0.21100091882654687 0.03137532391026028 0.036527784547290484
0 0.5019513536759256 0.16477298092198125 0.033347927020538036 0.04124255808624087
0 0.6697929645618979 0.18408386282019246 0.028629926048576237 0.0396975983155742
0 0.681675684307592 0.3644844289728166 0.03243006454998252 0.0318658534900564
0 0.4536682614988883 0.32618203936396767 0.03167068314094319 0.04101826745110611
0 0.6223095377006936 0.4437940535674271 0.031637703122094865 0.042870327008737344
0 0.12305183148013807 0.4257187946422687 0.03119957808674183 0.033404489143474866
0 0.39946806852064737 0.41104223457542927 0.031759795576145854 0.040922315797290484
0 0.36536788765342537 0.28875813149117413 0.03113242280870363 0.034865923701106104
0 0.6416952332708327 0.36222645372958295 0.028280824882222076 0.03793637662320552
0 0.5770182871350458 0.2916724460189452 0.0332722279277025 0.04260633639387201
0 0.3711277465131473 0.45267062702694727 0.04987122281461218 0.054011884283375444
0 0.0640377079174991 0.46447160308425506 0.03175979557614576 0.040922315797290665
0 0.42186933176296204 0.5066001964259822 0.028211279123501142 0.03491244206557411
0 0.43333663765342545 0.2899445304355139 0.03169631458533573 0.041311236201106105
0 0.9740654017442119 0.6215465012112255 0.03466752591898157 0.039607970779006865
0 0.8873009677194439 0.3431118096532118 0.030602529158853996 0.04441237185452458
0 0.8989322433556012 0.30665215827324005 0.021894123845462587 0.0362647824674041
0 0.7303005290765274 0.2069816205308302 0.02813558003066543 0.03627622037320544
0 0.9128088156459253 0.3404368230458924 0.025121649623032382 0.03749120454530477
0 0.22650016875620307 0.333137602677218 0.046924447685017245 0.05376543389784363
0 0.5814391128657397 0.5561889135515411 0.0331440707057407 0.04114149264387201
0 0.7810892154103696 0.4130231148487874 0.026540100011817103 0.038101006391886294
0 0.7771227597554619 0.5549242426898088 0.032156485344056664 0.04434198914347505
0 0.4244489446751844 0.37559565827653535 0.06218675604388864 0.06661025659458097
0 0.61448003944412 0.22056110510955468 0.03328077174249984 0.042703992643872014
0 0.8170635460420359 0.6102253973161915 0.029745668632222076 0.03796194556597143
0 0.5123958784171285 0.5783854675293006 0.03497749373237262 0.047608964894269155
0 0.6238890359572673 0.6669179078694982 0.0304377176308158 0.045872101815971435
0 0.7420164449580084 0.456804342527653 0.034198811345462946 0.0364795615866381
0 0.5264339438267127 0.15037924431466185 0.0347065707057407 0.04116876618282239
0 0.40595180584398066 0.46731950811437956 0.03443316863222208 0.03804376618282248
0 0.7177697177194438 0.34015263067709994 0.028456570705740702 0.04105967202702106
0 0.7363405178139802 0.6415787629823482 0.02837600208533555 0.041253279930836585
0 0.6746518706414342 0.5695168023496111 0.02925747594842587 0.030152854758340196
0 0.9999216991740779 0.5520522073797356 0.00015660165184421259 0.039622101815971436
0 0.7539873475971748 0.6114645689887027 0.021726921836741832 0.03323914331358857
0 0.061652876108054325 0.6422829573863262 0.014782216658854087 0.04413622727265239
0 0.807631883035277 0.4400083547025176 0.027840220799982517 0.03178573746938973
0 0.6157089317156939 0.35943269033690234 0.030038637382222077 0.03796705935452458
0 0.47563888072620275 0.505978633519769 0.03114951043829848 0.03506123620110611
0 0.839797708483147 0.629343590092021 0.032226031102777594 0.04736592370110611
0 0.5307658781343045 0.503040594152506 0.03420735516026028 0.0365772178366381
0 0.8982384677194439 0.3433027244258642 0.028810541399663946 0.043991064123205435
0 0.5542518962775916 0.5307525369283356 0.03456500014141195 0.03843609577900686
0 0.519897437182314 0.44122638676617987 0.039809043343587903 0.04710825720348897
0 0.6990770892558326 0.4474742069759938 0.024369793920856253 0.02889745454530477
0 0.6982165097554619 0.5535469289728165 0.02573698142085625 0.028921318891886295
0 0.5968523335063883 0.2865582520252996 0.0305683538996643 0.04402174685452458
0 0.5986390089069902 0.3248122284863492 0.023183221771944318 0.03316705600635448
0 0.9294201172010641 0.343066945204871 0.019648118661666557 0.028425008928453722
0 0.7028296399624996 0.2228833100602489 0.031740228899664304 0.04404220200873734
0 0.9956778693568602 0.28975675892186314 0.008644261286279686 0.03338282366056715
0 0.7769853501890729 0.6157662853034827 0.02652283524981467 0.053506829545304765
0 0.5049669213481012 0.34189854261037855 0.042284536286573984 0.0553420649348082
0 0.565578958483147 0.6245570840062363 0.030841755973182748 0.04714674685452458
0 0.5906965356744432 0.5906730077073424 0.024890966623501144 0.03485448579530477
0 0.9206478758252304 0.5816112479648146 0.034940927992499836 0.04273297077900686
0 0.9078486221020367 0.2748254598153676 0.029578466623500787 0.03493630641215582
0 0.8696555549955087 0.2484169184195098 0.026991726955740702 0.04103410308425506
0 0.6237757099437494 0.3268111051095547 0.026991726955740702 0.04103410308425506
0 0.046547411546156506 0.46962670738632617 0.01490183006601844 0.045503414772652385
0 0.8353857361455548 0.4451731416341486 0.035880747620219824 0.05347515827900686
0 0.7888811745056472 0.5020856148487873 0.029745668632222076 0.03796194556597143
0 0.9502185071635637 0.5540453555132965 0.041729188324739395 0.04899440868480802
0 0.7420745250240268 0.5020486586802771 0.03338697180729735 0.042803353490056394
0 0.9975461091425458 0.5137573206102605 0.0049077817149083105 0.034865923701106284
0 0.4520434302550914 0.655337705354436 0.024255050041261585 0.028700437449120385
0 0.7218193965604155 0.6093429614402207 0.025928619633628358 0.029997242238070675
0 0.995674095331801 0.3685948250744874 0.008651809336398131 0.044115993912155815
0 0.6933965598964812 0.17747535267392273 0.037204020805891067 0.05076805681795711
0 0.8193138024036106 0.2436379151730989 0.02966510001181675 0.03815555346978705
0 0.44438002733310106 0.4250871436660387 0.026924394545294918 0.05809667329530477
0 0.9745541258252304 0.5825521850586013 0.029354955066018464 0.045755695007943055
0 0.6675072946279162 0.22928726866439111 0.02090671561618631 0.023864143313588482
0 0.8227292027337029 0.4699140430141203 0.03067225204998252 0.03183517075873734
0 0.6270243064096285 0.6225093887947748 0.02488242280870363 0.03475682954530477
0 0.16807038850189718 0.5123108595770768 0.05105412067629622 0.05081479697614135
0 0.942378738454629 0.3752754732080482 0.03583683330589125 0.050744192471375626
0 0.8841664057967122 0.3251157861142615 0.030535373880815796 0.04587380641215581
0 0.7926617024508789 0.3937236899298652 0.025203413483778903 0.03954028119912038
0 0.8413733130540273 0.33528962702365195 0.027580232068830667 0.029928564123205437
0 0.7161764063623602 0.473514555596022 0.03623002591898139 0.039635244317957154
0 0.846039563619675 0.486702122559425 0.027812110308703807 0.034807967430836584
0 0.5982958392558325 0.44571506371369696 0.02633872274390612 0.03468474223807085
0 0.39689730900152653 0.6223927917995996 0.023738569733778903 0.03951471225635448
0 0.8339716246939346 0.27743621671522645 0.02480433323518518 0.03163523873767353
0 0.9506020500945365 0.3176947982891261 0.020733183140943367 0.04082735267845372
0 0.6955133003773604 0.38890773051494415 0.021534088383628358 0.029920535409772863
0 0.7904525278987489 0.5824589074624612 0.022080892530665606 0.036170535409772955
0 0.6904649239399994 0.3490367069759938 0.03956109558205441 0.059877361606907445
0 0.5424757747412029 0.42289912661991014 0.03179397083533555 0.04131294079729049
0 0.6905708136196751 0.4839884054338663 0.030906432204334422 0.0490005110083402
0 0.9760224236571755 0.2783556087597074 0.028651883205740348 0.04106308121938982
0 0.8503059815274063 0.5889640519425741 0.028484681197019766 0.03803744206557429
0 0.8378552082003232 0.553644160708872 0.03943293836009261 0.058412517856907445
0 0.3943793188034713 0.4866189330333016 0.033788531102777686 0.047393197240056396
0 0.9398072704058784 0.6490305730458925 0.04200259039825802 0.05211940868480802
0 0.626001882752453 0.36117246834007954 0.03752766766026028 0.03663517410690744
0 0.27165400975546194 0.5461012528393738 0.04270583939094319 0.04121088681994287
0 0.9531898078702309 0.32944082182807644 0.018632422808703808 0.03464773538950343
0 0.74180997634361 0.5792696777550006 0.02449179780870363 0.03475001116056724
0 0.768000620924258 0.646811733761355 0.03097376461478003 0.03193794079729066
0 0.7554542283698603 0.43207707791715644 0.02503621147505779 0.03651464204530477
0 0.9930505459636988 0.6344283307565302 0.013898908072602367 0.05488814808226934
0 0.5021323216781933 0.5680655762955986 0.03191110519561331 0.04599532700873734
0 0.8589408133368511 0.41126179179630434 0.0368158748527776 0.04744603972177277
0 0.7944483778514806 0.4319776663909149 0.029598210432390103 0.016215284547290487
0 0.33804538708777754 0.13695016964062107 0.03280130000590855 0.01939142243282239
0 0.6736846929317581 0.6030423685022352 0.02705290603207171 0.02835924573846782
0 0.6827494602265733 0.40350601866439106 0.024971535243906117 0.03466087789148915
0 0.7203744737517119 0.574995234979171 0.02280361963362836 0.029942695160169917
0 0.970094343873981 0.3086743542954805 0.022543630902476863 0.028085521813985624
0 0.6917356065506477 0.24765148497917103 0.03204191859686922 0.0285438363938721
0 0.511753455042777 0.39272070291880407 0.03487377271446164 0.04419440533663792
0 0.7347103758252305 0.5783656968297242 0.02501058003066543 0.03622167329530477
0 0.6554807885491654 0.6713696286485049 0.03950027077053804 0.04134994764585791
0 0.8864896148919901 0.41408282872793534 0.028037923780665608 0.03627451577702097
0 0.5124089829880087 0.28430423092198126 0.026679280095462943 0.03634830768043953
0 0.5469862004246286 0.536866169233584 0.0303120394557407 0.04109205935452458
0 0.6904355296421752 0.35761682020651864 0.02988236966898139 0.039524445565971345
0 0.504506883035277 0.4347172881461517 0.03127151432614568 0.040913792816368574