0 0.764263564315349 0.8125963800922683 0.0957525913112331 0.11016034317810722
0 0.1957931547697684 0.3409260866884081 0.12227459643450564 0.1388521682646357
0 0.69951866634774 0.4490060474219959 0.19166471826128895 0.21905456410625454
0 0.772937294285539 0.5684651194302683 0.11944433444033695 0.12770003809774372
0 0.16934534097409362 0.6535164460136812 0.09112697070005593 0.10883854059416435
0 0.4937330343572464 0.6292004353914519 0.08988265734978604 0.11184770301061882
0 0.31920212038230317 0.7801073126989075 0.11485711628731358 0.14344762526356192
0 0.6948004992466635 0.6416838960852689 0.1089197568671187 0.11665345009647102
0 0.4296448115658841 0.531698179384134 0.07482162058574673 0.08826361600890867
0 0.20859565641944738 0.5072777926877718 0.09110644252910553 0.10864322809416435
0 0.18498898674213068 0.794931786680454 0.12103028308423572 0.14186133068109025
0 0.4935267994380196 0.37482201806172444 0.0821085880947102 0.09634642650978362
0 0.35503437020907846 0.408323766709089 0.1342951048901213 0.1483555739328004
0 0.9506365297436463 0.5627707447883126 0.09872694051270728 0.11525103626272681
0 0.3222921878540042 0.48285105203690737 0.08819905245588729 0.09768527409392576
0 0.5521318918885674 0.8210521280633152 0.06414308173040091 0.07575218425763594
0 0.6946431246082223 0.8554827667488599 0.07168635650027148 0.08812959709181775
0 0.8503490029226896 0.6590997574394951 0.09774119829643838 0.11330466084499946
0 0.29012243527776393 0.5776726560311805 0.09558338133887875 0.10762241701145392
0 0.9967760187426343 0.6073752674649485 0.006447962514731387 0.15695793567492586
0 0.41663326340087525 0.6454697780474069 0.07993522757095199 0.09144429634289164
0 0.7803602356423447 0.6910577347628593 0.09481151079643838 0.11327057084460179
0 0.9045393350984956 0.42486166478354004 0.14974089742149346 0.17652836835116403
0 0.1302969950207443 0.5641085006763177 0.06775049374773356 0.08037839067472703
0 0.39630660935422457 0.7341868327100435 0.0766149150709519 0.09140566100910749
0 0.24939667682592556 0.4351851640276806 0.07071126838013093 0.07885225334181775
0 0.08157799814687752 0.5237465826702726 0.0658471865084795 0.12258968525719852
0 0.5337200049490368 0.504818600731997 0.09939079558499131 0.11507951834519829
0 0.08813757681988184 0.6455488573360908 0.052120775732183364 0.1098477146721816
0 0.8979910988760391 0.7486077001113585 0.08918440466150272 0.10706027409392557
0 0.368496132336943 0.5660999040419981 0.08564356176177287 0.10399543134348814
0 0.8409527718527137 0.7924207874363134 0.08360891382991512 0.09948506250994278
0 0.2690966439149146 0.6671618700270442 0.09489860808499122 0.11502724701125508
0 0.5754334746142662 0.6418555240690422 0.09520623577327428 0.11981013059456203
0 0.6247038964911548 0.5761038020766783 0.08690869815896499 0.09932838534372675
0 0.4089989165209647 0.817826036043907 0.07136816985054147 0.08510225334181776
0 0.673526010824635 0.7436549287475872 0.09949871592046637 0.115178310928545
0 0.5229934578838141 0.7294186113939972 0.09292026518526111 0.11198058559436319
0 0.9741576935283668 0.7170860747930851 0.05168461294326647 0.13563853426360167
0 0.48523768380130966 0.7859407840547247 0.06725781764492567 0.07569089067472703
0 0.11250898344277274 0.4616829346753632 0.1089094927816435 0.11655579384647101
0 0.6001682645006612 0.7584072247374058 0.080879228558695 0.10228186742619841
0 0.6076006418885673 0.8216975654041786 0.0478245470576681 0.041131804672579264
0 0.9637348893274365 0.8221093821212218 0.07253022134512718 0.10574201734563574
0 0.9980978711970743 0.47230083346590296 0.0038042576058515466 0.1037669599230167
0 0.45198440586955435 0.4547089653882702 0.08786033763520677 0.09446261784392576
0 0.5752647575252772 0.4101060847389967 0.0776847389681441 0.08673634234265304
0 0.10539303545703245 0.735483514003818 0.0652823952181441 0.08659202800763595
0 0.3439746543931002 0.6594499147039983 0.06767835027343558 0.0815479930080338
0 0.7901108665330523 0.39778044943504076 0.10778336385232397 0.11976140509627217
0 0.4603714683619997 0.7201066987189522 0.062231602824245336 0.07241369042409058
0 0.13021229703500403 0.837990896005727 0.06523077991479638 0.08795694284094288
0 0.05553176432743654 0.37986931333545443 0.04504493087862005 0.13161362667090887
0 0.08979847626394509 0.802407384667409 0.017178063968899537 0.05950226933481808
0 0.2373657628509823 0.5879829000238626 0.03682339841301392 0.05339097042090888