0 0.9723076962126832 0.5477371642181066 0.05538460757463355 0.19727674535193654
0 0.45324096993002055 0.5297481499765588 0.11954881774240977 0.15551004727649378
0 0.519443542540756 0.39347482757146013 0.11963761712003204 0.1566819222764936
0 0.09245591266662487 0.44721588846548566 0.12973041208914535 0.16620912068097127
0 0.6345869809276827 0.6042083153730159 0.11044726984264433 0.13974137108365312
0 0.7380042883915712 0.4025554326630668 0.1398110903566284 0.16011813685475876
0 0.9556035935439677 0.714774673293293 0.08879281291206453 0.13523567826524535
0 0.3394376564428475 0.4603663700205255 0.11962684201572182 0.13335230518045815
0 0.8459594209649947 0.435981531900941 0.10323673350931237 0.125740734044777
0 0.7725004554078735 0.5589372428697212 0.13291909777387687 0.16964413385424565
0 0.1178749228390944 0.7105289547222643 0.13416777077679148 0.1616471161556527
0 0.8963048083123029 0.5541911764165508 0.123037526144509 0.13971700585373234
0 0.733795920764502 0.7180168061996337 0.1323282128665369 0.14123525546332516
0 0.23998672117942044 0.7143630027304745 0.12035203693297039 0.14292261768045816
0 0.21904172345450554 0.42764879791001437 0.1259926733181672 0.15681650811025455
0 0.2654762477249149 0.28813684601642037 0.13711820119695456 0.16322609243148448
0 0.9689011492901969 0.344625799756726 0.06219770141960623 0.13190096674886584
0 0.9557598428438172 0.2031786431408678 0.0884803143123655 0.153670421544777
0 0.9481139168158098 0.4443849052411162 0.08787778566141143 0.10983804016561809
0 0.6257401641165174 0.35348615270703343 0.10835343050115327 0.13143206762201592
0 0.14300925187409977 0.27961529800821017 0.12071317746735208 0.14897673703301573
0 0.8402701410955078 0.680371881335207 0.11103186574532416 0.14745621483365312
0 0.18528479793934075 0.5695772226762452 0.13303120793937992 0.15051259921332516
0 0.4347198033379255 0.7490748668972674 0.07178175684847724 0.08163179508134384
0 0.32714133383211214 0.596953309813871 0.11706243516898622 0.1226975472764936
0 0.5289998317575197 0.6020322161351417 0.08748850225873177 0.10212433271050295
0 0.6516775473146408 0.4793628514773694 0.10313896193238996 0.1192976941345469
0 0.5653382282283903 0.5147822010098311 0.09294122609206372 0.1161147430954145
0 0.40230266411651733 0.35218623135864807 0.10539717238402009 0.1349289437564142
0 0.813676949384589 0.2882025620533662 0.08584763200465204 0.10494556915909596
0 0.5021315236689313 0.7112026830558503 0.09901059816141178 0.10990280897406031
0 0.9093688802983383 0.32468093841860346 0.08404239064043324 0.10044485944745878
0 0.6054816666153171 0.7250793515755652 0.09337333693238978 0.11924087939029934
0 0.5598522871421713 0.21566344495970696 0.08243840480010753 0.0973119053832641
0 0.07475003964097096 0.5845522620020526 0.0696916386439286 0.1158818677541051
0 0.4229992081071659 0.6459271409995685 0.07345671299474751 0.08183676608786605
0 0.36323496703023556 0.7228890959182245 0.08009599639742752 0.08958683497929947
0 0.036877651044262806 0.2805596535907962 0.03894594606059656 0.1017443071815924