0 0.115625 0.828125 0.1015625 0.1234375
0 0.63359375 0.6890625 0.09375 0.1265625
0 0.30546875 0.5328125 0.090625 0.10390625
0 0.39296875 0.7640625 0.08203125 0.0921875
0 0.409375 0.6859375 0.05390625 0.07421875
0 0.615625 0.79609375 0.103125 0.10859375
0 0.54453125 0.73515625 0.0640625 0.0828125
0 0.5203125 0.58125 0.075 0.08984375
0 0.33984375 0.709375 0.06953125 0.0921875
0 0.79921875 0.84140625 0.10703125 0.121875
0 0.18359375 0.78046875 0.06796875 0.07734375
0 0.40078125 0.5953125 0.059375 0.07578125
0 0.50546875 0.8046875 0.07109375 0.0796875
0 0.24609375 0.72421875 0.07109375 0.10390625
0 0.55859375 0.8671875 0.078125 0.1046875
0 0.1046875 0.72734375 0.05859375 0.075
0 0.17734375 0.553125 0.06171875 0.0890625
0 0.646875 0.88359375 0.0625 0.07890625
0 0.0328125 0.70703125 0.065625 0.0890625
0 0.28515625 0.634375 0.071875 0.10078125
0 0.34140625 0.615625 0.0609375 0.07734375
0 0.2171875 0.634375 0.06015625 0.07890625
0 0.56015625 0.65859375 0.06875 0.08203125
0 0.46875 0.72265625 0.07109375 0.08984375
0 0.01640625 0.8453125 0.0328125 0.07265625
0 0.23203125 0.8359375 0.07265625 0.103125
0 0.44765625 0.55703125 0.0578125 0.065625
0 0.040625 0.78671875 0.05703125 0.071875
0 0.17578125 0.70703125 0.0671875 0.0765625
0 0.7140625 0.76640625 0.09609375 0.1125
0 0.303125 0.8015625 0.06640625 0.0859375
0 0.5046875 0.66171875 0.04921875 0.0625
0 0.603125 0.5875 0.0546875 0.07421875
0 0.4546875 0.6390625 0.06953125 0.090625
0 0.38203125 0.52109375 0.0703125 0.0765625
0 0.0671875 0.64453125 0.053125 0.065625
0 0.34921875 0.85078125 0.05625 0.07734375
0 0.1203125 0.6546875 0.0640625 0.08515625
0 0.415625 0.85234375 0.065625 0.09375
0 0.0078125 0.7640625 0.015625 0.059375
0 0.48203125 0.8765625 0.05078125 0.0703125
0 0.18203125 0.8515625 0.0421875 0.0578125
0 0.01953125 0.63359375 0.0390625 0.0578125
0 0.89765625 0.840625 0.05546875 0.0625
0 0.9171875 0.90390625 0.0546875 0.05625