0 0.3277091110721259 0.8519729916202227 0.14603416000718178 0.15695071299305993
0 0.7944906791640095 0.13601330331134057 0.05673448336790123 0.059072038911925785
0 0.9508491317605337 0.593352093361353 0.09830173647893262 0.1468774538135463
0 0.5615666400127741 0.6944944268930971 0.11443538562540105 0.13890223647389277
0 0.21991687125080697 0.5825577503957113 0.09485466941209478 0.10543694140100221
0 0.9284599203254761 0.8492096367765777 0.12766083450064086 0.1596277999635877
0 0.5070211992342182 0.8073604882550104 0.11848114700064052 0.15936069833717922
0 0.44840716742183934 0.8920788175636126 0.07659548588864222 0.09410267549148017
0 0.6037947396936951 0.822633798758994 0.10863942283822788 0.13094766114069714
0 0.5379566039885171 0.25935254875899405 0.0649312689494268 0.07507704934508048
0 0.5679078973516305 0.21584424115800438 0.04758015985162807 0.04819734562214846
0 0.3885654117102839 0.5999224098043383 0.11755911756142527 0.14064763792381035
0 0.23156461687939914 0.7355008939692207 0.14707286665603297 0.1508495163630105
0 0.757183489789413 0.4230071864600086 0.07641158776723192 0.09419464872815268
0 0.7018771313018644 0.8690889131030435 0.1048587301013102 0.12441426193411545
0 0.7526380057434613 0.17761813011266012 0.050497165810466885 0.05733336549876293
0 0.34283693624761835 0.7216095416993651 0.10099179549298203 0.11797567747087001
0 0.32530444352266286 0.5116578801791671 0.07109502707801649 0.07535372051490725
0 0.4643567773771592 0.34908498700136925 0.0572811054762294 0.06541401214859795
0 0.5005073409700111 0.31198580377355895 0.07153384662173075 0.07994072275824333
0 0.2911120880025627 0.632123492873864 0.07723215315890375 0.08789245658477522
0 0.16994734084238744 0.8411538489046434 0.11192549220245898 0.13075130361727005
0 0.4209112136885894 0.7900616764973857 0.0971832008415781 0.1103709010209526
0 0.9092431429802226 0.37838031122889937 0.055719873540205356 0.06371407480530307
0 0.6704850720804203 0.7537223258768827 0.07986760474633207 0.09711760819139795
0 0.45904025995533965 0.6899540279093115 0.09410766344926777 0.1132011357877154
0 0.14267459521379533 0.6877560642649072 0.06483488076340257 0.0734197346017444
0 0.23775376423102962 0.9350007887963713 0.1041396242501614 0.11826191818411544
0 0.15868512992981088 0.5449608105039836 0.06163505327058187 0.07352127738183505
0 0.4720374059349166 0.5813291856685858 0.0990513529355475 0.11636203035091963
0 0.7266842774090652 0.2220213479802065 0.047285923939056396 0.05733725202885367
0 0.18185884377793 0.6499665592503423 0.0639318767908434 0.06735936408841639
0 0.9727291920728325 0.3500711062934767 0.054541615854335035 0.08142081906498974
0 0.6441051732929244 0.5147052899835055 0.07586496565890374 0.08785267549148053
0 0.13207190737078195 0.6103668501582845 0.06786095644942684 0.07516229454499808
0 0.28153409680919034 0.057243164818903215 0.0770850343012139 0.08496845209810311
0 0.354748417549463 0.35056726748447026 0.05950183434109864 0.06859300077521242
0 0.31898337425016143 0.12451323284473417 0.03865666183790761 0.050954746239076296
0 0.7528003539885171 0.2656038634196127 0.04506646313816294 0.052503790165567034
0 0.6706068494894855 0.9546028642775426 0.0720944192365998 0.08307140577157099
0 0.26776586697511695 0.33246447367353416 0.09273286486120132 0.10060632104437942
0 0.8760755634333222 0.6608230866974354 0.11168071709476876 0.12782445762393416
0 0.05381497102744579 0.3005455692794722 0.0428812454730384 0.0479632970522804
0 0.404159913273773 0.10051945486891564 0.06848367411455136 0.07965732355166186
0 0.4440138510529745 0.4481529728156043 0.06971388907147542 0.0785252296449567
0 0.7178775142948416 0.6795777837152992 0.09688008577696401 0.10861024701428867
0 0.3394683742182555 0.2598058751646022 0.08349483560146913 0.08651749602459384
0 0.392826726834719 0.19673522532288676 0.04573483831764609 0.05738944417223095
0 0.9306919797383557 0.15554821648089115 0.05427659048340914 0.06552123794201652
0 0.41878049843651094 0.5120419765765281 0.07387886558711046 0.08584840337152996
0 0.1585227384173595 0.09726510807584336 0.09092558975351142 0.09763401094442066
0 0.9569139748145392 0.7350849522951262 0.08617205037092149 0.11537769479073816
0 0.43332997827058434 0.2368433997752084 0.0590376499122538 0.06711963250522057
0 0.4066153033822649 0.3746556368430847 0.06799412389917148 0.07380363156498974
0 0.6744622759731997 0.18157219272821473 0.062357962412253796 0.06721624373179384
0 0.8674513366305092 0.340570422669955 0.07163150287173074 0.07994356426490726
0 0.36570622099553984 0.44431726748447026 0.10128729946952948 0.1071812978274929
0 0.08600856927250146 0.38946331677218976 0.06033254604738454 0.06404293811850721
0 0.619044262954694 0.23368261051661882 0.046651791895342146 0.05274456677218975
0 0.5186181501914553 0.42696594609342703 0.05730520229738456 0.06395485141192588
0 0.5367694941927268 0.12929297571859819 0.09293832367581523 0.10236413354437941
0 0.6428774710274459 0.31768553747622297 0.06512531338545102 0.07673720559508049
0 0.7887175649649054 0.293121109658689 0.0407822696793243 0.04332798919565768
0 0.7753044074664996 0.2249932352855096 0.053717285932515325 0.06073608169201652
0 0.11054184240587653 0.339568616851332 0.062260306162253753 0.06721340222512992
0 0.1080661704850056 0.1518556681841155 0.07356306627712299 0.07065665097148868
0 0.7558746314294881 0.33187372109974467 0.06969232837827181 0.07667544390828454
0 0.08399962421825546 0.2523724937317938 0.07421114882737827 0.07203804600480827
0 0.7768162642310297 0.9497422353870363 0.09761440929722572 0.10051552922592748
0 0.5080662642310296 0.9428660792420949 0.09163201316209495 0.10534317168109268
0 0.39362835960435466 0.9496579853520167 0.05289798860481909 0.06538380059872181
0 0.04726056356094603 0.09792067445232167 0.07880733560146913 0.08638110370472582
0 0.14183241324186704 0.22758309389007841 0.057500514797384564 0.06396053442525362
0 0.840878663273773 0.11322667266995501 0.06535867411455136 0.07956639533841652
0 0.7714590678047302 0.5051748287798766 0.048612527082004676 0.057862472865484446
0 0.4551644002233612 0.2904230408414352 0.038389057973038376 0.047832587745740264
0 0.6535917701340207 0.4293360913162889 0.08466417537492177 0.09735449826793001
0 0.7986100504467224 0.5775953980593489 0.09921115243299461 0.10274130247087002
0 0.31098834514998347 0.9618542145642681 0.06638343025686151 0.07629157087146368
0 0.5894683814294881 0.3270317937444291 0.05381494218251533 0.06073892319868044
0 0.9108057150925489 0.9746148605848919 0.05031326768905657 0.05077027883021614
0 0.41287544068283816 0.3016500458560002 0.06227172054084349 0.06731105847512993
0 0.48090505775367287 0.2242130191338229 0.047651184053925634 0.06046225202885367
0 0.9700893423739707 0.49927548442757974 0.051704552010211555 0.056005959092057724
0 0.8152395518187759 0.8864020967265652 0.0897651300335049 0.10519152680447838
0 0.7993101515635088 0.7434560787798766 0.06116072252712286 0.07029577962517113
0 0.19728086700702285 0.19571697994174028 0.0858373184388975 0.0957341231112248
0 0.8487724347479411 0.9658128058891826 0.06593446439853352 0.06837438822163477
0 0.8472707585513802 0.5276241417911426 0.07897728321633864 0.08950042069139794
0 0.7593852382578298 0.7882313696878189 0.0880783399329946 0.10241737071118351
0 0.7343141329291653 0.10078284547292404 0.046713936945597466 0.054108912765525784
0 0.5919034392469728 0.2679295783841652 0.0504109239390564 0.057428180242098927
0 0.920048735481817 0.31095713050837154 0.05209264088226 0.05932627159205772
0 0.9878345287182946 0.46514217682659015 0.02433094256341093 0.06357484097877127
0 0.5926847685705317 0.9274205871596539 0.0998211876555537 0.10879314846420626
0 0.5679383597319784 0.41594352955866415 0.04739372650367031 0.05909222302218975
0 0.8774452600191515 0.43273519061664373 0.05399757223995003 0.06230142319868044
0 0.9835075216496509 0.29149172815937363 0.03298495670069812 0.0766821719450392
0 0.05611814298022265 0.3535569090129155 0.036627442182515305 0.060238818025830906
0 0.8130174782705843 0.24789117768451993 0.049297389797384385 0.06372184786548454
0 0.22126626439055927 0.26103810306127845 0.04767654803765229 0.049854660365484624
0 0.05905034677728439 0.18546613855894434 0.06448103502712299 0.07039239085174435
0 0.8218851949904341 0.4303399648315384 0.05768187679084349 0.06717750766192587
0 0.8478287571793267 0.21931754829677566 0.046984076938418086 0.05392212478551759
0 0.8822647179961856 0.9202746430447839 0.07025163292916545 0.08146060015828453
0 0.9476461343331248 0.28061641264082515 0.04114879785816896 0.04479851595898552
0 0.8134436270899862 0.35145644688484984 0.05391133036853972 0.06239623794201652
0 0.8732954840459517 0.27066709962955915 0.05217888275367031 0.05923145684872164
0 0.7216619724633111 0.3589075825408003 0.052361512811105015 0.060793956848721645
0 0.942694826547546 0.20494882290738187 0.032959623364710214 0.04134853917587211
0 0.7180702672303841 0.48804951326132817 0.07633041725032044 0.0801776128347754
0 0.0847403250159628 0.5451450154394062 0.05114778719288573 0.07788768712881229
0 0.8301238005424402 0.1744225854437942 0.035998381493299904 0.04153428213245362
0 0.7351258813656762 0.6006631735278848 0.062440400993141056 0.07957880638849915
0 0.785622976866625 0.07346783920471787 0.04344181808790744 0.05109398006560826
0 0.8749797253988536 0.17183479453585193 0.04638291996649713 0.051276881515525785
0 0.17849031059349757 0.42796953879637123 0.060064942182515325 0.06092077962517113
0 0.5948153612316556 0.18626204123714665 0.046554135645342144 0.05274172526552583
0 0.6517857441608209 0.2673361964891384 0.041587617401883395 0.0493855182023216
0 0.668861676164655 0.5932849310497322 0.0646154714422476 0.07487321232508873
0 0.8230418351946438 0.30034858795107666 0.0423447696793243 0.043373453302280394
0 0.9137987282705844 0.2508236125616829 0.042795003601628065 0.048058111795616476
0 0.3628754190491403 0.12034020988348057 0.05032341400367031 0.05917746822210725
0 0.9991211153836979 0.415869602532553 0.0017577692326042893 0.054227504585599995
0 0.5413251227504843 0.36144624617256926 0.05181235457482529 0.057760930085393805
0 0.14751424125718424 0.3095006836235217 0.04336699059508695 0.05128645105894432
0 0.10620947243140519 0.47569633346523715 0.09422053736838065 0.10084425614433812
0 0.2268668930440345 0.08913201082055268 0.07477933162891004 0.08022980497815262
0 0.5008726227185782 0.49496578833415283 0.06152598264199227 0.07342077962517131
0 0.47405645944480523 0.40542591521461463 0.04324777365188339 0.049433823815608235
0 0.29658081636886485 0.4524276326864496 0.05271916183790761 0.05136392319868044
0 0.6072951154754398 0.5728072949980703 0.08301543350351145 0.0974038489046432
0 0.27109380768986097 0.4875013146606186 0.04859223445277685 0.05435821389214013
0 0.7955052962029383 0.1913229289381612 0.044820419966497126 0.051231417408903114
0 0.4739245303127017 0.15782950118713424 0.06501624275686133 0.07663670783841652
0 0.2399858452776072 0.4211943530612784 0.08503958180440492 0.10223162775460218
0 0.9944634259293273 0.5327615858395056 0.011073148141345256 0.07687359791494845
0 0.32146917626037286 0.17908707257817746 0.04608107296585908 0.04786175427218966
0 0.9621449997766586 0.965080639288433 0.06888444542916546 0.06983872142313388
0 0.12378257925974696 0.9324631590129154 0.041193193618380655 0.0993013180258309
0 0.6442675287492128 0.6626426848106559 0.06547915912173075 0.07976454934508048
0 0.6888494580408459 0.23804951326132812 0.03792614160816914 0.044704746239076346
0 0.22255484814933787 0.4985464632486929 0.06117213690571264 0.0703934358751713
0 0.7916295085832861 0.3913085570722643 0.04278485728701433 0.04630598230894432
0 0.7114752600829634 0.15851277744709308 0.04663910945277685 0.05430138375886191
0 0.965138012954694 0.24375291013354267 0.038291401723038375 0.04782974623907634
0 0.09527199406510305 0.6552330692794721 0.043879369567646084 0.057335455545616476
0 0.452577225207418 0.9677236752437445 0.03690138546585899 0.047594652645781464
0 0.2800020952457013 0.55705529671393 0.05381494218251533 0.06073892319868044
0 0.19034094645820537 0.3161969645023341 0.04530743315252157 0.05290009817889487
0 0.6018263438417419 0.3927931860642972 0.0432350912093181 0.0509906408022804
0 0.7889814088066472 0.6684106146732539 0.07371906428685512 0.08448121587152997
0 0.891355585130832 0.5717294944567096 0.04664037751675245 0.05264691052218975
0 0.9091924276324264 0.5045109022159838 0.06466239702058196 0.07360936408841638
0 0.43476057077217867 0.1691474344149445 0.056181521841098814 0.0684963895486392
0 0.11269286831526446 0.7709717295460289 0.058352793506702486 0.11371796133539398
0 0.6849838077217669 0.36484769398185596 0.030397731206126898 0.03358538981258565
0 0.0638190461391264 0.43942621285298145 0.034056675378909995 0.07904489669929901
0 0.6226664377792015 0.3645916297169487 0.039694100422783055 0.04650802284569906
0 0.6855823988194019 0.12350127995437557 0.03653485728701415 0.046124125882453626
0 0.5423093206764609 0.5763665525199178 0.06490717212827182 0.07653621008175264
0 0.9342431501914554 0.4390593984550602 0.0748541591217304 0.0800373339848166
0 0.7085430490746689 0.2666518863808663 0.03195896314215112 0.03528532715588044
0 0.02469563580089596 0.15799435642649073 0.019063267689056425 0.056516056602981465
0 0.16149565006383154 0.9549392345956134 0.0791484988951833 0.09012153080877319
0 0.5591924276324264 0.4943269423325033 0.06731687407466644 0.09548720559508048
0 0.9922227392539547 0.8239261434404952 0.015554521492090601 0.09556751924148052
0 0.3970576589023651 0.2529170291629527 0.03948864160816923 0.04475021034569897
0 0.9884160543604488 0.920764039521287 0.02316789127910255 0.07479469516192587
0 0.29974639441608797 0.3995754173261857 0.054572094459956234 0.054726858298639144
0 0.999847817900448 0.2186679935987798 0.0003043641991041568 0.06460806927947224
0 0.018729710976388432 0.027017141066226814 0.037459421952776864 0.05403428213245363
0 0.9746550541480566 0.4169176254938066 0.050689891703886755 0.05761392319868044
0 0.4971489883535476 0.3765113050272002 0.03582716581445489 0.04006943838245362