0 0.143789940625 0.9352920875 0.15037720937500001 0.9249838968749999 0.14589731875 0.8823605765625 0.14471681875 0.8790313718749999 0.1369189421875 0.8699188953125001 0.11628833125 0.8595728140625001 0.0992598875 0.8649049359375001 0.0919970671875 0.8701802421875 0.099417746875 0.940783290625 0.11165130625 0.94836788125 0.11266403750000001 0.9483619890625 0.1309425859375 0.9432164125 0.143789940625 0.9352920875
0 0.117214903125 0.8623454640625001 0.1099232453125 0.7929699796875 0.10670058906249999 0.792988728125 0.09580635937500001 0.8009016890625 0.0899323625 0.81009370625 0.0874003109375 0.8231910703124999 0.0893241921875 0.8414955640624999 0.091826996875 0.84671405625 0.1018528390625 0.8584300984375 0.10974691406249999 0.8623889109375 0.117214903125 0.8623454640625001
0 0.1054896765625 0.7858043625 0.1348186984375 0.78563373125 0.1419568671875 0.7793254593750001 0.14812456406250002 0.7696738421875 0.1426827328125 0.717898271875 0.13203338281250002 0.7035039203125 0.12367120312499999 0.6983195156249999 0.10023370312499999 0.698455871875 0.0910177578125 0.7037425421875 0.08151235 0.7155722124999999 0.07730201406250001 0.7312958671875001 0.0786762140625 0.74437050625 0.08700915000000001 0.767870765625 0.0970349921875 0.7795868078125 0.1054896765625 0.7858043625
0 0.2252661625 0.9160533765625001 0.2302717734375 0.9264903609375 0.23584168593750002 0.9329992734375001 0.23740430156249998 0.933565171875 0.26672287968749997 0.9333946015624999 0.2796788234375 0.9131202875 0.28108226875 0.90787906875 0.27302417343749996 0.8869937359375 0.2632731703125 0.877892621875 0.25518583125 0.875323146875 0.22784208125 0.875482228125 0.22364636875000002 0.8820479546875 0.22111431874999998 0.8951453171875 0.22248851875 0.90821995625 0.2252661625 0.9160533765625001
0 0.1990538328125 0.8377254828125 0.19465850625 0.7959067546874999 0.1939120515625 0.791593828125 0.18973096250000002 0.7890016265625001 0.17019971250000002 0.7891152546875 0.15901601875 0.8035712171875 0.1589867734375 0.821887075 0.1642672234375 0.8349389859375 0.174293065625 0.846655028125 0.1773109484375 0.8479247359375 0.1912259234375 0.8478437812499999 0.1990538328125 0.8377254828125
0 0.21050308437499998 0.8388120203125 0.23724786562500003 0.8553933109375 0.247854415625 0.855331603125 0.2531677484375 0.8542629640625 0.266304565625 0.839795640625 0.26756766718749997 0.8350785437500001 0.2628129359375 0.7898402953125 0.248553959375 0.7731774796875001 0.23573585000000002 0.762785946875 0.22178913437499997 0.760250559375 0.21425147500000002 0.7629109390625 0.2069886546875 0.7681862453125 0.1963546421875 0.7878720625 0.19522603593750001 0.7957282078125 0.19742475625 0.8166476296875 0.2002024015625 0.8244810499999999 0.21050308437499998 0.8388120203125
0 0.3040528140625 0.8828464328125 0.309362509375 0.8775824906249999 0.3133619078125 0.8691489562499999 0.31080982343749997 0.8448674875 0.298556015625 0.83054788125 0.2924218 0.827967040625 0.278749925 0.82804658125 0.2675662328125 0.8425025421875001 0.2661627875 0.8477437609375 0.2680866671875 0.8660482546875 0.27058947187500004 0.871266746875 0.2825099015625 0.8832721812500001 0.3034116265625 0.8831505796875 0.3040528140625 0.8828464328125
0 0.3207227078125 0.924307 0.3310380125 0.9294800406249999 0.3368973875 0.9294459515625 0.3480664578125 0.9241479187499999 0.3522621703125 0.91758219375 0.354928715625 0.907623878125 0.3544614875 0.9031784999999999 0.3520311984375 0.8874934796874999 0.3353068375 0.877124671875 0.3274943375 0.8771701249999999 0.31046589375 0.8825022453125 0.30627018125 0.8890679734375 0.3052544359375 0.8961385046875 0.3054743078125 0.898230446875 0.3084689 0.9099873953125 0.3131996703125 0.9178094515625 0.3207227078125 0.924307
0 0.31094456875 0.8440203671875001 0.3299180140625 0.843909984375 0.335141546875 0.8406880781250001 0.33933725937500003 0.83412235 0.3393654734375 0.8339259468750001 0.3357213453125 0.7992543828125 0.327691621875 0.7884008859375 0.32155740625 0.7858200484375 0.30983865625 0.7858882265625 0.2986549640625 0.8003441875 0.29725151875 0.8055854046875 0.29639775468749996 0.816056478125 0.2994502390625 0.8265048265624999 0.3044558484375 0.8369418109375 0.3100257609375 0.8434507234374999 0.31094456875 0.8440203671875001
0 0.16885518125 0.7674907 0.178606184375 0.7765918140625 0.18160399375 0.777544265625 0.2078955234375 0.77739130625 0.222153859375 0.7632558296874999 0.22627323906250002 0.7545692921875 0.22162108125 0.71030696875 0.2214024515625 0.7096214015625 0.21110176875 0.695290434375 0.196605375 0.6875251921875 0.17902725 0.6876274578125 0.1678581796875 0.692925490625 0.16422676875 0.6955631453125 0.15023618593750002 0.7205015421875001 0.1516103859375 0.73357618125 0.1541131921875 0.7387946734375 0.16885518125 0.7674907
0 0.132874253125 0.7059088171875 0.1474382953125 0.7058240859375 0.15945333125 0.6970970328125 0.1670056140625 0.685278728125 0.1679968 0.6761151171875001 0.1653858203125 0.6512733046875 0.160380209375 0.6408363171875 0.1484012421875 0.629131640625 0.1380859375 0.6239586 0.120782653125 0.6266757953125001 0.107920675 0.6437580484375001 0.105113784375 0.6542404828125 0.10758734375000001 0.67777483125 0.1125929546875 0.688211815625 0.1248467609375 0.7025314203125 0.132874253125 0.7059088171875
0 0.07608925625 0.7156199156249999 0.0844791328125 0.6996382624999999 0.0843182890625 0.6981079359375 0.0788525421875 0.680968778125 0.0713295046875 0.6744712296875 0.075654671875 0.71562244375 0.07608925625 0.7156199156249999
0 0.06820699062499999 0.6218584468749999 0.0657620796875 0.6256844 0.0718231828125 0.67405488125 0.0851672625 0.6764807140625 0.085890640625 0.67647650625 0.0955501453125 0.667375525 0.1000353203125 0.654266796875 0.09866112031249999 0.641192159375 0.096158315625 0.6359736671875 0.0820629984375 0.621777834375 0.06820699062499999 0.6218584468749999
0 0.0630769140625 0.594558509375 0.078108365625 0.6167115359374999 0.0897042390625 0.624860290625 0.1172128625 0.62470025 0.12357992031250001 0.62168004375 0.130842740625 0.6164047375 0.14147675312500002 0.5967189203125 0.1425866484375 0.5831065234375 0.1395908921875 0.5546038140625 0.1387575984375 0.5522537875 0.13375198906250002 0.5418168031249999 0.1259541109375 0.532704325 0.1092297515625 0.5223355171875 0.09332991093750001 0.51981149375 0.08243568125 0.5277244546875 0.068459721875 0.5435049249999999 0.061182278125 0.557938159375 0.0597788328125 0.563179375 0.0630769140625 0.594558509375
0 0.1619184765625 0.5982950828125 0.1744771953125 0.604042175 0.20950011875 0.6038384171875 0.21884856562500002 0.5914225562500001 0.21972571875 0.5881467953125 0.2149732765625 0.5429303375 0.213351765625 0.539124003125 0.20555388749999998 0.5300115265625001 0.19301061875 0.5222349203125 0.17152624375 0.5223599125 0.1642634234375 0.5276352203125 0.1485945546875 0.555199909375 0.150793275 0.5761193312499999 0.153845759375 0.5865676796875 0.1585765296875 0.5943897359375 0.1619184765625 0.5982950828125
0 0.24388851875 0.5818953375 0.2519758578125 0.5844648140625 0.2558821078125 0.5844420875 0.2704077484375 0.5738914734375 0.27628174687499996 0.56469945625 0.2783132359375 0.55055839375 0.277195553125 0.539924353125 0.26993118125 0.5228719749999999 0.26436126875 0.5163630640625 0.2518179984375 0.508586459375 0.23814612343750002 0.5086660000000001 0.22725189375000002 0.5165789609375 0.22137789687499998 0.525770978125 0.2188516953125 0.535205171875 0.220995446875 0.55560160625 0.22800330156249998 0.570213384375 0.24388851875 0.5818953375
0 0.061780621875 0.459504015625 0.0528102703125 0.48572146875 0.052041882812499995 0.4951454359375 0.052399175 0.49854484218749995 0.056383190625 0.5197155296875 0.0686369984375 0.5340351359375 0.08269348125 0.54672830625 0.090291378125 0.546684103125 0.08834485 0.5281641203125 0.079098528125 0.447628890625 0.075192278125 0.44765161718749996 0.061780621875 0.459504015625
0 0.1363063375 0.5260914750000001 0.14204804843750002 0.5189458 0.14207969843749998 0.518782084375 0.1388125390625 0.487697134375 0.13874996875 0.4875666703125 0.13318005625 0.48105775624999997 0.12481787656250001 0.475873353125 0.11142084062499999 0.47856782343750004 0.10359371875000001 0.48777120468749996 0.098833703125 0.49826500156250003 0.0999330625 0.5087247125000001 0.1046638328125 0.5165467718750001 0.112947875 0.5262273703125 0.1363063375 0.5260914750000001
0 0.23820054218750003 0.51104316875 0.24306849062500002 0.49785745625000005 0.240932590625 0.47753573281249995 0.22934717343750002 0.463997196875 0.21680390312500003 0.456220590625 0.20340686875 0.45891505937500005 0.200889440625 0.462854496875 0.1995736984375 0.500540134375 0.2000958953125 0.5055084984375 0.202769453125 0.5086327749999999 0.21370500468750003 0.51469699375 0.23420096250000003 0.5145777515625001 0.23820054218750003 0.51104316875
0 0.2961361796875 0.5211754484375 0.307319871875 0.5067194859375 0.31012676250000004 0.49623704843749994 0.3099302859375 0.479492421875 0.30935312187499997 0.4740010734375 0.29932026718750004 0.44920243906249996 0.289569265625 0.440101325 0.2770259953125 0.43232472031249997 0.2659208203125 0.42996661875 0.2646669609375 0.42997391250000006 0.250231925 0.43771365781249993 0.24072651718750002 0.44954332812500003 0.23624134218749998 0.4626520546875 0.235998075 0.4752127984375 0.236465303125 0.47965817499999996 0.2464981578125 0.5044568093749999 0.25652400000000003 0.51617285 0.268757559375 0.5237574406250001 0.29096531406250004 0.5236282390625 0.2961361796875 0.5211754484375
0 0.0925843609375 0.469951615625 0.1121156109375 0.46983798749999994 0.123559521875 0.46715488125000004 0.1330649296875 0.45532520937500004 0.1355969796875 0.442227846875 0.13422277968750002 0.4291532078125 0.1289423296875 0.41610129375 0.1211444515625 0.4069888171875 0.1024669671875 0.396631375 0.09465446718750001 0.3966768265625 0.0804036671875 0.40984236718749995 0.074804509375 0.42164931250000004 0.072272459375 0.43474667812499995 0.075874625 0.45042488125 0.088403271875 0.46735941406250003 0.0925843609375 0.469951615625
0 0.040753953125 0.384928153125 0.041380853125 0.3908927078125 0.042985740625000005 0.40123104375 0.053303490625000005 0.415569034375 0.0546214484375 0.4155613671875 0.047732334375000005 0.350015834375 0.0428380703125 0.36469045625 0.040753953125 0.384928153125
0 0.0319229453125 0.2809487625 0.0527409078125 0.305022415625 0.061553443750000006 0.32287575468749996 0.07697343437500001 0.374881625 0.0934083328125 0.39179343437499997 0.099542546875 0.3943742703125 0.109308171875 0.39431745625 0.1204772421875 0.389019425 0.1587444671875 0.36263152656250003 0.173303590625 0.33984845625000004 0.16224422656249998 0.23462563281249998 0.14727430156250002 0.20701492031250002 0.13502049375 0.192695315625 0.10825566874999999 0.1797683953125 0.07700566875 0.1799502015625 0.0580241 0.1852936875 0.04712986875 0.1932066484375 0.029233035937500002 0.218167771875 0.027250665624999997 0.23649498906250002 0.0288704609375 0.270500415625 0.0319229453125 0.2809487625
0 0.080804778125 0.145903559375 0.0348127890625 0.11738934062499999 0.0289534140625 0.1174234296875 0.02169059375 0.1226987375 0.0144131515625 0.13713197187499998 0.019909950000000003 0.18943052656249998 0.0246407203125 0.1972525828125 0.0405259375 0.20893453750000002 0.0620103125 0.20880954531249998 0.0731793828125 0.203511509375 0.082684790625 0.1916818390625 0.0866202859375 0.17334325625 0.086374690625 0.1524124734375 0.080804778125 0.145903559375
0 0.023362423437499998 0.0784067125 0.012728409375 0.0980925265625 0.012699165625 0.116408384375 0.0453691734375 0.12950285156250002 0.04956820625 0.129478421875 0.04364370625 0.073110578125 0.030549028125 0.0731867609375 0.023362423437499998 0.0784067125
0 0.018635940625 0.0718105296875 0.054689181249999996 0.071600778125 0.0595427390625 0.06400560937500001 0.0624488984375 0.043776034375 0.0602158234375 0.022529746875 0.0562739046875 0.0143106203125 0.0462480625 0.0025945796875 0.0401138484375 0.000013740625 0.0283950984375 0.00008191875000000001 0.017500867187499998 0.007994879687500001 0.011626870312499999 0.017186896875 0.006287929687500001 0.0407666984375 0.0079369703125 0.0564562640625 0.0129425796875 0.0668932484375 0.018635940625 0.0718105296875
0 0.084606896875 0.13931185937499999 0.0968607046875 0.15363146562500002 0.09779886875 0.1542131109375 0.130046128125 0.1540255015625 0.1336952390625 0.1508006421875 0.1406978421875 0.13375248125 0.1409411109375 0.12119173593749999 0.14046472031249999 0.11665919375 0.1329438328125 0.097166215625 0.12069002499999999 0.0828466125 0.11009987968749999 0.0750586421875 0.10396566562500001 0.07247780468750001 0.08834066562500001 0.072568709375 0.0805135421875 0.0817720890625 0.0729854671875 0.09939894375 0.075371078125 0.1220965171875 0.077373321875 0.1262713109375 0.084606896875 0.13931185937499999
0 0.0741391109375 0 0.0663313109375 0.004478896875 0.0604573140625 0.013670914062500001 0.0559721390625 0.0267796421875 0.057621178125000005 0.0424692078125 0.061356317187499995 0.05123706875 0.07769228125 0.051142028125 0.1189925734375 0.049961739062499996 0.11921829375 0.048390509375 0.11782577187500001 0.0351415421875 0.111513403125 0.0159904046875 0.1014875609375 0.0042743640625 0.0929642640625 0 0.0741391109375 0
0 0.17165373125 0 0.1410497453125 0.0180983359375 0.1323834796875 0.028614862499999998 0.1183928984375 0.0535532609375 0.120316778125 0.071857753125 0.12837487187500002 0.0927430859375 0.1514936640625 0.1174655890625 0.1585949875 0.1210268453125 0.2331672890625 0.120592996875 0.23631718125 0.1156638359375 0.2402526765625 0.0973252546875 0.243363653125 0.0711418875 0.2411649328125 0.050222465625000004 0.22892574843750002 0.02674493125 0.2211278703125 0.0176324546875 0.19631617031249998 0.0046941734375 0.17420958125 0 0.17165373125 0
0 0.1532216546875 0.2273730765625 0.181760771875 0.22720704062500002 0.1863957640625 0.22454820625 0.1956263328125 0.21010360625 0.200965271875 0.1865238078125 0.1990413921875 0.1682193125 0.1962637484375 0.1603858921875 0.1815071359375 0.14084779375 0.1731449546875 0.1356633890625 0.16115136562500001 0.1331166421875 0.1460760453125 0.1384373984375 0.1315357828125 0.1581459421875 0.1287288921875 0.168628378125 0.1317521328125 0.197392584375 0.1370325828125 0.21044449531249998 0.1532216546875 0.2273730765625
0 0.168094496875 0.3033031109375 0.173664409375 0.309812021875 0.1743800640625 0.31011311875 0.2019625328125 0.30995264843750003 0.208270978125 0.3043776296875 0.21078840625 0.3004381984375 0.217530790625 0.271617175 0.2139286265625 0.2559389734375 0.20362794375 0.2416080046875 0.1910846734375 0.2338313984375 0.1774127984375 0.2339109390625 0.16456544374999998 0.24183526406250003 0.15588455625 0.26150971875 0.168094496875 0.3033031109375
0 0.1757981421875 0.4523793125 0.2093784625 0.4521839484375 0.21064877656249997 0.4515813765625 0.215958471875 0.44631743281249997 0.2299490546875 0.421379034375 0.231077659375 0.4135228875 0.22970345937499997 0.4004482484375 0.2219202046875 0.3821778453125 0.2074384328125 0.3652546734375 0.192667196875 0.354874503125 0.1753639125 0.3575916984375 0.16446968281250002 0.36550465781249997 0.1569174 0.37732296718749997 0.1510287796875 0.3956729125 0.1537771796875 0.4218221890625 0.15905762968749998 0.434874103125 0.1757981421875 0.4523793125
0 0.2698470984375 0.113001640625 0.268095134375 0.109348696875 0.25443788125 0.100270309375 0.23182490156250002 0.10825144687499999 0.22677542343749998 0.1252882453125 0.231202109375 0.148811234375 0.2370468609375 0.1579350734375 0.24568388125 0.165734403125 0.26130888125 0.1656435 0.273159728125 0.1445192109375 0.2698470984375 0.113001640625
0 0.232140165625 0.24098504062499998 0.250635775 0.24087743593750002 0.25828176406250003 0.23725057343749997 0.265834046875 0.225432265625 0.26806416093749996 0.21504040156249998 0.26441336875 0.18030544531249998 0.2625652125 0.175737275 0.2483582796875 0.1614290328125 0.22464593906250002 0.15895045937500002 0.21738311875 0.16422576875 0.20983083749999998 0.17604407500000002 0.20562050156249997 0.19176773125 0.207819221875 0.2126871515625 0.21282483124999999 0.22312413593749997 0.2250786390625 0.23744374375000002 0.232140165625 0.24098504062499998
0 0.220246334375 0.329993528125 0.2394588765625 0.35473875781249997 0.254985690625 0.3643651078125 0.27870771875 0.3642270984375 0.2958246625 0.35179430625 0.30813695937499996 0.3294821953125 0.3099991578125 0.31651955468750004 0.3074981140625 0.292723715625 0.3001373546875 0.27196515312499997 0.283152778125 0.2498234875 0.27060950781250004 0.2420468859375 0.26252216875 0.23947740781250001 0.2374063828125 0.2422400546875 0.2248338671875 0.25277930312499997 0.21895987031250003 0.2619713203125 0.21334609062499998 0.28293619531249997 0.2146910453125 0.314326690625 0.220246334375 0.329993528125
0 0.257420646875 0.42987393906250004 0.263280021875 0.42983985 0.2724959671875 0.42455317968750006 0.279773409375 0.41011994375 0.2803377125 0.40619187031250004 0.2792383515625 0.3957321609375 0.277574690625 0.3892005234375 0.270341115625 0.37615997343749996 0.2630929171875 0.3722773515625 0.2513741671875 0.3723455296875 0.2457896328125 0.3749945453125 0.23504860781249998 0.39180280624999997 0.237054940625 0.410891778125 0.2393074640625 0.415588421875 0.24710534218750002 0.42470089843750003 0.257420646875 0.42987393906250004
0 0.3042520578125 0.518438215625 0.3014451671875 0.52892065 0.30114108281249996 0.5446215828125001 0.306696371875 0.5602884203125 0.3189501796875 0.5746080265625 0.32466820625000004 0.5781531015625 0.347187015625 0.5780220921875 0.3521533046875 0.5744148578125 0.3630621578125 0.5573439671875 0.363915921875 0.5468728921875 0.359764078125 0.5259648375 0.35726127343749997 0.5207463437500001 0.343054340625 0.5064380984375 0.336920125 0.5038572609374999 0.317388875 0.503970890625 0.31012605625 0.5092461984375001 0.3042520578125 0.518438215625
0 0.29750351249999996 0.576951196875 0.27211288749999996 0.5770989156249999 0.264575228125 0.5797592921875 0.25506982031250003 0.5915889640625001 0.22092519375 0.657200778125 0.21558625468749998 0.680780578125 0.21860949375 0.7095447828125 0.22138713906250002 0.7173782046875 0.26092620625 0.7681704421875 0.27151635 0.7759584109375 0.3089062296875 0.7846209203125001 0.330451621875 0.784495571875 0.35327276093750004 0.772866240625 0.38151414375 0.7347623 0.3874027640625 0.7164123546875001 0.38853136875 0.70855620625 0.38660748906250003 0.6902517125000001 0.369696025 0.622320409375 0.3593953421875 0.6079894390625 0.3379402125 0.589798575 0.3253969421875 0.5820219703125 0.29750351249999996 0.576951196875
0 0.3590273625 0.8973455093749999 0.373783975 0.916883609375 0.38507374687499996 0.9201984124999999 0.424022115625 0.91997181875 0.4267931890625 0.9191917359374999 0.4326671875 0.90999971875 0.434123115625 0.9024687328125 0.4293065453125 0.8566421265624999 0.428848671875 0.855074875 0.42134025781249995 0.8394193968750001 0.4157703453125 0.8329104859375001 0.3968180203125 0.8199381125 0.3831461453125 0.820017653125 0.36834566562500004 0.8279533390625 0.3585654171875 0.8371680828124999 0.35014474687499997 0.8686153937500001 0.3509692671875 0.8764601765625001 0.3590273625 0.8973455093749999
0 0.37903398125 0.8139185812499999 0.399557865625 0.8137991781249999 0.40331256406250005 0.8110719734374999 0.41562486249999997 0.788759865625 0.41759992187500006 0.7750116125 0.4172105640625 0.77130713125 0.40982397812500004 0.7521622406249999 0.404254065625 0.74565333125 0.38557657968750003 0.7352958859375 0.36604532968750003 0.735409515625 0.3587825109375 0.7406848234375001 0.3515050671875 0.755118059375 0.3492478578125 0.77083035 0.3525751828125 0.7838936249999999 0.367881475 0.808661578125 0.37903398125 0.8139185812499999
0 0.49577004999999996 0.8823674203125 0.49596755468750003 0.8809925937499999 0.4929099609375 0.851901525 0.4899691640625 0.8457697953125001 0.47576223281249996 0.831461553125 0.46627956875 0.82904555625 0.46544768437500006 0.829050396875 0.45092128750000005 0.836839125 0.4450472890625 0.8460311421875 0.44224040000000003 0.8565135796875 0.44416427968749994 0.8748180734375 0.4491698890625 0.8852550578124999 0.4569677671875 0.8943675343749999 0.46889540781249994 0.8993858328125001 0.4792578203125 0.8993255453125 0.4882177671875 0.894185728125 0.49577004999999996 0.8823674203125
0 0.438497225 0.8198264562500001 0.46063505156250006 0.8196976625 0.461239165625 0.8192588671875001 0.47048257656250003 0.8021473515625 0.46754707343749996 0.7742179109375 0.46717165312500003 0.7734351375 0.45714581093750006 0.7617190953125 0.44683050625 0.75654605625 0.4334334703125 0.7592405234374999 0.4261706515625 0.76451583125 0.4208463328125 0.778937703125 0.41999256875 0.7894087765625 0.4280506625 0.8102941093749999 0.43362057500000006 0.8168030203125 0.438497225 0.8198264562500001
0 0.419302684375 0.7293869234375 0.4296033671875 0.7437178921875 0.436012421875 0.7489136578125 0.45664303124999994 0.7592597375000001 0.46380626875 0.76026790625 0.47706018125 0.760190796875 0.48734335156249997 0.7538480765625 0.494895634375 0.7420297687499999 0.4991059703125 0.7263061125 0.49957678281250006 0.7219533984375001 0.4958882015625 0.686858890625 0.4916560453125 0.6740189234375 0.4813553625 0.659687953125 0.46408132343749997 0.644089290625 0.4559939828125 0.6415198140625 0.4423221078125 0.6415993546875 0.42556850312499994 0.64954640625 0.41465965000000005 0.66661729375 0.41044931562500003 0.6823409515625001 0.41319771562499996 0.7084902265624999 0.419302684375 0.7293869234375
0 0.36110864062500003 0.6066259828125 0.3669387703125 0.62490775 0.3814205421875 0.641830921875 0.3897827234375 0.647015325 0.40605551875 0.6495985546874999 0.430850565625 0.6494543015625001 0.4310731875 0.64939163125 0.4439205421875 0.6414673078125 0.45482939531250005 0.6243964171874999 0.45646485156249994 0.6092764625 0.452445315625 0.5710331453124999 0.45046120156249997 0.5642417187500001 0.43822201562499996 0.540764184375 0.42374024375 0.5238410140624999 0.4072907234375 0.5160871328125001 0.3919405640625 0.518792965625 0.372105228125 0.5346075234375001 0.36790951562499996 0.54117325 0.36510262656250003 0.5516556875 0.358360240625 0.5804767046875 0.36110864062500003 0.6066259828125
0 0.33365515625 0.45977728281249997 0.3325265515625 0.467633428125 0.3350001109375 0.4911677765625 0.33777775625 0.4990011984375 0.35224764531249997 0.5138909765624999 0.379291759375 0.5137336390625 0.38715556093750003 0.5039469796875 0.3916407359375 0.4908382515625 0.392769340625 0.48298210625 0.3913951421875 0.46990746874999995 0.3838867265625 0.4542519890625 0.36772666875 0.43995510937500004 0.35014854375 0.44005737500000003 0.344564009375 0.44270639375 0.3392543140625 0.4479703375 0.33365515625 0.45977728281249997
0 0.283017184375 0.3870594875 0.28075997343750003 0.4027717796875 0.2824090140625 0.4184613453125 0.289917428125 0.4341168203125 0.3021712359375 0.44843642812500006 0.3072969421875 0.451614275 0.3363406375 0.45144530312500003 0.3376023265625 0.4508468234375 0.3501894640625 0.43114964375 0.35244667343749997 0.41543735000000004 0.348294828125 0.39452929375 0.343014378125 0.381477378125 0.330760571875 0.367157775 0.3223983921875 0.3619733703125 0.3028671421875 0.362087 0.2902946265625 0.37262625 0.283017184375 0.3870594875
0 0.39993976249999996 0.37915634531250003 0.391813128125 0.37920362343749997 0.38279629375 0.384376075 0.3755188515625 0.39880931249999996 0.37744273125 0.41711380625 0.38217350156249996 0.42493586250000004 0.393733134375 0.43391339375 0.40184704218749995 0.43386618906249996 0.4089529484375 0.42870485468749997 0.4144514609375 0.41779974218750004 0.41158590625 0.3905358203125 0.39993976249999996 0.37915634531250003
0 0.337529140625 0.37112555625 0.347829821875 0.38545652656249996 0.35576265 0.3887940921875 0.37633677187500003 0.3886743953125 0.381032946875 0.38526335624999997 0.3869069453125 0.3760713390625 0.3877298609375 0.3718146953125 0.38426000625 0.338801234375 0.380281540625 0.33162893125 0.3660746078125 0.3173206875 0.35994039375 0.3147398484375 0.35017476875 0.3147966625 0.3445902328125 0.3174456796875 0.3409588234375 0.320083334375 0.3320030953125 0.337142859375 0.33087449062499996 0.34499900625 0.332248690625 0.3580736453125 0.337529140625 0.37112555625
0 0.3270500890625 0.2701385234375 0.3146012609375 0.27021094843750004 0.309169540625 0.28166481875 0.308590615625 0.2947508203125 0.311368259375 0.3025842390625 0.3210942921875 0.3139499265625 0.3334438265625 0.313878078125 0.339261690625 0.3076550140625 0.342476065625 0.2982604265625 0.3412609390625 0.2866992765625 0.33066853749999997 0.2723818984375 0.3270500890625 0.2701385234375
0 0.2718804375 0.2011457625 0.2863475859375 0.22722686093750002 0.30026512968749997 0.237461790625 0.3179288546875 0.237359025 0.32316749843750003 0.2335539671875 0.32847719375 0.228290021875 0.33796600468750004 0.2107242140625 0.33522923437499996 0.1846855703125 0.3310823578125 0.169403015625 0.323009640625 0.1576756109375 0.3104663703125 0.14989900625000002 0.3043321546875 0.1473181671875 0.2906602796875 0.1473977078125 0.2850757453125 0.150046725 0.277812925 0.15532203125 0.2705354828125 0.1697552671875 0.2694068765625 0.1776114140625 0.2718804375 0.2011457625
0 0.40292419375 0.2992929265625 0.4105863671875 0.2768988484375 0.406956190625 0.2423600125 0.4066433390625 0.2417077015625 0.3877056375 0.2195774 0.3754978875 0.2120088125 0.3571360984375 0.2121156375 0.3519997078125 0.21455207812500002 0.337734284375 0.23687555 0.33352395 0.252599203125 0.335997509375 0.276133553125 0.34600872968749996 0.2970075234375 0.35380660625 0.3061199984375 0.36601435625 0.31368858906249997 0.3862509046875 0.31357085625000003 0.395097071875 0.30849630625 0.40292419375 0.2992929265625
0 0.33657641875 0.111505434375 0.3367739234375 0.11013060781249999 0.332123975 0.0658893015625 0.3243957234375 0.0513961875 0.3188258109375 0.044887275 0.30468735156250004 0.0373137671875 0.2845291734375 0.03743104375 0.27753534687500003 0.0425109703125 0.268304778125 0.0569555671875 0.265772728125 0.0700529328125 0.26742176875 0.08574249843750001 0.2732518984375 0.104024265625 0.294142725 0.1261432046875 0.30783755625000003 0.131102765625 0.3203520234375 0.1310299578125 0.32734585 0.12595003437500002 0.33657641875 0.111505434375
0 0.37170495937500003 0.201086690625 0.3750556953125 0.19916456093749998 0.3792514078125 0.192598834375 0.3816568546875 0.1801563359375 0.3798841375 0.163290053125 0.3776316125 0.1585934125 0.3656526453125 0.14688873281249998 0.3539338953125 0.14695691093750002 0.346671075 0.1522322171875 0.339555353125 0.166344715625 0.34156779375 0.185491796875 0.3438203171875 0.1901884390625 0.3516181953125 0.19930091562500002 0.354658521875 0.2011858640625 0.37170495937500003 0.201086690625
0 0.359251871875 0.13154499687500001 0.3778939046875 0.140075921875 0.3902302453125 0.14000415156249998 0.3985892109375 0.13393266406249998 0.40614149375 0.12211435781249999 0.4094970953125 0.102906971875 0.4075445859375 0.08433009062499999 0.39841672968749997 0.0672122390625 0.3883908875 0.0554961984375 0.37807558281250003 0.05032315625 0.35854433281250003 0.05043678593749999 0.3496032265625 0.0583383859375 0.34372922968749997 0.067530403125 0.33951889375 0.08325405625 0.34089309375 0.0963286921875 0.3492260296875 0.11982895625000001 0.359251871875 0.13154499687500001
0 0.4132846953125 0.12406830312499999 0.4162792875 0.13582525 0.42128489687500004 0.14626223437500002 0.4377197953125 0.1631740421875 0.44139843437500004 0.16472175 0.45976141875 0.16461491718750002 0.4631104203125 0.1630263234375 0.47400465 0.15511336250000002 0.48323521718749995 0.140668765625 0.48537956718749997 0.1257420859375 0.485049759375 0.1226041734375 0.48106574375 0.10143348593749998 0.47355732812499995 0.08577800937499999 0.45739727031250005 0.071481128125 0.44930993125 0.068911653125 0.43368493125 0.06900255625 0.42810039531250005 0.0716515734375 0.41719154375 0.0887224625 0.41270636875 0.10183119062499998 0.412927403125 0.120668896875 0.4132846953125 0.12406830312499999
0 0.4406890328125 0.221175015625 0.44377076249999997 0.21330750781250002 0.44575313281250006 0.19498028750000002 0.4421509671875 0.179302084375 0.4371453578125 0.1688651 0.427119515625 0.1571490578125 0.415744715625 0.15236335625 0.4128994078125 0.152379909375 0.40145405 0.1546818484375 0.3883172328125 0.1691491734375 0.3824286125 0.18749911875 0.3846273328125 0.20841853906250002 0.3874049765625 0.2162519609375 0.3974308203125 0.2279680015625 0.4110323796875 0.235253909375 0.42272700781249994 0.235185871875 0.432861909375 0.230378396875 0.4406890328125 0.221175015625
0 0.48359785312500003 0.329595225 0.49812349375 0.3190446109375 0.51071063125 0.29934743125 0.5121982109375 0.291652728125 0.5100441531250001 0.2711582328125 0.5093656765625 0.2679569359375 0.5013075828125 0.24707160312499998 0.488778934375 0.2301370703125 0.4801490234375 0.2223441578125 0.46449348281249997 0.2224352390625 0.44553534531250005 0.22777212656249998 0.43464111406250006 0.2356850875 0.4304454015625 0.24225081406250001 0.4262350671875 0.25797446874999996 0.4287086265625 0.28150881875 0.4412226515625 0.30760128125 0.45375129843749995 0.3245358140625 0.46558223437499996 0.331870784375 0.47734438749999997 0.3318023546875 0.48359785312500003 0.329595225
0 0.4013822375 0.36318229375 0.409180115625 0.3722947703125 0.4175603625 0.377490375 0.438994096875 0.377365678125 0.4390266703125 0.37735418125 0.4518886484375 0.3602719296875 0.45410419218750003 0.348811734375 0.45207724687499995 0.32952664375 0.4499940140625 0.3236515796875 0.443035278125 0.3132259578125 0.43105631093749996 0.30152127812499996 0.42296897187500004 0.29895180312499997 0.40929709687500004 0.29903134374999996 0.4020342765625 0.30430665 0.39448199375000004 0.316124959375 0.391675103125 0.3266073953125 0.3938738234375 0.347526815625 0.4013822375 0.36318229375
0 0.441958175 0.430347634375 0.4494812125 0.436845184375 0.45366230312500005 0.439437384375 0.46733417812500005 0.43935784375000003 0.4762752828125 0.4314562484375 0.48214928125 0.42226423124999996 0.48305216562500003 0.4159793140625 0.4805786046875 0.39244496562500003 0.47607355625 0.383051678125 0.47050364375 0.3765427671875 0.4621414640625 0.3713583625 0.4504227140625 0.371426540625 0.439528484375 0.37933950156249996 0.435332771875 0.385905228125 0.431403125 0.40058063749999995 0.43184286875 0.40476452187499995 0.43472460156250003 0.41730708749999995 0.441958175 0.430347634375
0 0.46765955156250005 0.5226002624999999 0.48011050781250003 0.5060638953125001 0.48453136093750004 0.4895540578125 0.4819478640625 0.4649737375 0.47656683437499997 0.45375397968750003 0.457903971875 0.43423860625 0.442278971875 0.43432950937500003 0.43306302656250006 0.43961618125 0.41907244375 0.464554578125 0.4179438390625 0.4724107234375 0.42069223906250003 0.49856 0.42319504375 0.50377849375 0.4413410296875 0.5227533796875 0.46765955156250005 0.5226002624999999
0 0.509944553125 0.5519113156250001 0.521663303125 0.5518431374999999 0.5272478390625001 0.549194121875 0.5350749609375 0.5399907421875 0.5373906453124999 0.5313427296875 0.5343361734375 0.502281375 0.5226048046875 0.48642449374999996 0.5164705890625 0.48384365625000003 0.5008455890625 0.483934559375 0.49358276874999996 0.489209865625 0.4879836109375 0.5010168109375 0.48685500625 0.5088729562500001 0.4910068515625 0.529781015625 0.49378449687500003 0.5376144359375 0.5038103390625001 0.5493304765625 0.509944553125 0.5519113156250001
0 0.513756153125 0.3511014078125 0.5112533484374999 0.3458829140625 0.49715802968749995 0.3316870828125 0.4851707515625 0.331756821875 0.4816962546875 0.334280503125 0.47582225781250004 0.34347252031250003 0.474693653125 0.3513286671875 0.47661753281249997 0.3696331609375 0.47912033750000005 0.3748516515625 0.4890499109375 0.38645519375 0.50492809375 0.3863628171875 0.5084025890625 0.3838391359375 0.515954871875 0.3720208296875 0.513756153125 0.3511014078125
0 0.5074061546874999 0.22467612812499999 0.518589846875 0.210220165625 0.5202038078125 0.20419276718749999 0.5169774921875 0.173496421875 0.5086224953125 0.1618724140625 0.499985475 0.15407308125000002 0.4863136 0.154152621875 0.48072906406250004 0.1568016375 0.47122365625 0.1686313078125 0.46841676718749997 0.1791137453125 0.47061548750000004 0.20003316875000002 0.4731182921875 0.2052516609375 0.4898280296875 0.2247783953125 0.5074061546874999 0.22467612812499999
0 0.5433776203125 0.259499234375 0.5496152484375 0.249738184375 0.5499193328125 0.23403725625 0.5474165281250001 0.2288187625 0.5354375609375001 0.21711408593749998 0.5178594359375001 0.21721635312499998 0.5122602781250001 0.22902329687499998 0.5111316734375 0.23687944375 0.5141841578124999 0.247327790625 0.523017775 0.259617684375 0.5433776203125 0.259499234375
0 0.549120775 0.32200403906249997 0.5499187921875001 0.3214244046875 0.557196234375 0.3069911703125 0.5583248390625 0.299135025 0.5572254796875 0.2886753125 0.5519450296875 0.2756234015625 0.5399660625 0.263918721875 0.5223879375 0.2640209875 0.5187565281250001 0.26665864375 0.5128825296875 0.2758506609375 0.5106253203125 0.29156295 0.5119995187499999 0.3046375890625 0.5170051296875 0.315074575 0.5254255421875 0.32214189375 0.549120775 0.32200403906249997
0 0.568033028125 0.30085600625 0.5722141187500001 0.30344820625 0.5778222375000001 0.30463904999999997 0.5882208125 0.3045785515625 0.5917453687500001 0.303334578125 0.6009613140625001 0.29804790937500003 0.6040604421875 0.2880216640625 0.5999470031249999 0.24888491093749998 0.5960288171875 0.24182128125000002 0.5862778140625 0.23272016875 0.5801436 0.23013932812500001 0.56842485 0.23020750625000003 0.5628403140625 0.232856525 0.55333490625 0.24468619375 0.5505280171875 0.2551686296875 0.5499490921875 0.2682546328125 0.553276415625 0.2813179078125 0.568033028125 0.30085600625
0 0.484714753125 0.40948485312500005 0.483586146875 0.417340996875 0.48633454687500005 0.4434902734375 0.493568121875 0.45653082500000003 0.503319125 0.4656319375 0.5040804999999999 0.4661039765625 0.5292028656250001 0.46595781875000003 0.5376508546875 0.457582621875 0.5432500124999999 0.44577567656249995 0.5443786171875 0.43791953125000005 0.542179896875 0.417000109375 0.539402253125 0.40916669062500005 0.5346714828125 0.4013446328125 0.52046455 0.38703638749999997 0.5009333 0.38715001718750003 0.495348765625 0.389799034375 0.484714753125 0.40948485312500005
0 0.549324753125 0.40330253593750004 0.5768927500000001 0.40314215000000003 0.5776963687500001 0.402558446875 0.5832955265625 0.3907515015625 0.5834648171875 0.389573078125 0.5799812203125 0.3564288703125 0.5769449609375 0.348924021875 0.5736030140625 0.345018671875 0.55910661875 0.3372534328125 0.54738786875 0.337321609375 0.5401250484375 0.342596915625 0.53284760625 0.3570301515625 0.531993840625 0.367501225 0.5339177203125 0.3858057203125 0.5483994937500001 0.402728890625 0.549324753125 0.40330253593750004
0 0.584129784375 0.8719089421874999 0.5819310640625 0.8509895203125 0.579428259375 0.8457710281249999 0.5674492921875001 0.8340663484374999 0.5481928828125 0.83679490625 0.5431434046875 0.8538317078125001 0.5445176046875 0.86690634375 0.5495232140625 0.8773433296875 0.558573978125 0.887919909375 0.5738742625000001 0.8878308953125 0.5785306265625 0.8837158875 0.584129784375 0.8719089421874999
0 0.4937119484375 0.850234878125 0.5023074234375 0.8538512390624999 0.5294401859375 0.8536933859375001 0.5386338234375 0.8499735296875001 0.56014744375 0.83153268125 0.5640683156249999 0.8223520265625 0.5642683140625 0.8019419546875 0.5623261125 0.7834631328125 0.5566183921875 0.7700648359375 0.5418617796875 0.7505267375 0.5187283640625 0.7349621625 0.5014250796875 0.7376793578124999 0.4888525640625 0.7482186093750001 0.4745871421875 0.7705420796875 0.47037680625 0.7862657343749999 0.4739497265625 0.82025979375 0.4792301765625 0.8333117078125 0.4937119484375 0.850234878125
0 0.6386757203125 0.8228289125 0.6532159828124999 0.8031203703124999 0.6591046031250001 0.7847704249999999 0.659150215625 0.7824152843750001 0.6541069015625001 0.7344313625 0.653607803125 0.732471871875 0.6460993890625 0.7168163953125 0.6383015109375 0.7077039187499999 0.6151966578125 0.6921585593749999 0.6149386453125001 0.6921600609375 0.5841929359375 0.694936078125 0.5744126890625 0.704150821875 0.5632143734375 0.7277647125 0.560653078125 0.7591779328125 0.5653546031250001 0.7853158453125 0.570635053125 0.798367759375 0.589297915625 0.81788313125 0.61573884375 0.8281760281249999 0.6158726718749999 0.8281752484375 0.6386757203125 0.8228289125
0 0.54188785 0.679187471875 0.5563696218749999 0.69611064375 0.566233590625 0.7002606953125 0.5825458046875001 0.70016579375 0.5859413375 0.698555128125 0.5985138515624999 0.6880158749999999 0.60438785 0.6788238578125 0.606703534375 0.6701758453125 0.603020678125 0.635135815625 0.5963882453125 0.6213068125000001 0.5821813125 0.6069985703125 0.5643283484375 0.60448590625 0.551206153125 0.6097953015625001 0.5439433328125001 0.6150706109375 0.5333093203125 0.634756428125 0.532180715625 0.642612575 0.5341045953125 0.6609170671875 0.536882240625 0.6687504875 0.54188785 0.679187471875
0 0.5223998421875 0.5634993546875 0.524323721875 0.5818038484375 0.5304433140625 0.5935426140625 0.5464284859374999 0.601878225 0.5632153671875 0.6017805625 0.573976365625 0.589364559375 0.5753798109375 0.5841233375 0.5729062515625001 0.5605889890625 0.5679006421875 0.5501520046875 0.5623307296875 0.54364309375 0.549787459375 0.5358664859375 0.538068709375 0.5359346640625 0.5308058890625 0.5412099718750001 0.5266101765625 0.5477757000000001 0.5223998421875 0.5634993546875
0 0.6203486500000001 0.5322453203124999 0.6195839078125001 0.5249692875 0.618492990625 0.517313284375 0.616144459375 0.5043958421875 0.602791715625 0.48805443125 0.5976344328125001 0.485884615625 0.5824418515625001 0.48597300312499997 0.5676208421875 0.4974168921875 0.5632957125 0.5100578578125 0.5661519921875 0.537233534375 0.5708896765625 0.54711188125 0.5764595890625 0.5536207937500001 0.5883369828125 0.5609845671875 0.6070260125 0.5608758375 0.6163612328125 0.552080390625 0.62014965625 0.5425027359375 0.6203486500000001 0.5322453203124999
0 0.6666765328125 0.5286265578125 0.667692278125 0.521556028125 0.665630978125 0.5019440703125 0.663378453125 0.49724742656250004 0.6555805765625 0.48813494999999996 0.6439509515624999 0.48092478749999995 0.630525028125 0.48100289687500003 0.6276871468749999 0.4830641765625 0.621538309375 0.489641265625 0.617733996875 0.5073685609374999 0.619254778125 0.521837828125 0.6217546578125 0.5288879046875 0.635961590625 0.5431961484375 0.6487672421874999 0.5449984406249999 0.6548412124999999 0.544963103125 0.657445965625 0.5430711546875 0.6666765328125 0.5286265578125
0 0.572303909375 0.4916381328125 0.569445575 0.4644428875 0.5589741390625 0.45220613125 0.5469805484375 0.44965937812499995 0.5413960140625 0.4523083984375 0.53384373125 0.464126703125 0.5338144859375 0.4824425609375 0.539934078125 0.49418133124999997 0.5542586140625 0.5002080671875 0.565682834375 0.500141603125 0.5720232203125 0.4926863765625 0.572303909375 0.4916381328125
0 0.6306681015625 0.3961426140625 0.6181248312500001 0.3883660078125 0.6119906171875 0.38578517031250004 0.5983187421875 0.3858647109375 0.5801616921875 0.39905297968750003 0.5714808046875001 0.41872743437500004 0.5703521984375 0.4265835796875 0.5733754390625 0.45534778437499995 0.5761530828125 0.463181203125 0.5909096953125 0.48271930156250004 0.5992718765625 0.48790370625 0.6073592156250001 0.49047318124999995 0.6268904656250001 0.4903595515625 0.6341532859375001 0.4850842421875 0.64814386875 0.460145846875 0.6495473140625 0.4549046296875 0.6465240734375 0.426140425 0.6437464296875001 0.4183070046875 0.6362380140624999 0.402651525 0.6306681015625 0.3961426140625
0 0.620608259375 0.6092639375 0.6422995203124999 0.609137740625 0.6440621875 0.607252309375 0.646869078125 0.5967698718750001 0.64576971875 0.5863101625 0.6407641078124999 0.5758731765625 0.6351941953125 0.569364265625 0.63101310625 0.5667720625 0.62320060625 0.5668175140625 0.6120169125 0.5812734749999999 0.61394079375 0.5995779703124999 0.620608259375 0.6092639375
0 0.6351996171875001 0.6791210671875 0.6449798640625 0.669906325 0.6477867546875 0.6594238859375 0.6461377140625 0.6437343203125 0.6369510140625 0.6307051328125 0.6336090671875 0.6267997859375 0.6179840671875 0.6268906890625 0.6143526578125 0.62952834375 0.6087535 0.6413352875 0.60762489375 0.649191434375 0.6087242546875 0.6596511453125 0.6137298640625 0.67008813125 0.6234808671875001 0.6791892453124999 0.6351996171875001 0.6791210671875
0 0.5854486203125 0.3638218640625 0.59993039375 0.38074503437499996 0.6082925734375 0.3859294375 0.6256464546875 0.390350865625 0.629359815625 0.39032926093750003 0.6392677328125 0.3831327015625 0.6470948562500001 0.373929321875 0.65186656875 0.3561091796875 0.6492281046875 0.331005875 0.6430015015625 0.31638955 0.62879456875 0.30208130624999996 0.6184792640625 0.29690826718749996 0.6048073890625 0.2969878078125 0.5992228546875 0.29963682343750003 0.5863608765625 0.3167190765625 0.5818757015625 0.32982780312500004 0.5807470968749999 0.3376839484375 0.5826709765625 0.35598844218750003 0.5854486203125 0.3638218640625
0 0.6078739265624999 0.271776203125 0.620402575 0.2887107390625 0.6229744609375001 0.2903052625 0.6513719328125 0.29014005 0.657237109375 0.2858799140625 0.6645145515624999 0.271446678125 0.664375378125 0.266868565625 0.6614277203125 0.23882346718749997 0.6609416328125 0.23745261874999998 0.6461850203124999 0.2179145203125 0.6420039296875 0.2153223171875 0.6280572156249999 0.21278693125 0.6205195546875 0.2154473109375 0.61157845 0.223348909375 0.6043010078125 0.23778214375 0.6031724015625 0.245638290625 0.60509628125 0.263942784375 0.6078739265624999 0.271776203125
0 0.6822714609375 0.3311520046875 0.686191571875 0.3321507734375 0.693551421875 0.3321079546875 0.70349561875 0.3192541578125 0.7063025078125 0.3087717171875 0.704378628125 0.2904672265625 0.6990981781250001 0.27741531406250003 0.693528265625 0.2709064 0.6893471765625 0.2683142 0.6717690515625 0.2684164671875 0.6619888031250001 0.277631209375 0.65777846875 0.293354865625 0.6611057921875 0.3064181375 0.6661114031250001 0.316855125 0.67390928125 0.32596760156250004 0.6822714609375 0.3311520046875
0 0.6655732515625 0.38239255625 0.6705788609375001 0.3928295421875 0.680604703125 0.40454558125 0.68739123125 0.408753109375 0.7053375843749999 0.4086487015625 0.7174538609375001 0.39255683124999996 0.71885730625 0.3873156109375 0.718336871875 0.3637699 0.7155592265624999 0.35593647968750003 0.709439634375 0.34419771250000003 0.6946684000000001 0.3338175421875 0.6790434000000001 0.33390844531249997 0.666181421875 0.3509907 0.66337453125 0.361473134375 0.6655732515625 0.38239255625
0 0.739036403125 0.40532573593750004 0.7641919296874999 0.40517938593749997 0.7667585734375 0.40331511875 0.77431085625 0.39149680937500003 0.776475378125 0.3814105890625 0.7733078484375 0.35127354843749997 0.7715917015625 0.3470316765625 0.761565859375 0.335315634375 0.7490225890625 0.3275390296875 0.7373038390625 0.32760720781249997 0.726409609375 0.33552016875 0.7208104515625 0.3473271140625 0.719681846875 0.355183259375 0.722430246875 0.38133253749999996 0.72743585625 0.3917695203125 0.739036403125 0.40532573593750004
0 0.7563667859375001 0.4466887828125 0.75444290625 0.42838429062500005 0.7519401015625 0.4231657953125 0.741914259375 0.41144975468749995 0.7296032734375 0.40381716093750003 0.7194036171875 0.4038765015625 0.71234254375 0.409005271875 0.7064685468749999 0.41819728906250003 0.70366165625 0.42867972656250003 0.70641005625 0.45482900156249995 0.7114156671874999 0.46526598750000003 0.718938703125 0.4717635359375 0.733955221875 0.4741473359375 0.735067415625 0.474140865625 0.751317309375 0.46372558281250004 0.7563667859375001 0.4466887828125
0 0.6676478765625 0.4876641890625 0.67601005625 0.4928485921875 0.68772880625 0.49278041562499997 0.6972342140625 0.48095074374999996 0.6999007609375 0.4709924296875 0.69786694375 0.4516419640625 0.6956144203125 0.446945321875 0.685588578125 0.4352292796875 0.6794543625 0.43264844062499996 0.6696887375 0.4327052546875 0.666057328125 0.435342909375 0.6601833296875 0.44453492656250004 0.657516784375 0.454493240625 0.6598254406249999 0.47645863437499997 0.6620779640625 0.48115527656249996 0.6676478765625 0.4876641890625
0 0.7176958375 0.538343603125 0.72057689375 0.5338351375 0.721479778125 0.52755021875 0.7203804171875 0.517090509375 0.71587536875 0.507697221875 0.7038964015625 0.4959925453125 0.6960839015625 0.496037996875 0.6924524921875 0.4986756484375 0.6882567796875 0.505241378125 0.685977934375 0.517029003125 0.6867749703125 0.5246122953125 0.69128001875 0.5340055828125 0.6951046937500001 0.5384750359375 0.7176958375 0.538343603125
0 0.6664327 0.6062612921875 0.6733031078125 0.6105208234374999 0.6924123843750001 0.6104096484375 0.70158895 0.6060567578125 0.7088663921875 0.591623521875 0.7092874265625 0.59005115625 0.70620921875 0.5607639671875 0.705293471875 0.5576294625 0.6885837359375 0.5381027265625 0.6802215546875 0.532918321875 0.6724090546875 0.532963775 0.6595617 0.5408881 0.6520094171874999 0.55270640625 0.649202528125 0.5631888421875 0.651401246875 0.5841082640625 0.6589096624999999 0.5997637421875 0.6664327 0.6062612921875
0 0.6817549390625001 0.689752409375 0.69457305 0.7001439421875 0.70788269375 0.702563515625 0.70871538125 0.702558671875 0.72136711875 0.6947550062500001 0.7349462140624999 0.670550090625 0.7314682765625 0.6374597171875 0.7225980828125 0.6227933609375 0.7128470796874999 0.6136922484375 0.706712865625 0.6111114093750001 0.691087865625 0.6112023125 0.6732056546875 0.6270055078125 0.6678813375 0.64142738125 0.6667527328125 0.6492835265625 0.6684017718749999 0.6649730921875 0.673682221875 0.6780250046875 0.6817549390625001 0.689752409375
0 0.7118557812499999 0.7334897109375 0.711474221875 0.7321836671875 0.7067434515625 0.7243616109375 0.692811359375 0.712668296875 0.68436993125 0.7105175859374999 0.6761776578124999 0.710565246875 0.6676955734375001 0.715430940625 0.6584650062499999 0.7298755406249999 0.65593295625 0.742972903125 0.6570030703125 0.771748471875 0.661733840625 0.779570528125 0.6687776328124999 0.7856541609375001 0.7085866609375 0.7854225578125 0.7141933765624999 0.7766488015624999 0.7157722515625 0.77075243125 0.7118557812499999 0.7334897109375
0 0.7112312921874999 0.86189050625 0.717105290625 0.8526984890625 0.7200876109375 0.8415609015625 0.717201790625 0.8141041609374999 0.7166140999999999 0.8108369218749999 0.704085453125 0.7939023875 0.7005702406250001 0.7917230187500001 0.6968376015625 0.791744734375 0.680647953125 0.79403874375 0.6714320078125 0.7993254125 0.662201440625 0.8137700125 0.659669390625 0.826867375 0.6615932703125 0.8451718687499999 0.666324040625 0.8529939265625 0.6741219171874999 0.8621064031250001 0.6818182203125 0.8668779750000001 0.7009516109375 0.8667666609375001 0.7112312921874999 0.86189050625
0 0.79478385625 0.8493910015624999 0.7964913874999999 0.8284488546875 0.7945675078125001 0.8101443609375 0.791515021875 0.7996960125 0.779261215625 0.7853764078125 0.7711829359375 0.7803680171875 0.769790434375 0.78037611875 0.738245590625 0.7856150296875 0.7306933078125 0.7974333375 0.7278864171875 0.8079157734375 0.7300851374999999 0.82883519375 0.7328627828125 0.836668615625 0.749847359375 0.8588102781250001 0.769742403125 0.866366446875 0.77826220625 0.8663168796875 0.788909859375 0.8585830187499999 0.79478385625 0.8493910015624999
0 0.8297458234375 0.8628904468749999 0.8328698140625 0.8580018171875 0.8350802406250001 0.8497468953125 0.8333968453124999 0.833730465625 0.8317997 0.8292262499999999 0.8262297875 0.8227173375 0.822048696875 0.8201251359375 0.808376821875 0.8202046765625 0.8022279843750001 0.8267817656249999 0.800824540625 0.8320229843750001 0.8027484203125 0.8503274781249999 0.8077540296875 0.8607644640625001 0.8096732421875 0.8630072249999999 0.8297458234375 0.8628904468749999
0 0.8977715171874999 0.8437655218750001 0.8958476375 0.8254610281250001 0.890842028125 0.8150240453125001 0.8808161859375 0.803308003125 0.8731198828125001 0.79853643125 0.86000139375 0.7986127515625 0.8515193109375 0.803478446875 0.8453704734375 0.8100555359375001 0.8408852984375 0.8231642640624999 0.842809178125 0.8414687578125 0.8480896281250001 0.8545206703125 0.864524525 0.8714324781249999 0.8762500937500001 0.87356408125 0.879049575 0.87354779375 0.8893654703125 0.8660549046874999 0.8977715171874999 0.8437655218750001
0 0.8012818015625 0.7598679859375 0.7939938171875001 0.7619196203125 0.7867163749999999 0.7763528578125001 0.7903185390624999 0.792031059375 0.7994229140625 0.8005286421875001 0.8083723078125 0.8004765765625 0.81738745 0.78925705 0.8182412140625 0.7787859765625 0.8132356046875 0.76834899375 0.8041312296875001 0.7598514093750001 0.8012818015625 0.7598679859375
0 0.7248625468750001 0.7066285625 0.7206522125 0.7223522140624999 0.7228509328125 0.7432716375 0.730359346875 0.7589271140625 0.7403851890625 0.7706431546875 0.7462180703125 0.7742594375 0.7671599062500001 0.7741376015625 0.7735883140625 0.770449984375 0.7844971671875001 0.753379096875 0.7873040578125 0.7428966609375001 0.7845556578124999 0.7167473828125 0.7798248875 0.7089253249999999 0.763389990625 0.69201351875 0.751121559375 0.6868518390625 0.745262184375 0.6868859281249999 0.7324148296875 0.6948102515625 0.7248625468750001 0.7066285625
0 0.8719507625 0.7682335171875 0.87290028125 0.763322003125 0.8700363234375 0.7360732703124999 0.8580771609375001 0.7199084906250001 0.84580873125 0.7147468140625 0.8321076109375 0.733142209375 0.8279118984375 0.7397079343749999 0.8295609374999999 0.7553975015625001 0.8345665468749999 0.7658344859375 0.8401364593749999 0.772343396875 0.8448234093749999 0.7752492234374999 0.8660893937499999 0.7751255015625 0.8719507625 0.7682335171875
0 0.8713991078125 0.7601957546875 0.874176753125 0.7680291734375 0.884477434375 0.7823601421874999 0.8935564125000001 0.7890368015625 0.9136417578125 0.7889199484375 0.925493059375 0.7821215203125 0.929688771875 0.7755557937499999 0.927519296875 0.736320515625 0.9127626859375001 0.7167824171875 0.90440050625 0.711598015625 0.88877550625 0.71168891875 0.877881275 0.7196018796875 0.872007278125 0.728793896875 0.8692003875 0.7392763343750001 0.8713991078125 0.7601957546875
0 0.8399273812500001 0.73037681875 0.8438482531249999 0.7211961640625 0.8461054640624999 0.7054838734375 0.8416787796874999 0.6819608859375 0.8246942015625001 0.6598192234375 0.8205131124999999 0.657227021875 0.805349109375 0.6550928093749999 0.8018190203125 0.655113346875 0.7970756125 0.6573633765625 0.7898127921875 0.6626386828124999 0.78393879375 0.6718307 0.7794536187500001 0.6849394281250001 0.7794243734374999 0.703255284375 0.782476859375 0.7137036328125 0.79500550625 0.7306381656250001 0.8067951484375 0.737947534375 0.8186730421874999 0.73787843125 0.8399273812500001 0.73037681875
0 0.7462194390625 0.6481137718750001 0.7475936390625 0.661188409375 0.7548272140625001 0.6742289593749999 0.7637699046875001 0.680349996875 0.7801645796875001 0.680254615625 0.7851730171875 0.6724170843749999 0.781726946875 0.6396299140624999 0.7708888703125 0.6287145515625 0.7547374265625 0.6288085171875 0.7462194390625 0.6481137718750001
0 0.859743040625 0.7220049390625001 0.8764395421875 0.7219078015625 0.8860840781249999 0.7149025546875001 0.8886015046875 0.7109631171874999 0.8941779171875 0.6682594859375001 0.8929709109375 0.6567755953125001 0.8900926859375 0.650774328125 0.8822948078125 0.6416618515625 0.8700263781249999 0.636500175 0.8524482531249999 0.636602440625 0.836244328125 0.649779346875 0.8300662453125 0.674672290625 0.831715284375 0.6903618546875 0.8369957343750001 0.7034137687500001 0.8512026671875 0.7177220109375 0.859743040625 0.7220049390625001
0 0.828931196875 0.627614525 0.8275707390625 0.6146706328125 0.8221271390625 0.6033204125 0.8083156390624999 0.589410421875 0.8046733171874999 0.5894316125 0.7867106703125 0.5917520875 0.77580181875 0.608822978125 0.778275378125 0.6323573265625 0.7832809875 0.6427943109375 0.79525995625 0.6544989906249999 0.8004551062499999 0.6566847375 0.8175750890625 0.6565851359375 0.8242819906250001 0.6517136171875 0.8279280234374999 0.6399180375 0.828931196875 0.627614525
0 0.7534558421875001 0.6286415390625 0.7573767140625 0.6194608828125 0.7574299296875 0.61671321875 0.755816053125 0.6013582109375 0.7384682578125 0.5790147265625001 0.7247963828125 0.5790942671875 0.7136126890625001 0.593550228125 0.7127589249999999 0.6040213015625 0.7163610890625 0.6196995046875 0.7222058421875001 0.6288233453125 0.730568021875 0.6340077484375 0.7386553625000001 0.636577225 0.748146146875 0.6339054828124999 0.7534558421875001 0.6286415390625
0 0.754428909375 0.5772162828125 0.7552213171875 0.576640721875 0.760214215625 0.56882750625 0.75719943125 0.540143759375 0.7441399828125 0.5269911828125 0.7324212328125 0.5270593609375 0.7232052875 0.5323460296875 0.720687859375 0.5362854671874999 0.7198340953125 0.546756540625 0.721483134375 0.5624461078125 0.7239859390625 0.5676646015625 0.7317838171875 0.576777078125 0.732696171875 0.5773427203125 0.754428909375 0.5772162828125
0 0.77239370625 0.5223908265625 0.7733992109375001 0.5218140265625 0.77528728125 0.518859446875 0.7712333921875001 0.4802892640625 0.76872693125 0.47736025312499997 0.7623178765625 0.4721644875 0.7505991265625 0.4722326640625 0.73718746875 0.48408506406249996 0.7357840234374999 0.48932628125 0.7371582234375 0.5024009203124999 0.7421638328125 0.5128379046875 0.7499617109375001 0.52195038125 0.75151335 0.5225123046875 0.77239370625 0.5223908265625
0 0.799326209375 0.4500688796875 0.795547159375 0.414113621875 0.7841288390625001 0.400770353125 0.7726849296875 0.403453459375 0.76290468125 0.41266820312499997 0.7598229515625 0.4205357109375 0.76174683125 0.4388402046875 0.7667524421875 0.449277190625 0.77455031875 0.4583896671875 0.786543909375 0.4609364171875 0.7957598546875 0.4556497453125 0.799326209375 0.4500688796875
0 0.798034715625 0.41825732968749996 0.7977013859375 0.45227411562500003 0.8027631921875 0.45498555781250005 0.8074764140624999 0.45495813749999997 0.81053411875 0.4535077203125 0.8159885453125 0.44497227500000003 0.8139897078124999 0.42595461874999996 0.804733234375 0.41691009531249995 0.798034715625 0.41825732968749996
0 0.8355064640625001 0.5116706 0.8366292203125001 0.507477625 0.8342533812499999 0.484873028125 0.8244105078124999 0.471178990625 0.816048328125 0.4659945875 0.8006981671875 0.46870041875 0.7965024546875 0.47526614531250005 0.792572809375 0.4899415578125 0.7930675203125 0.4946484265625 0.796169125 0.50928293125 0.8103760578125 0.523591175 0.8260010578125 0.5235002718749999 0.8355064640625001 0.5116706
0 0.80587934375 0.527293071875 0.7895540125 0.510494009375 0.7817415125 0.5105394609375 0.7574356250000001 0.53030481875 0.7563070203125 0.538160965625 0.7629616703125001 0.564287515625 0.7741326875000001 0.57553819375 0.7990147546874999 0.575393434375 0.802009546875 0.573218184375 0.8092061296875 0.55894531875 0.80587934375 0.527293071875
0 0.87354228125 0.5611762421875001 0.8716184015625 0.5428717484375001 0.86884075625 0.535038328125 0.8629960046875 0.5259144890624999 0.8484527203125 0.51569450625 0.8343287328125 0.515776678125 0.827290075 0.5208891671875 0.8166560625000001 0.540574984375 0.819129621875 0.5641093328125 0.8244100718749999 0.5771612453125 0.834710753125 0.5914922140625001 0.8422988734375 0.5939030796875 0.8585802749999999 0.5938083578125 0.8698816265625 0.582129753125 0.8724136765624999 0.5690323890625 0.87354228125 0.5611762421875001
0 0.991109015625 0.7723566234375 0.9881315828125 0.7440282390624999 0.9821036031249999 0.733161115625 0.9690677921875 0.7244958171875 0.9561492656249999 0.724570975 0.9422019609375001 0.7347015171875 0.9372967546875 0.751251553125 0.9399038078125 0.776056009375 0.9424036875 0.7831060875 0.950201565625 0.7922185640625 0.9657778390624999 0.7995608187500001 0.9674367890625 0.7995511671875 0.981451565625 0.7920367578125 0.9890038484374999 0.78021845 0.991109015625 0.7723566234375
0 1 0.669267853125 0.991614128125 0.669316640625 0.98602959375 0.6719656578125 0.9776235468750001 0.6942550390625 0.9795474265624999 0.7125595328125 0.9845530359374999 0.7229965171875 0.9923509125000001 0.73210899375 0.9974572640625 0.7352748390625 1 0.7352600453125 1 0.669267853125
0 0.942610471875 0.6456177171874999 0.9487446875 0.6481985546875 0.9724570281249999 0.6506771296875 0.9869826671874999 0.6401265140625 0.9955057203125 0.6208097765625 0.9916259796875 0.5838965046875 0.9820794156250001 0.5655840296875 0.9742815374999999 0.556471553125 0.9620131078125 0.5513098765625 0.9483412328125 0.5513894171875 0.9410784124999999 0.5566647234375 0.926812990625 0.5789881953125 0.924280940625 0.5920855578124999 0.927029340625 0.6182348359375001 0.93203495 0.628671821875 0.942610471875 0.6456177171874999
0 0.904434284375 0.6341914281250001 0.9123553734375 0.6217959859375 0.9123612218750001 0.6181328109375 0.9099426312500001 0.5951214499999999 0.909332134375 0.59303178125 0.8993062921874999 0.5813157390625 0.8889909859375 0.5761426984375 0.8758687921874999 0.5814520937500001 0.8669130640624999 0.598511621875 0.8671586578125 0.6194424015625 0.8696614640625 0.624660896875 0.877459340625 0.6337733734375 0.8783781484375 0.63434301875 0.904434284375 0.6341914281250001
0 0.917929115625 0.5223549265625 0.9168572390625 0.5121567078125 0.913758559375 0.49569061875 0.9090277906249999 0.48786856093750003 0.901504753125 0.48137101250000003 0.898397325 0.47944446249999995 0.880933334375 0.47954606406250005 0.8682870046875 0.49072211093749996 0.865480115625 0.501204546875 0.8654596437500001 0.5140256453125 0.8662841625000001 0.521870428125 0.871006159375 0.53518724375 0.8810320015625001 0.5469032859375 0.8883205203125 0.5514220375 0.9034970250000001 0.55133374375 0.9173314796875 0.529684678125 0.917929115625 0.5223549265625
0 0.9653242750000001 0.5270312078125 0.9632354921875 0.507157759375 0.9607356109375 0.50010768125 0.9527514828125 0.488508971875 0.9330487640625 0.48862359843750003 0.9255793609375 0.5003122140625 0.9231739140625 0.5127547109374999 0.9246855328124999 0.5271368109375001 0.9297019609375001 0.5395361265624999 0.9352718734375 0.5460450421874999 0.945332478125 0.5510903515625001 0.9535790078125 0.551042375 0.9606624984375 0.5458973234375 0.96430853125 0.5341017390625 0.9653242750000001 0.5270312078125
0 0.9403591562500001 0.47405046406249995 0.9501057515625 0.4775801765625 0.9642408828125 0.477497940625 0.9699308703125 0.47649494375 0.9772083125 0.462061709375 0.9794889109374999 0.4535447296875 0.974404371875 0.40516856562500003 0.97284011875 0.401907009375 0.9586331859375001 0.38759876718749997 0.9351956859375001 0.3877351234375 0.927932865625 0.3930104296875 0.92205886875 0.4022024453125 0.9178485343749999 0.417926103125 0.9169947687500001 0.428397175 0.9186438078125001 0.444086740625 0.9261522234375 0.45974221875000004 0.9403591562500001 0.47405046406249995