0 0.8251672911652033 0.4732958428024647 0.0621529000125431 0.06682058456006068
0 0.7626130813482543 0.4982789654276383 0.07527457802836253 0.07977274317277364
0 0.8980569576960515 0.5398280729508327 0.057387859666243914 0.06505587148541672
0 0.2764855326709653 0.4225432279641665 0.09287645911302356 0.0909808087834767
0 0.8894865938440735 0.47336727156406183 0.0593208687625431 0.06675466830104604
0 0.32083927817830826 0.272505553952222 0.06854713874175226 0.07494659173139766
0 0.5130233737358237 0.38253125133118016 0.0648443327142946 0.0713582315490365
0 0.8393131224298369 0.5498219752112841 0.05617981859511403 0.06658427686868489
0 0.6502774130203435 0.3730627195117009 0.06339710715480287 0.06373649810013901
0 0.9736372965188094 0.5268721716403117 0.05272540696238117 0.08406044462368065
0 0.19463689382734922 0.40170535752319425 0.10486492591316506 0.10828431213166248
0 0.8196694197175185 0.37304126966420076 0.05927699677418161 0.057609075417777864
0 0.5382459483032822 0.45487837680614546 0.05954150537028333 0.0698728493776997
0 0.4225216684115319 0.5571701882609025 0.06540608857432276 0.0747762002990365
0 0.155634338943961 0.5461288111704166 0.06860591842977488 0.07767187483360231
0 0.9423764750919827 0.4611569058727424 0.0627481114528539 0.0698502012845097
0 0.994970938863476 0.25790265967246445 0.010058122273047943 0.05567397091077257
0 0.5878282183948077 0.46548791527513844 0.05376530447593293 0.06195579255305574
0 0.49088986883571134 0.4387273531547914 0.0644082677028539 0.06988884185013902
0 0.21487009564113618 0.5486712765011458 0.07127994571867324 0.08269553009812931
0 0.7776411447258806 0.41793684878638826 0.08303329376672419 0.08909790103749575
0 0.2361156331285931 0.4823007408819443 0.07179918483576353 0.07638424143930997
0 0.46001763533311124 0.33200522767982604 0.0814707937667242 0.0890615334463151
0 0.9649510960485916 0.3265266795240965 0.053879010893362535 0.0620557217775044
0 0.8577754960820398 0.504690659956805 0.042351933212401605 0.04933524325597229
0 0.5632225621552603 0.5209573184855204 0.06986617573946426 0.07468544462368065
0 0.9328713715313055 0.517843316966909 0.04782589141644138 0.05422950227951393
0 0.9891886115553833 0.3543237179930895 0.021622776889233464 0.08606138373840277
0 0.6878858326542412 0.3251330593674647 0.05370538232014184 0.05271254341978739
0 0.7194902130036193 0.2836170533835411 0.07519703768206298 0.07811713287167103
0 0.6342095947426047 0.5091099754956245 0.06129931787028333 0.06991376291777769
0 0.5577263929288179 0.36345328980017316 0.05859590073737362 0.06352746610214854
0 0.6495903362483668 0.4452286602411453 0.0775593355626846 0.08420364201395394
0 0.7078622317891581 0.4705364783454161 0.06112412127398379 0.06825587964222653
0 0.8508001581202311 0.42407643959208263 0.06329945090480323 0.06373422512569019
0 0.49728421880226303 0.26290908235322885 0.06964147339545264 0.07331825712368065
0 0.8546664447091565 0.32830934470232576 0.07010692825090459 0.07615028837368065
0 0.5178626612232805 0.31654257541937464 0.05653584554706281 0.06046375476096788
0 0.4151303027624909 0.43107981373586773 0.07366392752607424 0.07944340683159297
0 0.6023951840104004 0.4157418352030204 0.05497334554706281 0.06042738716978739
0 0.3225667384863332 0.4834255233670136 0.07546989052836243 0.07977728912167095
0 0.6723715831453172 0.559981491263194 0.05310860285675201 0.057368221777504405
0 0.9851204964712033 0.4605380036122909 0.02975900705759358 0.07310922512569
0 0.19885756076565278 0.26514960847312485 0.061013125347401866 0.06698862136667535
0 0.9810247158333845 0.28757262908725617 0.03795056833323116 0.05420685418632374
0 0.9648828737808637 0.3978931864579507 0.07023425243827255 0.07615483432257815
0 0.3664000697509669 0.5592606715434025 0.06126721753542448 0.06971845041777769
0 0.7969646952002325 0.5641397015599299 0.049160978581582526 0.05406601142179675
0 0.5299374937939009 0.21823170877812462 0.0553949284141531 0.05411382553651913
0 0.9373956134445228 0.24952842164031175 0.07337773500319286 0.07651826528049047
0 0.8738575607656529 0.24943880908312427 0.06847887233576344 0.07630696030805133
0 0.17544004247119002 0.313533210296736 0.06102646502398379 0.06825360666777787
0 0.9113450165810206 0.31052112623746453 0.07281191340689333 0.07485129010714413
0 0.38427464652294346 0.486694687310972 0.07569052713610258 0.08289547019832462
0 0.5733764812980819 0.2391793352030204 0.05196205196449224 0.06045458121187508
0 0.7552901719220367 0.22945557703489525 0.06271872160884265 0.06848755973340719
0 0.7167527478791026 0.5675751325057286 0.04067572679497218 0.0491989464403428
0 0.8155531393346923 0.23824804236562436 0.08109871664734598 0.09508439930403219
0 0.1195084924879142 0.4026697518998611 0.08066265163590498 0.09361500960513461
0 0.7598458661401171 0.34306413535552027 0.06898206128542447 0.06989801539923182
0 0.5218471358241873 0.5650534638121176 0.06092110285675219 0.05755005973340719
0 0.2416528393514163 0.339440440445104 0.07013902858576362 0.07634560087368066
0 0.13851699738802656 0.34654638525861103 0.04919307891644129 0.054261323921796924
0 0.4481470978456543 0.39815755775194417 0.04577917590271241 0.052430776239435775
0 0.6219538532368428 0.5729185555677427 0.07968922518206298 0.07822168969631527
0 0.5977852799753711 0.32566169586034677 0.08047411536302355 0.09069214102848093
0 0.7124772424879142 0.38886825104683975 0.08182525269559413 0.09062630642076393
0 0.10797808894396103 0.5472380227014236 0.04698001519141322 0.06802395459715278
0 0.6230871527290425 0.2505701236720134 0.06804687306059413 0.07308657703249999
0 0.5171613380454296 0.5079131110385761 0.04917546072593293 0.06184896275396277
0 0.1663492643765026 0.47294523109829856 0.07000791675548106 0.07673167992478298
0 0.8039285625627157 0.3106685562333327 0.056860914631921486 0.06066588618431421
0 0.34833884874418575 0.4302816863610414 0.04898578198528307 0.05240812814624576
0 0.7566073398424924 0.5619420751350341 0.04793688734302322 0.0554967605550651
0 0.8978902951667843 0.38612119149194374 0.0672764650239838 0.06839907703250007
0 0.2567025866558221 0.24968695621267342 0.08466134968186534 0.08894122910312507
0 0.6806011844178557 0.20923530243361058 0.07258564303980322 0.08116939768930997
0 0.2819468451500601 0.31262271409645814 0.04982445642788198 0.05573525956959209
0 0.29390474698057123 0.5476159631465276 0.10071271519768477 0.10196157694930115
0 0.9748911605509967 0.20456010733576308 0.05021767889800657 0.07614111482458767
0 0.4561062786693844 0.5038445132990275 0.08435347323220448 0.09535471996084191
0 0.5464704429120937 0.27588055461781213 0.053492451629633564 0.060295636303055566
0 0.4782146952002326 0.5715586901607635 0.03881098410466155 0.04613978104805998
0 0.08506844070757553 0.431703941679375 0.03659948840271245 0.05221711664124999
0 0.39471619201356223 0.24961160818878442 0.05035140146220414 0.060125244870694504
0 0.11593153446802813 0.4858822954028472 0.05836963037028324 0.06984557368431439
0 0.43872299469243237 0.2501558156357288 0.060282523562882065 0.07319770782659721
0 0.3742393603414733 0.3779190993550692 0.05366764822593293 0.06195351957860682
0 0.6471649572049755 0.3111803153513884 0.05308577646220414 0.06018888815526049
0 0.7725816135281437 0.6925381117041661 0.075698658608645 0.07939348304501728
0 0.39170704916836524 0.31242073271381915 0.06408997484511376 0.06676838779903652
0 0.13538285764587907 0.2940753486894791 0.04494727768723217 0.04618532218833336
0 0.3180110442682529 0.36981696504638867 0.06476272663172403 0.07145361482458776
0 0.09298022059932581 0.33192149401607635 0.05714710715480298 0.06359102773541672
0 0.988450983900601 0.14765549069451306 0.023098032198797823 0.051047759569592045
0 0.07568430096542804 0.3793783754749652 0.035277740914153144 0.05364559280006951
0 0.9053877495925449 0.18361313412124927 0.06867825057203447 0.0745605126802952
0 0.9482703925213626 0.559049545215416 0.03836293466206264 0.04282174152250882
0 0.41345194560768783 0.3683797919843747 0.05239968499901195 0.05423867582860682
0 0.682379450100345 0.5111257639646175 0.03847257534322086 0.044672664323611146
0 0.8517491442348046 0.1817246322213882 0.04603597858158252 0.05399327623943577
0 0.5673947545762779 0.5749726712590622 0.03068175927000034 0.03515219395888884
0 0.08662923848633323 0.4889170296352778 0.022274551964492195 0.059763596979444424
0 0.6700363442515287 0.2737887649145481 0.04444408873757126 0.05259426709715278
0 0.3577406393346922 0.2489037465815275 0.039695098558701146 0.05092721027250864
0 0.06043536524158566 0.3295420296352778 0.020138524450961003 0.04735898025499567