0 0.865625 0.31015625 0.121875 0.13671875
0 0.0890625 0.64921875 0.08671875 0.1046875
0 0.4234375 0.6171875 0.0890625 0.1046875
0 0.7296875 0.3390625 0.07265625 0.0953125
0 0.57265625 0.35078125 0.06796875 0.0890625
0 0.3203125 0.35625 0.10078125 0.1375
0 0.2921875 0.56796875 0.06171875 0.07421875
0 0.43671875 0.1484375 0.10703125 0.16015625
0 0.5765625 0.68046875 0.08359375 0.10390625
0 0.3703125 0.54375 0.08984375 0.10703125
0 0.4953125 0.44375 0.08046875 0.11640625
0 0.49609375 0.67890625 0.059375 0.08203125
0 0.26015625 0.2578125 0.0765625 0.0953125
0 0.521875 0.74453125 0.05859375 0.0734375
0 0.6984375 0.6171875 0.0453125 0.05390625
0 0.0828125 0.76796875 0.0796875 0.109375
0 0.4046875 0.3953125 0.078125 0.09609375
0 0.03359375 0.8375 0.0671875 0.09140625
0 0.80390625 0.73671875 0.05625 0.08125
0 0.61484375 0.29296875 0.04765625 0.05390625
0 0.1359375 0.5203125 0.04765625 0.0546875
0 0.16796875 0.65 0.06171875 0.08359375
0 0.3765625 0.68984375 0.06640625 0.08515625
0 0.23515625 0.34765625 0.06171875 0.08515625
0 0.80859375 0.7890625 0.0296875 0.03203125
0 0.9 0.5421875 0.046875 0.06875
0 0.63515625 0.83203125 0.05625 0.07265625
0 0.76796875 0.78359375 0.03828125 0.04921875
0 0.68828125 0.21875 0.046875 0.053125
0 0.51875 0.2390625 0.08125 0.1046875
0 0.38046875 0.759375 0.0515625 0.05625
0 0.5078125 0.3421875 0.0625 0.0921875
0 0.3390625 0.740625 0.03515625 0.0484375
0 0.9609375 0.0375 0.07265625 0.075
0 0.5859375 0.44140625 0.0609375 0.08515625
0 0.665625 0.57109375 0.065625 0.08125
0 0.825 0.828125 0.0359375 0.05546875
0 0.228125 0.7828125 0.0375 0.05
0 0.79140625 0.82421875 0.02734375 0.04296875
0 0.9140625 0.20390625 0.03671875 0.05703125
0 0.6390625 0.6171875 0.03203125 0.0484375
0 0.88828125 0.06484375 0.0421875 0.0484375
0 0.625 0.04921875 0.0390625 0.046875
0 0.36953125 0.4578125 0.0421875 0.05546875
0 0.83046875 0.14765625 0.03515625 0.046875
0 0.13828125 0.7125 0.0546875 0.06171875
0 0.87109375 0.45390625 0.03046875 0.04609375
0 0.58359375 0.83203125 0.0390625 0.053125
0 0.309375 0.1859375 0.09609375 0.121875
0 0.46875 0.8203125 0.03046875 0.04765625
0 0.8734375 0.575 0.0296875 0.0390625
0 0.3484375 0.82890625 0.0765625 0.1109375
0 0.3375 0.6140625 0.05859375 0.07265625
0 0.6125 0.7984375 0.03125 0.04140625
0 0.6140625 0.7375 0.04765625 0.059375
0 0.8359375 0.5328125 0.0375 0.05234375
0 0.7765625 0.28203125 0.06328125 0.078125
0 0.11171875 0.57265625 0.04765625 0.05859375
0 0.58828125 0.5921875 0.0390625 0.05234375
0 0.2140625 0.58515625 0.06953125 0.0921875
0 0.73046875 0.70703125 0.03359375 0.04921875
0 0.24375 0.70078125 0.03671875 0.05078125
0 0.2078125 0.4484375 0.03359375 0.040625
0 0.68125 0.1109375 0.03515625 0.04921875
0 0.15078125 0.58984375 0.03671875 0.04140625
0 0.484375 0.7765625 0.0296875 0.04296875
0 0.684375 0.4984375 0.0578125 0.0828125
0 0.68046875 0.80078125 0.0359375 0.0515625
0 0.5171875 0.565625 0.05703125 0.08671875
0 0.23828125 0.74375 0.03359375 0.0375
0 0.75234375 0.75234375 0.028125 0.03984375
0 0.2015625 0.7046875 0.053125 0.0640625
0 0.53828125 0.50390625 0.040625 0.05546875
0 0.84140625 0.01484375 0.03984375 0.0296875
0 0.31484375 0.49296875 0.0703125 0.09609375
0 0.38203125 0.27578125 0.12421875 0.1296875
0 0.47109375 0.275 0.04375 0.05234375
0 0.2234375 0.83828125 0.03671875 0.05
0 0.77265625 0.21875 0.02734375 0.04609375
0 0.9546875 0.48125 0.03359375 0.04609375
0 0.66171875 0.0765625 0.03203125 0.0453125
0 0.79609375 0.015625 0.0328125 0.03046875
0 0.53046875 0.1421875 0.0609375 0.08203125
0 0.6671875 0.03125 0.03984375 0.0453125
0 0.80703125 0.11796875 0.03515625 0.040625
0 0.98046875 0.2640625 0.0390625 0.1015625
0 0.4078125 0.46171875 0.0359375 0.04453125
0 0.65234375 0.24453125 0.04375 0.05546875
0 0.90234375 0.47265625 0.040625 0.06015625
0 0.54921875 0.296875 0.03125 0.0453125
0 0.5671875 0.759375 0.03828125 0.046875
0 0.64609375 0.3671875 0.07265625 0.1140625
0 0.58359375 0.2671875 0.034375 0.05078125
0 0.21875 0.653125 0.03359375 0.04296875
0 0.59296875 0.7734375 0.028125 0.0328125
0 0.921875 0.61015625 0.0265625 0.034375
0 0.76015625 0.1734375 0.03359375 0.040625
0 0.89921875 0.41796875 0.0359375 0.05234375
0 0.70703125 0.1625 0.04609375 0.05703125
0 0.88046875 0.7484375 0.03203125 0.04765625
0 0.64609375 0.1125 0.02734375 0.0421875
0 0.83828125 0.6046875 0.040625 0.05703125
0 0.86171875 0.17265625 0.03359375 0.05
0 0.23671875 0.46875 0.034375 0.0453125
0 0.25234375 0.6421875 0.0390625 0.05703125
0 0.93515625 0.3609375 0.05703125 0.0734375
0 0.46484375 0.5578125 0.0359375 0.04609375
0 0.709375 0.0328125 0.03515625 0.0484375
0 0.8671875 0.64453125 0.05546875 0.08359375
0 0.4421875 0.35546875 0.03203125 0.0390625
0 0.84609375 0.73671875 0.02265625 0.0359375
0 0.95390625 0.61875 0.0390625 0.059375
0 0.5625 0.553125 0.0296875 0.04453125