0 0.10440605624999999 0.74356789375 0.0944131109375 0.735584934375 0.0825428140625 0.7301720484375 0.0630115640625 0.7298311296875 0.05527483749999999 0.7322989296875 0.0284615015625 0.750050809375 0.0220048984375 0.7562593 0.024139546875 0.8296223953125 0.02495110625 0.8306777000000001 0.034013834375 0.8392300625000001 0.0775462015625 0.8399899218750001 0.099018309375 0.826764859375 0.11099377343750001 0.8022468734375 0.113639309375 0.7925323859375 0.1125890046875 0.75643574375 0.10440605624999999 0.74356789375
0 0.12140672968749999 0.583139021875 0.11742470625000001 0.580466671875 0.0879005109375 0.5721427921875 0.0820411359375 0.5720405171875 0.0686723546875 0.582218540625 0.0509132890625 0.6092384171874999 0.045811648437500005 0.6351778078125 0.044464712499999996 0.65597705 0.04476780625 0.666393715625 0.0492044703125 0.684691065625 0.062392310937499994 0.701839746875 0.07043213125 0.7097886140624999 0.08068584375 0.7166699171875 0.10868877031249999 0.7171587109375 0.11933602968749998 0.7132450796875001 0.130827459375 0.7056371312499999 0.1393513140625 0.6966759625 0.1449075953125 0.6863615703125 0.1501607828125 0.6656305140625001 0.14902417968749998 0.6265680140625001 0.1467679609375 0.6161172546875 0.14255861718750001 0.605632403125 0.1374863703125 0.5990367578125 0.12140672968749999 0.583139021875
0 0.10445967812500001 0.530721259375 0.1036034375 0.5012941750000001 0.09967863437499999 0.487170309375 0.091259946875 0.46620060781249995 0.0841588015625 0.4569667046875 0.0562846375 0.43826025 0.0465190125 0.43808979062500003 0.031121332812500003 0.44562955468750004 0.013922075 0.4583435609375 0.013358870312500002 0.45911458281249995 0.0161961671875 0.55662615625 0.0249928359375 0.5704590953124999 0.028974859375000002 0.573131446875 0.04865765625 0.5786806984374999 0.05842328125 0.5788511578125 0.0738209609375 0.5713113937500001 0.09102021875 0.5585973875 0.101421425 0.54706614375 0.10445967812500001 0.530721259375
0 0.1328981359375 0.43464030937500003 0.1314871984375 0.3861495421875 0.1301437875 0.3835883203125 0.11695594843749998 0.36643963749999997 0.11220782968750001 0.364274484375 0.09189533125 0.36391992812499996 0.0857059484375 0.3658941671875 0.0752289671875 0.3748212453125 0.07005155468749999 0.3981564703125 0.0706577421875 0.418989803125 0.0750186328125 0.4346829875 0.07806198125 0.438640375 0.09530069375 0.45143492968750004 0.11651162968749999 0.45180516718749997 0.1251643015625 0.44727108125 0.1328981359375 0.43464030937500003
0 0.1481500171875 0.81154989375 0.1673166828125 0.81188445 0.18053302499999999 0.8054128171875 0.19093423125 0.7938815734375 0.1975748234375 0.7789009890624999 0.1959102421875 0.7216930296874999 0.1915528265625 0.714505628125 0.167433365625 0.690659025 0.161573990625 0.69055675 0.14625208437499998 0.7007006812500001 0.1292043734375 0.7186230203124999 0.12458676875000001 0.727652375 0.121135159375 0.743209190625 0.1223475359375 0.78487585625 0.133506478125 0.799386278125 0.1481500171875 0.81154989375
0 0.19698737500000002 0.5708584265625001 0.18151392187499998 0.575794025 0.171112715625 0.5873252703125 0.1621806 0.61580064375 0.1625594671875 0.6288214765625 0.1647399125 0.6366680671875 0.17939684375 0.6707608781250001 0.18446908906249998 0.677356525 0.2083612296875 0.693390628125 0.22188155781250002 0.6884209375 0.24861912031250002 0.6680648921875 0.253236725 0.6590355390625 0.2567641078125 0.6460828890625 0.258338365625 0.633096146875 0.25765640312500004 0.609658646875 0.2512666140625 0.5913272046875 0.24416546874999998 0.5820933 0.22628425000000002 0.5713698046875 0.19698737500000002 0.5708584265625001
0 0.12439899218749999 0.51825029375 0.11937312656250001 0.5467938515624999 0.1216293453125 0.557244609375 0.1258386890625 0.5677294609375 0.132939834375 0.5769633640625 0.1429327796875 0.584946325 0.1454215453125 0.58661654375 0.1732047484375 0.5871015015625 0.185674209375 0.577883846875 0.1959996421875 0.5637484359375 0.20132860312499998 0.5456215453125 0.19854196875000002 0.5169416203125 0.19433262499999998 0.50645676875 0.18114478437499998 0.4893080890625 0.161310440625 0.47855050312499997 0.157404190625 0.47848231874999997 0.1365260046875 0.498940640625 0.12439899218749999 0.51825029375
0 0.22604608124999997 0.41558543437499995 0.21559725312500003 0.4019984015625 0.20763320625 0.3966537015625 0.1997449328125 0.393913165625 0.1821668078125 0.39360633906250003 0.16433196875 0.4180220484375 0.1648623828125 0.436251215625 0.16929904843750002 0.45454856718750003 0.176475965625 0.4663866375 0.196386084375 0.479748390625 0.202245459375 0.479850665625 0.2118595375 0.47481279218749994 0.22139784062499998 0.467170753125 0.22731149843749998 0.45907501718750005 0.22604608124999997 0.41558543437499995
0 0.2334232890625 0.776468384375 0.2419177515625 0.8000422515625001 0.255105590625 0.8171909312500001 0.2611165125 0.822501540625 0.2707857578125 0.8277458671875 0.3069918078125 0.8283778453125 0.32549386406249997 0.821022409375 0.339649775 0.8043510156250001 0.3488092109375 0.7836881421874999 0.3504592421875 0.7733055671875 0.3501561484375 0.7628889 0.3478999296875 0.7524381421874999 0.3416616859375 0.7393150312500001 0.33042697187500003 0.72220044375 0.3087152765625 0.7140129328125 0.2774652765625 0.7134674609375 0.26972855 0.7159352609375 0.2409620890625 0.7336530484375 0.234391359375 0.7426483109375 0.232741328125 0.753030884375 0.2334232890625 0.776468384375
0 0.27836785625 0.5683746625 0.2803045515625 0.562812353125 0.2789633609375 0.516718603125 0.2788055109375 0.516325421875 0.26358877187499996 0.49653848125 0.2596067484375 0.49386613125 0.2548586296875 0.4917009765625 0.24431175624999998 0.49151688125000004 0.23812237343749998 0.4934911203125 0.234291896875 0.496027103125 0.2277211671875 0.5050223640625 0.21856172968749998 0.5256852390625 0.215034346875 0.5386378875 0.21533744062500002 0.5490545546875001 0.232886171875 0.58189641875 0.2418116296875 0.5867373328125 0.258960065625 0.587036659375 0.27836785625 0.5683746625
0 0.30198959375 0.5097024218749999 0.306616475 0.507700909375 0.3293720140625 0.4846725125 0.3339138453125 0.4730389921875 0.3329287890625 0.439184825 0.33074834375 0.4313382328125 0.328643671875 0.426095809375 0.31545583125 0.4089471265625 0.30546288593750004 0.40096416718750005 0.297589765625 0.3987444671875 0.29387883124999997 0.3986796921875 0.26076833125 0.407992553125 0.2522444765625 0.41695372343750003 0.24864132031250002 0.42730220625 0.24691551562499997 0.4350806140625 0.24767325156250003 0.46112228125000004 0.24985369687499998 0.46896887343750004 0.2581966109375 0.48733440781250004 0.2752907015625 0.504551271875 0.2930052203125 0.5095455984374999 0.30198959375 0.5097024218749999
0 0.217643296875 0.35323079062499996 0.22598621093750001 0.371596325 0.24120295 0.3913832640625 0.24862188281250003 0.394766315625 0.266200015625 0.39507314375 0.2821428015625 0.389495028125 0.29934205937499997 0.376781021875 0.31154484375 0.3600755375 0.3116612140625 0.3523341078125 0.31022341249999996 0.3029200453125 0.309802053125 0.30017970312500003 0.296462665625 0.277822690625 0.2824119234375 0.26456321250000003 0.2726462984375 0.264392753125 0.24748299375 0.2717620578125 0.239822040625 0.276834025 0.21447779531250002 0.311530034375 0.2127519921875 0.3193084421875 0.21328240625 0.3375376078125 0.217643296875 0.35323079062499996
0 0.2717185125 0.6233087484375 0.2761551765625 0.6416061 0.2825449671875 0.6599375421875 0.295960128125 0.6848987234374999 0.327022796875 0.7131612125 0.36522414531249997 0.7138280203125 0.39211789375 0.7021942265625001 0.40259487343749994 0.6932671499999999 0.4116785375 0.670000109375 0.41409675312500005 0.6524731218750001 0.41381260312499996 0.6427074968750001 0.41054193437500003 0.630937609375 0.383560065625 0.5758069140625001 0.3665417484375 0.5611942156249999 0.3327324359375 0.5397813203124999 0.3267972875 0.537074878125 0.3189847875 0.536938509375 0.3016339828125 0.5444441828125 0.289355425 0.5585455015624999 0.2727623546875 0.592092840625 0.2717185125 0.6233087484375
0 0.370788475 0.7904487609374999 0.3954509625 0.7908792453125 0.4147181 0.7711085843750001 0.417257140625 0.7610885734374999 0.41657833593750004 0.7377595796875001 0.413581496875 0.7320460843750001 0.4024225546875 0.7175356625 0.39445850781249997 0.7121909609375 0.37883350781249997 0.7119182265624999 0.36546472812499997 0.72209625 0.353337715625 0.7414059015625 0.3540954515625 0.7674475671875001 0.3583047953125 0.7779324187500001 0.3633770421875 0.784528065625 0.370788475 0.7904487609374999
0 0.42101957187499994 0.7293778625 0.4217773078125 0.755419528125 0.42279175625 0.7567386578125 0.47057603906249995 0.7888068640625 0.48229478906249995 0.789011415625 0.49573934375000006 0.781437559375 0.5128628265625 0.7661193859375001 0.5211593609375 0.749345715625 0.5228093921875 0.7389631421875 0.5225062984375 0.7285464765625 0.52017430625 0.7154915500000001 0.5159649625 0.7050067 0.502777121875 0.68785801875 0.494813075 0.6825133171875 0.47903652812499997 0.67703225 0.47122402812499997 0.6768958828125 0.46348730156249995 0.6793636796875 0.43847554375 0.6919413203125 0.42627275937500003 0.708646803125 0.42101957187499994 0.7293778625
0 0.402577034375 0.5249279 0.39037425 0.5416333859375 0.3850452890625 0.5597602765625 0.3856514765625 0.5805936093749999 0.38993659531249997 0.5936826281250001 0.3982037359375 0.6094439953124999 0.4084069796875 0.6193176874999999 0.43393520937499996 0.6197632843750001 0.4481978578125 0.6168237546875 0.46415534531249997 0.5949781203125 0.46783427499999997 0.5872338046875 0.46933275781250006 0.571642896875 0.4627156484375 0.545498953125 0.45148093281249996 0.528384365625 0.44148798749999996 0.52040140625 0.43359971406250003 0.5176608703125 0.41602158906250003 0.5173540437499999 0.402577034375 0.5249279
0 0.3975504484375 0.513192434375 0.3952184546875 0.5001375078125 0.3931137828125 0.49489508281249994 0.383983740625 0.48302292031249994 0.37203766875 0.47500586875 0.35445954375 0.474699040625 0.334823128125 0.5042889921875 0.3355050890625 0.5277264921875 0.3437722296875 0.5434878609375 0.356884296875 0.5580323734375 0.3647725703125 0.5607729078125 0.370556171875 0.5582710171875 0.387831203125 0.548161178125 0.394326159375 0.53656175 0.397929315625 0.5262132671875001 0.3975504484375 0.513192434375
0 0.4185911546875 0.511737709375 0.42946803750000007 0.5098452921875001 0.43908211562500005 0.5048074171875 0.4531622515625 0.48553185625 0.4549638296875 0.480357615625 0.4566138609375 0.46997504062499995 0.45615922031249995 0.45435004062499995 0.4518741015625 0.4412610234375 0.4406393875 0.42414643593749995 0.42658864375 0.41088695781249995 0.4202780234375 0.40869452968750003 0.406215525 0.40844906875 0.3916597140625 0.418085803125 0.3794569296875 0.43479128906250003 0.376005321875 0.45034810625 0.37638418906250004 0.46336893906250004 0.37864040781249997 0.47381969843749994 0.3828497515625 0.48430454687499996 0.398066490625 0.5040914859375001 0.40204851406250003 0.5067638375 0.4144895953125 0.5116661171875 0.4185911546875 0.511737709375
0 0.44504221250000003 0.36748128750000003 0.45349029375 0.3559159515625 0.4552160984375 0.34813754375 0.45476145625 0.33251254375 0.45250523749999993 0.322061784375 0.450400565625 0.316819359375 0.44127052187500004 0.3049471953125 0.433306475 0.29960249375000003 0.41572835 0.299295665625 0.4118978734375 0.30183165 0.3978177375 0.321107209375 0.39421458125000003 0.33145569375 0.392640325 0.344442434375 0.392791871875 0.3496507671875 0.39489654375 0.35489319375 0.4041023609375 0.369369521875 0.41209671718749996 0.375755890625 0.4353389046875 0.376161584375 0.44504221250000003 0.36748128750000003
0 0.496124465625 0.3854215609375 0.5080137031249999 0.3914854859375 0.5251035640625 0.391783790625 0.5294791375 0.3912094578125 0.539093215625 0.38617158281249997 0.545588171875 0.3745721546875 0.5507395015625 0.35704949375 0.5499943953125 0.3314418546875 0.5478274046875 0.3173486734375 0.5287044171875 0.29749355 0.5187872437500001 0.2921147546875 0.5070684937500001 0.291910203125 0.49542551718750005 0.2943098171875 0.4850243109375 0.3058410625 0.4779981578125 0.3260206046875 0.4787154796875 0.3506733828125 0.4849655234375 0.3709111390625 0.496124465625 0.3854215609375
0 0.46706203437499993 0.47347604062500004 0.4568881484375 0.49281978437499996 0.4552381171875 0.503202359375 0.455995853125 0.5292440265625 0.466367665625 0.5502478187500001 0.4754219359375 0.559515815625 0.47913140312499997 0.5612073421875 0.5058648015625 0.5616739765625 0.5162102390625 0.552419246875 0.528413025 0.5357137609375 0.530214603125 0.5305395203125001 0.5318646328125001 0.5201569453125 0.531485765625 0.5071361125 0.5271248749999999 0.491442928125 0.5140128078124999 0.4768984140625 0.5040198625000001 0.468915453125 0.4844886125 0.46857453437499996 0.46706203437499993 0.47347604062500004
0 0.47537752031249997 0.6519160046875 0.4837962078125 0.6728857046875001 0.48995867656250003 0.6834046484375 0.49901294687500003 0.69267264375 0.5015017109375 0.6943428640625 0.5350100109375 0.694927753125 0.543783275 0.688248425 0.55223135625 0.6766830890625 0.55943766875 0.6559861234375 0.558301065625 0.6169236234375 0.5539401749999999 0.601230440625 0.54481013125 0.5893582765625001 0.5328640609375 0.581341225 0.5230226625000001 0.5785665984375 0.5073976625000001 0.5782938625 0.4939531078125 0.58586771875 0.47611826874999996 0.6102834296874999 0.4727424328125 0.6284444125 0.47312130156250004 0.6414652453125 0.47537752031249997 0.6519160046875
0 0.623389484375 0.762322378125 0.6411937859375 0.728470825 0.6399656234375 0.6862616234375001 0.63861863125 0.6819000375 0.6303514890625 0.6661386703125001 0.6232503453125 0.656904765625 0.609275375 0.6462494546875 0.587791 0.64587444375 0.5666097203125 0.6559161 0.5609018921875 0.6610221562499999 0.5430670531249999 0.6854378671875 0.5340591625 0.7113090734374999 0.53436225625 0.721725740625 0.5658859578125 0.765222915625 0.5885631109375 0.777071259375 0.6054771734375 0.777366496875 0.614941403125 0.7738877140625 0.623389484375 0.762322378125
0 0.636805715625 0.604498853125 0.6208482281250001 0.6263444890625001 0.6155950421874999 0.647075546875 0.615973909375 0.66009638125 0.6204105734375001 0.6783937296875 0.635466521875 0.693557815625 0.67345668125 0.6942209359375 0.6745382656250001 0.693654175 0.6904199796875 0.6692043734374999 0.692145784375 0.661425965625 0.6894349234375 0.6353502062499999 0.6811677828125 0.6195888390625 0.6740666375 0.610354934375 0.668055715625 0.6050443249999999 0.65423229375 0.5995973484375 0.64641979375 0.5994609796875 0.636805715625 0.604498853125
0 0.6261849625 0.6017756953125 0.6327556921874999 0.5927804328125 0.641990903125 0.5747217265625 0.6442344484375 0.5646097953125 0.6435373328125 0.5406514625 0.640702753125 0.53045089375 0.6324356125 0.514689525 0.6293922640625 0.5107321375 0.6134641703125 0.500042734375 0.60559105 0.497823034375 0.5931887078125 0.49760655 0.5804883656250001 0.507275671875 0.566484003125 0.5291553999999999 0.5647581984375 0.5369338078125 0.5633354875000001 0.5551288828125001 0.56566748125 0.5681838078125 0.5719057234375 0.5813069171875 0.5850935640625 0.5984555984375 0.6020807234375 0.6086429171875001 0.6136367109374999 0.6088446281250001 0.6261849625 0.6017756953125
0 0.5346491062500001 0.427999796875 0.5224463218750001 0.444705284375 0.5206447437499999 0.44987952499999995 0.521175159375 0.4681086921875 0.5233556046875 0.475955284375 0.529593846875 0.48907839218750004 0.5467637109375 0.5088994234374999 0.5479469515625001 0.5093105046875 0.566273775 0.5096304 0.5759090390625 0.5042024703125 0.5843571203125 0.49263713437499995 0.589837628125 0.479718575 0.591487659375 0.4693360015625 0.5869752203124999 0.4484344828125 0.5827658765625 0.43794963437499995 0.5716827078125 0.426043378125 0.563794434375 0.42330284375 0.544263184375 0.4229619234375 0.5346491062500001 0.427999796875
0 0.5927584312499999 0.45933723281249994 0.59501465 0.4697879921875 0.6012528921875 0.48291110000000004 0.612411834375 0.4974215234375 0.6263110296875001 0.5054726671875 0.6419360296875001 0.5057454015625 0.653427459375 0.498137453125 0.6675075953125 0.47886189375 0.6711107515625 0.468513409375 0.67020146875 0.437263409375 0.6638116796875 0.41893196718750003 0.6546058625 0.4044556375 0.6465660421874999 0.3965067703125 0.6307894953125001 0.39102570000000003 0.6249301203125001 0.390923425 0.6133629171874999 0.3959272078125 0.6019472609375 0.406139321875 0.59537653125 0.41513458437499995 0.591773375 0.42548306562500005 0.5927584312499999 0.45933723281249994
0 0.6532870203125001 0.56711036875 0.6644459609375 0.5816207906249999 0.6704568828124999 0.5869314 0.68428030625 0.592378378125 0.69787640625 0.590012853125 0.7093678359375 0.5824049046875001 0.7235995203125001 0.568337678125 0.7308816046875 0.5502448796875 0.73119645625 0.54764753125 0.730297278125 0.516744753125 0.72561143125 0.5033016953125 0.71039469375 0.48351475625000007 0.6985243953125 0.47810187031250007 0.6848525203125 0.4778632265625 0.67516266875 0.480296934375 0.6560102875 0.4929768484375 0.649591103125 0.50718044375 0.6461394953124999 0.522737259375 0.6469730031250001 0.5513830921875 0.6532870203125001 0.56711036875
0 0.66604668125 0.7339151078125 0.6854727640625 0.7641868984375 0.7095164515625 0.7854293343750001 0.748503178125 0.7835070046875 0.7581930296875 0.7810733 0.7735149359375 0.7709293671874999 0.7933786734375 0.7491519156249999 0.8004334375 0.7232466171875 0.8016709609375001 0.7154596859375 0.8002691515624999 0.667282603125 0.79237663125 0.6476235078125 0.7832465875 0.63575134375 0.7792645640625 0.63307899375 0.751845040625 0.629997540625 0.7071504859375 0.6370259265625 0.6949477015625 0.6537314109375 0.6727225781249999 0.694988975 0.669119421875 0.705337459375 0.6655920390625 0.7182901078125 0.66604668125 0.7339151078125
0 0.7293863218750001 0.5860729546875 0.729765190625 0.5990937875 0.74290911875 0.620471325 0.7705419828125 0.6209536578125 0.77803350625 0.6142519578125001 0.7902362921874999 0.597546471875 0.7898574234375 0.5845256375 0.7835434078125 0.5687983625 0.7744133640624999 0.5569261984375 0.7664493171875 0.5515814984375 0.7508243171875 0.5513087624999999 0.7451164890624999 0.5564148203125 0.7329137046875001 0.57312030625 0.7293863218750001 0.5860729546875
0 0.8453252625 0.649198440625 0.85377334375 0.6376331046875 0.8569261046875001 0.62857818125 0.856414634375 0.61100005625 0.8457629171875001 0.5971491984374999 0.83982776875 0.5944427578125 0.82420276875 0.594170021875 0.8184949406250001 0.5992760781250001 0.80629215625 0.6159815640625 0.8048694453125 0.6341766390625 0.807049890625 0.6420232312499999 0.8142524812499999 0.6513890499999999 0.8413032625 0.6518612234375001 0.8453252625 0.649198440625
0 0.8268301546875 0.7515578046875 0.853197334375 0.7520180453124999 0.854947575 0.7517883109375 0.8664390046875001 0.7441803625000001 0.8767644375 0.7300449515625 0.8799171984375 0.720990028125 0.8789984453124999 0.6894145078125 0.8752489671875001 0.67796161875 0.8601080015625 0.6607788453125 0.85011505625 0.6527958843749999 0.8210455015625 0.66009700625 0.8094782984375 0.6651007890625 0.8050122406250001 0.679338475 0.8044230390625 0.7261793828124999 0.81167573125 0.740621621875 0.8256507 0.7512769328125 0.8268301546875 0.7515578046875
0 0.891935121875 0.67109505625 0.8937042999999999 0.6715163640624999 0.9186066437499999 0.6719510359374999 0.921231996875 0.671606434375 0.926939825 0.6665003781250001 0.9390668359375001 0.647190725 0.941536003125 0.6381238687499999 0.9408010000000001 0.6128634515625 0.93995913125 0.6107664828125 0.9267712906250001 0.5936178015625 0.9111462906250001 0.5933450671875 0.8900407828124999 0.6059908890625 0.8778379984375 0.6226963750000001 0.874310615625 0.635649025 0.872736359375 0.648635765625 0.8768699296875001 0.6565164484375 0.8879530984375 0.6684227046875 0.891935121875 0.67109505625
0 0.9447383500000001 0.781726615625 0.9626489625 0.759915071875 0.9661763453125 0.7469624234375 0.9677506015624999 0.73397568125 0.9614365859375 0.7182484062500001 0.9462956203124999 0.7010656328125 0.9363784484375 0.6956868390625 0.9090346984375 0.695209553125 0.89754326875 0.7028175015625 0.8852647109375 0.7169188203125 0.8818131015624999 0.7324756375 0.8824192906249999 0.7533089703125 0.88873330625 0.7690362453125 0.8978633500000001 0.7809084093750001 0.9018453734375 0.7835807609375001 0.9195750453124999 0.7890959203125 0.9293406703124999 0.7892663796875 0.9447383500000001 0.781726615625