0 0.22734375 0.35703125 0.04921875 0.06015625
0 0.77890625 0.43125 0.09140625 0.10703125
0 0.47265625 0.465625 0.04765625 0.06171875
0 0.503125 0.41875 0.0484375 0.0671875
0 0.05859375 0.42734375 0.06171875 0.084375
0 0.603125 0.45078125 0.05234375 0.0640625
0 0.26796875 0.315625 0.0578125 0.0765625
0 0.37109375 0.5234375 0.05703125 0.08203125
0 0.25703125 0.4109375 0.05234375 0.0671875
0 0.46875 0.37578125 0.04921875 0.0671875
0 0.36171875 0.2359375 0.065625 0.07890625
0 0.434375 0.51328125 0.06171875 0.084375
0 0.39453125 0.453125 0.05078125 0.0734375
0 0.71953125 0.51015625 0.0546875 0.06640625
0 0.36875 0.31953125 0.0421875 0.0625
0 0.109375 0.45234375 0.04765625 0.06953125
0 0.34296875 0.45390625 0.04765625 0.06953125
0 0.365625 0.38828125 0.0578125 0.07890625
0 0.43359375 0.246875 0.04453125 0.05859375
0 0.4984375 0.26484375 0.04765625 0.0640625
0 0.6109375 0.37265625 0.06640625 0.08828125
0 0.66484375 0.2921875 0.0859375 0.11640625
0 0.66328125 0.4109375 0.06171875 0.07890625
0 0.48671875 0.52265625 0.04375 0.05859375
0 0.240625 0.21796875 0.06953125 0.0953125
0 0.5515625 0.3390625 0.05 0.0671875
0 0.06953125 0.54609375 0.04609375 0.06171875
0 0.06015625 0.34765625 0.0515625 0.0640625
0 0.59296875 0.2921875 0.059375 0.07421875
0 0.1640625 0.48515625 0.0671875 0.0859375
0 0.459375 0.3046875 0.05078125 0.0625
0 0.03828125 0.49453125 0.0484375 0.06796875
0 0.55625 0.41484375 0.06015625 0.08203125
0 0.53359375 0.48046875 0.040625 0.0546875
0 0.04921875 0.22265625 0.053125 0.0703125
0 0.28515625 0.5328125 0.0484375 0.065625
0 0.5328125 0.53203125 0.03984375 0.05234375
0 0.41015625 0.1890625 0.0546875 0.07734375
0 0.72265625 0.36953125 0.06796875 0.0953125
0 0.31171875 0.378125 0.05234375 0.0671875
0 0.62734375 0.2328125 0.040625 0.05546875
0 0.18125 0.55390625 0.03671875 0.05078125
0 0.41796875 0.346875 0.06484375 0.08671875
0 0.4 0.27734375 0.04296875 0.05546875
0 0.14296875 0.26171875 0.05859375 0.08046875
0 0.12109375 0.37265625 0.06875 0.08984375
0 0.503125 0.32890625 0.04453125 0.05625
0 0.54375 0.21015625 0.0625 0.0921875
0 0.8390625 0.48828125 0.06875 0.0859375
0 0.325 0.29609375 0.05390625 0.075
0 0.65546875 0.50078125 0.07890625 0.1
0 0.90390625 0.40234375 0.06640625 0.084375
0 0.1875 0.40078125 0.065625 0.09140625
0 0.34296875 0.16484375 0.05859375 0.07734375
0 0.11328125 0.18359375 0.0625 0.08203125
0 0.5765625 0.50859375 0.059375 0.07734375
0 0.14609375 0.55234375 0.03828125 0.0546875
0 0.471875 0.19140625 0.078125 0.10078125
0 0.22578125 0.5421875 0.04296875 0.065625
0 0.22421875 0.46015625 0.05078125 0.06796875
0 0.0625 0.28515625 0.040625 0.05859375
0 0.21640625 0.28984375 0.046875 0.0625
0 0.9140625 0.48671875 0.06875 0.0828125
0 0.17265625 0.3234375 0.053125 0.06875
0 0.28828125 0.4640625 0.04921875 0.06640625
0 0.4390625 0.42578125 0.046875 0.065625
0 0.021875 0.3 0.04375 0.09453125
0 0.17265625 0.203125 0.0484375 0.0671875
0 0.32421875 0.50859375 0.0390625 0.053125
0 0.80625 0.68046875 0.075 0.1078125
0 0.02109375 0.390625 0.04140625 0.0609375
0 0.16875 0.6828125 0.0578125 0.075
0 0.08203125 0.4921875 0.0359375 0.046875
0 0.7109375 0.4546875 0.03515625 0.04765625
0 0.4359375 0.134375 0.04375 0.05390625
0 0.0234375 0.55859375 0.046875 0.08125
0 0.27734375 0.1609375 0.03671875 0.053125
0 0.53203125 0.28828125 0.03046875 0.04453125
0 0.29921875 0.23203125 0.053125 0.0796875
0 0.76640625 0.51796875 0.0375 0.05625
0 0.80546875 0.34140625 0.0578125 0.07890625
0 0.590625 0.2265625 0.03515625 0.053125
0 0.33359375 0.553125 0.0296875 0.0390625
0 0.00703125 0.4453125 0.0140625 0.06015625
0 0.8390625 0.41328125 0.04140625 0.06015625
0 0.01015625 0.209375 0.0203125 0.06171875
0 0.09765625 0.2515625 0.03515625 0.0515625
0 0.25859375 0.4921875 0.0375 0.05078125
0 0.9703125 0.48828125 0.04765625 0.05859375
0 0.11171875 0.55625 0.0265625 0.04296875
0 0.12734375 0.3078125 0.0359375 0.0421875
0 0.9859375 0.5203125 0.028125 0.05546875