0 0.5403874190972049 0.7241589467297699 0.1300589297750566 0.15445110101547072
0 0.4875323472263601 0.5776288447246791 0.13680160587786466 0.15921132634965254
0 0.15713391487128575 0.6486925860120903 0.13633237841895546 0.1686669375994537
0 0.27452551707690154 0.659422095361226 0.13034133956360971 0.15621004984881742
0 0.46407620145832296 0.4361225973901792 0.10608772561711852 0.11662049642941988
0 0.6541592124864015 0.48515208541531435 0.1137949308786201 0.13241360534690863
0 0.6188151470410478 0.6314361920750875 0.12027572536382536 0.13561019434774374
0 0.23235217112355216 0.5699777873567717 0.060196954892387744 0.06790332159054521
0 0.17499224409418307 0.8260272453453176 0.10855844974368471 0.1262078539296187
0 0.8157885464851109 0.7905673860995863 0.0901002672765678 0.10092611167747094
0 0.2631658849131832 0.4696783426957259 0.12026546127835011 0.13551253809774372
0 0.25603342387301714 0.8472579026893626 0.07468848235054146 0.0851408886756019
0 0.5845196744229101 0.9064810980664969 0.0914348932643108 0.11176822809416435
0 0.6692936690972049 0.7256589067472691 0.07483188467122197 0.08836127225890866
0 0.36893949557063727 0.622286269374589 0.10089699055286375 0.11363399226209037
0 0.9471017871067116 0.9114804174490402 0.07350017915642723 0.09146695459201695
0 0.5207129485054145 0.8487771387253155 0.08748876642629781 0.10391936542707328
0 0.7386559757140521 0.7545566134229504 0.08426611017629763 0.10388186642663584
0 0.31574631063932285 0.7917715186982713 0.10352197083752915 0.12283299742898243
0 0.8020778610039034 0.9051111440960865 0.050211094368629715 0.06291028475592597
0 0.7899839327015238 0.6786850040976773 0.0993242264673885 0.11351815467854501
0 0.38746652130282067 0.7317430853755436 0.08904657669751792 0.10110892451065859
0 0.9218297262639451 0.8120889447803584 0.08955420661458077 0.10872270301061882
0 0.46048638086048876 0.773168064051543 0.08528989312683759 0.09784649659352791
0 0.445874814865242 0.8642925033815887 0.06242662044827352 0.07426915917409041
0 0.36815566026869834 0.8969408240372255 0.0930742264673885 0.11344542934436319
0 0.7362185442855391 0.5680378580919503 0.09447250109978604 0.11190111067790856
0 0.6617954657857595 0.8176464120782689 0.078079758820952 0.09142270600930616
0 0.8697603961144866 0.8957548727720861 0.09648632598472133 0.11806936309476086
0 0.7065987766285259 0.917265151416269 0.09346924632019657 0.11813179301101648
0 0.20840525567215465 0.9286346246817265 0.08774772757095191 0.09153520301061882
0 0.13939285715465263 0.5095937233449994 0.09523469730869509 0.10244890842814716
0 0.2424777540224757 0.7628283586887262 0.07438524951506623 0.08503982342556213
0 0.10238766597107177 0.758857379336409 0.060159352201838344 0.14271362233947152
0 0.08427828068122027 0.6088301073360908 0.05326008921992655 0.1206875584221816
0 0.27078090714256514 0.9356027873567717 0.06336035735054146 0.08500907400739735
0 0.7513060470350041 0.8452179760900413 0.04501566957559504 0.05709515833863606
0 0.5766042832574605 0.5193629060709513 0.07578352414746377 0.0834955047591075
0 0.3904228042138317 0.5000300087125888 0.0739902296622585 0.08035345975890866
0 0.10010715659267215 0.8782159066677273 0.024482905765066308 0.0844591570854547
0 0.0558484200237662 0.45712215666772715 0.027274737014310803 0.11102165708545435