0 0.5738298475290666 0.7548081363241863 0.10440109323425446 0.11920742380129923
0 0.7169519628810507 0.7250564829297819 0.18838393830883932 0.19954361796039527
0 0.3890573029137182 0.36899387705260833 0.09305962526222675 0.11767724309541441
0 0.6243337973146408 0.47235872980652394 0.07784856105010754 0.09728520245346779
0 0.8118006763635794 0.6049207240509873 0.10330478996677143 0.12535067719221954
0 0.1904710506386331 0.6569943676828345 0.13581941613518117 0.18215549680309523
0 0.24992394793469633 0.37918246419023405 0.1018680890850698 0.1270017430831399
0 0.4673313937948002 0.7624620759211401 0.0901225378140916 0.11756254242214012
0 0.5780759491840962 0.563292802015231 0.08918274440092269 0.10516019867214013
0 0.4924461025034441 0.5575382265850701 0.08880691929719298 0.10535323858237025
0 0.7030274823775752 0.5000383022116226 0.08404239064043359 0.10044485944745887
0 0.5946732985640406 0.6585507598607532 0.0669491717342586 0.07711347279899013
0 0.4186524823775752 0.5016927475641131 0.0807575056299445 0.0957403150241845
0 0.2364445562377105 0.5519932502945876 0.07175250303670389 0.10056858536970684
0 0.5407992468997224 0.47362631401728345 0.06856650054661237 0.08171070246574211
0 0.3535020016736071 0.5599097685431561 0.09223083107108562 0.1067397430954145
0 0.18121075934727696 0.45227050624651594 0.06269244097726454 0.08792377288198132
0 0.9345655153705617 0.7191008778381752 0.11362844025231844 0.13663625624413972
0 0.2944775861071972 0.3070165726996863 0.08051073947376555 0.11438300026766246
0 0.47421447552909796 0.42008367838046823 0.0833086848315748 0.11137326908837916
0 0.09863321245684342 0.3527068434823376 0.05579573164101799 0.08192924390077785
0 0.43617371433094315 0.629772295768715 0.08081973439043359 0.10042611058185713
0 0.29389204856404066 0.6603006539835796 0.10373701613402009 0.13491928524989216
0 0.2391183477295593 0.47381825331964966 0.045270710504656184 0.06283343743862754
0 0.6586281321724382 0.5948695340612501 0.06060745850815117 0.07844316256778665
0 0.32417950934727696 0.4514387383907309 0.07846869976922086 0.10675729055602527
0 0.27906179918874063 0.7533966690106942 0.06562201315034208 0.0814983455424679
0 0.838957017445154 0.7157491397420319 0.08290460153262451 0.10346424913326402
0 0.13028687677385348 0.41973980737798405 0.04502651221619489 0.059610781188627546
0 0.17912435062934431 0.2803318737329586 0.07239449561945537 0.09100622693390151
0 0.196036734251675 0.7820170935805335 0.05857136182749909 0.07218407220870696
0 0.28528387532396093 0.5157557684449602 0.06046831641782511 0.07531873071522917
0 0.14615940789274004 0.361027882709949 0.049746871837988184 0.07681816634911431
0 0.10580432718412755 0.23073639471200158 0.06585624362295044 0.10648868703594587
0 0.5142520927551818 0.6699609585328934 0.08601369069287905 0.12388349574234372
0 0.15220480788809568 0.17262845804191404 0.04629627412003989 0.072503110630955
0 0.3880806790628717 0.696487617977422 0.08981879395978147 0.0942312208837773
0 0.15312257075985755 0.5251221989667277 0.06589435430710151 0.0863805898950254
0 0.05824593341254926 0.40765341871610666 0.06178405026164626 0.09397050631778665
0 0.22992891141722502 0.2597148467037914 0.06084425684847723 0.08156816256778665
0 0.03466303299298638 0.2202079608705844 0.042638939161996146 0.09122356696394629
0 0.10191434565496685 0.478524454918656 0.055606246837988184 0.07685225519566288
0 0.3433494421351263 0.7663097594679698 0.06995174777213534 0.09870345811318479
0 0.7342317834171936 0.5920849016458887 0.059198785167825105 0.07531134479847701
0 0.07703828051740862 0.7897437560501241 0.04112375269929236 0.08926248789975162
0 0.0765502605966768 0.6388988735365668 0.05611527100815121 0.07841702778543258
0 0.118535005822792 0.5534608224050988 0.05262767354952693 0.07361369081727354
0 0.06282853486708616 0.4990733042547261 0.055919958508151194 0.07841589149054773
0 0.03647583195801235 0.31633352712736307 0.0315267542552367 0.08627825824527387
0 0.07627941868990952 0.7178414849728854 0.05072815109148323 0.09234437380422929
0 0.04768970955705839 0.5468386385636815 0.017465365198711825 0.06560006662263689
0 0.12558252429363131 0.801185250098196 0.05691120557749909 0.0721744137021851