0 0.21180630689452568 0.32653172550491555 0.04821817129789654 0.08760233164975162
0 0.16941990093420675 0.3966624183233233 0.06105328778245363 0.10026305226586647
0 0.15116237455457887 0.31444936114173083 0.057453346784481954 0.10648634933607007
0 0.10611188831472063 0.2829084696511831 0.04353614360380433 0.06728130943811443
0 0.13479742524619967 0.3980249304235716 0.037533619291811426 0.06880744800179599
0 0.08471482386295807 0.23039200282867034 0.04568123577636855 0.08144089754067192
0 0.21043313029399413 0.44381921945479136 0.0995722666787513 0.16605167872929966
0 0.4737340381082717 0.8253884237842722 0.0893690571349115 0.09115899348582168
0 0.4414673727367573 0.7180708274732643 0.08245881909038992 0.08633804394694558
0 0.38885186218490614 0.6849219841873184 0.1390320618047655 0.1694033695588475
0 0.3075896376375547 0.5413487253085238 0.11806931868483642 0.18489201417265325
0 0.23696424062494156 0.676218628997516 0.07113523723793191 0.09554096038198132
0 0.18698604773314356 0.6313555808911099 0.07701794741455284 0.12221077513850354
0 0.22948892250139874 0.5753010236113216 0.09966085716252451 0.11609826681958246
0 0.12720828030122153 0.6138044665279251 0.038854095380854846 0.07837662420691097
0 0.14944474704152277 0.5474663942210223 0.05737663007089031 0.08628968630422947
0 0.08105142250139873 0.5744374394987579 0.05276130363693989 0.09719025672046833
0 0.12802339772591614 0.46054311114173085 0.06644197574142616 0.09424529434962743
0 0.07780747593782047 0.4813641503693423 0.05052309836191773 0.09229892200883114
0 0.04877996584945897 0.5609562015990064 0.044261885088361486 0.07987157977136228
0 0.07286275345810397 0.418777791958086 0.055571197530425255 0.09398691748351258
0 0.10393317685034498 0.3657846021647404 0.05388981255341907 0.0926112077718754
0 0.03355525552573895 0.49909200585373253 0.05188452436541199 0.09103848111791066
0 0.012602890240804613 0.5192226986721401 0.025205780481609225 0.09386994422046832
0 0.02668408855007917 0.423982921544777 0.05099227786338364 0.08478904926535336
0 0.050783891986500906 0.3310687136992548 0.04394465200337479 0.08279672209182243
0 0.027508952766483186 0.3348431534926003 0.04507770406739604 0.08748649468159239
0 0.04104246973491555 0.23952156313352072 0.06105783092999571 0.10953187380422928
0 0.007256123305660851 0.2525164668225127 0.014512246611321703 0.09561071229719405
0 0.002177615841907387 0.4550420240041051 0.004355231683814774 0.05628017692455707
0 0.0033795735744063153 0.40807157523376913 0.006759147148812631 0.0719256953425921