0 0.7922593225183695 0.782416941870285 0.05537699318162268 0.0688280943685072
0 0.430076814165667 0.5388294486007095 0.06861918316540568 0.08765167997815268
0 0.4240674055428121 0.41978393190766206 0.04096416865831394 0.052799600422230954
0 0.35367551607243275 0.5991699035361322 0.05391680012349287 0.0717123177618845
0 0.36242797877897176 0.7292438484424248 0.05244048521883116 0.06854753666858962
0 0.3058729331328082 0.6243684803374517 0.048996163928112055 0.06210611069868044
0 0.7827627822296834 0.8752038354437943 0.06240762502120454 0.08298331906499001
0 0.15244036516930812 0.8302738363682309 0.05209295276650026 0.06697651214859804
0 0.6107042437550962 0.920248247821922 0.05562810984442805 0.07322546712517095
0 0.8385117852249084 0.913582025335522 0.060591838587478006 0.0812720156950391
0 0.7014483279606651 0.6507373813663013 0.07181021802239833 0.09242726668473403
0 0.4349304944728864 0.4670226447606435 0.03606647477225664 0.04943771034569906
0 0.8871179878494644 0.5294487177345324 0.06542814830841337 0.08287609327157117
0 0.9018898490968754 0.26320159210771177 0.045772267217637365 0.05918315123543501
0 0.6257439451137078 0.7807000145149694 0.06686013020493106 0.08477134311486587
0 0.47854903050040304 0.5840343000126353 0.045659729581580065 0.055960494985435004
0 0.46659964592416525 0.4335341948397858 0.04526228411878854 0.055753816458779325
0 0.34716258812746614 0.8304653676427549 0.05746218789560764 0.07825424148845776
0 0.47287689465822086 0.6792786038527012 0.0539121494316225 0.06878547176854859
0 0.5036557018219477 0.40254861929210745 0.0518700472653066 0.057799666155261956
0 0.7003992378494643 0.5240157569931221 0.053850765266500386 0.06702765926854859
0 0.43717749683513907 0.6266249652937569 0.060224774057219224 0.07355433043837536
0 0.37994535019318365 0.6531132574553403 0.047541550872299075 0.06235645684872182
0 0.8501635917556631 0.7590763817620128 0.03744234135594056 0.03855135746564962
0 0.6379140736994959 0.8576944235278848 0.06195437539560764 0.07838495079499808
0 0.7409622065464532 0.7285274122451137 0.08130457612124715 0.09611802007447015
0 0.9241343158949477 0.8355228729865243 0.04571088305251507 0.05742533873543536
0 0.6266269211519087 0.4866772298752332 0.05375651924789597 0.0671224740118845
0 0.5319145887604384 0.7130602219576745 0.05876799123048535 0.07653621008175264
0 0.5828768880347989 0.731748037476223 0.04269035976530659 0.05753256452885367
0 0.4840301933844273 0.4942587461725694 0.054069020075823815 0.0732776592685486
0 0.8529959921106336 0.3196501689090313 0.05047929929556503 0.06546620429197532
0 0.7974826020921002 0.29691971107061477 0.08296597283172176 0.09899551543109286
0 0.8838044378573138 0.9597737582449971 0.05903615905026953 0.08045248351000574
0 0.6557762186121707 0.5477427620076869 0.04717572680251507 0.05746796133539398
0 0.5177925466576538 0.8487249373179384 0.045937198785104626 0.06669984097877091
0 0.40481883150404413 0.8814117536944167 0.06420450167706004 0.09532778765828454
0 0.516604591207509 0.5468214565182683 0.05414497447697499 0.06986537353187643
0 0.9142905791417915 0.7366989280802313 0.06826700002120453 0.08315380946482484
0 0.3682042967424718 0.5190421343358022 0.06263053052239834 0.09216016505832592
0 0.536594621159758 0.9149637027573446 0.0606532227526003 0.0830298281950391
0 0.5762226055506613 0.8551173413162889 0.06691593436773662 0.08916303285820212
0 0.24465763622070033 0.7649192724990351 0.05042473559323426 0.06390370429197531
0 0.5442211266020536 0.7861483809705899 0.05393850197234151 0.07512744500522058
0 0.24444432669472071 0.8830016827655918 0.052381270824629844 0.06405819067525372
0 0.8625569535512284 0.6953093984550602 0.07528957093752027 0.09428453191797122
0 0.8701908603599847 0.857414593361353 0.05228826526650039 0.06698219516192552
0 0.30556785436953493 0.7674736226573198 0.05898159534793841 0.07985936408841657
0 0.638065385039574 0.6965977991547054 0.0668567199735353 0.08467368686486605
0 0.7471775233288269 0.43857000197855706 0.0671611598781972 0.08780436987819389
0 0.9258307690676577 0.6525739806666561 0.07638859061773644 0.08943865900460217
0 0.7053670239617992 0.31457256083318796 0.07157367159562185 0.08285979569139794
0 0.2670757840437821 0.8171864661516868 0.0460996494316225 0.068558151235435
0 0.8852504753204107 0.17982079077492824 0.0746806911281972 0.0880231658913155
0 0.9072717089087059 0.8929034639736088 0.05532242947929156 0.06726559436850721
0 0.5191269012816428 0.6313555808914477 0.06869203848518968 0.09253165097148877
0 0.9452751951137077 0.7899974243193076 0.039292541253652044 0.04962913631560824
0 0.1754438447508881 0.7762001018076372 0.06086000640726188 0.0861576697017032
0 0.8755207781381504 0.4360480587216169 0.09614088749803784 0.110305252804066
0 0.7497916357573642 0.25173759171200033 0.055530453594428056 0.0732226256185072
0 0.8024354530030742 0.4910106918702849 0.08139417144798103 0.09309635933779799
0 0.18744035854588617 0.880560992873864 0.04242219194552255 0.052646910522189574
0 0.8233704240623154 0.8544881701626725 0.036117628243192 0.05090255409569906
0 0.942398287208643 0.2229319447732788 0.05730655771188111 0.07659124373179385
0 0.8687375208817564 0.6079003266683056 0.0841533473781972 0.0882987920377154
0 0.40596715845321896 0.7813435575344827 0.07556920991196617 0.10229234441797122
0 0.736021702285284 0.9371893584050477 0.0737931057945131 0.09892372630468457
0 0.40001480273292167 0.5934798446815013 0.04240080124670218 0.05762169625886191
0 0.7947692528255889 0.710541941870285 0.045457596618788544 0.05575949947210716
0 0.6760465677938641 0.4599616171805364 0.0734111598781972 0.08798622630468458
0 0.8423039625369029 0.804988275335522 0.04384735337924894 0.05434684786548445
0 0.591691415161459 0.4121485913162889 0.05036211096763736 0.05931670204863924
0 0.5498635245099532 0.5125972207040332 0.02968099482687574 0.03978888068253603
0 0.8090971368536725 0.6585619047232664 0.04915520434323426 0.06386676470534436
0 0.6947915562763007 0.8413623813663014 0.06231802969447049 0.08600497980166182
0 0.44534960618363345 0.728528446093427 0.042784605783910835 0.05743774978551759
0 0.2776065785936373 0.5156239661516867 0.052658740028154585 0.07479753666858979
0 0.2562796717000628 0.6784505750854599 0.08183998245036861 0.11145005132447014
0 0.9326983610777748 0.41112226656003337 0.05098711262349269 0.0716270725619669
0 0.3297171717000628 0.680587388096726 0.05210318346068732 0.06726948089859804
0 0.8830926536438956 0.8014828421077118 0.0537565192478958 0.0671224740118845
0 0.4120658802302506 0.6962782357477281 0.039495914676918174 0.052659321572272155
0 0.09742053767197918 0.7262251823698804 0.07715930291315991 0.11150897150460218
0 0.959263284043782 0.8373270653855345 0.02723711179556503 0.06478992570596276
0 0.6797692462021668 0.7564645441401405 0.05709977405721922 0.07346340222512993
0 0.582420564165667 0.5432621989964209 0.05380643225835637 0.06575812801854859
0 0.6515946609002896 0.6226972979010642 0.05091766753510463 0.066844757818631
0 0.975835780585221 0.27317363717228915 0.033159729581579714 0.05559678213245363
0 0.8148759440173994 0.38110449445670963 0.05688151924789579 0.06721340222512992
0 0.9400048856725463 0.5826024614663262 0.05510417466996813 0.06101559436850721
0 0.9480207715147284 0.48742635378619426 0.07168961946307491 0.08618010819139794
0 0.9525296452063751 0.8957844230656665 0.036121038474587405 0.05100021034569906
0 0.9693650365756709 0.3464974769057324 0.0421295384851895 0.09175876115890311
0 0.7613590413001763 0.6595189994712746 0.045775677449033124 0.059280807485435
0 0.6497320936545797 0.38490178120801677 0.06178262336534903 0.07067294855166191
0 0.2526586530957413 0.5805897366056578 0.04421782814090332 0.06216218937214855
0 0.7508332582678845 0.5802263045649818 0.07546256342825367 0.10482572390464337
0 0.7073263388452563 0.392833953153056 0.039452822129249124 0.054218980065608234
0 0.5245113496450295 0.4547703488381364 0.044050726802515074 0.05737703312214855
0 0.5847791831328083 0.6324838233696003 0.07249536338290134 0.10366625995472578
0 0.48387390364389554 0.7898667628656166 0.04249845749670218 0.05762453776552583
0 0.7433753892159253 0.8161865366182932 0.05375310901650021 0.06702481776188449
0 0.950746401196825 0.9672456795013857 0.03510882618976652 0.06550864099722845
0 0.7670932084453697 0.3609451071514066 0.04716766587924912 0.05444345909205772
0 0.38951879075202206 0.4461502036152744 0.04895183091996813 0.06083657944868044
0 0.2252603062763007 0.8277004173261858 0.055641750770010746 0.07361609212517095
0 0.5491889127143882 0.5767051848106559 0.032812815289667084 0.04007512139578147
0 0.9268427198781151 0.3100682319202973 0.04092448634204047 0.054456915165567034
0 0.2985688315040441 0.8783201944440744 0.0443666378618385 0.06362987462881264
0 0.8969716814035277 0.35924987800108904 0.04896206161415506 0.06112954819868044
0 0.6826735353097264 0.5837173659268952 0.04065631852225664 0.04957126115890311
0 0.8591393539061987 0.255701329175588 0.039234567319925875 0.047968980065608235
0 0.11495772333667613 0.8510804298625981 0.053642741151363894 0.061070628018548234
0 0.970111537123825 0.5490685474388458 0.02563492947929156 0.0664017763426763
0 0.16165665246276917 0.700722728688099 0.04967324836534903 0.07032060172533612
0 0.5512772354872117 0.36013981043747656 0.06690787344447066 0.08613853061486605
0 0.9736408196079627 0.42560831538553445 0.02718254809323426 0.06322742570596293
0 0.9817435294040948 0.19357706538553449 0.028139893804973327 0.0962295551926351
0 0.9602305617185962 0.7200486371722892 0.032949535695522766 0.05237128437578971
0 0.8121527041842004 0.5710619047232663 0.05573041678629842 0.07615515462517113
0 0.6653644619039307 0.9226207415537158 0.06488530335608225 0.08129938573825157
0 0.9653793639881817 0.7741594756520911 0.019035845416457774 0.05342979267284953
0 0.145116449290059 0.8832397119950516 0.030887901451278843 0.03523881802583091
0 0.11511397996009812 0.8018162157559754 0.03438337621293312 0.043145087745740086
0 0.9718352390305908 0.6116822077054025 0.017393980783910835 0.05669895805289897
0 0.21237839347709447 0.5919304018867795 0.03909722875365222 0.04962345330228039
0 0.7492732474681112 0.5129251442984251 0.03433687343386822 0.044607089989076344
0 0.364057422248217 0.8841359369222271 0.023133375385005372 0.036671653742717324