0 0.119052115625 0.622059153125 0.096978971875 0.6244306265625 0.08874116562499999 0.628301884375 0.09614905 0.6740687999999999 0.1095817890625 0.6766468421875 0.1104594890625 0.6766519484375 0.12587123125 0.6703225359375 0.131444115625 0.64644793125 0.1298383265625 0.6350221515625 0.120133896875 0.622065446875 0.119052115625 0.622059153125
0 0.1196979515625 0.64063035625 0.142359103125 0.6727344875 0.15056029843750002 0.673762803125 0.1713020109375 0.673883475 0.175562228125 0.6729276578125 0.1826397203125 0.6677432546875 0.2066759328125 0.6443679859375 0.2134437234375 0.6300370156249999 0.21441821718749998 0.6258622234375 0.21228669218750001 0.6106956421875 0.2101361859375 0.6065026671875 0.20280679531249998 0.5960088703124999 0.18344895156250002 0.5763003265625 0.1499939265625 0.56042895 0.1421814265625 0.5603834984375 0.134311125 0.5668696875 0.123463678125 0.60077284375 0.12017683125 0.6190432484375 0.11930723593749999 0.637850275 0.1196979515625 0.64063035625
0 0.11332505 0.5626993812500001 0.09720898125 0.562605621875 0.0898808515625 0.5714948578125 0.08585899687500001 0.58453540625 0.106319353125 0.6120887328125 0.1144258546875 0.6142261265625 0.1168406296875 0.614240175 0.127126521875 0.6004522328124999 0.1283446390625 0.5952337390625 0.12540460625 0.5743143171875 0.12271647187500001 0.5690731 0.11332505 0.5626993812500001
0 0.263136271875 0.6531348046875001 0.26398688593749997 0.645301384375 0.2617818609375 0.62961181875 0.256038090625 0.61651445625 0.2479158890625 0.6073224390624999 0.2283846390625 0.607208809375 0.213494646875 0.612347759375 0.20672685624999998 0.626678728125 0.21198751875 0.650224440625 0.229759740625 0.6725365484375 0.249290990625 0.6726501765624999 0.257954103125 0.6648622093750001 0.263136271875 0.6531348046875001
0 0.070972984375 0.5049990281250001 0.079594284375 0.5609419203125 0.0806134140625 0.5609478484375 0.0949955265625 0.5315155218750001 0.091744865625 0.5083858625000001 0.08743703750000001 0.4985628375 0.075408584375 0.48934809531249995 0.0689464625 0.49057956875000003 0.070972984375 0.5049990281250001
0 0.2755869203125 0.66980651875 0.3109541546875 0.6700122796875 0.312015653125 0.6690580125000001 0.3132337703125 0.6638395218750001 0.3117637546875 0.6533798109375 0.3063874875 0.6428973734375 0.293624028125 0.6284527765625 0.281905278125 0.6283845984374999 0.2680599953125 0.64789996875 0.2675768875 0.6583483171875 0.270632525 0.6662044625 0.2755869203125 0.66980651875
0 0.1900674078125 0.5511867015624999 0.1945930609375 0.5695025578124999 0.2030249640625 0.5878411406249999 0.21959647499999999 0.59766454375 0.24299700781250003 0.597800684375 0.2569196546875 0.5894610859375 0.260516203125 0.5803372484375 0.26173431875 0.575118753125 0.25952929375 0.5594291874999999 0.254153028125 0.5489467515625 0.24138956875 0.5345021546875001 0.22624767656250003 0.5239629015625 0.21062267656250003 0.5238719984375 0.20159205937500002 0.5290450390625 0.1900674078125 0.5511867015624999
0 0.137996475 0.5550368031249999 0.169062290625 0.5552175390625 0.1726639 0.5519797625 0.1810173109375 0.53504523125 0.18103754218749998 0.53275915625 0.1788141421875 0.5169388421875001 0.1727010125 0.503643371875 0.164578809375 0.494451353125 0.153710671875 0.48654975624999997 0.14748379375 0.48390074062500005 0.12599941875 0.48377574843750004 0.1189219265625 0.488960153125 0.1102010125 0.5032797578125 0.112773540625 0.5215842515625 0.1212054453125 0.539922834375 0.137996475 0.5550368031249999
0 0.096638553125 0.4029592453125 0.07283355 0.40020796093750005 0.062217310937500006 0.4079845671875 0.058253259375 0.414493478125 0.0648683328125 0.4615621765625 0.0753111640625 0.47338048437499997 0.0838586734375 0.47865579374999995 0.08823093125 0.4798086 0.10155558125 0.4798861203125 0.1072961734375 0.47879215 0.1180858171875 0.45142062968749996 0.112090146875 0.4226450625 0.096638553125 0.4029592453125
0 0.0817332703125 0.3593889375 0.07989575 0.3463143 0.073784475 0.33060200625 0.0587003859375 0.31353111718750004 0.050152876562500004 0.3082558109375 0.0442935015625 0.30822172187499997 0.054893318749999996 0.3905862625 0.0640024265625 0.39380040781250003 0.0674967640625 0.3938207375 0.0752173796875 0.38939810937499997 0.07918143125 0.38288919843749997 0.0817332703125 0.3593889375
0 0.1525778765625 0.3630912765625 0.1604497015625 0.3501658609375 0.1605190640625 0.342327896875 0.15934304999999999 0.3339601296875 0.15750966875 0.329246440625 0.151340590625 0.32006578750000003 0.1470668375 0.31742813281250004 0.1353480875 0.3173599546875 0.1282705953125 0.3225443578125 0.12430654375000001 0.3290532703125 0.12235755625 0.337402859375 0.1250035859375 0.3562303390625 0.1309548546875 0.362965478125 0.1525778765625 0.3630912765625
0 0.14237801875 0.3757120296875 0.13657644687499998 0.369146303125 0.1290736328125 0.3645157546875 0.1118799328125 0.364415725 0.104901140625 0.37288120625 0.10246490625 0.383318190625 0.11052930624999999 0.39904184531250003 0.12524589218749999 0.4134978078125 0.138816440625 0.42077644531249997 0.140544284375 0.420786496875 0.14752307656250002 0.41232101718749997 0.14995931093749998 0.4018840328125 0.148121790625 0.3888093953125 0.14237801875 0.3757120296875
0 0.14425409843749998 0.4571016640625 0.149630365625 0.4675841 0.1577525671875 0.47677611718749996 0.1740706796875 0.48499166718750003 0.198063046875 0.4851312515625 0.20700599843749998 0.47314348125 0.20882282812500003 0.444413365625 0.2073528125 0.4339536546875 0.1876274640625 0.411630184375 0.17322058125 0.4063207875 0.15564245625 0.40621852187499996 0.145393721875 0.41661005468749995 0.141797175 0.42573389375000004 0.14094656249999998 0.43356731406250004 0.14425409843749998 0.4571016640625
0 0.1732697171875 0.36477288125 0.1664484078125 0.36473319531250004 0.1511077015625 0.3836721515625 0.1525777171875 0.3941318609375 0.15874679375 0.403312515625 0.1619653015625 0.40529889687500004 0.1760953125 0.40538110312500003 0.18023116875 0.4034375078125 0.18419522187499998 0.3969285953125 0.1866314546875 0.3864916109375 0.1832083140625 0.3760205375 0.1732697171875 0.36477288125
0 0.2357633828125 0.3557691234375 0.2705707296875 0.35597162656250003 0.28594271875 0.34676388125 0.2962492546875 0.329840709375 0.298349865625 0.3010469265625 0.2940362859375 0.2703542109375 0.28412161875 0.2435480953125 0.2643962703125 0.221224625 0.2526775203125 0.22115644687499997 0.23107754218749998 0.23409473125 0.21406101875 0.2588172328125 0.21125728124999998 0.266639290625 0.20833793906250003 0.287524621875 0.21628673437499998 0.316311553125 0.22582114999999997 0.34249491875000004 0.2357633828125 0.3557691234375
0 0.26743579687499996 0.3921247984375 0.26294270625 0.36015479375 0.25133924531249996 0.3487568234375 0.237299865625 0.346062353125 0.22863675312499998 0.3538503234375 0.22308707968750002 0.3629628 0.2213858546875 0.3786296375 0.22322337499999997 0.391704278125 0.23565261406250002 0.40416637499999997 0.2592974484375 0.4043039359375 0.2665596296875 0.394569190625 0.26743579687499996 0.3921247984375
0 0.23220421249999998 0.39693856250000004 0.230658534375 0.3939248609375 0.2248569625 0.3873591328125 0.21649412343750002 0.38219780000000003 0.2102971703125 0.382161746875 0.199833840625 0.38982634374999997 0.19586978906250002 0.39633525468749997 0.19343355625 0.4067722390625 0.197959209375 0.425088096875 0.2083017671875 0.4367929234375 0.21449871874999998 0.43682897656249997 0.230737028125 0.4291979765625 0.2343335765625 0.4200741375 0.2337661046875 0.40805200468749997 0.23220421249999998 0.39693856250000004
0 0.23218140625 0.5078630421875 0.2288509 0.48416525625 0.224963846875 0.47976622031250005 0.21836946249999997 0.474502278125 0.21251008749999997 0.47446818906250005 0.2018360484375 0.48877643125 0.20477608125 0.5096958546875 0.2105776546875 0.51626158125 0.21340439843749998 0.5180061765625 0.2237298 0.5180662468749999 0.2305342109375 0.5124584984375 0.23218140625 0.5078630421875
0 0.2969296984375 0.618300675 0.3106015734375 0.618380215625 0.31963219062500003 0.613207175 0.3235962421875 0.6066982640624999 0.32490571875 0.6010883859375 0.3198846921875 0.565361934375 0.3196693015625 0.5648707828124999 0.31350022499999997 0.5556901296875 0.2964052078125 0.5451395140625 0.2846864578125 0.5450713375 0.2721170953125 0.5528365796875 0.2641311890625 0.572386040625 0.2656012046875 0.5828457515625 0.2736656046875 0.5985694078125 0.2841084359375 0.6103877140625 0.2969296984375 0.618300675
0 0.3626478234375 0.6625069124999999 0.37814972812500003 0.6577876328125 0.3865031390625 0.640853096875 0.38759944375 0.6361564546875 0.3852290421875 0.619290171875 0.3797724609375 0.606847675 0.36505587500000003 0.5923917140625 0.3535938046875 0.5875155609375 0.35017221875 0.5874956546875 0.3373446203125 0.5896177046875 0.3302671296875 0.5948021078125 0.32191371874999997 0.6117366421875 0.321809675 0.6234935890625 0.3222139296875 0.626370009375 0.3259562640625 0.640500846875 0.3344459703125 0.6523077921875 0.3472672328125 0.6602207515625 0.35907070937499996 0.6624861015625 0.3626478234375 0.6625069124999999
0 0.367260353125 0.5594769421875 0.3618840875 0.5489945078125 0.352176265625 0.5424060546875 0.338504390625 0.5423265140625 0.33496564375000004 0.5449187140625 0.330150978125 0.559261046875 0.333941625 0.5723470484375001 0.34438445624999997 0.58416535625 0.35805633124999997 0.584244896875 0.3615950765625 0.5816526953125 0.3687303703125 0.5699366546875 0.367260353125 0.5594769421875
0 0.2935893609375 0.539683853125 0.2946459265625 0.5403359390625 0.32787075312499997 0.5405292359375 0.33228435625 0.5372961828125 0.33803223125000004 0.5278582593750001 0.332929578125 0.4915509953125 0.3195580078125 0.4745151953125 0.315284253125 0.47187753906249996 0.2973386234375 0.46916034531250006 0.289893628125 0.4717298203125 0.2823908296875 0.480830934375 0.27641585 0.49386012187499995 0.27556523906249997 0.50169354375 0.27740275937500003 0.5147681828125 0.2804583953125 0.5226243265625 0.2935893609375 0.539683853125
0 0.27095563437500003 0.48069747500000004 0.277873584375 0.4663935078125 0.27563565 0.4504697859375 0.2631802453125 0.43231562968750004 0.2486794578125 0.42453805468750005 0.24034250781250002 0.4244895515625 0.2315627421875 0.429518896875 0.22162370937500003 0.4490569953125 0.2222431140625 0.467350125 0.2252987515625 0.47520627343750005 0.23110032343750003 0.48177199843749996 0.246242215625 0.4923112484375 0.2521231546875 0.4948130984375 0.2529912171875 0.49481814843749994 0.26186721562500004 0.492402153125 0.27095563437500003 0.48069747500000004
0 0.2978222046875 0.4441352171875 0.301905178125 0.43743103593750005 0.29796308437499996 0.40938158125 0.2830271265625 0.3944061421875 0.2693552515625 0.39432659999999997 0.2658165046875 0.3969188 0.259048715625 0.41124977031250004 0.25966811875 0.42954290000000006 0.26773251875000004 0.44526655625 0.274379971875 0.4527895796875 0.28430957968750004 0.45284734843749996 0.2891590921875 0.4519231859375 0.2978222046875 0.4441352171875
0 0.3295972359375 0.3789707484375 0.31616623593750004 0.3618592296875 0.31207715 0.3593355484375 0.2981279796875 0.3592543953125 0.2907178078125 0.36824314999999996 0.28828157499999996 0.37868013437500003 0.2893840875 0.3865249171875 0.294760353125 0.39700735468750004 0.305203184375 0.40882566249999996 0.3135660234375 0.413986996875 0.32358483125 0.41404528437500004 0.3322372328125 0.399838178125 0.33241995 0.3990554046875 0.3295972359375 0.3789707484375
0 0.3401311125 0.34804361875 0.341346490625 0.3403756171875 0.33937575 0.32635306875 0.33877670000000004 0.32452063125 0.3283338703125 0.312702325 0.3166151203125 0.312634146875 0.309537628125 0.31781855000000003 0.304355459375 0.32954595468750003 0.3088811125 0.3478618109375 0.3180617375 0.356247921875 0.332382084375 0.35633123437499997 0.3361670609375 0.3545525296875 0.3401311125 0.34804361875
0 0.2925027171875 0.28027106874999996 0.2990392984375 0.2920666515625 0.3050387328125 0.29528448125 0.32327165 0.29539055625 0.32876147968749997 0.2883203859375 0.329979596875 0.28310189375 0.327774571875 0.2674123265625 0.3189173609375 0.25299045468750003 0.312322978125 0.247726509375 0.30414297343749996 0.2450661296875 0.296697978125 0.24763560624999997 0.2907808 0.2541331546875 0.289562684375 0.259351646875 0.2925027171875 0.28027106874999996
0 0.3478343390625 0.25181922968750003 0.3535764875 0.245144865625 0.35625659375 0.2354016890625 0.3528011359375 0.21081483125 0.3488567359375 0.20461916875 0.3371957875 0.1980193515625 0.3332895375 0.1979966265625 0.3258445421875 0.20056610312499998 0.320720175 0.20576186875000002 0.31553800625 0.21748927343750002 0.31615740937500003 0.23578240312499998 0.31921304687499996 0.24363854843750002 0.326331078125 0.25169412812499997 0.3478343390625 0.25181922968750003
0 0.337383853125 0.277465378125 0.3403238859375 0.2983848 0.34606765781250004 0.3114821640625 0.354189859375 0.32067418124999997 0.3633519859375 0.3252869640625 0.37560724218749997 0.3253582625 0.383486734375 0.3208446265625 0.390622028125 0.3091285828125 0.39269075781249996 0.2960766703125 0.3908532359375 0.28300203281249997 0.38779759999999996 0.2751458875 0.3769872640625 0.2607126515625 0.3602597515625 0.25277696562499996 0.34024539374999996 0.2631116828125 0.3378669609375 0.267017028125 0.337383853125 0.277465378125
0 0.38296660312499997 0.3588012390625 0.38071981718750003 0.342814521875 0.368424459375 0.3268406015625 0.3540175765625 0.32153120625 0.344986959375 0.326704246875 0.3413904125 0.3358280859375 0.342009815625 0.3541212171875 0.3473860828125 0.3646036546875 0.356755978125 0.3752077078125 0.37444502343749997 0.37531061875 0.3809567109375 0.3674117515625 0.38296660312499997 0.3588012390625
0 0.339551528125 0.4775709015625 0.3482724421875 0.46325129531250003 0.3481464921875 0.45541219374999997 0.3466764765625 0.4449524828125 0.33995614375 0.43184943750000004 0.327927690625 0.4226346953125 0.314255815625 0.4225551546875 0.30717832500000003 0.42773955781249995 0.3035817765625 0.43686339687500003 0.30248547187499997 0.44156004062500004 0.3048089140625 0.45809219375000004 0.31537901874999996 0.47220469062500003 0.323926528125 0.4774799984375 0.339551528125 0.4775709015625
0 0.358308328125 0.45967677656249994 0.37248952343749997 0.46428892031249996 0.384203759375 0.464357071875 0.395417703125 0.45989267343750007 0.40096737656250003 0.450780196875 0.40690881718750005 0.4291808640625 0.405615203125 0.41997631875 0.40289981093750005 0.4089868046875 0.3874482171875 0.38930098750000003 0.37267382968749996 0.3813766640625 0.356681325 0.378670834375 0.3405732171875 0.3890282765625 0.33502354375 0.39814075312499997 0.3342926734375 0.40127185 0.338526321875 0.4313958171875 0.3505536296875 0.45309968749999996 0.358308328125 0.45967677656249994
0 0.3584126296875 0.5313395890625 0.3696869046875 0.5314051796875 0.37751117343749996 0.5213285609375 0.3782767234375 0.5142784828125 0.3762554515625 0.49989637968749995 0.3711479984375 0.489938065625 0.35911954687500003 0.4807233234375 0.34935392187500003 0.48066650781250003 0.3422764296875 0.48585091093750005 0.33672675625 0.4949633875 0.3359612046875 0.5020134656249999 0.33625520781249996 0.5041054078125 0.3396667890625 0.5158828093750001 0.35243025 0.5303274078125 0.3584126296875 0.5313395890625
0 0.39325020781250003 0.6111646125 0.40559414687500006 0.6112364265625 0.41611963281250003 0.5971273140625 0.416332803125 0.5962140781249999 0.4126118234375 0.569737934375 0.4120770875 0.568363109375 0.40590800937499993 0.5591824546875 0.40163425625000004 0.5565448015625 0.3895480015625 0.5538616968750001 0.38014988125000004 0.556419809375 0.369475840625 0.5707280531250001 0.3724158734375 0.591647475 0.38322620937499996 0.606080709375 0.3874999625 0.6087183640625 0.39325020781250003 0.6111646125
0 0.396678571875 0.6189906703125 0.3860644296875 0.6332186203125 0.39022257968749996 0.648919546875 0.3982731578125 0.6580305078124999 0.410125865625 0.6580994640625 0.41915195 0.6464750671874999 0.41921842343750004 0.6389636828125 0.4182366609375 0.6319780890625 0.41077784843750004 0.6216048437499999 0.4066359984375 0.6190486 0.396678571875 0.6189906703125
0 0.46881876875 0.64751956875 0.46577979375 0.6258961281250001 0.45162923125 0.611996165625 0.44344922656249997 0.6093357859374999 0.43173047656249997 0.6092676078125 0.4245951828125 0.62098365 0.4237445703125 0.6288170703125 0.425582090625 0.6418917078125 0.43095835625 0.65237414375 0.43615112500000003 0.658250875 0.46070657343750004 0.6583937343749999 0.46881876875 0.64751956875
0 0.4967785046875 0.6277613875 0.4772472546875 0.6276477578125 0.4748688234375 0.6315531046875 0.472432590625 0.6419900890625 0.47390260624999997 0.6524498000000001 0.47647678437499996 0.6553630375 0.498043146875 0.6554885078125 0.507743690625 0.64676790625 0.5059470046875 0.633983815625 0.4967785046875 0.6277613875
0 0.48567420468750006 0.6226308765625 0.49551423593750005 0.617377065625 0.4994782890625 0.610868153125 0.501184990625 0.600100325 0.49840114687500003 0.5802922484375 0.4939657265625 0.5716442374999999 0.48352289531250003 0.5598259296875 0.47571039531250003 0.559780478125 0.45532853281249996 0.5675002671875 0.451731984375 0.5766241062499999 0.4527188921875 0.5975321671875 0.4557745296875 0.6053883124999999 0.46621736093750005 0.6172066203125001 0.47622807187499994 0.6225759203125001 0.48567420468750006 0.6226308765625
0 0.47459067499999996 0.565351946875 0.47933693125000004 0.5557300515625 0.4745703 0.5218137078125 0.46296683749999995 0.5104157390624999 0.445021209375 0.5076985421875 0.43952933749999995 0.5102793828125 0.43239404375 0.5219954234374999 0.433013446875 0.540288553125 0.43606908437499997 0.5481447 0.4445587921875 0.559951646875 0.45786680312500005 0.5662650890625 0.4724668125 0.5663500296875 0.47459067499999996 0.565351946875
0 0.3870481203125 0.5183696609374999 0.38925314375000003 0.5340592265625 0.40006347968749995 0.5484924624999999 0.411852265625 0.5535076046875 0.41885880625 0.55354836875 0.42740722968749995 0.5486515437499999 0.43137128125 0.5421426312500001 0.43222189375 0.5343092125 0.429649365625 0.51600471875 0.41883902968750003 0.50157148125 0.4145652765625 0.4989338296875 0.3989402765625 0.49884292500000005 0.39344840468750003 0.5014237640625 0.38948435312499996 0.5079326765625 0.3870481203125 0.5183696609374999
0 0.4632660234375 0.4969229765625 0.4595547875 0.47051616718749995 0.45153718906250007 0.45686124375 0.43749780937500005 0.454166775 0.425605653125 0.47369351093749995 0.4243875359375 0.47891200468750006 0.425857553125 0.48937171562500004 0.4389885171875 0.506431240625 0.44951373281249996 0.5084512625000001 0.4544025515625 0.5084797046875 0.4585197671875 0.5065448703125 0.4632660234375 0.4969229765625
0 0.5260958109375 0.5947640375 0.5337403593750001 0.5911715734375 0.5431962828125 0.5820818234375 0.5446275703125 0.5759500937500001 0.540842278125 0.5490163406249999 0.5349955875 0.5376166890625 0.5268733859375 0.5284246718750001 0.508560253125 0.5230925515625 0.5011152562500001 0.5256620265625 0.4904412171875 0.5399702703125 0.4895906046875 0.5478036890625 0.49289814062500004 0.5713380390625 0.5106703640625 0.5936501453125 0.5154078765625 0.5947018578125001 0.5260958109375 0.5947640375
0 0.547546684375 0.6411553734375001 0.5495576109375 0.6346350968750001 0.5503231625 0.62758501875 0.547225628125 0.605544915625 0.5389784859375 0.5940753125 0.53470473125 0.59143765625 0.51712660625 0.5913353906250001 0.5080381875 0.6030400703125001 0.5069418812500001 0.6077367109375 0.510433171875 0.6325785265625 0.5131832453125 0.6396490578125 0.5148499421875 0.641535284375 0.5444304484375 0.6417073796875 0.547546684375 0.6411553734375001
0 0.4408475625 0.4412682796875 0.4453868265625 0.43913510625 0.4526467421875 0.4213628671875 0.451844915625 0.4156575703125 0.450317096875 0.41172949843750006 0.43413049531250003 0.38681382656249996 0.41850549531250003 0.3867229234375 0.411428003125 0.3919073265625 0.4074639515625 0.3984162375 0.40669839999999996 0.40546631718750004 0.40942842968750004 0.42489149375 0.4176755734375 0.43636109687499997 0.42548176875 0.441178884375 0.4408475625 0.4412682796875
0 0.4147161078125 0.32365684375 0.3988421796875 0.3161261046875 0.397745859375 0.3161197265625 0.3860964390625 0.3352478921875 0.383177096875 0.356133225 0.38501461875 0.36920786250000004 0.3954574484375 0.381026171875 0.39907694843749997 0.3832600359375 0.413691815625 0.3833450625 0.42566273906249996 0.3668315578125 0.42727890312500005 0.3519480609375 0.42492687656249994 0.33521252343749997 0.4147161078125 0.32365684375
0 0.41377339687500003 0.3141719328125 0.4362255734375 0.3335170421875 0.4548470953125 0.333625378125 0.4609580984375 0.323591209375 0.46387744062499997 0.30270587656250003 0.46331997812500003 0.286242059375 0.45806466874999996 0.24884859062500003 0.4543223328125 0.23471775468749997 0.44931357031249997 0.2268502453125 0.42531446875 0.201889121875 0.40578321875 0.2017754921875 0.3891342 0.22911292187500001 0.3870654703125 0.2421648359375 0.38960745625 0.2727492625 0.3901587125 0.2766716546875 0.3979542984375 0.2918711859375 0.41377339687500003 0.3141719328125
0 0.5880645765625 0.63576956875 0.58877810625 0.634597965625 0.5846988109375 0.6055722671875 0.57901326875 0.5991378546874999 0.5704657609375 0.593862546875 0.5626532609375 0.5938170953124999 0.55557576875 0.5990015 0.5516117171875 0.6055104109375 0.5503936 0.6107289046875 0.5529661296875 0.6290333984375 0.5583899125 0.637104925 0.571367690625 0.637180428125 0.5880645765625 0.63576956875
0 0.6202237375 0.6390258859375 0.6368655734375 0.63912270625 0.640341740625 0.6349060125 0.6368780140625 0.6102603203125 0.6350112890624999 0.606003678125 0.6292097156249999 0.59943795 0.6206622078125 0.5941626421875 0.6069903328125 0.5940831015625 0.6014984609375 0.5966639421875 0.5924100421875 0.6083686203124999 0.5915594296875 0.616202040625 0.5937644546875 0.6318916046874999 0.5991985234375 0.6358424046875 0.6202237375 0.6390258859375
0 0.6762139312500001 0.5867442375 0.65235476875 0.5814475890625 0.6519935640625001 0.5814454875 0.6381961421875 0.6008934 0.6380805374999999 0.6139566750000001 0.6438243078125 0.627054040625 0.6596820484375 0.6408166703125 0.675113928125 0.64090645 0.6777046390625 0.6390087046875 0.6855794109375 0.6235285171875 0.6816810390625 0.59579016875 0.679694875 0.590683675 0.6762139312500001 0.5867442375
0 0.7183258671874999 0.6090165062499999 0.7186036546875 0.60300870625 0.717354140625 0.594117953125 0.7153858343749999 0.588097084375 0.702989878125 0.5762674140625 0.695177378125 0.5762219625 0.6916386328125 0.5788141640625 0.6845033390624999 0.59053020625 0.686340859375 0.60360484375 0.696783690625 0.6154231515624999 0.698049275 0.6160603250000001 0.7116002203125 0.6161391625 0.7183258671874999 0.6090165062499999
0 0.7552252625 0.6469658296875 0.761142440625 0.64046828125 0.7667510578125001 0.6123350390625 0.76549419375 0.6033919859375 0.760386740625 0.5934336703125 0.7522645390625 0.584241653125 0.7469909125 0.5819981656250001 0.742804946875 0.5819738125 0.7249207890625 0.584082571875 0.717843296875 0.5892669765624999 0.7138792453125 0.5957758890625 0.71034670625 0.6109095156250001 0.7119821 0.6225459437499999 0.7174386828125 0.634988440625 0.725560884375 0.6441804578125 0.73706139375 0.6490729625 0.74891999375 0.6491419546875 0.7552252625 0.6469658296875
0 0.7170360015624999 0.5265908125000001 0.7091084671875 0.5240125421874999 0.7087467765625 0.5240104390625 0.7017785062499999 0.5291148359375 0.69846968125 0.53750876875 0.6990135875 0.5413788609375 0.7023401078125 0.5539396046875 0.70814168125 0.56050533125 0.7236405875 0.5631276484375001 0.7241563328125 0.56313065 0.7271049046875 0.5524114953125 0.724694078125 0.5352575703125 0.7170360015624999 0.5265908125000001
0 0.6853102343749999 0.5407281953124999 0.6684024578125001 0.523775721875 0.65633129375 0.52370549375 0.647523653125 0.5287508062499999 0.6391702421875001 0.5456853374999999 0.641742771875 0.5639898328124999 0.6490721625 0.5744836328125 0.6613320859375 0.5861834859374999 0.6714727984375 0.5862424828125 0.68575623125 0.5786162375 0.689986259375 0.5660154734375 0.6868559109375 0.54374189375 0.6853102343749999 0.5407281953124999
0 0.643210409375 0.5664482625 0.6374088375 0.5598825374999999 0.6214163328125 0.5571767046875 0.613913534375 0.5662778171875 0.6130629234375 0.574111240625 0.6168535687500001 0.587197240625 0.6254298687500001 0.59690316875 0.637281925 0.596972121875 0.644564821875 0.5899712484374999 0.6457829390625001 0.58475275625 0.643210409375 0.5664482625
0 0.607763215625 0.5808365656250001 0.6054111890625 0.564101028125 0.6037867484375 0.562262625 0.5761911 0.546425340625 0.562036115625 0.556794146875 0.5596576843750001 0.5606994953125 0.560760196875 0.568544278125 0.5688245968750001 0.58426793125 0.5783678250000001 0.5950681484375 0.597313940625 0.5951783734375 0.606301475 0.58709875625 0.607763215625 0.5808365656250001
0 0.54966570625 0.5152788203124999 0.5462580234375001 0.5177750140625 0.539490234375 0.53210598125 0.541695259375 0.54779555 0.552432796875 0.5621315906250001 0.5643312953125 0.5622008140625 0.5756163359375 0.5520557828125 0.571996421875 0.5262987453125 0.568109903125 0.520514934375 0.55972068125 0.5153373171875 0.54966570625 0.5152788203124999
0 0.5189185484375 0.5207706578125 0.51985771875 0.5213502921875001 0.5486289375 0.521517678125 0.5517541687499999 0.5183489015625 0.5553507171875001 0.5092250625 0.5564470218750001 0.5045284171875 0.5560427671875 0.5016519984375 0.5513081718749999 0.48046085781250003 0.540865340625 0.46864255000000005 0.5323178328125 0.46336724374999994 0.5205990828125 0.46329906562499995 0.513521590625 0.46848346875 0.5067538 0.4828144359375 0.5059882499999999 0.489864515625 0.506355753125 0.49247944375 0.5104288421875001 0.5089637140625001 0.5189185484375 0.5207706578125
0 0.4966005453125 0.5305823203125 0.5130496265625 0.517891475 0.511499984375 0.5068651984375 0.5063332671875 0.48815369375 0.49589043593750004 0.476335384375 0.48771043125 0.47367500468749996 0.47672669062499995 0.47883668437500004 0.47080951249999997 0.48533423124999997 0.46800577499999996 0.4931562890625 0.4705783046875 0.5114607828125 0.4813886390625 0.5258940203125 0.4889125609375 0.5305375921875 0.4966005453125 0.5305823203125
0 0.493073928125 0.46462639375 0.4882426625 0.4302501515625 0.48690829999999996 0.4287400359375 0.47464104375 0.42116899218750004 0.46568922187500006 0.42111691249999994 0.45724392187499996 0.42595466249999997 0.4516942484375 0.4350671390625 0.44999302343750003 0.45073398124999997 0.4561042984375 0.46644627187500004 0.46190587031249997 0.4730119984375 0.4704533796875 0.47828730625000004 0.47892266875 0.4805203546875 0.4814882609375 0.48053528125 0.4860783796875 0.4783782109375 0.493073928125 0.46462639375
0 0.543123646875 0.44583087343749994 0.5432937703125 0.44426419062500005 0.539324725 0.41602297187500004 0.5387135984375 0.4144517421875 0.5282707671875 0.40263343437500004 0.5197232578125 0.3973581265625 0.51015308125 0.3948348140625 0.5090680125 0.3948285015625 0.5001920078125 0.397244496875 0.4966532625 0.3998366984375 0.48671423125 0.419374796875 0.48891925625 0.4350643625 0.4946630265625 0.448161728125 0.5093796109375 0.46261768906249995 0.5263282625000001 0.465183928125 0.5275218374999999 0.46519087187499997 0.5344027328125 0.46015048125 0.543123646875 0.44583087343749994
0 0.5726989015624999 0.4868624515625 0.576237646875 0.48427024999999996 0.586686665625 0.46419514062499995 0.58477809375 0.45061495156250003 0.5812835203125 0.44380136718749996 0.5688875640625 0.431971696875 0.5571688140625 0.43190351875 0.54972381875 0.43447299531250005 0.5441741453125 0.44358547187499997 0.5429560296875 0.4488039625 0.548216690625 0.4723496765625 0.55633889375 0.48154169375 0.5648864015624999 0.486817 0.5726989015624999 0.4868624515625
0 0.6336461046874999 0.55706238125 0.6466878359375 0.5356480609375 0.6402156796875 0.48959627968749997 0.6300659765625001 0.47604507500000004 0.6191978390624999 0.468143478125 0.6116237609375 0.4656801625 0.609453621875 0.4656675375 0.5899009640624999 0.46797303437500004 0.577641303125 0.48488484062500004 0.573986953125 0.5005403187499999 0.574238853125 0.5162185203125 0.5776619953125001 0.5266895953125 0.585358890625 0.539798321875 0.5911604625 0.5463640484375001 0.612212659375 0.5593569359375 0.6303694875 0.55946256875 0.6336461046874999 0.55706238125
0 0.6781865546875 0.5160765296875 0.68215060625 0.50956761875 0.68306419375 0.5056537484375 0.678662496875 0.47433404687499997 0.6685158421875 0.46115168593750006 0.6622889640625 0.45850266875 0.6505702140625 0.458434490625 0.6370924359375 0.4805647921875 0.6389299562499999 0.4936394296875 0.6419855937500001 0.5014955750000001 0.6446737265625 0.5067367953125 0.65590830625 0.51745814375 0.675010084375 0.5175692749999999 0.6781865546875 0.5160765296875
0 0.6216023359375 0.478227996875 0.6311268265625001 0.4782834078125 0.6355587234375 0.47728907343750004 0.6410505953125 0.47470823749999996 0.6466002671875 0.4655957609375 0.6502546171875 0.44994028124999996 0.6480495937499999 0.434250715625 0.645361459375 0.4290094984375 0.632965503125 0.4171798265625 0.62869175 0.41454217499999996 0.615387378125 0.41707756093750004 0.6118486328125 0.4196697625 0.603495221875 0.436604296875 0.6030121140625 0.44705264375000003 0.6094908921875 0.465379865625 0.6199337234375 0.4771981703125 0.6216023359375 0.478227996875
0 0.599241834375 0.4091170359375 0.5919318515625 0.40084421875 0.5782599765625 0.400764678125 0.5747212312500001 0.40335688281250004 0.5691715578125 0.412469359375 0.5717440875 0.43077385156250003 0.58023379375 0.442580796875 0.5819670375 0.4436505109375 0.599121984375 0.443750315625 0.603174128125 0.43709676406250003 0.599241834375 0.4091170359375
0 0.5607710234375001 0.3867167640625 0.55665555625 0.3841768015625 0.54276666875 0.3840959984375 0.5356901 0.3957156109375 0.5344719828125 0.4009341015625 0.5370445125 0.419238596875 0.5408929609375 0.4257929625 0.5511991390625 0.4309817296875 0.5631917375 0.4310515 0.5706151421875 0.42204669375000003 0.5714657546875 0.414213275 0.5696282328125 0.4011386359375 0.5607710234375001 0.3867167640625
0 0.50341958125 0.36883225468749997 0.543468990625 0.3899675734375 0.555187740625 0.39003575 0.595100853125 0.3824295890625 0.6179189484375 0.3642728140625 0.621371634375 0.3555139296875 0.62106293125 0.3533173890625 0.6169898421875 0.33683311875 0.5912110234375 0.29226571875 0.5664769125 0.2620747390625 0.5598825296875 0.2568107953125 0.5149606546875 0.256549446875 0.5015984812500001 0.265616471875 0.49038353125 0.2969046984375 0.494702559375 0.3540192796875 0.4951724390625 0.3573626515625 0.50341958125 0.36883225468749997
0 0.43013748906249993 0.354236365625 0.42965438125000005 0.36468471406249997 0.432226909375 0.3829892078125 0.44065881406249996 0.4013277890625 0.453422275 0.4157723890625 0.45949390625 0.419519646875 0.47825747031250004 0.4196288109375 0.484672275 0.415954196875 0.49180756875 0.4042381546875 0.49509441406250004 0.38596775 0.4948425140625 0.370289546875 0.48909874374999995 0.35719218124999996 0.4759677796875 0.34013265625 0.4627790125 0.3296047671875 0.4510602625 0.3295365890625 0.442029646875 0.3347096296875 0.43013748906249993 0.354236365625
0 0.5059328625 0.31173161875 0.5031306437499999 0.29179279375 0.4959364796875 0.2770539984375 0.4870214671875 0.26916376406250003 0.4792454109375 0.266634759375 0.47837736093750005 0.26662970937499997 0.4694433421875 0.269061496875 0.46194054375000004 0.2781626109375 0.45987181406250005 0.291214521875 0.46402996406249997 0.306915453125 0.46977373437500003 0.320012815625 0.4755753078125 0.32657854375 0.481494684375 0.3290967421875 0.4936140765625 0.32916725156250004 0.505780596875 0.3123839296875 0.5059328625 0.31173161875
0 0.4805922515625 0.25917356406250003 0.490948290625 0.2667028453125 0.509312853125 0.2668096875 0.519712553125 0.252869184375 0.5215397281249999 0.245041446875 0.5174971828125 0.21627724218750002 0.51077685 0.203174196875 0.50033401875 0.1913558890625 0.4898333859375 0.1860692171875 0.478482140625 0.18861596875 0.47494339375 0.19120817031249998 0.4665899828125 0.2081427046875 0.46582443281249997 0.21519278281249998 0.469352471875 0.24029608906250002 0.47210254531249995 0.2473666203125 0.4805922515625 0.25917356406250003
0 0.5538011968750001 0.196813503125 0.53110529375 0.19668146250000001 0.526420253125 0.198883140625 0.5196524625000001 0.21321410937500002 0.52296 0.236748459375 0.5256481328125 0.24198967656249998 0.5341378390625 0.25379662187499996 0.5377837203125 0.25604676875 0.5601289171875 0.25617676875 0.569370053125 0.2410029703125 0.5646092046875 0.2071277703125 0.5538011968750001 0.196813503125
0 0.6249129484375 0.279692178125 0.6256628640625 0.27496085937500003 0.6238524890625 0.26207937187499997 0.6134832109375 0.2469658125 0.60335008125 0.24429406875 0.5978582109375 0.24687490781250002 0.5938941578125 0.2533838203125 0.592676040625 0.2586023125 0.5952485703125 0.27690680625 0.6017851515625 0.2887023875 0.6117788203125001 0.292385375 0.6171634703125 0.2924167015625 0.6249129484375 0.279692178125
0 0.644319340625 0.353462365625 0.6529265078125001 0.34814493125 0.6553049390625 0.344239584375 0.657828303125 0.33719973125 0.65432365 0.31226283125 0.6416701765624999 0.2958236515625 0.637396421875 0.2931859984375 0.621771421875 0.29309509375 0.612683003125 0.3047997734375 0.6120025124999999 0.311066509375 0.6153468 0.33486235 0.62051619375 0.346649978125 0.6239971375 0.35058941718750003 0.6295326546875 0.3533763390625 0.644319340625 0.353462365625
0 0.603533275 0.37508219375 0.5981654453125 0.3809765140625 0.596831725 0.39925828124999996 0.605688934375 0.41368015312499995 0.6089707546875001 0.41570561093749997 0.618687190625 0.4157621390625 0.627598615625 0.4098884359375 0.6286149703125 0.407052940625 0.6255019046875 0.384902325 0.6182106921875 0.37516758437500003 0.603533275 0.37508219375
0 0.6808800625 0.390134775 0.679410046875 0.3796750640625 0.6739098984375 0.365534003125 0.6677408218750001 0.3563533484375 0.6555738140625 0.348844175 0.6423600765625 0.3487673 0.6377089390624999 0.35095304843749997 0.6280757234375 0.36988997343749996 0.6316150703125001 0.3950737375 0.633765578125 0.3992667125 0.6418877796875 0.4084587296875 0.6596151671875 0.4160002515625 0.6620071390625 0.41601416718750006 0.6699665375 0.4138476671875 0.678687453125 0.3995280609375 0.6808800625 0.390134775
0 0.7884316859375 0.644688159375 0.7956257015625 0.6447300125 0.831521190625 0.6427373296875001 0.840609609375 0.6310326515625 0.84086479375 0.6286826265625 0.837741009375 0.606455740625 0.8342464359375 0.5996421562500001 0.8238036046874999 0.5878238484375 0.8129354671875 0.57992225 0.7934042171875 0.5798086203125 0.781202359375 0.590188790625 0.77723830625 0.596697703125 0.7728489484375001 0.607123325 0.7757889812500001 0.6280427468750001 0.781165246875 0.6385251828125 0.7884316859375 0.644688159375
0 0.74619598125 0.58823843125 0.772106121875 0.5883891718750001 0.7880391859375 0.58745771875 0.794806975 0.57312675 0.7982177015625 0.558514971875 0.7964536828125001 0.5459633203125 0.7916150421875 0.536529125 0.774577828125 0.5194468734375 0.7663978234375 0.51678649375 0.7527259484375 0.516706953125 0.7436953328125 0.52187999375 0.736192534375 0.53098110625 0.7312145609375 0.548327196875 0.73413621875 0.569115871875 0.7365807296875 0.575400790625 0.74619598125 0.58823843125
0 0.7297326828124999 0.502027040625 0.7456437921875 0.517980209375 0.7795402484375 0.5181774124999999 0.7886361359375 0.51151449375 0.7908940796875 0.506404696875 0.7855127703125 0.468114684375 0.7816535578125 0.4618308671875 0.7707854203125 0.45392927031249997 0.7583316609375 0.4486312375 0.7427066609375 0.44854033437499996 0.7352616656250001 0.451109809375 0.7297697953125 0.45369064843749995 0.724220121875 0.46280312500000004 0.7217838875 0.473240109375 0.7243564171875 0.49154460312500003 0.7297326828124999 0.502027040625
0 0.7266535328125 0.46310758906249994 0.7281846359374999 0.4490074328125 0.7267461203125001 0.43877185937499996 0.7183950359375 0.4251740953125 0.7047231609375 0.4250945546875 0.694049121875 0.43940279687499995 0.69336863125 0.4456695328125 0.6939566375 0.4498534171875 0.6969891546875 0.46032222031250003 0.706349028125 0.4709149265625 0.71976048125 0.47099295156250004 0.72268948125 0.46961650468749994 0.7266535328125 0.46310758906249994
0 0.69032594375 0.4580400046875 0.6947967046875 0.4447221265625 0.6923554265625 0.4273515328125 0.6871340109374999 0.42144237812499996 0.6715090109374999 0.421351475 0.6663846437500001 0.426547240625 0.6640062125 0.43045258906250006 0.6662112375 0.4461421546875 0.668899371875 0.451383375 0.67470094375 0.4579491015625 0.67561488125 0.45824634062499997 0.689494128125 0.4583270875 0.69032594375 0.4580400046875
0 0.7346511703124999 0.439855134375 0.7571513515625 0.4399860359375 0.7611865812499999 0.4366604640625 0.7652084359375 0.42361991562499995 0.763370915625 0.41054527656250006 0.760315278125 0.40268913125 0.74950494375 0.38825589531250004 0.7452311890625001 0.38561824218749996 0.7272855593750001 0.382901046875 0.7217936890625001 0.3854818859375 0.7178296375000001 0.3919907984375 0.7157609078125 0.4050427109375 0.7179659328125 0.4207322765625 0.7287762671875 0.43516551249999996 0.7346511703124999 0.439855134375
0 0.8007059640625 0.49151622812499995 0.808828165625 0.500708246875 0.81972170625 0.5027989578125001 0.8240981218749999 0.5028244187500001 0.828359415625 0.500821875 0.8323234671874999 0.4943129625 0.833541584375 0.48909447031250003 0.8317040640625001 0.47601983125 0.82400716875 0.4629111078125 0.8182055953124999 0.456345378125 0.8123462203124999 0.45631128906249996 0.79666341875 0.462752025 0.795329696875 0.48103379375 0.8007059640625 0.49151622812499995
0 0.800736796875 0.4542438390625 0.8094577109375001 0.43992423125 0.8095427734375 0.4391408890625 0.8065659890625 0.41795997500000004 0.806150175 0.4163898828125 0.7914335890624999 0.40193392031249997 0.7836210890624999 0.40188846875 0.78008234375 0.40448067187500003 0.7678226828125 0.42139247968750004 0.7669720703125 0.4292258984375 0.7711302203125 0.4449268296875 0.782466825 0.45574554218749996 0.7985589359375 0.45583916249999995 0.800736796875 0.4542438390625
0 0.6939775218750001 0.313920746875 0.6894725578124999 0.3374096421875 0.690942575 0.347869353125 0.699374478125 0.366207934375 0.7140910640625 0.380663896875 0.7167162171875 0.38198556250000004 0.74747794375 0.382164528125 0.7492473140625 0.3808684296875 0.7563826078125 0.36915238906250003 0.7588188406249999 0.358715403125 0.7558788078124999 0.33779598125 0.7524556671875 0.3273249078125 0.746286590625 0.318144253125 0.7218621828125 0.297099840625 0.7120965578125 0.29704302656250003 0.69952719375 0.30480826875 0.6939775218750001 0.313920746875
0 0.697069590625 0.31682892812499996 0.7092714499999999 0.306448759375 0.7132355015625 0.29993984687499997 0.7177745203125 0.2860662140625 0.7104134125 0.2336892125 0.6987872375 0.2110209421875 0.6860237765625 0.19657634531249998 0.668587125 0.18343030625 0.652906428125 0.183339078125 0.636828146875 0.19367734375 0.6237178734375 0.2184225703125 0.623486665625 0.2445491203125 0.62911483125 0.2707097625 0.643658009375 0.3047606359375 0.6514127078125 0.311337725 0.6556864625000001 0.3139753796875 0.6875530046875 0.3193669984375 0.6877410875 0.3193680921875 0.697069590625 0.31682892812499996
0 0.8798562515624999 0.6228500593749999 0.87173405 0.6136580421875 0.861968425 0.6136012265625 0.8435396875000001 0.6213323796875 0.8399431390625001 0.6304562203125 0.8413283125 0.6403122359375 0.8842970625 0.6405622203125 0.8825443859375 0.6280912765625 0.8798562515624999 0.6228500593749999
0 0.825266828125 0.5829608000000001 0.8306430953125 0.5934432359375 0.8414534296875 0.6078764718749999 0.8525661390625 0.613836834375 0.8842495687499999 0.6140211625 0.899312171875 0.6029875062500001 0.91253805 0.5651790015625 0.9133886625000001 0.55734558125 0.9128311984374999 0.5408817625 0.9125188203124999 0.5386590734375 0.902751734375 0.5233174328125 0.8899882734375 0.508872834375 0.8666663781249999 0.49567320312499996 0.8529945031249999 0.4955936625 0.840425140625 0.5033589046875 0.824626734375 0.5228629140625001 0.8193867625 0.54112195625 0.8189519656250001 0.5505254703125 0.821855246875 0.5711833984375 0.825266828125 0.5829608000000001
0 0.8125278437500001 0.504318328125 0.8098104375 0.5063088828125 0.8074320046875 0.510214228125 0.8103720390625 0.53113365 0.813060171875 0.5363748703125 0.8206437578125 0.544957328125 0.8312335984375 0.5450189375 0.8377157890625 0.53129273125 0.8335576390625 0.515591803125 0.8218010359375001 0.5043722765624999 0.8125278437500001 0.504318328125
0 0.916428271875 0.656361378125 0.9311044374999999 0.6564467625 0.9516121734375 0.651234046875 0.9539906031250001 0.6473286984375 0.953946521875 0.6445850125 0.9500050390625001 0.6165399140625001 0.94921305 0.6133346390625001 0.945364603125 0.606780275 0.9282695859375 0.5962296609375 0.9224102109375 0.5961955718749999 0.91142646875 0.6013572500000001 0.9039236718750001 0.6104583640625 0.9011199328125 0.6182804203125001 0.9021068421875 0.6391884796875 0.9109640515624999 0.6536103515625 0.916428271875 0.656361378125
0 1 0.5979978640625 0.9975771124999999 0.5967780328125001 0.9878114874999999 0.5967212171875 0.9685321374999999 0.61228579375 0.9633499671875001 0.624013196875 0.9624993546875 0.63184661875 0.9643368765625 0.64492125625 0.971972034375 0.653562078125 0.9814000406250001 0.653616928125 1 0.6525843796874999 1 0.5979978640625
0 0.9842060375000001 0.60612886875 0.9881700890625 0.5996199546875001 0.9881959484375 0.5994568046875 0.98271554375 0.560461696875 0.9745353265625001 0.5512040234375 0.9620815671875 0.545905990625 0.9562221921875 0.5458719015625 0.9448131453125 0.5549502890625 0.9427444156250001 0.5680022015625 0.9449494406250001 0.5836917671874999 0.9592407187499999 0.6020644374999999 0.9650422921875 0.6086301640625 0.9751754203124999 0.61130190625 0.9842060375000001 0.60612886875
0 0.935087671875 0.5440619203125 0.9528579671875 0.5441653046875 0.9719779000000001 0.5357841640625 0.9816898281249999 0.5198373328125 0.9748415312500001 0.471109159375 0.9613202812500001 0.459951265625 0.9531402765625 0.45729088124999995 0.9375152765625 0.45719997812499996 0.9284846609375 0.46237301875 0.9178106203124999 0.4766812609375 0.9137887656249999 0.4897218125 0.9120875406250001 0.5053886546874999 0.9166131953125 0.523704509375 0.9340179140625 0.5434016921875 0.935087671875 0.5440619203125
0 0.9036162593749999 0.47531406406250004 0.896886434375 0.46769782031249996 0.891027059375 0.46766373124999994 0.8791927062499999 0.48065882968749996 0.8755961578125 0.4897826703125 0.8840858640624999 0.501589615625 0.8878604296875 0.5031953765625 0.8995188953125 0.5032632046875001 0.9016639890624999 0.50169188125 0.9056532828125 0.489808234375 0.9036162593749999 0.47531406406250004
0 0.832814953125 0.48114704531249997 0.8432577828125 0.4929653515625 0.8446953468749999 0.493576915625 0.867080328125 0.493707146875 0.8856071296874999 0.47492220625000003 0.8943280437500001 0.4606026 0.8958570781249999 0.44232196874999996 0.8882129921875 0.3879314734375 0.8879441796875 0.3874073515625 0.8778688515624999 0.378203971875 0.8525938312499999 0.3649929765625 0.8428282062499999 0.3649361625 0.8337975906249999 0.370109203125 0.8203198125 0.392239503125 0.813861725 0.4157170375 0.8130111125000001 0.4235504578125 0.8152161359375001 0.43924002343749996 0.832814953125 0.48114704531249997
0 0.8001587375 0.38871590624999997 0.8208986578124999 0.3888365671875 0.8224444078125 0.3886108953125 0.8295218999999999 0.3834264921875 0.835824928125 0.3706486171875 0.8295838640625 0.3262411390625 0.8079961421874999 0.299691990625 0.795542384375 0.2943939578125 0.785776759375 0.29433714375000003 0.771254271875 0.3020910234375 0.76253335625 0.316410628125 0.760464628125 0.32946254218750004 0.7634046609375 0.3503819640625 0.771469059375 0.366105615625 0.788506275 0.3831878703125 0.8001587375 0.38871590624999997
0 0.787871 0.26272086093749997 0.78505959375 0.242716665625 0.7796030109375 0.23027416875 0.7649171531250001 0.2136539640625 0.738185865625 0.2134984453125 0.7336364265624999 0.2156364 0.71979114375 0.2351517734375 0.7143238562499999 0.250404784375 0.7177600203125001 0.274854359375 0.72555560625 0.2900538921875 0.7379515624999999 0.3018835625 0.7447278359375 0.30408740624999997 0.775661109375 0.304267371875 0.78695309375 0.2825727234375 0.787871 0.26272086093749997
0 0.7873659296875 0.2105266453125 0.7954155796875 0.1942079125 0.7922416796875 0.1716244453125 0.7900911734375 0.1674314703125 0.7792808390625 0.1529982359375 0.775007084375 0.1503605828125 0.757428959375 0.150258315625 0.749379309375 0.1665770484375 0.7524895078125 0.1887072609375 0.7697878046875 0.2104243796875 0.7704144921875 0.21056350156249998 0.7870811671875 0.21066046562500002 0.7873659296875 0.2105266453125
0 0.8195806125 0.21062960625 0.8101481984375001 0.2007580546875 0.7971650734375 0.20700335 0.7932010203125001 0.21351226250000002 0.7903972828125 0.22133431875 0.792234803125 0.2344089578125 0.7984038796874999 0.24358961093749998 0.8008306468749999 0.2450873515625 0.8228941421875 0.2452157125 0.8241512703125 0.2431515265625 0.8195806125 0.21062960625
0 0.8372225515625 0.295195290625 0.843677459375 0.2821095125 0.839818665625 0.254652771875 0.8302399734374999 0.2455116625 0.82401309375 0.24286264531250001 0.8165680984374999 0.24543212187500002 0.8078471828125 0.25975173125 0.8066290671875 0.26497022187499997 0.8084665875000001 0.278044859375 0.8142103578125001 0.29114222343749996 0.8189378515625 0.2951518140625 0.837137359375 0.2952576953125 0.8372225515625 0.295195290625
0 0.8773636953124999 0.24408266875 0.8739987843750001 0.240274546875 0.8634981500000001 0.23498787656250003 0.8461141234375 0.257095453125 0.8448960062499999 0.26231394531249996 0.8463660234375 0.27277365468750003 0.856808853125 0.2845919625 0.8630357328124999 0.28724098124999997 0.8759726000000001 0.2820906640625 0.8811612390624999 0.2711035890625 0.8773636953124999 0.24408266875
0 0.872823903125 0.300649765625 0.8678925671875 0.2950688984375 0.8557255578125 0.2875597265625 0.8444649484375001 0.2874942140625 0.8398138078124999 0.2896799609375 0.8314603984375 0.30661449531249996 0.8320798015624999 0.3249076265625 0.8420973265624999 0.34064264375 0.8498520234375 0.3472197328125 0.86387249375 0.3547396875 0.8663641312499999 0.354754184375 0.8759776578125 0.3525973078125 0.8796594796875 0.3492874203125 0.872823903125 0.300649765625
0 0.8898034750000001 0.3314722140625 0.9091332140624999 0.3315846703125 0.913475859375 0.329543896875 0.92885851875 0.3105531515625 0.9282806671875001 0.3064415203125 0.9213254703124999 0.28125295625 0.9085620109375 0.2668083578125 0.900014503125 0.26153305 0.892202003125 0.26148759843749997 0.8851245109375 0.266672003125 0.874817975 0.2835951734375 0.8735998578125 0.2888136671875 0.876539890625 0.3097330875 0.8803305375000001 0.3228190890625 0.8898034750000001 0.3314722140625
0 0.8991533734375 0.3949585265625 0.9141589703124999 0.3767562984375 0.913311640625 0.366561490625 0.91229351875 0.359317171875 0.8821532703124999 0.3295398828125 0.8715370328125 0.3373164890625 0.8644017390625001 0.3490325296875 0.8622091281250001 0.3584258171875 0.8654431656250001 0.3814371796875 0.867593671875 0.38563015312500004 0.8757158734375 0.3948221703125 0.8770938656249999 0.395408390625 0.8983702593749999 0.3955321734375 0.8991533734375 0.3949585265625
0 0.9199902421875 0.46747418749999997 0.93559204375 0.46756495625000005 0.9482224890625 0.459443634375 0.9537721625 0.45033115781250005 0.9551168359375 0.44184741406250005 0.952121678125 0.42053575312499997 0.9513152375 0.4189633875 0.938551778125 0.4045187890625 0.93000426875 0.3992434828125 0.91633239375 0.3991639421875 0.9057161562499999 0.40694054843750005 0.8969952421875 0.421260153125 0.8983496546874999 0.44478314062499996 0.9060465499999999 0.457891865625 0.9180750015625 0.46710660937500004 0.9199902421875 0.46747418749999997
0 0.9846674703125 0.4559735640625 0.99217026875 0.44687245000000003 0.9953525531249999 0.43931387343750006 0.992568709375 0.41950579687499995 0.9920339734375 0.418130971875 0.983911771875 0.4089389546875 0.9776848921875001 0.4062899390625 0.968286771875 0.40884805 0.95761273125 0.42315629374999997 0.960552765625 0.4440757171875 0.9690424703125 0.455882659375 0.9727204265625 0.4568524046875 0.9826741203125 0.4569103140625 0.9846674703125 0.4559735640625
0 0.9622323406250001 0.3702814375 0.9560246578125 0.3632561109375 0.9480786421875 0.3583520296875 0.946704221875 0.358344034375 0.9364934078125 0.3631424828125 0.92777249375 0.3774620875 0.9307125265625 0.398381509375 0.940787853125 0.4075848890625 0.9511730796875 0.4098903734375 0.953372153125 0.40990316718750003 0.9599515984375 0.405083590625 0.9655012718749999 0.3959711140625 0.9657144421874999 0.395057878125 0.9622323406250001 0.3702814375
0 0.934426134375 0.353588934375 0.949210228125 0.353674946875 0.9500831578125 0.35326472343750004 0.95367970625 0.344140884375 0.949889059375 0.3310548796875 0.9371256000000001 0.31661028281250003 0.9273599750000001 0.31655346875 0.9230284187500001 0.3204474515625 0.9218103015624999 0.325665946875 0.9240153265625001 0.3413555109375 0.9325050328125 0.3531624578125 0.934426134375 0.353588934375
0 0.9282385906249999 0.24895103437500002 0.9341335734375 0.23700036875000002 0.9310281640625 0.21490422968749998 0.9304934265625 0.2135294015625 0.9196830921875 0.1990961671875 0.9154093375000001 0.19645851406249998 0.9036905875000001 0.19639033749999998 0.8977734109375 0.20288788750000003 0.89570468125 0.21593979531250002 0.8975422015625 0.2290144375 0.910673165625 0.2460739609375 0.91936063125 0.2488993828125 0.9282385906249999 0.24895103437500002
0 1 0.2537020359375 0.9994666125 0.25266205625 0.98902378125 0.24084374843749998 0.9696081359375001 0.22766684375000001 0.9594339203125 0.22571418593749998 0.9542360343749999 0.2256839453125 0.9410462687500001 0.23272625468750002 0.9303722296875 0.2470344984375 0.9295216171874999 0.25486791875 0.9324616499999999 0.275787340625 0.9355172875 0.2836434859375 0.9559776421875 0.31119681250000003 0.9718960578125 0.3210212578125 0.9877187828125 0.3211133109375 1 0.3121170734375 1 0.2537020359375
0 1 0.3329144328125 0.9990124171874999 0.3306624734375 0.9889370906250001 0.32145909375000004 0.9733120906250001 0.321368190625 0.96263805 0.33567643281250004 0.9599745000000001 0.3431073890625 0.960286878125 0.345330078125 0.9643599671875001 0.3618143484375 0.9682084140624999 0.3683687109375 0.9782938671875 0.37570126406250004 0.9919818156250001 0.3757808984375 0.9962871718749999 0.373757646875 1 0.36766124218749996 1 0.3329144328125