0 0.7427976477261506 0.40859375 0.1227768398664871 0.1203125
0 0.08141827205312968 0.21171875 0.12635162926720298 0.14833984375
0 0.47444565578746045 0.3 0.10935974170027443 0.10625
0 0.27919369680925704 0.4015625 0.12333822871798601 0.13125
0 0.2041388776498576 0.33984375 0.12388901212176676 0.13603515625
0 0.6553691402956355 0.26640625 0.09380481148177963 0.09833984375
0 0.30758897803132274 0.68359375 0.09638588047292398 0.08583984375
0 0.25803799067710065 0.61015625 0.09978942920027442 0.10625
0 0.70471278691416 0.49609375 0.06367461288692197 0.0609375
0 0.7023485489291431 0.6734375 0.1278304162179861 0.13125
0 0.5794482275544913 0.25390625 0.08297182012670454 0.090625
0 0.8009876678024437 0.47734375 0.1006129241023519 0.09208984375
0 0.5766597716607507 0.67734375 0.1795874519630482 0.17666015625
0 0.7941547142779187 0.578125 0.10724621988556038 0.103125
0 0.40371226027656226 0.24921875 0.09123083329649369 0.10146484375
0 0.5490609987384105 0.5015625 0.07552921105313484 0.075
0 0.82435890491825 0.3359375 0.10465502226856457 0.10615234375
0 0.010259130126486205 0.51875 0.02051826025297241 0.17197265625
0 0.5409501003814652 0.34375 0.07804348649370052 0.08759765625
0 0.5244857088242402 0.57890625 0.07159489776277361 0.07041015625
0 0.16612600158445762 0.60859375 0.12160448804462076 0.1236328125
0 0.0740290670285995 0.59921875 0.09695739795027439 0.10625
0 0.4398128026444007 0.74453125 0.0875791217193477 0.0890625
0 0.6483550558828268 0.3859375 0.07103702355313501 0.075
0 0.869928335128056 0.525 0.09099685205841439 0.09072265625
0 0.46775045771661394 0.4 0.10197325920742699 0.0998046875
0 0.3215489766852809 0.28984375 0.09702746773177973 0.09833984375
0 0.8871892349850065 0.39609375 0.10549877442234531 0.1109375
0 0.6711757633610251 0.57109375 0.10228320897820353 0.1015625
0 0.3820827467615739 0.35859375 0.11710217191876912 0.11416015625
0 0.19459609777383377 0.4515625 0.07842350604598244 0.0814453125
0 0.5918524324250581 0.546875 0.0851900889972768 0.084375
0 0.38192450332287853 0.53671875 0.07253654457748766 0.07353515625
0 0.36736770795502977 0.61484375 0.08123855627520574 0.0796875
0 0.24488114511851924 0.51640625 0.08553894591706576 0.09521484375
0 0.6452434068950866 0.47890625 0.0840179755863435 0.08603515625
0 0.04827827599531257 0.515625 0.09655655199062514 0.1060546875
0 0.7028027912602123 0.31640625 0.08923927796934769 0.0890625
0 0.7798357762452187 0.7125 0.08894654763028083 0.08740234375
0 0.8438887398078903 0.64609375 0.09180616534877543 0.0953125
0 0.3807185432370489 0.459375 0.07517350173842088 0.071875
0 0.04860124992301836 0.73828125 0.09720249984603672 0.115625
0 0.5278199568474036 0.4359375 0.09023329831199067 0.0875
0 0.43574400245366807 0.57265625 0.0886710367229238 0.08583984375
0 0.02665355762124772 0.6640625 0.05330711524249544 0.071875
0 0.44887605327519536 0.49375 0.07957863843613885 0.07802734375
0 0.6991935245067978 0.784375 0.09078432012670454 0.090625
0 0.3219469847465907 0.18125 0.09311037387312844 0.09384765625
0 0.6297981226730106 0.7703125 0.08288125468256276 0.08125
0 0.5445551218038001 0.80625 0.08031436730313483 0.075
0 0.32158712243459486 0.55546875 0.0728922538922017 0.07666015625
0 0.09604895945503493 0.328125 0.08036340307799898 0.0935546875
0 0.09555657137465182 0.41953125 0.07937647354121409 0.0857421875
0 0.49373381876702044 0.52734375 0.07764273286784888 0.078125
0 0.18454327205312965 0.21171875 0.10008567418120115 0.1234375
0 0.5871873276975407 0.3828125 0.07326542104955855 0.07822265625
0 0.020581910264515592 0.32109375 0.041163820529031184 0.09833984375
0 0.8340723563119751 0.77265625 0.07948729623705937 0.1140625
0 0.6010291359495832 0.44609375 0.05744207072956513 0.059375
0 0.12538231900543614 0.7421875 0.09352220976856458 0.10615234375
0 0.11084982619753556 0.66953125 0.06331890357220811 0.0578125
0 0.0174153786758329 0.2125 0.0348307573516658 0.0779296875
0 0.03287942043366489 0.4171875 0.06575884086732978 0.0904296875
0 0.7666312484999949 0.28671875 0.07865421105313483 0.075
0 0.33645948174658036 0.7546875 0.08320157149012423 0.0908203125
0 0.1388594660163396 0.50625 0.09116076351498834 0.109375
0 0.4658810072765519 0.82265625 0.07305312752878201 0.07646484375
0 0.3957515454523013 0.8171875 0.08672827875970875 0.09365234375
0 0.48086534295095007 0.2015625 0.08104348218613903 0.07802734375
0 0.4683849080027128 0.6578125 0.08040493274727681 0.084375
0 0.39849139622614543 0.6953125 0.07887687161069631 0.0845703125
0 0.7394614924155216 0.53828125 0.06962407650919751 0.0736328125
0 0.8859289479168833 0.58046875 0.035720615149354276 0.07021484375
0 0.21803218266347396 0.76171875 0.08434937466348949 0.0984375
0 0.1901259671239658 0.68515625 0.07241839266485113 0.05625
0 0.7345432720531297 0.21171875 0.06919901264577781 0.0734375
0 0.2657518039059902 0.24296875 0.07764273286784888 0.078125
0 0.9096700759591199 0.4546875 0.03078191447956513 0.059375
0 0.0033166497857141292 0.746875 0.0066332995714282585 0.11572265625
0 0.870779662587181 0.69296875 0.0199387944986384 0.0421875
0 0.2904653414509448 0.48828125 0.06691448856863191 0.06103515625