0 0.7860288192487801 0.8605763958864143 0.05897139828690499 0.07251248300743711
0 0.2662601637471118 0.6160131619589564 0.10451944198043535 0.13237724267981754
0 0.42525021394475593 0.8218348059357302 0.05776819466421159 0.07698762550723828
0 0.7219054060663656 0.835558761895323 0.09211255581702957 0.1103727006783064
0 0.8139527530543589 0.43475878321932343 0.06556739268755543 0.0802012595082724
0 0.8192647954300825 0.7188792445496872 0.06218740354857673 0.07411134567452819
0 0.12794590557225538 0.3232909546467282 0.06649092953690508 0.0725999806751246
0 0.8362281134082934 0.25337242321773257 0.06356220519637859 0.07090687075807356
0 0.34616892967330176 0.7587359166136388 0.0779780403608683 0.10562149759309047
0 0.38391258240295967 0.8613518392743664 0.05436921571972242 0.07392278275680084
0 0.23777260074822398 0.7834188379615018 0.061061903210899084 0.08327171550763594
0 0.04577814767974762 0.326589224657864 0.06539010683359245 0.07883293567492569
0 0.6798815899425316 0.48472351523714075 0.09359166470315934 0.105607998428545
0 0.4995753797580063 0.8459530112587761 0.09643961402427426 0.12769649226209054
0 0.8275517924463106 0.3487212858848235 0.07680162294746254 0.083747633926437
0 0.37764206868408273 0.27198080394654794 0.060240929536905075 0.07252725534094288
0 0.5518875796309495 0.7118410932527309 0.06798691965362362 0.08823179867520423
0 0.12574230858426202 0.7230455066438648 0.09405806666922763 0.113615810928545
0 0.9307810211878618 0.1312605185391877 0.07009090881024882 0.07576475234225528
0 0.7832432664203001 0.6537178685550961 0.07034493478975357 0.08347732342556213
0 0.7521176948936199 0.15598034989659565 0.06171907526356133 0.06942157300783487
0 0.228023687354048 0.5352631486314562 0.07338461735693613 0.08204884234265304
0 0.06711700845720513 0.5902244633195461 0.10709744725093058 0.12469762526356191
0 0.026489092361606036 0.26904035399427295 0.05023554369353027 0.0599193036730167
0 0.8394778558687215 0.6265190218810055 0.06015657526356151 0.06940339167428941
0 0.011688453221460149 0.41458012066359107 0.023376906442920297 0.07865112233947133
0 0.8926160793486007 0.4112025572088239 0.11039780678594617 0.1294203515973061
0 0.4792089428274814 0.753284253262276 0.06742758610693614 0.081979526008511
0 0.3134907504941101 0.5155313566200022 0.07427664332761755 0.09903989350930634
0 0.5587837797862412 0.8749314392505039 0.05582837164086794 0.07384217150699968
0 0.7518637347796818 0.5892831985598685 0.06833309631024882 0.0757442983420166
0 0.2880951793203659 0.3885694146244565 0.047116231522384755 0.05998059725592579
0 0.7179870766471776 0.33984681989977733 0.05860168941136319 0.06616482675743711
0 0.7741306608339272 0.31421047322568674 0.07467882624130162 0.07913619984285188
0 0.546263995091264 0.36604733525623084 0.057220236775233246 0.07093066534054512
0 0.7171177374811049 0.6630752345640047 0.07982231570913427 0.08534422392683468
0 0.532765124284573 0.6246229039226854 0.07911587951572888 0.09499742034332925
0 0.4284108242281032 0.5665024159373211 0.08587016996483125 0.10707959176081765
0 0.5448772583866179 0.5104967692552764 0.08092006667805104 0.10419188017683467
0 0.6061101609751016 0.46450246924732214 0.06566408577808165 0.0818614157582724
0 0.45998340280024513 0.1718711686028211 0.06015185059418045 0.06764671550763604
0 0.705655863690642 0.5515655698997775 0.05207867362634762 0.0614046014232553
0 0.8961920455006697 0.7921525652053241 0.06934080517696728 0.0913704346753633
0 0.47843175298377183 0.3644944732654577 0.05326857527238467 0.06005218625676108
0 0.6674054347937992 0.6050996499045498 0.06732992985693613 0.08197838967516446
0 0.6024475637047596 0.567600197247004 0.07717798281133241 0.08853392650978371
0 0.08646478988606189 0.4322937846515007 0.04565803876071291 0.058402188589073666
0 0.45168026620853857 0.4350706026018666 0.0688734400514253 0.0850216420920166
0 0.0864108529555369 0.33938866931890976 0.03371186673452078 0.044307802837562346
0 0.30681435821720876 0.33526260128900204 0.044272824614675785 0.05975233108887475
0 0.04658105545931592 0.20556819999204584 0.06200442986575956 0.07264536559118148
0 0.7372412507058717 0.7331059238940503 0.05520078414792664 0.06641802384030662
0 0.9313769295321276 0.6035895045353696 0.07108531570031076 0.09451361600890866
0 0.6191899297438889 0.8297274799093224 0.09736507719257137 0.11677717359563573
0 0.4134852322900202 0.7423382099379574 0.07549314892696728 0.0914420236761984
0 0.5633219634506458 0.30104904392109455 0.056751908490217676 0.06624089267385198
0 0.46169449011194086 0.665266632598685 0.0758581331331282 0.09603300375954511
0 0.4391178949783246 0.2486245726050483 0.06888009103975357 0.0834602784253633
0 0.47191571345064576 0.30211265193350306 0.06704457525473799 0.07875459709181776
0 0.7115073764212987 0.10258317723586811 0.04573198053582139 0.05967171983907362
0 0.3544328108621621 0.3487614799490933 0.060053231184706846 0.06930459909094289
0 0.1669720662650083 0.4977182426400467 0.07549314892696724 0.0914420236761984
0 0.2868240217525591 0.7321012386219111 0.06732992985693613 0.08197838967516446
0 0.16321846373299442 0.6023784706397285 0.10388144198925872 0.12309876259647083
0 0.8414455054028462 0.13698435455127805 0.08394741042805087 0.10422710651057905
0 0.3657658820359064 0.47588705394654784 0.04004718416733812 0.04584537192174416
0 0.7963186610456887 0.5364576432209143 0.10000275910204515 0.11514883467934034
0 0.6843786451194989 0.3941076059039135 0.05712923151356133 0.06936816534054505
0 0.4091959055722554 0.3200183146085481 0.06695829466244696 0.07894877325847123
0 0.7697154475950431 0.22916331122695946 0.07220416504966068 0.08691460984245411
0 0.8434163850196782 0.8403906178787782 0.05849641901356151 0.06938407400739735
0 0.06857527971565403 0.806467081317637 0.07540572291922762 0.11339877125934628
0 0.6783289822900203 0.7392564739020046 0.07410032063312837 0.09601254975930651
0 0.889012208188974 0.2988207358768693 0.08853349266814377 0.10086481809456202
0 0.51528003462439 0.42886550859327616 0.06034523677523325 0.07096702800763595
0 0.7537432951477336 0.42296785522759583 0.07494711735693613 0.0820670236761984
0 0.2340061897731224 0.31190746463241065 0.05500836112634762 0.061438691423653144
0 0.13559253462439003 0.43328357264481915 0.053627871649691315 0.06454551009010778
0 0.7942578191781929 0.7863121925525507 0.0637499035485769 0.07412952700807356
0 0.5912264265483557 0.23748598325114015 0.060527247298576906 0.07409202800763603
0 0.00822490368253649 0.34120625533100013 0.01644980736507298 0.06768514558799979
0 0.222826495091264 0.3698108713001379 0.051713689420186525 0.05681362133990877
0 0.3382646953877301 0.6799751172820023 0.0506185545457285 0.06314423258970994
0 0.19027232934860078 0.41937506663750135 0.06171907526356137 0.06942157300783477
0 0.6145317927992465 0.7220422492441404 0.0663020857692583 0.09113989584161893
0 0.42602084257336753 0.48689673193827565 0.036921221007864526 0.04746802917130673
0 0.6628900529696543 0.3475144165738679 0.04225433514684287 0.05358066967198276
0 0.5975332795744797 0.651975197247004 0.050331273624582985 0.06323847983967017
0 0.04797841353535033 0.39604774932368225 0.058875668355852374 0.06919330684078373
0 0.1821552634365283 0.29065062997295577 0.06383425782192056 0.07725339067472695
0 0.9551909450347942 0.3019542792011879 0.03710612100962933 0.04561596942134631
0 0.9414462344267459 0.2162349552037332 0.07715330517696728 0.09146134134309047
0 0.6345977239739894 0.2970967932447768 0.07188372031486186 0.08476389967576096
0 0.6509012032802379 0.6739951005729135 0.036741136803468064 0.041024989337999786
0 0.39465453441262854 0.20776376261141163 0.05328756507789549 0.057027115173454226
0 0.39565007408692887 0.41854672127627535 0.0740226173481128 0.09132732242599957
0 0.9086667426016024 0.5109480185391877 0.06979794006024882 0.07576134334221543
0 0.6317163767036474 0.40018543057768585 0.05483868942018653 0.05684998400699968
0 0.3189496081466216 0.2609529446212748 0.07393064892696728 0.09142384234265304
0 0.10249233731169569 0.4922227679821827 0.06399824169922716 0.08174444184138033
0 0.9594619451053814 0.37607303186668795 0.038731876902539854 0.07520467683799978
0 0.22302870534637648 0.08484552530236507 0.06632029467127029 0.0696702931751246
0 0.3506274584713226 0.6017592106142752 0.07373726274591456 0.08810352984265286
0 0.3893175031249461 0.513868311943048 0.040412168373499216 0.05043635200509069
0 0.9379777270989355 0.8119650785328243 0.03301653281486168 0.08431163900381797
0 0.9168237929404208 0.8668616638685969 0.0520549591514559 0.0626729963399086
0 0.8824018322617853 0.7072144912078694 0.07402830517696728 0.09142497867599957
0 0.5980540082454435 0.36154110124923117 0.052163991059164874 0.06286944517325539
0 0.13737848762227925 0.8181580119748648 0.09004007753907262 0.09824741701145392
0 0.3924362558969564 0.6613882019414572 0.06721897163027987 0.0850999806751247
0 0.8467835797015366 0.7825781178787783 0.05023650685300396 0.05826028375636323
0 0.2881219402672326 0.8304569226209566 0.07899547195031094 0.09460565900998255
0 0.1810393554451985 0.1891699459739103 0.11180847946984725 0.14358732584738573
0 0.007549376562473055 0.571611370663591 0.01509875312494611 0.10677725867281787
0 0.9768824764636509 0.14399632853282435 0.03258425782192091 0.07688976400381801
0 0.02383359549836158 0.7718653619907732 0.04766719099672316 0.07240112233947116
0 0.2901589372834608 0.4603716892902748 0.05693391901356133 0.0693658926738518
0 0.33816379777856964 0.42702283995068413 0.045178334817988386 0.05351710342238043
0 0.24006387186549855 0.8513148626273199 0.029292657850155467 0.04718408267027243
0 0.501203582120611 0.5633132339274579 0.04657685094068178 0.0490442335892725
0 0.9555942214843277 0.44247928186668795 0.039394736784056764 0.06145219058819862
0 0.5652345319935541 0.42906495591982186 0.04370587692018653 0.056720442005488356
0 0.27248340280024513 0.1740529286282745 0.08302694531309722 0.08674777409392567
0 0.5198295686840828 0.27032630259391244 0.05070483513801953 0.06295005642305655
0 0.8541913452042035 0.4811337965468237 0.05005353317018653 0.0567943036730167
0 0.6961267581748565 0.2862314712365045 0.05897139828690499 0.07251248300743711
0 0.5159541397872399 0.32346039326068515 0.041518678905666205 0.044301053255289526
0 0.2523095977644522 0.4131881539624563 0.0440054966585147 0.055162487338874834
0 0.7116600238892848 0.20719795190168636 0.06878339794922717 0.08180012217536321
0 0.203275774383395 0.7322926899665925 0.06301310189195171 0.08661248200787455
0 0.22928786866996526 0.25887337130013793 0.04692949632966022 0.0550989210892725
0 0.10839851599677705 0.21655969665022803 0.06190581045628587 0.07430324917448825
0 0.09432903974488756 0.2838653753182734 0.056842913751889504 0.06780339267385198
0 0.0024603056049019596 0.7551960299968183 0.004920611209803919 0.07417597983967017
0 0.2209917083301482 0.454930758633047 0.03710515785015547 0.047274989337999784
0 0.3311828395895958 0.11793874128741119 0.06208309631024882 0.07567157300783486
0 0.5677126028143625 0.1854513159214127 0.045172646989133904 0.05341944717238043
0 0.5520248165473569 0.7899115492520947 0.05710648019814339 0.06897754034054522
0 0.10426621089039698 0.38133981198281897 0.04067284534133209 0.05658755942174416
0 0.14272947141374068 0.37776936931095556 0.0385586259424465 0.047096721838198616
0 0.016516151120081885 0.4871454639958638 0.03303230224016377 0.06942384567452801
0 0.6488037081183867 0.22744736457673137 0.05658985093185844 0.058431801673891746
0 0.8680270610739236 0.5652906205442784 0.06393856506024846 0.0756931633414201
0 0.9330619849208561 0.735511666534097 0.049953950601239326 0.06011120717297693
0 0.8738793028284799 0.1967224338797328 0.046661205214025614 0.05216809725592588
0 0.2702236818100275 0.239659747294729 0.03389107890743093 0.042358086837602116
0 0.7441338057416645 0.49412523989500484 0.05005353317018653 0.0567943036730167
0 0.4976885291509567 0.20812629459741228 0.0522483453325087 0.06599330883990877
0 0.12218727118786174 0.14066935864895536 0.06281306472257087 0.08485353317452807
0 0.06974991381769902 0.692468215985046 0.06060687690253976 0.07545921550763594
0 0.0032713641494104525 0.20849375266550005 0.006542728298820905 0.05186015091899989
0 0.976041771329036 0.27907076253186985 0.0175150121146757 0.059440975751908987
0 0.6184406449077373 0.1723695132479585 0.03692314732681172 0.04414998933799978
0 0.26582533717052137 0.3419853159611836 0.03750715850786444 0.04747484717138617
0 0.3462093291368392 0.19505522461809316 0.046758861464025525 0.05216923358927246
0 0.9639079794474228 0.5142088311983244 0.01467440355740024 0.06428742558481808
0 0.024088281817086186 0.5314221753262276 0.04817656363417237 0.06308180267345413
0 0.0037840920560044517 0.27096648066518186 0.007568184112008903 0.057867180836249865
0 0.02102817135947679 0.6719744499920458 0.04205634271895358 0.05527491592238043
0 0.3006238133518237 0.20026998329091103 0.039768480553468065 0.041060215671744074
0 0.47575553206414123 0.5042745885980485 0.05392460190959838 0.06796461517345413