0 0.33542244601894516 0.542864483769171 0.12629148828016873 0.1615046621798557
0 0.3730078153352546 0.8153472375300946 0.10405753454646671 0.15148748167381038
0 0.6394729719935275 0.4527262509244368 0.08982264853812652 0.12442667298419803
0 0.047455247157330925 0.2557809870678763 0.08828302434972923 0.13687552586424748
0 0.4583923417168741 0.5572643013992906 0.12142280681713338 0.15658027210332365
0 0.5876531477232285 0.5738260126029193 0.12305470099320423 0.16619320720328262
0 0.6760879508869138 0.8487374328986059 0.09272506249917604 0.12294941818411545
0 0.7874525503210162 0.5117338749019048 0.10829111769392785 0.1312108762370144
0 0.9317203421206159 0.8506790514657976 0.10900462743398442 0.16090405925034226
0 0.1984309606294418 0.5312175930986556 0.1056897011963108 0.13874850155042467
0 0.1883719423654972 0.671425055951637 0.10895447808343128 0.1468472422636701
0 0.3780506822225228 0.20864259646386785 0.07658186525911974 0.09280727711788864
0 0.43687367207295774 0.7126564950519421 0.11032166558343129 0.14688702335696496
0 0.28499220332584113 0.2957681749145401 0.07029485841055241 0.08491341844806186
0 0.7307151753193686 0.7541319750601894 0.0959433210218286 0.13397500489069697
0 0.9423388733734992 0.4290624642396367 0.09588877394392767 0.13085000489069695
0 0.09791453773911456 0.6388829920824411 0.07519713752978636 0.09735449826793001
0 0.07950763676617988 0.479962633148668 0.09745567167127549 0.11996365201064733
0 0.45141386444504555 0.42615069371915854 0.08931490066889261 0.11211346096420627
0 0.8692810231286181 0.632071455464148 0.09252804540299167 0.12284607892078761
0 0.6975366623337251 0.5549957930860203 0.08622960064862309 0.10870506175762476
0 0.8132768904196279 0.3343302889293852 0.08929834897453795 0.10557333372087019
0 0.2600682954530476 0.2112938865138803 0.08299209730045298 0.10216882104437941
0 0.7659514715864904 0.623353336501245 0.08310630524480747 0.1087117897943795
0 0.721556994721699 0.31902118916681205 0.09558706041928974 0.11356484864069696
0 0.4018796943973874 0.275170866917839 0.04482950365221221 0.05752583649209893
0 0.8954089208551418 0.7407417618114965 0.07984493755005566 0.10080836158113407
0 0.09499981777088666 0.7405818844023092 0.0926159683433748 0.11669941818411544
0 0.2245922658250173 0.4178992391794473 0.07362660881635374 0.09125718816797121
0 0.2034246034879969 0.32471754051223084 0.08143300649282174 0.10231866943775678
0 0.58903223578995 0.7871754587628533 0.07680005357072232 0.10530727711788863
0 0.33740018303330166 0.34270535939599156 0.05743420008066593 0.07507136633175264
0 0.36540818059766966 0.424744969583406 0.0797886858759707 0.09758570533113406
0 0.7298661469124497 0.43680808274032135 0.05099158071182934 0.06385435365526178
0 0.1285979273512588 0.3816100496834309 0.06709777110331835 0.08628449247815259
0 0.5296985515388323 0.47780647044133584 0.07995062251348842 0.10686304908113406
0 0.8106930016182625 0.7236655735691213 0.09083770068916194 0.11547639606416489
0 0.7891334216659207 0.8767140172217729 0.07020693547016954 0.09106007918473438
0 0.17111407872793527 0.8470160893377319 0.06433002024083603 0.0954765910282351
0 0.23331011565956622 0.872564007126136 0.07698926374719042 0.11614712086788863
0 0.021804230921981242 0.48789480509370725 0.027898903408566655 0.07733538981258548
0 0.12858211079159756 0.5598259778966762 0.05102226344314831 0.06561216615526178
0 0.07311949472169896 0.3378887934152247 0.07023420900911972 0.09262257918473402
0 0.6076788701237931 0.8702691035900039 0.041855002383928405 0.06046509353551741
0 0.4030797301112023 0.34392086691783896 0.06393576425475107 0.07848156202157117
0 0.028710570206518644 0.6596561448271505 0.03604841918558771 0.10246221258903496
0 0.5293202706929859 0.7248178627612039 0.0769892637471905 0.11614712086788863
0 0.1389120900953163 0.30080031888376074 0.052760831117630594 0.07015265926854841
0 0.1289410263783241 0.2221441214701855 0.07351141233702041 0.09584134890464338
0 0.3527291282447632 0.28050923627645347 0.052899891943545455 0.06693568603187634
0 0.29424188716992167 0.7809016928612287 0.0686751182014885 0.0927724275781113
0 0.03586632548152441 0.8009260025072825 0.04604097727182856 0.13252299498543502
0 0.6418339074624612 0.7223256970843709 0.07986880189663736 0.10217554908113406
0 0.8390964654974106 0.8283614337565357 0.07494727795188538 0.09422381525460218
0 0.041095747561072725 0.5631532178675464 0.06408186525911971 0.09244356426490725
0 0.22831687824146796 0.7656236853393813 0.07049380189663737 0.10190276444139794
0 0.19551091761202616 0.22958689693872153 0.06581581341253813 0.09112752388485781
0 0.16394113798399587 0.43607858933773186 0.05118859780801359 0.06395769291858962
0 0.3532702394433979 0.6697535927029442 0.07356936860728994 0.09916166140464337
0 0.9768796991657593 0.6865878077340037 0.04624060166848132 0.11105433043837536
0 0.4656998758058359 0.8415711052393565 0.10052343146221147 0.12795905346056494
0 0.9870398985373028 0.5081218269343335 0.02592020292539452 0.10568771034569906
0 0.9884618739824074 0.8878775230942676 0.023076252035185263 0.09171613855894449
0 0.018192261360790433 0.41530675125364125 0.02312958279171564 0.0725114974927175
0 0.6986473745913153 0.39472588281946364 0.04465002678536116 0.05283549498543501
0 0.6952940982096958 0.650421953352577 0.06542788154370136 0.08008668462152997
0 0.2786560231286179 0.6492568877675216 0.05444996550276535 0.07186112113183504
0 0.26227922645775437 0.4722995826738144 0.06860572402541773 0.0832049565847754
0 0.05794055397446425 0.40867866653476287 0.03986657513154561 0.052793917408903115
0 0.4708166550301245 0.3286619282797524 0.07490345271858079 0.086121188011266
0 0.32116943668674963 0.21889578635559573 0.050793353286949824 0.05808979339859795
0 0.9785930606964502 0.7787525756806923 0.04281387860709955 0.08737321232508855
0 0.8865894797041651 0.5041594041313646 0.05275109780801372 0.06400315702521234
0 0.5487507402574721 0.31545122294861827 0.055781850750382486 0.06428655623179384
0 0.2628304257264057 0.593438796780437 0.05577844155801355 0.06409124373179384
0 0.5246644038123085 0.3685223986545812 0.0432414347094463 0.05601552863547639
0 0.6554371168806775 0.33735966369827597 0.054272193232098684 0.06726843587517113
0 0.5797200965881381 0.38802490492278735 0.06562951816094956 0.08604655737819389
0 0.8523723924482226 0.4246454003704409 0.06894081341253795 0.09121845209810324
0 0.4617768457773591 0.25857674881286574 0.05098184740221221 0.05770485141192579
0 0.7778809070587194 0.4111799454350182 0.04466146469116268 0.059082653478771265
0 0.9268792889569305 0.5733353014657976 0.09738869815259435 0.12171862300398359