0 0.5277429824282405 0.5122570219610016 0.1396690275581401 0.1633163627647324
0 0.7752744371044049 0.5514184741491832 0.13859996208879863 0.1692637355082102
0 0.6440123391520339 0.5365661546709507 0.13592386673908835 0.157048182046573
0 0.24086584245938894 0.20863361485416404 0.12895845760961003 0.13504768657189176
0 0.19017262789007403 0.6250944070086417 0.08835765351435194 0.1035795179539809
0 0.36588240676387807 0.6326609464326449 0.12221185901735501 0.1457444222764936
0 0.12615628652349864 0.48336142496262263 0.09670234809620122 0.10997205785193653
0 0.935244285430685 0.41072477557523895 0.05323164839527905 0.0643352107723885
0 0.34176695539506863 0.26192172043675005 0.061809659406296014 0.07209550631778665
0 0.17966013884712365 0.7703841811109428 0.11350939008401469 0.13476260677598048
0 0.54920953577568 0.7916581756499937 0.12103847177330866 0.14768959321229894
0 0.2814798610950476 0.29506601854315606 0.08128475854857217 0.09426638091510489
0 0.8390015442021076 0.4206542874790956 0.1062985665729979 0.12701026529477702
0 0.08841051167595379 0.3680227712736306 0.11688557429473123 0.1382958443466972
0 0.40670637242600644 0.2841870849963265 0.08992015351435186 0.10358860831306052
0 0.42303016993546905 0.37934959407151275 0.08415706209380928 0.0927214934858216
0 0.04460740563607234 0.8040102682485685 0.08921481127214469 0.13178689933313983
0 0.04713113056922959 0.6501449248644267 0.09426226113845917 0.11759776756357354
0 0.5466457894569443 0.30601611232008125 0.06523504980302412 0.07514103078594588
0 0.2720318073447843 0.7050404613615637 0.10526324744769226 0.11460905783966205
0 0.4068663450189252 0.1881478771508042 0.07490803226017917 0.09393648258134393
0 0.9328812719140991 0.2850298839864953 0.08834555556198112 0.1191954275949012
0 0.7235497313354269 0.4431883385123679 0.09622753746911492 0.10518690160193653
0 0.28135618235924154 0.4379529553114395 0.1063888011762697 0.12398519413454707
0 0.6525747276830771 0.3951917209277293 0.10205028121048994 0.1146879652240603
0 0.32750772290899927 0.8148103711006799 0.07922655565184407 0.09122881051114043
0 0.6202186001090835 0.6819331968254284 0.12052338885098521 0.14446580066741407
0 0.6770480007189041 0.21936956431187107 0.05430964775539522 0.05946148863146812
0 0.38632463447586957 0.4974637898167867 0.11372181424354047 0.13788703862853796
0 0.025374109262609405 0.43178126512531045 0.05074821852521881 0.15528512599937905
0 0.22415891079013722 0.5265160064429077 0.08450514643250262 0.09721311283837916
0 0.16280133222124354 0.2871676810127468 0.08903018458101153 0.09265224460794545
0 0.6062219882951319 0.16200249190677232 0.09054272227297666 0.09412504242214012
0 0.19333662095928364 0.37287792203575637 0.07530924296850365 0.08027483423530857
0 0.855173651270896 0.8242332845522293 0.10914406844591155 0.12224442605782145
0 0.5088708863165017 0.25392234719477075 0.07757760165868817 0.08936481954950315
0 0.6820285507879031 0.29507809143923414 0.08383729167148565 0.08949883723582168
0 0.5614785580926029 0.392598506933887 0.08788284288726551 0.0987943617039809
0 0.4834106980903689 0.1642785850945223 0.09146327348875652 0.10340238617214012
0 0.058152359254415406 0.5391937893258073 0.08580752833101155 0.09263349574234372
0 0.02210867689517391 0.25059489763886783 0.04421735379034782 0.10193520472226432
0 0.008488130810993267 0.5763625121002484 0.016976261621986535 0.10997028829950324
0 0.8855736293567968 0.5335991941931498 0.09231750685899912 0.11004414746702515
0 0.4033906889161226 0.8448200579671592 0.09233235015245515 0.11609542608237042
0 0.0898455171400214 0.7076619881943392 0.07231990314767119 0.08162384101714934
0 0.33849789655464707 0.17683364812984717 0.08487487916286085 0.09897206163326415
0 0.2006609210282826 0.4485728136245001 0.06711732022534775 0.07837277739502539
0 0.7704401790518866 0.7653855253788472 0.08804757310482607 0.1004545179539809
0 0.7070330171400214 0.7040712963578901 0.0846480886848946 0.11439152247929947
0 0.3269836951569232 0.3400876270526083 0.07421186358279233 0.08495324387622886
0 0.39721104345428904 0.7339825519170351 0.07872026704679129 0.10186425140206072
0 0.8825212170710224 0.6273128327568313 0.07302514528933628 0.07889514749157396
0 0.7780806085065968 0.845763371788051 0.04959383383902516 0.0581652544516718
0 0.09167733734031625 0.2485415182485685 0.10696230332238668 0.10222375851293623
0 0.8953324140685778 0.7263997725501768 0.07713357114204947 0.13308698032482197
0 0.46636679089475275 0.7531001905789124 0.07347225854857217 0.09422092911970684
0 0.27773200106389917 0.6003802324388026 0.08767041872773973 0.09566992985142342
0 0.014282249330359742 0.747347177791293 0.028564498660719483 0.12091808006357355
0 0.5319846253305377 0.6426257780111259 0.0782074524905374 0.09571247579950323
0 0.8294567068328771 0.7057014531701402 0.08803788309202858 0.1003568617039809
0 0.6227662481593679 0.23920534134103827 0.04968180007622749 0.05806816634911423
0 0.6148531487402742 0.3110848865205781 0.0722222468976712 0.08162327286970683
0 0.11279258403296126 0.5786966508603217 0.08430241228577447 0.09418633723582168
0 0.5416228965546471 0.17565190144949683 0.05579387153099056 0.0596653233431053
0 0.25138168126642796 0.3701978287498105 0.04767129112146469 0.05649487154770725
0 0.35710718747831416 0.3984722987937771 0.05635664839527923 0.06435339149054772
0 0.45659479164257133 0.44239903991498253 0.0724540510827925 0.08494301722226431
0 0.77730587351882 0.3499605132785988 0.06803787144112743 0.08765012114502549
0 0.911382891061665 0.36791965203867205 0.051970434487534335 0.05359188697750357
0 0.43801304638773464 0.5588461965308408 0.06240164588248156 0.06429096038198132
0 0.30540891079013727 0.5260433077707676 0.05671442274677023 0.06894266709310522
0 0.7573325822212436 0.2837087993829523 0.06593438254200734 0.06743470924758306
0 0.943576346830643 0.4762634171639826 0.024481671697080997 0.08934871609079628
0 0.5647211878522235 0.24188543462698409 0.05985138112563746 0.06613052100359199
0 0.931095610347229 0.6020446671639825 0.026401946048572 0.0939470820524333
0 0.46352655881150717 0.6164768893492484 0.0604998558610589 0.07364948410614965
0 0.8664156487402741 0.30962133870875963 0.058384269009567905 0.06904998184962743
0 0.02840931674097741 0.3285517259958949 0.05681863348195482 0.0721653233431053
0 0.6386777832161437 0.810657639643836 0.08233856200394633 0.12062447805602546
0 0.739012525566449 0.334567317435129 0.049331447371464776 0.056504530054229285