0 0.0751953125 0.706030475 0.0810546875 0.703415546875 0.08984375 0.683803590625 0.09375 0.6681140234375 0.091796875 0.660269240625 0.0849609375 0.65111699375 0.0634765625 0.6380423546875 0.0458984375 0.6380423546875 0.03125 0.660269240625 0.029296875 0.6681140234375 0.033203125 0.6916483734375001 0.0478515625 0.708645403125 0.0751953125 0.706030475
0 0.0419921875 0.54129003125 0.0595703125 0.54129003125 0.0654296875 0.538675103125 0.0712890625 0.5334452484375001 0.076171875 0.5242930015625 0.076171875 0.508603434375 0.07421875 0.5033735796875 0.0693359375 0.4968362609375 0.0478515625 0.48114669374999997 0.0380859375 0.483761621875 0.0302734375 0.48899147656249997 0.021484375 0.5033735796875 0.01953125 0.5138332906249999 0.025390625 0.5295228562500001 0.0283203125 0.5334452484375001 0.0419921875 0.54129003125
0 0.0380859375 0.4706869828125 0.046875 0.45630488125 0.052734375 0.43277053125 0.05078125 0.4249257484375 0.0390625 0.40139139999999995 0.0302734375 0.392239153125 0.0048828125 0.392239153125 0.0009765625 0.39485408125 0 0.474609375 0.0048828125 0.4785317671875 0.0263671875 0.4785317671875 0.0380859375 0.4706869828125
0 0.0615234375 0.49160640468750005 0.0712890625 0.4968362609375 0.0830078125 0.4968362609375 0.0927734375 0.49160640468750005 0.107421875 0.474609375 0.111328125 0.4615347359375 0.111328125 0.43538545937500006 0.0986328125 0.4210033578125 0.0751953125 0.4210033578125 0.0615234375 0.4262332125 0.052734375 0.43538545937500006 0.048828125 0.44584517031250004 0.046875 0.45368995312499993 0.046875 0.4693795203125 0.05078125 0.4798392296875 0.0615234375 0.49160640468750005
0 0.0556640625 0.4262332125 0.0654296875 0.4262332125 0.0712890625 0.423618284375 0.08203125 0.41185111093750004 0.08203125 0.398776471875 0.080078125 0.3909316890625 0.0732421875 0.3817794421875 0.0673828125 0.3791645140625 0.0478515625 0.3817794421875 0.04296875 0.3883167609375 0.041015625 0.3935466171875 0.041015625 0.4066212546875 0.044921875 0.4144660375 0.0556640625 0.4262332125
0 0 0.38308690625 0.0048828125 0.389624225 0.0107421875 0.392239153125 0.0224609375 0.392239153125 0.03515625 0.37524212343749996 0.03515625 0.3647824125 0.03125 0.3517077734375 0.0283203125 0.34517045468749996 0.0224609375 0.3425555265625 0.0048828125 0.3425555265625 0 0.3490928453125 0 0.38308690625
0 0.0224609375 0.332095815625 0.03125 0.3203286421875 0.033203125 0.3124838578125 0.033203125 0.30202414843750003 0.03125 0.29679429218750003 0.0205078125 0.28502711718749996 0.0068359375 0.28502711718749996 0.0009765625 0.28764204531250004 0 0.328173425 0.0087890625 0.33471074375 0.0185546875 0.33471074375 0.0224609375 0.332095815625
0 0.0302734375 0.2928719015625 0.0458984375 0.2928719015625 0.0546875 0.2837196546875 0.05859375 0.27325994374999996 0.05859375 0.25495545000000003 0.0458984375 0.2353434921875 0.0419921875 0.2327285640625 0.0302734375 0.2327285640625 0.0185546875 0.24057334687499998 0.013671875 0.24972559374999997 0.01171875 0.2680300875 0.015625 0.2784897984375 0.0263671875 0.2902569734375 0.0302734375 0.2928719015625
0 0.017578125 0.1948121125 0.017578125 0.179122546875 0.015625 0.1712777640625 0.0087890625 0.15951058906249999 0.0009765625 0.15689566093750001 0 0.21311660625 0.0029296875 0.2144240703125 0.015625 0.20004196875 0.017578125 0.1948121125
0 0.009765625 0.265415159375 0.009765625 0.2444957390625 0.005859375 0.23665095625000002 0.0009765625 0.2327285640625 0 0.2837196546875 0.0029296875 0.28502711718749996 0.0078125 0.2758748703125 0.009765625 0.265415159375
0 0.0791015625 0.30594653906249997 0.0927734375 0.30594653906249997 0.1025390625 0.29810175625 0.107421875 0.28894950937499997 0.107421875 0.265415159375 0.1015625 0.252340521875 0.0927734375 0.245803203125 0.0732421875 0.245803203125 0.0654296875 0.2510330578125 0.060546875 0.2601853046875 0.05859375 0.270645015625 0.05859375 0.28633458125 0.0732421875 0.3033316109375 0.0791015625 0.30594653906249997
0 0.0400390625 0.37393465937500003 0.0478515625 0.3791645140625 0.0615234375 0.3791645140625 0.0693359375 0.3765495875 0.0791015625 0.368704803125 0.08984375 0.3517077734375 0.0859375 0.3203286421875 0.0732421875 0.3033316109375 0.0634765625 0.295486828125 0.0517578125 0.295486828125 0.0439453125 0.300716684375 0.033203125 0.3203286421875 0.03125 0.33078835156249997 0.03125 0.3517077734375 0.03515625 0.367397340625 0.0400390625 0.37393465937500003
0 0.0966796875 0.4157735015625 0.1025390625 0.4183884296875 0.1162109375 0.4157735015625 0.12890625 0.40139139999999995 0.12890625 0.385701834375 0.126953125 0.37524212343749996 0.1181640625 0.3634749484375 0.1123046875 0.3608600203125 0.0966796875 0.3608600203125 0.08984375 0.367397340625 0.083984375 0.380471978125 0.083984375 0.39616154375 0.087890625 0.4066212546875 0.0966796875 0.4157735015625
0 0.1494140625 0.48637655 0.1572265625 0.48114669374999997 0.171875 0.45891980937500004 0.169921875 0.43538545937500006 0.1572265625 0.4183884296875 0.1494140625 0.41315857500000003 0.1337890625 0.41315857500000003 0.1181640625 0.423618284375 0.11328125 0.43538545937500006 0.111328125 0.4641496640625 0.1220703125 0.48114669374999997 0.1318359375 0.48637655 0.1494140625 0.48637655
0 0.09375 0.5399825671875 0.0986328125 0.5465198859375 0.1064453125 0.5517497421875001 0.1123046875 0.55436466875 0.1240234375 0.5517497421875001 0.1318359375 0.5465198859375 0.142578125 0.5295228562500001 0.142578125 0.5033735796875 0.140625 0.4981437234375 0.1337890625 0.48899147656249997 0.1220703125 0.48114669374999997 0.1064453125 0.48114669374999997 0.08984375 0.49552879687500007 0.087890625 0.5007586515625 0.087890625 0.5190631453125001 0.08984375 0.5295228562500001 0.09375 0.5399825671875
0 0.0947265625 0.3530152375 0.1025390625 0.35824509375 0.1142578125 0.35824509375 0.1220703125 0.3530152375 0.125 0.3490928453125 0.12890625 0.33601820781249997 0.12890625 0.32294356875 0.126953125 0.31771371406250004 0.1142578125 0.3033316109375 0.1025390625 0.3033316109375 0.0966796875 0.30594653906249997 0.0859375 0.3203286421875 0.0859375 0.3334032796875 0.08984375 0.34647791875 0.0947265625 0.3530152375
0 0.1123046875 0.25887784062499997 0.1181640625 0.25887784062499997 0.138671875 0.2418808109375 0.1328125 0.197427040625 0.1259765625 0.1908897203125 0.1142578125 0.1908897203125 0.1064453125 0.1961195765625 0.091796875 0.21311660625 0.08984375 0.2183464625 0.08984375 0.228806171875 0.095703125 0.2444957390625 0.1123046875 0.25887784062499997
0 0.1533203125 0.24841812968750002 0.1689453125 0.24841812968750002 0.1728515625 0.245803203125 0.181640625 0.23403602812500002 0.189453125 0.215731534375 0.189453125 0.20004196875 0.185546875 0.18696732968750002 0.1748046875 0.1778150828125 0.1591796875 0.1778150828125 0.1513671875 0.1804300109375 0.1416015625 0.185659865625 0.134765625 0.1948121125 0.130859375 0.2052718234375 0.1328125 0.228806171875 0.1416015625 0.24057334687499998 0.1533203125 0.24841812968750002
0 0.1396484375 0.31379132187500003 0.1572265625 0.3111763953125 0.171875 0.28894950937499997 0.171875 0.2811047265625 0.16796875 0.265415159375 0.1533203125 0.24841812968750002 0.1474609375 0.245803203125 0.1318359375 0.245803203125 0.1259765625 0.24841812968750002 0.1171875 0.2628002328125 0.115234375 0.270645015625 0.115234375 0.28633458125 0.1171875 0.2915644375 0.1396484375 0.31379132187500003
0 0.1376953125 0.4000839359375 0.1533203125 0.410543646875 0.1708984375 0.410543646875 0.1806640625 0.405313790625 0.189453125 0.39616154375 0.1953125 0.385701834375 0.19921875 0.3726271953125 0.19921875 0.3490928453125 0.1953125 0.3386331359375 0.1787109375 0.31902117812499997 0.1689453125 0.31379132187500003 0.1494140625 0.31379132187500003 0.1416015625 0.31902117812499997 0.12890625 0.3386331359375 0.125 0.3490928453125 0.123046875 0.35955255625000004 0.126953125 0.380471978125 0.130859375 0.3909316890625 0.1376953125 0.4000839359375
0 0.1884765625 0.3294808890625 0.2001953125 0.332095815625 0.2119140625 0.3216361046875 0.21875 0.30986893125 0.21875 0.28894950937499997 0.2041015625 0.2719524796875 0.1904296875 0.2719524796875 0.1845703125 0.27456740625 0.177734375 0.2837196546875 0.17578125 0.28894950937499997 0.17578125 0.3124838578125 0.177734375 0.31771371406250004 0.1884765625 0.3294808890625
0 0.2412109375 0.4210033578125 0.2607421875 0.4210033578125 0.2666015625 0.4183884296875 0.2880859375 0.4000839359375 0.29296875 0.3935466171875 0.296875 0.38308690625 0.30078125 0.3569376296875 0.294921875 0.3386331359375 0.2802734375 0.31379132187500003 0.2646484375 0.3033316109375 0.2373046875 0.30594653906249997 0.2216796875 0.3111763953125 0.205078125 0.328173425 0.201171875 0.3412480625 0.19921875 0.385701834375 0.2080078125 0.4000839359375 0.2294921875 0.4183884296875 0.2412109375 0.4210033578125
0 0.1943359375 0.4785317671875 0.2080078125 0.48114669374999997 0.2216796875 0.4785317671875 0.2255859375 0.4759168390625 0.236328125 0.45891980937500004 0.23828125 0.4380003875 0.234375 0.4275406765625 0.2060546875 0.4000839359375 0.1943359375 0.4000839359375 0.1904296875 0.40269886406250005 0.1787109375 0.41315857500000003 0.171875 0.4249257484375 0.169921875 0.4380003875 0.173828125 0.45630488125 0.1865234375 0.4733019109375 0.1943359375 0.4785317671875
0 0.1591796875 0.5491348140625 0.1728515625 0.556979596875 0.1865234375 0.556979596875 0.2021484375 0.5491348140625 0.208984375 0.5399825671875 0.2109375 0.5347527125 0.2109375 0.5059885078125 0.20703125 0.49552879687500007 0.1884765625 0.4759168390625 0.1845703125 0.4733019109375 0.1650390625 0.4759168390625 0.1533203125 0.48637655 0.1484375 0.49552879687500007 0.146484375 0.5033735796875 0.146484375 0.526907928125 0.15234375 0.5399825671875 0.1591796875 0.5491348140625
0 0.2314453125 0.5648243796875 0.2529296875 0.5648243796875 0.2607421875 0.559594525 0.275390625 0.5399825671875 0.279296875 0.5295228562500001 0.279296875 0.5138332906249999 0.275390625 0.5033735796875 0.2548828125 0.4759168390625 0.2451171875 0.4759168390625 0.2275390625 0.48637655 0.21484375 0.5033735796875 0.212890625 0.508603434375 0.212890625 0.545212421875 0.2216796875 0.559594525 0.2314453125 0.5648243796875
0 0.2685546875 0.48899147656249997 0.2919921875 0.48899147656249997 0.2958984375 0.48637655 0.310546875 0.4693795203125 0.314453125 0.45630488125 0.314453125 0.4380003875 0.2958984375 0.410543646875 0.2841796875 0.40792871875000003 0.2646484375 0.4210033578125 0.255859375 0.43538545937500006 0.251953125 0.44584517031250004 0.251953125 0.4667645921875 0.25390625 0.471994446875 0.2685546875 0.48899147656249997
0 0.306640625 0.4249257484375 0.3134765625 0.43407799531249996 0.3193359375 0.4366929234375 0.3408203125 0.4366929234375 0.3505859375 0.43407799531249996 0.3642578125 0.4262332125 0.375 0.41185111093750004 0.384765625 0.385701834375 0.384765625 0.3726271953125 0.3828125 0.367397340625 0.3740234375 0.355630165625 0.3583984375 0.34517045468749996 0.3466796875 0.3425555265625 0.3271484375 0.3425555265625 0.3173828125 0.34517045468749996 0.298828125 0.3647824125 0.296875 0.3726271953125 0.296875 0.3909316890625 0.30078125 0.41185111093750004 0.306640625 0.4249257484375
0 0.3095703125 0.5648243796875 0.3173828125 0.5700542359375 0.3251953125 0.5726691625 0.3505859375 0.5726691625 0.3623046875 0.5674393078125 0.37109375 0.5556721328124999 0.376953125 0.5425974953125 0.37890625 0.5321377843749999 0.37890625 0.5138332906249999 0.375 0.4981437234375 0.3486328125 0.4785317671875 0.3291015625 0.46807205625000003 0.3154296875 0.46807205625000003 0.3115234375 0.4706869828125 0.2939453125 0.48899147656249997 0.2890625 0.4981437234375 0.287109375 0.5059885078125 0.287109375 0.5295228562500001 0.294921875 0.545212421875 0.3095703125 0.5648243796875
0 0.3662109375 0.49160640468750005 0.3740234375 0.4968362609375 0.3837890625 0.4968362609375 0.3955078125 0.48899147656249997 0.40625 0.474609375 0.408203125 0.4667645921875 0.408203125 0.44846009843749995 0.40625 0.4380003875 0.40234375 0.4275406765625 0.3935546875 0.4157735015625 0.3896484375 0.41315857500000003 0.3740234375 0.4157735015625 0.3544921875 0.43407799531249996 0.34375 0.44846009843749995 0.34375 0.4667645921875 0.3505859375 0.4785317671875 0.3662109375 0.49160640468750005
0 0.3056640625 0.3425555265625 0.3115234375 0.34517045468749996 0.3232421875 0.34517045468749996 0.3310546875 0.3425555265625 0.3408203125 0.337325671875 0.34765625 0.328173425 0.349609375 0.304639075 0.345703125 0.2837196546875 0.3408203125 0.2719524796875 0.3232421875 0.26149276875 0.3056640625 0.264107696875 0.29296875 0.2784897984375 0.2890625 0.28894950937499997 0.287109375 0.2994092203125 0.287109375 0.31509878593749996 0.2890625 0.3203286421875 0.3056640625 0.3425555265625
0 0.2412109375 0.30594653906249997 0.2529296875 0.30594653906249997 0.2587890625 0.3033316109375 0.271484375 0.28894950937499997 0.2734375 0.2811047265625 0.2734375 0.2680300875 0.26171875 0.2444957390625 0.2529296875 0.23795841874999998 0.2373046875 0.23795841874999998 0.2314453125 0.24057334687499998 0.216796875 0.2601853046875 0.21484375 0.2680300875 0.220703125 0.2837196546875 0.2314453125 0.29810175625 0.2412109375 0.30594653906249997
0 0.2001953125 0.2719524796875 0.2099609375 0.2693375515625 0.21875 0.25495545000000003 0.220703125 0.2444957390625 0.21875 0.23403602812500002 0.2060546875 0.22226885312500003 0.1962890625 0.21965392499999997 0.1884765625 0.22226885312500003 0.181640625 0.23403602812500002 0.177734375 0.2444957390625 0.1796875 0.25495545000000003 0.1923828125 0.2693375515625 0.2001953125 0.2719524796875
0 0.2666015625 0.2510330578125 0.2744140625 0.2562629125 0.2900390625 0.2562629125 0.2939453125 0.2536479859375 0.3046875 0.23403602812500002 0.3046875 0.20788675156249997 0.302734375 0.2026568953125 0.2919921875 0.18827479375 0.2822265625 0.1830449375 0.2646484375 0.185659865625 0.255859375 0.197427040625 0.251953125 0.21311660625 0.251953125 0.228806171875 0.25390625 0.23403602812500002 0.2666015625 0.2510330578125
0 0.4072265625 0.4262332125 0.4169921875 0.4262332125 0.4296875 0.41185111093750004 0.43359375 0.40139139999999995 0.43359375 0.3935466171875 0.4228515625 0.3765495875 0.4130859375 0.3765495875 0.3994140625 0.3843943703125 0.392578125 0.3935466171875 0.392578125 0.41185111093750004 0.3994140625 0.4210033578125 0.4072265625 0.4262332125
0 0.3876953125 0.37131973125 0.4033203125 0.37131973125 0.4111328125 0.36608987656249997 0.423828125 0.34647791875 0.423828125 0.325558496875 0.41796875 0.3124838578125 0.4091796875 0.3033316109375 0.3974609375 0.300716684375 0.3896484375 0.3033316109375 0.3798828125 0.3111763953125 0.373046875 0.32294356875 0.37109375 0.328173425 0.37109375 0.34647791875 0.380859375 0.3647824125 0.3876953125 0.37131973125
0 0.3642578125 0.3033316109375 0.3720703125 0.30594653906249997 0.3818359375 0.3033316109375 0.390625 0.2941793640625 0.392578125 0.28633458125 0.390625 0.2628002328125 0.3798828125 0.24841812968750002 0.3740234375 0.245803203125 0.3642578125 0.24841812968750002 0.3515625 0.2628002328125 0.349609375 0.2680300875 0.349609375 0.2837196546875 0.35546875 0.2941793640625 0.3642578125 0.3033316109375
0 0.3427734375 0.2562629125 0.3505859375 0.2562629125 0.3681640625 0.245803203125 0.380859375 0.228806171875 0.384765625 0.2183464625 0.384765625 0.20004196875 0.376953125 0.1817374734375 0.3720703125 0.1752001546875 0.3525390625 0.16212551718749998 0.3388671875 0.16212551718749998 0.3330078125 0.16474044375000002 0.314453125 0.1895822578125 0.3125 0.197427040625 0.310546875 0.20788675156249997 0.3125 0.2314211 0.3193359375 0.24057334687499998 0.3427734375 0.2562629125
0 0.3994140625 0.5674393078125 0.4189453125 0.5674393078125 0.4248046875 0.5648243796875 0.431640625 0.5556721328124999 0.435546875 0.545212421875 0.435546875 0.5295228562500001 0.431640625 0.51644821875 0.4228515625 0.50468104375 0.4150390625 0.49945118749999995 0.3994140625 0.49945118749999995 0.3828125 0.5138332906249999 0.380859375 0.5190631453125001 0.380859375 0.550442278125 0.3916015625 0.562209453125 0.3994140625 0.5674393078125
0 0.4306640625 0.49945118749999995 0.4384765625 0.502066115625 0.4521484375 0.49945118749999995 0.4560546875 0.4968362609375 0.466796875 0.4798392296875 0.46875 0.474609375 0.46875 0.44846009843749995 0.46484375 0.4380003875 0.4541015625 0.423618284375 0.4443359375 0.4183884296875 0.4365234375 0.4183884296875 0.4248046875 0.4262332125 0.4140625 0.440615315625 0.41015625 0.4510750265625 0.412109375 0.474609375 0.4140625 0.4798392296875 0.4306640625 0.49945118749999995
0 0.4462890625 0.5648243796875 0.4619140625 0.5726691625 0.4716796875 0.5726691625 0.482421875 0.563516915625 0.4921875 0.5399825671875 0.4921875 0.5216780734375 0.4794921875 0.502066115625 0.4716796875 0.4968362609375 0.4599609375 0.4968362609375 0.4541015625 0.49945118749999995 0.439453125 0.5138332906249999 0.435546875 0.5216780734375 0.4375 0.54782735 0.44140625 0.5582870609375 0.4462890625 0.5648243796875
0 0.4970703125 0.5229855375 0.5283203125 0.5229855375 0.5361328125 0.5177556812499999 0.546875 0.4981437234375 0.546875 0.471994446875 0.541015625 0.44846009843749995 0.5322265625 0.4366929234375 0.5185546875 0.43146306875 0.5087890625 0.43407799531249996 0.4873046875 0.44715263437499997 0.478515625 0.4615347359375 0.4765625 0.4667645921875 0.4765625 0.49291386875 0.478515625 0.5007586515625 0.4970703125 0.5229855375
0 0.4697265625 0.43930785156249996 0.4775390625 0.44453770625000005 0.4892578125 0.44453770625000005 0.4970703125 0.43930785156249996 0.51171875 0.417080965625 0.51171875 0.39616154375 0.505859375 0.38308690625 0.4990234375 0.37393465937500003 0.4912109375 0.368704803125 0.4716796875 0.368704803125 0.4638671875 0.37393465937500003 0.45703125 0.38308690625 0.45403916562499996 0.40218095781249996 0.45703125 0.41969589375 0.4697265625 0.43930785156249996
0 0.4482421875 0.3791645140625 0.4580078125 0.37393465937500003 0.466796875 0.362167484375 0.46875 0.3569376296875 0.46875 0.3412480625 0.466796875 0.3334032796875 0.4580078125 0.3216361046875 0.4501953125 0.31640625 0.4384765625 0.31640625 0.42578125 0.32294356875 0.419921875 0.35955255625000004 0.4287109375 0.37393465937500003 0.4365234375 0.3791645140625 0.4482421875 0.3791645140625
0 0.4443359375 0.31640625 0.447265625 0.3124838578125 0.44921875 0.304639075 0.44921875 0.2915644375 0.4453125 0.2811047265625 0.4404296875 0.27456740625 0.4326171875 0.2719524796875 0.4169921875 0.2797972625 0.412109375 0.28633458125 0.41015625 0.2941793640625 0.412109375 0.304639075 0.4228515625 0.3216361046875 0.4443359375 0.31640625
0 0.4111328125 0.277182334375 0.4169921875 0.2797972625 0.4228515625 0.277182334375 0.4345703125 0.2693375515625 0.44140625 0.2601853046875 0.4453125 0.247110665625 0.443359375 0.23403602812500002 0.4375 0.215731534375 0.4287109375 0.20396435937500002 0.4091796875 0.1987345046875 0.3974609375 0.20657928750000001 0.392578125 0.2183464625 0.390625 0.2314211 0.392578125 0.247110665625 0.396484375 0.25757037656250004 0.4111328125 0.277182334375
0 0.443359375 0.23665095625000002 0.4501953125 0.243188275 0.4599609375 0.243188275 0.470703125 0.22619124531249998 0.470703125 0.20788675156249997 0.4580078125 0.19350464843749998 0.4482421875 0.19350464843749998 0.4443359375 0.1961195765625 0.4375 0.2052718234375 0.4375 0.2183464625 0.44140625 0.2314211 0.443359375 0.23665095625000002
0 0.4619140625 0.31379132187500003 0.4677734375 0.31640625 0.4833984375 0.31640625 0.4931640625 0.3085614671875 0.498046875 0.30202414843750003 0.501953125 0.2915644375 0.501953125 0.2784897984375 0.49609375 0.2628002328125 0.4814453125 0.2510330578125 0.4697265625 0.2510330578125 0.4619140625 0.2562629125 0.453125 0.2680300875 0.44921875 0.2784897984375 0.44921875 0.2915644375 0.453125 0.304639075 0.4619140625 0.31379132187500003
0 0.4794921875 0.36608987656249997 0.4951171875 0.368704803125 0.50390625 0.3543227015625 0.5078125 0.3334032796875 0.505859375 0.328173425 0.4951171875 0.31640625 0.4833984375 0.31640625 0.4716796875 0.3216361046875 0.466796875 0.328173425 0.466796875 0.33601820781249997 0.47265625 0.35955255625000004 0.4794921875 0.36608987656249997
0 0.5283203125 0.39485408125 0.53515625 0.3883167609375 0.5390625 0.37785704999999997 0.5390625 0.362167484375 0.5322265625 0.350400309375 0.5126953125 0.34517045468749996 0.50390625 0.3543227015625 0.5 0.3647824125 0.5 0.3726271953125 0.5166015625 0.3974690078125 0.5283203125 0.39485408125
0 0.5068359375 0.5674393078125 0.5205078125 0.5700542359375 0.5244140625 0.5674393078125 0.533203125 0.55305720625 0.533203125 0.5373676390625 0.53125 0.5321377843749999 0.5205078125 0.520370609375 0.5126953125 0.520370609375 0.5087890625 0.5229855375 0.498046875 0.5373676390625 0.49609375 0.5425974953125 0.498046875 0.5556721328124999 0.5 0.5609019890625 0.5068359375 0.5674393078125
0 0.5576171875 0.5726691625 0.5654296875 0.5726691625 0.5751953125 0.5674393078125 0.58203125 0.5582870609375 0.583984375 0.550442278125 0.583984375 0.5373676390625 0.580078125 0.5242930015625 0.5771484375 0.520370609375 0.5556640625 0.5125258265625 0.5458984375 0.5125258265625 0.53515625 0.5242930015625 0.533203125 0.5295228562500001 0.53515625 0.5556721328124999 0.5439453125 0.5674393078125 0.5576171875 0.5726691625
0 0.5693359375 0.5151407546875 0.5771484375 0.5099108984375 0.583984375 0.5007586515625 0.5859375 0.49291386875 0.5859375 0.477224303125 0.5751953125 0.46022727343750003 0.5712890625 0.45761234531249995 0.5615234375 0.45761234531249995 0.5478515625 0.465457128125 0.546875 0.4981437234375 0.5517578125 0.5099108984375 0.5576171875 0.5151407546875 0.5693359375 0.5151407546875
0 0.5458984375 0.44976756250000005 0.5595703125 0.44976756250000005 0.5654296875 0.44715263437499997 0.572265625 0.4380003875 0.576171875 0.4249257484375 0.576171875 0.4066212546875 0.57421875 0.40139139999999995 0.5615234375 0.3843943703125 0.5517578125 0.3791645140625 0.5439453125 0.3817794421875 0.53515625 0.3935466171875 0.525390625 0.4092361828125 0.525390625 0.4249257484375 0.53125 0.43538545937500006 0.5458984375 0.44976756250000005
0 0.5966796875 0.4706869828125 0.6083984375 0.465457128125 0.61328125 0.45891980937500004 0.619140625 0.44584517031250004 0.619140625 0.43277053125 0.61328125 0.41185111093750004 0.6083984375 0.405313790625 0.5966796875 0.4000839359375 0.5849609375 0.405313790625 0.5791015625 0.410543646875 0.576171875 0.41969589375 0.57421875 0.43277053125 0.57421875 0.45368995312499993 0.5830078125 0.465457128125 0.5966796875 0.4706869828125
0 0.6083984375 0.536060175 0.6201171875 0.5334452484375001 0.6240234375 0.5308303203125 0.634765625 0.5138332906249999 0.63671875 0.5059885078125 0.634765625 0.4850690859375 0.630859375 0.474609375 0.6259765625 0.46807205625000003 0.6123046875 0.4628422 0.5966796875 0.4706869828125 0.5859375 0.4798392296875 0.583984375 0.5112183625 0.5859375 0.51644821875 0.6005859375 0.5334452484375001 0.6083984375 0.536060175
0 0.6123046875 0.5726691625 0.6162109375 0.5700542359375 0.619140625 0.563516915625 0.619140625 0.54782735 0.6171875 0.5425974953125 0.6103515625 0.536060175 0.6025390625 0.536060175 0.5966796875 0.54129003125 0.591796875 0.54782735 0.591796875 0.563516915625 0.6005859375 0.5726691625 0.6123046875 0.5726691625
0 0.6298828125 0.5831288734375 0.6552734375 0.59097365625 0.6669921875 0.59097365625 0.6728515625 0.5883587296874999 0.681640625 0.5765915546875 0.685546875 0.56613184375 0.685546875 0.5556721328124999 0.677734375 0.5347527125 0.673828125 0.526907928125 0.6669921875 0.520370609375 0.6552734375 0.5151407546875 0.6376953125 0.5151407546875 0.62109375 0.5347527125 0.619140625 0.5399825671875 0.619140625 0.56613184375 0.62109375 0.5739766265624999 0.6298828125 0.5831288734375
0 0.6494140625 0.4733019109375 0.6533203125 0.4706869828125 0.658203125 0.4641496640625 0.662109375 0.45368995312499993 0.662109375 0.4380003875 0.66015625 0.43015560468749997 0.6533203125 0.4210033578125 0.6455078125 0.4157735015625 0.6416015625 0.4157735015625 0.62890625 0.43015560468749997 0.625 0.440615315625 0.625 0.4615347359375 0.6357421875 0.4733019109375 0.6494140625 0.4733019109375
0 0.5908203125 0.3974690078125 0.6005859375 0.392239153125 0.607421875 0.38308690625 0.611328125 0.367397340625 0.611328125 0.35955255625000004 0.609375 0.3490928453125 0.6044921875 0.3399405984375 0.5908203125 0.3294808890625 0.5791015625 0.3294808890625 0.568359375 0.3412480625 0.56640625 0.34647791875 0.56640625 0.37785704999999997 0.5791015625 0.3974690078125 0.5908203125 0.3974690078125
0 0.533203125 0.34647791875 0.5400390625 0.3530152375 0.5478515625 0.3530152375 0.5595703125 0.34778538281250004 0.576171875 0.32294356875 0.578125 0.3124838578125 0.578125 0.2994092203125 0.576171875 0.2915644375 0.5634765625 0.2719524796875 0.5556640625 0.26672262343750003 0.5400390625 0.26672262343750003 0.5341796875 0.2693375515625 0.5234375 0.2941793640625 0.521484375 0.307254003125 0.521484375 0.3203286421875 0.5234375 0.328173425 0.533203125 0.34647791875
0 0.5771484375 0.277182334375 0.5869140625 0.2797972625 0.61328125 0.2601853046875 0.619140625 0.2418808109375 0.619140625 0.228806171875 0.6064453125 0.209194215625 0.6025390625 0.20657928750000001 0.5869140625 0.20657928750000001 0.5791015625 0.209194215625 0.5703125 0.2209613890625 0.56640625 0.2314211 0.56640625 0.25757037656250004 0.5703125 0.2680300875 0.5771484375 0.277182334375
0 0.4873046875 0.2510330578125 0.4951171875 0.2510330578125 0.5029296875 0.245803203125 0.51171875 0.23403602812500002 0.51171875 0.2026568953125 0.5029296875 0.1908897203125 0.4990234375 0.18827479375 0.4892578125 0.18827479375 0.4833984375 0.1908897203125 0.474609375 0.20004196875 0.470703125 0.20788675156249997 0.47265625 0.2314211 0.4833984375 0.24841812968750002 0.4873046875 0.2510330578125
0 0.5361328125 0.25887784062499997 0.5458984375 0.2510330578125 0.5546875 0.2392658828125 0.55859375 0.22619124531249998 0.55859375 0.215731534375 0.556640625 0.20788675156249997 0.5439453125 0.185659865625 0.5361328125 0.1830449375 0.5263671875 0.185659865625 0.513671875 0.20004196875 0.509765625 0.247110665625 0.5146484375 0.2536479859375 0.5205078125 0.25887784062499997 0.5361328125 0.25887784062499997
0 0.6376953125 0.3765495875 0.6435546875 0.37393465937500003 0.654296875 0.362167484375 0.658203125 0.3517077734375 0.658203125 0.3412480625 0.654296875 0.33078835156249997 0.6396484375 0.31379132187500003 0.6337890625 0.31379132187500003 0.6259765625 0.31902117812499997 0.6171875 0.3334032796875 0.615234375 0.34386299062500003 0.619140625 0.367397340625 0.6259765625 0.3765495875 0.6376953125 0.3765495875
0 0.6044921875 0.3294808890625 0.6142578125 0.32686596093750003 0.6220703125 0.3216361046875 0.62890625 0.3124838578125 0.630859375 0.2941793640625 0.626953125 0.2811047265625 0.6201171875 0.2719524796875 0.6162109375 0.2693375515625 0.6025390625 0.2693375515625 0.591796875 0.2784897984375 0.587890625 0.30202414843750003 0.58984375 0.3124838578125 0.5966796875 0.3242510328125 0.6044921875 0.3294808890625
0 0.6591796875 0.4262332125 0.6650390625 0.4262332125 0.67578125 0.417080965625 0.681640625 0.40139139999999995 0.681640625 0.38308690625 0.6748046875 0.37131973125 0.6708984375 0.368704803125 0.6572265625 0.368704803125 0.6533203125 0.37131973125 0.64453125 0.385701834375 0.642578125 0.3909316890625 0.642578125 0.4092361828125 0.6494140625 0.4183884296875 0.6591796875 0.4262332125
0 0.6630859375 0.5177556812499999 0.6748046875 0.525600465625 0.6806640625 0.525600465625 0.6904296875 0.520370609375 0.69921875 0.508603434375 0.701171875 0.5007586515625 0.69921875 0.4798392296875 0.6904296875 0.465457128125 0.6826171875 0.46022727343750003 0.6728515625 0.45761234531249995 0.65625 0.474609375 0.65234375 0.4850690859375 0.65234375 0.4981437234375 0.65625 0.508603434375 0.6630859375 0.5177556812499999
0 0.7509765625 0.6955707640625 0.7646484375 0.6955707640625 0.78125 0.683803590625 0.78515625 0.6707289515625 0.78515625 0.6471946015625 0.7724609375 0.6275826453125 0.7626953125 0.6249677171875 0.7431640625 0.6432722109375 0.734375 0.6550393859375 0.734375 0.678573734375 0.7431640625 0.6903409093749999 0.7509765625 0.6955707640625
0 0.7080078125 0.5674393078125 0.720703125 0.55305720625 0.72265625 0.54782735 0.72265625 0.526907928125 0.7158203125 0.5151407546875 0.7060546875 0.5099108984375 0.69140625 0.5295228562500001 0.689453125 0.5373676390625 0.689453125 0.5582870609375 0.6962890625 0.5674393078125 0.7080078125 0.5674393078125
0 0.7451171875 0.5700542359375 0.7529296875 0.5674393078125 0.759765625 0.5582870609375 0.76171875 0.550442278125 0.7578125 0.5347527125 0.7529296875 0.5282153921875 0.7490234375 0.525600465625 0.74609375 0.526907928125 0.732421875 0.54782735 0.732421875 0.5582870609375 0.7392578125 0.5674393078125 0.7451171875 0.5700542359375
0 0.7119140625 0.5125258265625 0.7197265625 0.5125258265625 0.7275390625 0.5072959703125 0.732421875 0.5007586515625 0.734375 0.49029894062499996 0.73046875 0.477224303125 0.7255859375 0.4706869828125 0.7216796875 0.46807205625000003 0.7119140625 0.46807205625000003 0.7001953125 0.4733019109375 0.69921875 0.49029894062499996 0.701171875 0.5007586515625 0.7080078125 0.5099108984375 0.7119140625 0.5125258265625
0 0.6962890625 0.46807205625000003 0.7041015625 0.4706869828125 0.7138671875 0.46807205625000003 0.7216796875 0.4628422 0.732421875 0.44584517031250004 0.734375 0.43538545937500006 0.734375 0.4144660375 0.732421875 0.4066212546875 0.7236328125 0.39485408125 0.7119140625 0.389624225 0.6943359375 0.389624225 0.6875 0.39616154375 0.681640625 0.417080965625 0.681640625 0.44323024218749996 0.685546875 0.45630488125 0.6962890625 0.46807205625000003
0 0.6884765625 0.355630165625 0.6962890625 0.3530152375 0.7041015625 0.34778538281250004 0.708984375 0.3412480625 0.712890625 0.3334032796875 0.712890625 0.31509878593749996 0.708984375 0.28633458125 0.7021484375 0.27456740625 0.6904296875 0.26672262343750003 0.6748046875 0.264107696875 0.6630859375 0.2719524796875 0.65625 0.2811047265625 0.646484375 0.30202414843750003 0.658203125 0.3412480625 0.6689453125 0.355630165625 0.6884765625 0.355630165625
0 0.6474609375 0.28502711718749996 0.658203125 0.2680300875 0.658203125 0.24972559374999997 0.65234375 0.23665095625000002 0.6474609375 0.2327285640625 0.6318359375 0.2327285640625 0.6220703125 0.23795841874999998 0.6171875 0.24972559374999997 0.615234375 0.265415159375 0.6318359375 0.28764204531250004 0.6435546875 0.28764204531250004 0.6474609375 0.28502711718749996
0 0.6279296875 0.2301136359375 0.6396484375 0.2301136359375 0.6455078125 0.227498709375 0.650390625 0.2209613890625 0.654296875 0.21050167812499998 0.654296875 0.18696732968750002 0.6474609375 0.1778150828125 0.6435546875 0.1752001546875 0.6337890625 0.1752001546875 0.619140625 0.1895822578125 0.615234375 0.20004196875 0.615234375 0.215731534375 0.6201171875 0.22488378125000003 0.6279296875 0.2301136359375
0 0.6630859375 0.2536479859375 0.6708984375 0.2536479859375 0.6806640625 0.24841812968750002 0.689453125 0.23403602812500002 0.689453125 0.20788675156249997 0.6748046875 0.19350464843749998 0.6611328125 0.1987345046875 0.654296875 0.2052718234375 0.650390625 0.2209613890625 0.650390625 0.23403602812500002 0.654296875 0.2418808109375 0.6630859375 0.2536479859375
0 0.7861328125 0.5674393078125 0.7900390625 0.5648243796875 0.798828125 0.550442278125 0.798828125 0.5347527125 0.794921875 0.5242930015625 0.7880859375 0.5177556812499999 0.7822265625 0.5177556812499999 0.771484375 0.5295228562500001 0.76953125 0.5347527125 0.76953125 0.5609019890625 0.7763671875 0.5674393078125 0.7861328125 0.5674393078125
0 0.7919921875 0.520370609375 0.8037109375 0.520370609375 0.8115234375 0.5151407546875 0.8203125 0.5007586515625 0.822265625 0.49291386875 0.822265625 0.4693795203125 0.818359375 0.45891980937500004 0.8115234375 0.44976756250000005 0.8017578125 0.44453770625000005 0.7919921875 0.44453770625000005 0.77734375 0.44846009843749995 0.771484375 0.477224303125 0.7734375 0.5007586515625 0.7841796875 0.5151407546875 0.7919921875 0.520370609375
0 0.7626953125 0.483761621875 0.771484375 0.474609375 0.775390625 0.45891980937500004 0.775390625 0.44323024218749996 0.7734375 0.43538545937500006 0.7685546875 0.428848140625 0.7607421875 0.423618284375 0.7548828125 0.423618284375 0.7373046875 0.43146306875 0.734375 0.4380003875 0.732421875 0.4510750265625 0.740234375 0.471994446875 0.7470703125 0.483761621875 0.7626953125 0.483761621875
0 0.7587890625 0.4183884296875 0.7646484375 0.4210033578125 0.7783203125 0.4210033578125 0.7841796875 0.4183884296875 0.79296875 0.40400632812500004 0.80078125 0.380471978125 0.80078125 0.35955255625000004 0.796875 0.3517077734375 0.7861328125 0.3399405984375 0.7685546875 0.3399405984375 0.748046875 0.35955255625000004 0.744140625 0.37524212343749996 0.744140625 0.3909316890625 0.75390625 0.41185111093750004 0.7587890625 0.4183884296875
0 0.7314453125 0.38700929687499996 0.7353515625 0.3843943703125 0.7421875 0.37524212343749996 0.74609375 0.3647824125 0.74609375 0.3517077734375 0.7421875 0.3412480625 0.7333984375 0.3294808890625 0.7275390625 0.32686596093750003 0.7197265625 0.32686596093750003 0.7109375 0.3386331359375 0.70703125 0.3490928453125 0.705078125 0.35955255625000004 0.70703125 0.3726271953125 0.7177734375 0.38700929687499996 0.7314453125 0.38700929687499996
0 0.8193359375 0.5674393078125 0.8271484375 0.562209453125 0.833984375 0.54782735 0.833984375 0.5347527125 0.83203125 0.5295228562500001 0.8251953125 0.520370609375 0.8193359375 0.5177556812499999 0.8115234375 0.5177556812499999 0.8046875 0.5242930015625 0.80078125 0.5399825671875 0.80078125 0.5582870609375 0.8115234375 0.5674393078125 0.8193359375 0.5674393078125
0 0.8447265625 0.559594525 0.8583984375 0.559594525 0.8662109375 0.55436466875 0.873046875 0.5425974953125 0.875 0.5190631453125001 0.8642578125 0.50468104375 0.8583984375 0.502066115625 0.8544921875 0.502066115625 0.8466796875 0.5099108984375 0.8359375 0.5242930015625 0.8359375 0.54782735 0.837890625 0.55305720625 0.8447265625 0.559594525
0 0.8564453125 0.48899147656249997 0.8603515625 0.48637655 0.875 0.4641496640625 0.875 0.4510750265625 0.873046875 0.44584517031250004 0.8583984375 0.428848140625 0.8525390625 0.428848140625 0.8447265625 0.43407799531249996 0.837890625 0.44323024218749996 0.833984375 0.45368995312499993 0.833984375 0.474609375 0.8427734375 0.48899147656249997 0.8564453125 0.48899147656249997
0 0.8095703125 0.44715263437499997 0.8134765625 0.44976756250000005 0.8251953125 0.44976756250000005 0.8349609375 0.44453770625000005 0.845703125 0.43277053125 0.8515625 0.422310821875 0.853515625 0.4144660375 0.853515625 0.39616154375 0.845703125 0.37785704999999997 0.8388671875 0.368704803125 0.8349609375 0.36608987656249997 0.8154296875 0.368704803125 0.8046875 0.380471978125 0.80078125 0.398776471875 0.80078125 0.4144660375 0.802734375 0.43538545937500006 0.8095703125 0.44715263437499997
0 0.8134765625 0.36608987656249997 0.8271484375 0.36608987656249997 0.8330078125 0.3634749484375 0.841796875 0.3543227015625 0.845703125 0.328173425 0.841796875 0.31509878593749996 0.8388671875 0.3111763953125 0.8291015625 0.3033316109375 0.8212890625 0.3033316109375 0.806640625 0.31509878593749996 0.802734375 0.32294356875 0.802734375 0.34647791875 0.8046875 0.3543227015625 0.8134765625 0.36608987656249997
0 0.7197265625 0.32686596093750003 0.7294921875 0.32686596093750003 0.7353515625 0.3242510328125 0.74609375 0.307254003125 0.748046875 0.2994092203125 0.748046875 0.28633458125 0.7392578125 0.2719524796875 0.7255859375 0.2719524796875 0.7158203125 0.277182334375 0.708984375 0.28633458125 0.7109375 0.307254003125 0.71484375 0.32294356875 0.7197265625 0.32686596093750003
0 0.771484375 0.2837196546875 0.7734375 0.2784897984375 0.7734375 0.25495545000000003 0.7666015625 0.245803203125 0.7626953125 0.243188275 0.7548828125 0.243188275 0.7451171875 0.24841812968750002 0.7421875 0.25495545000000003 0.740234375 0.270645015625 0.7529296875 0.2902569734375 0.7646484375 0.2902569734375 0.771484375 0.2837196546875
0 0.7548828125 0.3399405984375 0.759765625 0.33601820781249997 0.765625 0.3203286421875 0.7529296875 0.3033316109375 0.7490234375 0.3033316109375 0.74609375 0.307254003125 0.734375 0.325558496875 0.734375 0.328173425 0.7431640625 0.3399405984375 0.7548828125 0.3399405984375
0 0.7978515625 0.31640625 0.8037109375 0.31379132187500003 0.8154296875 0.30594653906249997 0.82421875 0.2915644375 0.826171875 0.27325994374999996 0.822265625 0.2601853046875 0.8134765625 0.245803203125 0.7998046875 0.24057334687499998 0.7822265625 0.24841812968750002 0.775390625 0.25757037656250004 0.771484375 0.2941793640625 0.7841796875 0.31379132187500003 0.7880859375 0.31640625 0.7978515625 0.31640625
0 0.8955078125 0.5491348140625 0.9013671875 0.5517497421875001 0.9111328125 0.5517497421875001 0.9150390625 0.5491348140625 0.921875 0.5399825671875 0.923828125 0.5321377843749999 0.923828125 0.51644821875 0.91796875 0.5007586515625 0.9111328125 0.49422133281249997 0.9013671875 0.49422133281249997 0.892578125 0.508603434375 0.888671875 0.5216780734375 0.888671875 0.5373676390625 0.890625 0.5425974953125 0.8955078125 0.5491348140625
0 0.8798828125 0.5125258265625 0.8837890625 0.5099108984375 0.888671875 0.5033735796875 0.892578125 0.49291386875 0.892578125 0.4850690859375 0.888671875 0.474609375 0.8798828125 0.465457128125 0.8759765625 0.465457128125 0.857421875 0.49029894062499996 0.859375 0.4981437234375 0.8720703125 0.5125258265625 0.8798828125 0.5125258265625
0 0.8974609375 0.49160640468750005 0.9111328125 0.49160640468750005 0.91796875 0.4850690859375 0.923828125 0.471994446875 0.92578125 0.45368995312499993 0.923828125 0.44584517031250004 0.9169921875 0.4366929234375 0.9091796875 0.43146306875 0.9013671875 0.43146306875 0.88671875 0.4510750265625 0.884765625 0.45630488125 0.88671875 0.4693795203125 0.892578125 0.4850690859375 0.8974609375 0.49160640468750005
0 0.9462890625 0.559594525 0.9501953125 0.556979596875 0.958984375 0.545212421875 0.958984375 0.5399825671875 0.955078125 0.5295228562500001 0.9482421875 0.5229855375 0.9326171875 0.5308303203125 0.9296875 0.5347527125 0.9296875 0.550442278125 0.9384765625 0.559594525 0.9462890625 0.559594525
0 1 0.4981437234375 0.99609375 0.4876840140625 0.9892578125 0.48114669374999997 0.9755859375 0.4759168390625 0.9677734375 0.4785317671875 0.955078125 0.5033735796875 0.953125 0.5242930015625 0.955078125 0.5321377843749999 0.9619140625 0.543904959375 0.9697265625 0.5491348140625 0.9833984375 0.5491348140625 0.994140625 0.5373676390625 1 0.5190631453125001 1 0.4981437234375
0 0.9462890625 0.5229855375 0.953125 0.5112183625 0.953125 0.49029894062499996 0.9423828125 0.4785317671875 0.9365234375 0.4785317671875 0.9296875 0.4850690859375 0.92578125 0.49552879687500007 0.92578125 0.51644821875 0.9345703125 0.525600465625 0.9462890625 0.5229855375
0 0.9560546875 0.48637655 0.9638671875 0.48114669374999997 0.96875 0.474609375 0.97265625 0.4641496640625 0.97265625 0.4510750265625 0.9658203125 0.43146306875 0.9580078125 0.423618284375 0.9501953125 0.423618284375 0.943359375 0.43015560468749997 0.939453125 0.44323024218749996 0.9375 0.4510750265625 0.9375 0.471994446875 0.9423828125 0.4785317671875 0.9560546875 0.48637655
0 0.9951171875 0.48637655 0.9990234375 0.48637655 1 0.4249257484375 0.9990234375 0.423618284375 0.984375 0.43538545937500006 0.982421875 0.4615347359375 0.984375 0.471994446875 0.9892578125 0.48114669374999997 0.9951171875 0.48637655
0 1 0.3700122671875 0.9970703125 0.36608987656249997 0.9794921875 0.3634749484375 0.966796875 0.38308690625 0.96484375 0.39616154375 0.96484375 0.417080965625 0.9697265625 0.4262332125 0.9736328125 0.428848140625 0.9912109375 0.428848140625 1 0.422310821875 1 0.3700122671875
0 0.9248046875 0.4157735015625 0.9345703125 0.4157735015625 0.9384765625 0.41315857500000003 0.9453125 0.40400632812500004 0.951171875 0.385701834375 0.947265625 0.367397340625 0.9345703125 0.355630165625 0.9248046875 0.355630165625 0.91796875 0.3647824125 0.9140625 0.37785704999999997 0.912109375 0.385701834375 0.9140625 0.398776471875 0.919921875 0.41185111093750004 0.9248046875 0.4157735015625
0 0.8876953125 0.44715263437499997 0.900390625 0.43277053125 0.904296875 0.422310821875 0.904296875 0.4092361828125 0.900390625 0.398776471875 0.8896484375 0.38700929687499996 0.8837890625 0.38700929687499996 0.8740234375 0.39485408125 0.8671875 0.40400632812500004 0.8671875 0.43015560468749997 0.8740234375 0.4419227796875 0.8876953125 0.44715263437499997
0 0.8623046875 0.39485408125 0.8740234375 0.39485408125 0.88671875 0.380471978125 0.888671875 0.37524212343749996 0.888671875 0.35955255625000004 0.8818359375 0.34778538281250004 0.8740234375 0.3425555265625 0.8701171875 0.3425555265625 0.8623046875 0.34778538281250004 0.857421875 0.3569376296875 0.85546875 0.362167484375 0.85546875 0.385701834375 0.8583984375 0.392239153125 0.8623046875 0.39485408125
0 0.9033203125 0.3634749484375 0.9111328125 0.3608600203125 0.921875 0.3490928453125 0.92578125 0.3386331359375 0.92578125 0.3124838578125 0.9169921875 0.29810175625 0.9013671875 0.295486828125 0.8916015625 0.300716684375 0.884765625 0.3124838578125 0.87890625 0.3334032796875 0.87890625 0.34386299062500003 0.8916015625 0.3634749484375 0.9033203125 0.3634749484375
0 0.7060546875 0.2719524796875 0.7119140625 0.27456740625 0.7275390625 0.2719524796875 0.7353515625 0.26672262343750003 0.740234375 0.2601853046875 0.7421875 0.252340521875 0.7421875 0.22619124531249998 0.7275390625 0.20657928750000001 0.7158203125 0.20657928750000001 0.7001953125 0.21965392499999997 0.69140625 0.2314211 0.69140625 0.23665095625000002 0.701171875 0.265415159375 0.7060546875 0.2719524796875
0 0.7744140625 0.245803203125 0.7841796875 0.243188275 0.794921875 0.228806171875 0.80078125 0.21311660625 0.80078125 0.1895822578125 0.796875 0.179122546875 0.7841796875 0.167355371875 0.7705078125 0.167355371875 0.7646484375 0.1699703 0.7578125 0.179122546875 0.75390625 0.192197184375 0.751953125 0.2026568953125 0.751953125 0.22357631718749998 0.7626953125 0.24057334687499998 0.7744140625 0.245803203125
0 0.8603515625 0.337325671875 0.8681640625 0.337325671875 0.8779296875 0.332095815625 0.880859375 0.328173425 0.884765625 0.31509878593749996 0.884765625 0.2994092203125 0.8798828125 0.28764204531250004 0.8701171875 0.282412190625 0.8642578125 0.282412190625 0.8515625 0.29679429218750003 0.849609375 0.304639075 0.849609375 0.31771371406250004 0.8564453125 0.33471074375 0.8603515625 0.337325671875
0 0.8525390625 0.26149276875 0.865234375 0.247110665625 0.8671875 0.2392658828125 0.8671875 0.22357631718749998 0.865234375 0.215731534375 0.8564453125 0.20396435937500002 0.8525390625 0.20134943125000002 0.8388671875 0.20134943125000002 0.8330078125 0.20396435937500002 0.826171875 0.2209613890625 0.82421875 0.2392658828125 0.828125 0.24972559374999997 0.8388671875 0.26149276875 0.8525390625 0.26149276875
0 0.8974609375 0.2797972625 0.904296875 0.270645015625 0.912109375 0.247110665625 0.912109375 0.228806171875 0.91015625 0.2183464625 0.9013671875 0.20657928750000001 0.8818359375 0.1987345046875 0.8662109375 0.20657928750000001 0.86328125 0.21050167812499998 0.857421875 0.265415159375 0.8662109375 0.2797972625 0.8818359375 0.28764204531250004 0.8974609375 0.2797972625
0 0.9228515625 0.2928719015625 0.9326171875 0.2928719015625 0.9404296875 0.28764204531250004 0.947265625 0.2784897984375 0.951171875 0.2680300875 0.951171875 0.2444957390625 0.947265625 0.23403602812500002 0.9443359375 0.2301136359375 0.9345703125 0.22488378125000003 0.9208984375 0.22488378125000003 0.9140625 0.2314211 0.90625 0.2680300875 0.90625 0.2784897984375 0.9111328125 0.28502711718749996 0.9228515625 0.2928719015625
0 0.9560546875 0.350400309375 0.9658203125 0.34517045468749996 0.97265625 0.33601820781249997 0.978515625 0.30986893125 0.9765625 0.30202414843750003 0.9697265625 0.2902569734375 0.9541015625 0.28502711718749996 0.9423828125 0.2928719015625 0.9375 0.30202414843750003 0.935546875 0.3124838578125 0.935546875 0.33078835156249997 0.9423828125 0.34778538281250004 0.9560546875 0.350400309375
0 1 0.31509878593749996 0.9970703125 0.3111763953125 0.9873046875 0.3111763953125 0.9814453125 0.31379132187500003 0.978515625 0.31771371406250004 0.978515625 0.3412480625 0.98046875 0.3517077734375 0.9853515625 0.3608600203125 0.9951171875 0.3634749484375 1 0.35955255625000004 1 0.31509878593749996
0 0.9814453125 0.29810175625 0.9931640625 0.29810175625 1 0.28894950937499997 0.9990234375 0.23795841874999998 0.9873046875 0.2327285640625 0.9794921875 0.2327285640625 0.9716796875 0.2353434921875 0.9609375 0.247110665625 0.958984375 0.2628002328125 0.9609375 0.27325994374999996 0.9677734375 0.28764204531250004 0.9814453125 0.29810175625
0 0.9775390625 0.2301136359375 0.986328125 0.215731534375 0.986328125 0.20004196875 0.984375 0.1895822578125 0.982421875 0.1843524015625 0.9697265625 0.1699703 0.9658203125 0.1699703 0.9521484375 0.185659865625 0.9453125 0.197427040625 0.94140625 0.2183464625 0.9521484375 0.2353434921875 0.9638671875 0.2353434921875 0.9775390625 0.2301136359375
0 0.9345703125 0.21965392499999997 0.94140625 0.21050167812499998 0.943359375 0.2052718234375 0.943359375 0.1895822578125 0.9345703125 0.1752001546875 0.9228515625 0.1752001546875 0.916015625 0.18696732968750002 0.9140625 0.192197184375 0.9140625 0.2052718234375 0.9228515625 0.21965392499999997 0.9345703125 0.21965392499999997