0 0.08203125 0.9871352015625 0.076171875 0.9688307078125 0.0654296875 0.9544486046875 0.0537109375 0.946603821875 0.0400390625 0.94921875 0.0263671875 0.9596784609375 0.017578125 0.97929041875 0.015625 0.9871352015625 0.0166015625 0.9989023765624999 0.08203125 0.9975949125 0.08203125 0.9871352015625
0 0.02734375 0.9557560687500001 0.02734375 0.9505262140624999 0.025390625 0.9452963578125001 0.0126953125 0.93091425625 0.0009765625 0.928299328125 0 0.9975949125 0.0107421875 0.9989023765624999 0.015625 0.9897501296875 0.02734375 0.9557560687500001
0 0.033203125 0.9269918640625001 0.0439453125 0.9387590390625 0.0595703125 0.9387590390625 0.0654296875 0.9361441109375 0.0732421875 0.93091425625 0.083984375 0.9165321546874999 0.0859375 0.9113022984375 0.083984375 0.866848528125 0.0751953125 0.852466425 0.0576171875 0.842006715625 0.0478515625 0.8446216421875 0.033203125 0.8616186718750001 0.02734375 0.8746933109375 0.025390625 0.88253809375 0.025390625 0.9008425875 0.02734375 0.9113022984375 0.033203125 0.9269918640625001
0 0.1103515625 0.94921875 0.1162109375 0.951833678125 0.1318359375 0.951833678125 0.1416015625 0.9439888953125 0.14453125 0.9374515750000001 0.15234375 0.9008425875 0.15234375 0.8929978046875 0.1484375 0.8799231656250001 0.1376953125 0.8655410640625 0.1279296875 0.85769628125 0.1220703125 0.85769628125 0.1083984375 0.8655410640625 0.099609375 0.8799231656250001 0.095703125 0.8956127328125 0.095703125 0.9165321546874999 0.103515625 0.940066503125 0.1103515625 0.94921875
0 0.1591796875 0.9989023765624999 0.2275390625 0.9989023765624999 0.23046875 0.994979984375 0.234375 0.9845202734375 0.240234375 0.9296067921875 0.23828125 0.91914708125 0.224609375 0.885153021875 0.2158203125 0.873385846875 0.2060546875 0.8681559921875 0.1845703125 0.8681559921875 0.1806640625 0.8707709187500001 0.158203125 0.8903828765625 0.15234375 0.9008425875 0.146484375 0.921762009375 0.14453125 0.9322217203125 0.14453125 0.9609859249999999 0.15234375 0.9897501296875 0.1591796875 0.9989023765624999
0 0.14453125 0.8250096843750001 0.1572265625 0.8393917875 0.1630859375 0.842006715625 0.1787109375 0.842006715625 0.1845703125 0.8393917875 0.1943359375 0.8315470046875 0.203125 0.8171649015625 0.205078125 0.80932011875 0.205078125 0.7857857703125 0.201171875 0.7674812765625 0.1904296875 0.7504842453125 0.1826171875 0.745254390625 0.1669921875 0.745254390625 0.1572265625 0.7504842453125 0.14453125 0.7674812765625 0.140625 0.7779409859374999 0.138671875 0.7857857703125 0.138671875 0.80932011875 0.140625 0.8171649015625 0.14453125 0.8250096843750001
0 0.216796875 0.8694634562499999 0.2470703125 0.9047649796874999 0.2685546875 0.9047649796874999 0.2919921875 0.8995351234375001 0.3046875 0.88253809375 0.31640625 0.8511589624999999 0.318359375 0.8171649015625 0.30859375 0.775326059375 0.2998046875 0.76094395625 0.2880859375 0.7557141015625 0.2724609375 0.7557141015625 0.2626953125 0.7583290296875 0.2392578125 0.7714036671875 0.22265625 0.791015625 0.208984375 0.8171649015625 0.205078125 0.8276246125 0.205078125 0.8406992515624999 0.208984375 0.8537738890625001 0.216796875 0.8694634562499999
0 0.0908203125 0.8027827999999999 0.0986328125 0.8080126546875 0.1103515625 0.8080126546875 0.1162109375 0.8053977265625001 0.12109375 0.7988604078125 0.130859375 0.775326059375 0.130859375 0.7596364921875 0.126953125 0.7465618546874999 0.1201171875 0.7347946796875 0.1123046875 0.7321797515624999 0.0966796875 0.7374096078125 0.0859375 0.74917678125 0.08203125 0.7596364921875 0.08203125 0.7857857703125 0.0859375 0.7962454796875 0.0908203125 0.8027827999999999
0 0.0322265625 0.8603112093749999 0.0498046875 0.842006715625 0.0625 0.8197798296875 0.068359375 0.7988604078125 0.068359375 0.7700962031249999 0.06640625 0.757021565625 0.05859375 0.7334872156250001 0.0400390625 0.7191051140625 0.0244140625 0.7191051140625 0.0009765625 0.729564825 0 0.8563888171875 0.0126953125 0.8629261359375 0.0263671875 0.8629261359375 0.0322265625 0.8603112093749999
0 0 0.6890334453125 0.0166015625 0.708645403125 0.0302734375 0.7138752578124999 0.0537109375 0.71126033125 0.0615234375 0.708645403125 0.0712890625 0.7008006203125 0.083984375 0.6811886625 0.087890625 0.6654990953125 0.087890625 0.63934981875 0.0625 0.581821409375 0.0478515625 0.5752840906250001 0.0419921875 0.5752840906250001 0.0263671875 0.5778990187499999 0.0068359375 0.59097365625 0 0.6001259046875 0 0.6890334453125
0 0.0986328125 0.7374096078125 0.1171875 0.7308722875 0.0966796875 0.6824961265625 0.0947265625 0.6824961265625 0.0859375 0.6942633 0.083984375 0.69949315625 0.083984375 0.7256424328125 0.0908203125 0.7374096078125 0.0986328125 0.7374096078125
0 0.111328125 0.71779765 0.1240234375 0.7347946796875 0.1318359375 0.740024534375 0.1416015625 0.7426394625 0.1669921875 0.7426394625 0.1865234375 0.7321797515624999 0.19921875 0.715182721875 0.20703125 0.69949315625 0.2109375 0.6890334453125 0.216796875 0.6550393859375 0.212890625 0.62627518125 0.205078125 0.6105856140625 0.1845703125 0.5857438015625 0.1767578125 0.580513946875 0.1630859375 0.5778990187499999 0.1416015625 0.5831288734375 0.1279296875 0.5935885843750001 0.109375 0.6184303984375 0.099609375 0.644579675 0.09765625 0.6576543125 0.09765625 0.678573734375 0.103515625 0.702108084375 0.111328125 0.71779765
0 0.0732421875 0.6275826453125 0.0830078125 0.6328125 0.0966796875 0.6328125 0.1025390625 0.6301975718749999 0.123046875 0.5948960484375 0.123046875 0.5844363375 0.115234375 0.563516915625 0.1083984375 0.55436466875 0.1005859375 0.5491348140625 0.0927734375 0.5491348140625 0.0771484375 0.556979596875 0.0703125 0.56613184375 0.064453125 0.5792064828125 0.0625 0.5896661937500001 0.0625 0.6079706875 0.06640625 0.6184303984375 0.0732421875 0.6275826453125
0 0.041015625 0.563516915625 0.0517578125 0.5752840906250001 0.0634765625 0.5778990187499999 0.099609375 0.5425974953125 0.1015625 0.5321377843749999 0.1015625 0.51644821875 0.09375 0.49552879687500007 0.0869140625 0.48899147656249997 0.0771484375 0.48637655 0.0654296875 0.48637655 0.0576171875 0.48899147656249997 0.0498046875 0.49422133281249997 0.03515625 0.5112183625 0.033203125 0.51644821875 0.033203125 0.5321377843749999 0.037109375 0.55305720625 0.041015625 0.563516915625
0 0.0205078125 0.5752840906250001 0.02734375 0.563516915625 0.02734375 0.5399825671875 0.0234375 0.526907928125 0.0185546875 0.5229855375 0.0009765625 0.5229855375 0 0.5792064828125 0.0048828125 0.5831288734375 0.0087890625 0.5831288734375 0.0205078125 0.5752840906250001
0 0.0302734375 0.48899147656249997 0.0400390625 0.49160640468750005 0.0537109375 0.48899147656249997 0.0615234375 0.483761621875 0.076171875 0.4641496640625 0.080078125 0.4510750265625 0.080078125 0.4275406765625 0.068359375 0.40139139999999995 0.0634765625 0.39485408125 0.0537109375 0.389624225 0.0341796875 0.392239153125 0.0244140625 0.4000839359375 0.015625 0.41185111093750004 0.009765625 0.4275406765625 0.009765625 0.45630488125 0.017578125 0.474609375 0.0302734375 0.48899147656249997
0 0.0078125 0.4798392296875 0.005859375 0.4667645921875 0.0009765625 0.46022727343750003 0.0009765625 0.5229855375 0.00390625 0.5190631453125001 0.0078125 0.5033735796875 0.0078125 0.4798392296875
0 0.013671875 0.4144660375 0.009765625 0.40139139999999995 0.0009765625 0.392239153125 0 0.44584517031250004 0.0029296875 0.44715263437499997 0.0078125 0.440615315625 0.013671875 0.4144660375
0 0.015625 0.3124838578125 0.0087890625 0.300716684375 0.0009765625 0.295486828125 0 0.380471978125 0.0029296875 0.3817794421875 0.01171875 0.3726271953125 0.015625 0.3124838578125
0 0.0263671875 0.389624225 0.0302734375 0.392239153125 0.0537109375 0.389624225 0.06640625 0.37524212343749996 0.0703125 0.3569376296875 0.0703125 0.34386299062500003 0.06640625 0.3203286421875 0.0537109375 0.30594653906249997 0.0478515625 0.3033316109375 0.0302734375 0.30594653906249997 0.0224609375 0.3111763953125 0.009765625 0.3334032796875 0.0078125 0.3490928453125 0.009765625 0.3647824125 0.013671875 0.37524212343749996 0.0263671875 0.389624225
0 0.0810546875 0.3608600203125 0.0888671875 0.36608987656249997 0.0947265625 0.368704803125 0.1064453125 0.368704803125 0.1259765625 0.3608600203125 0.1328125 0.3517077734375 0.1428833171875 0.30109095625000004 0.1357488390625 0.28729732812500003 0.13257797031250002 0.280400490625 0.1220703125 0.2719524796875 0.1142578125 0.2693375515625 0.0927734375 0.2693375515625 0.0869140625 0.2719524796875 0.076171875 0.28633458125 0.068359375 0.30202414843750003 0.06640625 0.30986893125 0.06640625 0.328173425 0.0703125 0.34647791875 0.0810546875 0.3608600203125
0 0.1552734375 0.355630165625 0.1669921875 0.355630165625 0.1708984375 0.3530152375 0.181640625 0.33601820781249997 0.1748046875 0.3033316109375 0.1669921875 0.29810175625 0.1591796875 0.29810175625 0.1533203125 0.300716684375 0.14453125 0.30986893125 0.140625 0.3203286421875 0.140625 0.3386331359375 0.1513671875 0.3530152375 0.1552734375 0.355630165625
0 0.1923828125 0.34778538281250004 0.2060546875 0.355630165625 0.2236328125 0.355630165625 0.2353515625 0.350400309375 0.240234375 0.34386299062500003 0.24609375 0.325558496875 0.248046875 0.2994092203125 0.244140625 0.2811047265625 0.2392578125 0.27456740625 0.2294921875 0.26672262343750003 0.2119140625 0.26149276875 0.1923828125 0.2719524796875 0.181640625 0.28894950937499997 0.177734375 0.2994092203125 0.177734375 0.31771371406250004 0.1875 0.3412480625 0.1923828125 0.34778538281250004
0 0.1826171875 0.4183884296875 0.2021484375 0.423618284375 0.2080078125 0.4210033578125 0.21875 0.40400632812500004 0.21484375 0.3700122671875 0.2021484375 0.355630165625 0.1904296875 0.3530152375 0.1787109375 0.3608600203125 0.169921875 0.3726271953125 0.16796875 0.37785704999999997 0.16796875 0.398776471875 0.169921875 0.40400632812500004 0.1826171875 0.4183884296875
0 0.2275390625 0.40792871875000003 0.2431640625 0.40792871875000003 0.25390625 0.39616154375 0.255859375 0.3909316890625 0.255859375 0.37524212343749996 0.251953125 0.3647824125 0.2451171875 0.355630165625 0.2373046875 0.3530152375 0.2275390625 0.355630165625 0.21875 0.3647824125 0.21484375 0.37524212343749996 0.21484375 0.385701834375 0.21875 0.398776471875 0.2275390625 0.40792871875000003
0 0.3154296875 0.38700929687499996 0.3203125 0.38308690625 0.328125 0.367397340625 0.328125 0.3490928453125 0.3115234375 0.3294808890625 0.2998046875 0.3294808890625 0.2919921875 0.33471074375 0.283203125 0.3490928453125 0.28125 0.35955255625000004 0.283203125 0.3726271953125 0.2919921875 0.38700929687499996 0.3154296875 0.38700929687499996
0 0.1025390625 0.4419227796875 0.1142578125 0.44715263437499997 0.1318359375 0.44715263437499997 0.1357421875 0.44453770625000005 0.140625 0.4380003875 0.15234375 0.41185111093750004 0.15234375 0.398776471875 0.1484375 0.380471978125 0.1376953125 0.36608987656249997 0.1318359375 0.3634749484375 0.1181640625 0.3634749484375 0.1044921875 0.37131973125 0.095703125 0.380471978125 0.08984375 0.3935466171875 0.087890625 0.4066212546875 0.08984375 0.41969589375 0.09375 0.43015560468749997 0.1025390625 0.4419227796875
0 0.1650390625 0.48899147656249997 0.1806640625 0.48899147656249997 0.19140625 0.477224303125 0.197265625 0.45630488125 0.197265625 0.44323024218749996 0.193359375 0.43015560468749997 0.1865234375 0.4210033578125 0.1767578125 0.4157735015625 0.1650390625 0.4157735015625 0.1572265625 0.4210033578125 0.1484375 0.43538545937500006 0.14453125 0.44584517031250004 0.14453125 0.4667645921875 0.1552734375 0.483761621875 0.1650390625 0.48899147656249997
0 0.2255859375 0.49160640468750005 0.2333984375 0.49422133281249997 0.2470703125 0.49160640468750005 0.2548828125 0.48637655 0.26953125 0.4641496640625 0.26953125 0.440615315625 0.267578125 0.4249257484375 0.2568359375 0.4157735015625 0.2451171875 0.410543646875 0.2275390625 0.41315857500000003 0.2177734375 0.4210033578125 0.208984375 0.43538545937500006 0.20703125 0.44323024218749996 0.20703125 0.4641496640625 0.212890625 0.4798392296875 0.2255859375 0.49160640468750005
0 0.1787109375 0.5752840906250001 0.1865234375 0.580513946875 0.1923828125 0.5831288734375 0.2080078125 0.5831288734375 0.2138671875 0.580513946875 0.2255859375 0.5726691625 0.236328125 0.55305720625 0.23828125 0.5138332906249999 0.232421875 0.5007586515625 0.2255859375 0.49160640468750005 0.2138671875 0.483761621875 0.2001953125 0.483761621875 0.1826171875 0.48899147656249997 0.1748046875 0.49422133281249997 0.16796875 0.5033735796875 0.1640625 0.5138332906249999 0.162109375 0.5321377843749999 0.166015625 0.55305720625 0.171875 0.56613184375 0.1787109375 0.5752840906250001
0 0.2421875 0.56613184375 0.2548828125 0.5831288734375 0.2685546875 0.59097365625 0.2841796875 0.59097365625 0.2978515625 0.5857438015625 0.3203125 0.5582870609375 0.32421875 0.5425974953125 0.32421875 0.51644821875 0.3203125 0.5033735796875 0.3056640625 0.48114669374999997 0.2900390625 0.4733019109375 0.2763671875 0.4733019109375 0.2607421875 0.48114669374999997 0.24609375 0.4981437234375 0.23828125 0.51644821875 0.236328125 0.526907928125 0.236328125 0.5425974953125 0.23828125 0.5556721328124999 0.2421875 0.56613184375
0 0.2822265625 0.4706869828125 0.2978515625 0.4759168390625 0.3154296875 0.4733019109375 0.3271484375 0.465457128125 0.337890625 0.44846009843749995 0.337890625 0.41969589375 0.3359375 0.41185111093750004 0.328125 0.39616154375 0.3173828125 0.38700929687499996 0.2919921875 0.38700929687499996 0.2802734375 0.3974690078125 0.271484375 0.4144660375 0.26953125 0.422310821875 0.26953125 0.44584517031250004 0.2734375 0.45891980937500004 0.2822265625 0.4706869828125
0 0.3525390625 0.49945118749999995 0.3583984375 0.502066115625 0.3701171875 0.49422133281249997 0.375 0.4876840140625 0.376953125 0.4824541578125 0.376953125 0.4615347359375 0.3701171875 0.44976756250000005 0.3544921875 0.44453770625000005 0.3486328125 0.44715263437499997 0.33984375 0.45891980937500004 0.337890625 0.4641496640625 0.337890625 0.4798392296875 0.33984375 0.4850690859375 0.3525390625 0.49945118749999995
0 0.3701171875 0.43930785156249996 0.3818359375 0.44976756250000005 0.3876953125 0.4523824890625 0.3955078125 0.44976756250000005 0.4052734375 0.4419227796875 0.412109375 0.43015560468749997 0.4140625 0.422310821875 0.4140625 0.4066212546875 0.408203125 0.3909316890625 0.4013671875 0.3843943703125 0.3955078125 0.3817794421875 0.3779296875 0.3843943703125 0.3681640625 0.39485408125 0.365234375 0.40139139999999995 0.36328125 0.4092361828125 0.36328125 0.422310821875 0.365234375 0.43015560468749997 0.3701171875 0.43930785156249996
0 0.3447265625 0.6223527890625 0.3583984375 0.6328125 0.3681640625 0.6328125 0.3798828125 0.6275826453125 0.40234375 0.6001259046875 0.40625 0.5792064828125 0.404296875 0.55305720625 0.3994140625 0.543904959375 0.3837890625 0.5282153921875 0.3779296875 0.525600465625 0.3623046875 0.525600465625 0.3564453125 0.5282153921875 0.3388671875 0.538675103125 0.330078125 0.55305720625 0.326171875 0.568746771875 0.326171875 0.587051265625 0.333984375 0.6079706875 0.3447265625 0.6223527890625
0 0.23828125 0.7308722875 0.2451171875 0.740024534375 0.2626953125 0.7530991734375 0.2958984375 0.7557141015625 0.3193359375 0.740024534375 0.3359375 0.71779765 0.33984375 0.7073379390625 0.345703125 0.6759588062499999 0.345703125 0.6524244578125 0.337890625 0.623660253125 0.3232421875 0.6040482953125 0.3134765625 0.598818440625 0.3017578125 0.5962035125 0.2783203125 0.5962035125 0.2568359375 0.6040482953125 0.240234375 0.6288901078125 0.23046875 0.6576543125 0.228515625 0.6681140234375 0.228515625 0.69949315625 0.232421875 0.715182721875 0.23828125 0.7308722875
0 0.3369140625 0.8943052687499999 0.3447265625 0.8995351234375001 0.3505859375 0.9021500515625 0.3662109375 0.9021500515625 0.3740234375 0.8969201968749999 0.38671875 0.88253809375 0.39453125 0.8642336 0.39453125 0.8406992515624999 0.388671875 0.80932011875 0.3798828125 0.7949380171875 0.3720703125 0.7897081609375001 0.3603515625 0.78447830625 0.3466796875 0.7870932328125 0.328125 0.80932011875 0.322265625 0.8276246125 0.3203125 0.8354693953125001 0.3203125 0.8590037453124999 0.32421875 0.8746933109375 0.3369140625 0.8943052687499999
0 0.3076171875 0.9989023765624999 0.3125 0.994979984375 0.314453125 0.9557560687500001 0.310546875 0.9374515750000001 0.306640625 0.9269918640625001 0.2880859375 0.9047649796874999 0.2705078125 0.9047649796874999 0.2626953125 0.9099948343750001 0.24609375 0.9296067921875 0.23828125 0.9479112859375001 0.236328125 0.958370996875 0.236328125 0.9897501296875 0.2412109375 0.9989023765624999 0.3076171875 0.9989023765624999
0 0.4306640625 0.525600465625 0.4384765625 0.5229855375 0.46484375 0.4824541578125 0.46484375 0.4693795203125 0.458984375 0.4510750265625 0.4462890625 0.4366929234375 0.4228515625 0.4419227796875 0.4111328125 0.4523824890625 0.404296875 0.4641496640625 0.40234375 0.4876840140625 0.408203125 0.508603434375 0.4150390625 0.5177556812499999 0.4306640625 0.525600465625
0 0.37890625 0.7413319984375 0.3955078125 0.7583290296875 0.4072265625 0.7661738125 0.4169921875 0.7687887390625 0.4404296875 0.7687887390625 0.4521484375 0.763558884375 0.4619140625 0.7557141015625 0.47265625 0.738717071875 0.482421875 0.71256779375 0.486328125 0.6890334453125 0.486328125 0.6681140234375 0.478515625 0.63934981875 0.4580078125 0.6092781515625 0.4482421875 0.6014333671875 0.4345703125 0.5962035125 0.4208984375 0.5962035125 0.4013671875 0.6066632234375 0.376953125 0.6341199640624999 0.365234375 0.6654990953125 0.36328125 0.6759588062499999 0.36328125 0.6942633 0.369140625 0.71779765 0.37890625 0.7413319984375
0 0.3974609375 0.9596784609375 0.4052734375 0.964908315625 0.4111328125 0.96752324375 0.4248046875 0.964908315625 0.44140625 0.9479112859375001 0.44921875 0.9296067921875 0.44921875 0.898227659375 0.4453125 0.885153021875 0.4345703125 0.8707709187500001 0.4228515625 0.8629261359375 0.4091796875 0.8629261359375 0.3974609375 0.8681559921875 0.390625 0.8746933109375 0.380859375 0.898227659375 0.37890625 0.9113022984375 0.380859375 0.9322217203125 0.38671875 0.9452963578125001 0.3974609375 0.9596784609375
0 0.4443359375 1 0.453125 0.9975949125 0.44921875 0.97929041875 0.4423828125 0.970138171875 0.4287109375 0.96752324375 0.4189453125 0.9727530984375001 0.4140625 0.97929041875 0.41015625 0.9897501296875 0.41015625 0.9975949125 0.4130859375 1 0.4443359375 1
0 0.4521484375 0.8890754125000001 0.4599609375 0.8943052687499999 0.4658203125 0.8969201968749999 0.4775390625 0.8969201968749999 0.4892578125 0.8890754125000001 0.501953125 0.8746933109375 0.5078125 0.8616186718750001 0.509765625 0.8511589624999999 0.509765625 0.8302395406249999 0.505859375 0.8171649015625 0.4892578125 0.79755294375 0.4736328125 0.7923230890624999 0.4560546875 0.7923230890624999 0.4521484375 0.7949380171875 0.435546875 0.8197798296875 0.43359375 0.8276246125 0.43359375 0.8537738890625001 0.44140625 0.8746933109375 0.4521484375 0.8890754125000001
0 0.4580078125 0.9989023765624999 0.537109375 0.9975949125 0.5390625 0.97929041875 0.53515625 0.9479112859375001 0.529296875 0.9348366484374999 0.5126953125 0.9152246906249999 0.4833984375 0.9152246906249999 0.4755859375 0.9178396171875001 0.458984375 0.9374515750000001 0.453125 0.9505262140624999 0.451171875 0.958370996875 0.451171875 0.9819053453125001 0.453125 0.99236505625 0.4580078125 0.9989023765624999
0 0.5185546875 0.9073799062499999 0.5498046875 0.933529184375 0.5595703125 0.9387590390625 0.5712890625 0.9387590390625 0.5849609375 0.928299328125 0.59375 0.9165321546874999 0.6015625 0.8956127328125 0.603515625 0.885153021875 0.603515625 0.8563888171875 0.59765625 0.8302395406249999 0.59375 0.8223947578124999 0.5869140625 0.8158574375000001 0.5595703125 0.79755294375 0.5458984375 0.800167871875 0.5322265625 0.8080126546875 0.5234375 0.8223947578124999 0.51171875 0.8590037453124999 0.509765625 0.866848528125 0.509765625 0.8903828765625 0.513671875 0.9008425875 0.5185546875 0.9073799062499999
0 0.505859375 0.7831708421875 0.5224609375 0.8027827999999999 0.5341796875 0.8053977265625001 0.5498046875 0.79755294375 0.560546875 0.7805559140625 0.5625 0.77271113125 0.5625 0.7413319984375 0.5517578125 0.72433496875 0.5439453125 0.7191051140625 0.5244140625 0.7191051140625 0.5166015625 0.72433496875 0.5078125 0.7361021437499999 0.50390625 0.7465618546874999 0.501953125 0.7544066375 0.501953125 0.7700962031249999 0.50390625 0.7779409859374999 0.505859375 0.7831708421875
0 0.5224609375 0.7164901859375 0.5380859375 0.7191051140625 0.5556640625 0.7138752578124999 0.57421875 0.6916483734375001 0.58203125 0.6759588062499999 0.58203125 0.6498095296875 0.578125 0.6367348921875 0.5673828125 0.617122934375 0.5517578125 0.6066632234375 0.5439453125 0.6040482953125 0.5322265625 0.6040482953125 0.5146484375 0.6118930781249999 0.5 0.6315050359375001 0.49609375 0.641964746875 0.49609375 0.66288416875 0.5 0.683803590625 0.5224609375 0.7164901859375
0 0.443359375 0.5844363375 0.4619140625 0.6066632234375 0.4736328125 0.6118930781249999 0.4892578125 0.6118930781249999 0.4951171875 0.6092781515625 0.5048828125 0.6014333671875 0.521484375 0.5739766265624999 0.5234375 0.56613184375 0.5234375 0.5399825671875 0.521484375 0.5295228562500001 0.509765625 0.5033735796875 0.4951171875 0.48899147656249997 0.4658203125 0.48899147656249997 0.4541015625 0.49945118749999995 0.443359375 0.5138332906249999 0.4375 0.526907928125 0.435546875 0.5347527125 0.435546875 0.56613184375 0.4375 0.5739766265624999 0.443359375 0.5844363375
0 0.4814453125 0.465457128125 0.4892578125 0.4706869828125 0.5048828125 0.4706869828125 0.5087890625 0.46807205625000003 0.5234375 0.44584517031250004 0.5234375 0.43015560468749997 0.51953125 0.417080965625 0.517578125 0.41185111093750004 0.5068359375 0.4000839359375 0.4873046875 0.4000839359375 0.4814453125 0.405313790625 0.47265625 0.41969589375 0.470703125 0.4275406765625 0.470703125 0.44323024218749996 0.47265625 0.4510750265625 0.4814453125 0.465457128125
0 0.5576171875 0.46807205625000003 0.5712890625 0.46807205625000003 0.5791015625 0.465457128125 0.5947265625 0.45499741718750003 0.603515625 0.44323024218749996 0.611328125 0.417080965625 0.611328125 0.398776471875 0.603515625 0.37524212343749996 0.5908203125 0.35824509375 0.5771484375 0.350400309375 0.5556640625 0.350400309375 0.5419921875 0.35824509375 0.529296875 0.37524212343749996 0.521484375 0.3935466171875 0.51953125 0.4092361828125 0.525390625 0.440615315625 0.5361328125 0.45761234531249995 0.5576171875 0.46807205625000003
0 0.5347788328124999 0.5198603921875 0.5442914703125 0.5198603921875 0.5581640921875 0.5007615000000001 0.5605422515625 0.49068151249999997 0.55859375 0.477224303125 0.5478515625 0.4628422 0.5322265625 0.4628422 0.5244140625 0.46807205625000003 0.517578125 0.4798392296875 0.515625 0.49552879687500007 0.51953125 0.508603434375 0.5263671875 0.5177556812499999 0.5347788328124999 0.5198603921875
0 0.5654296875 0.5674393078125 0.5830078125 0.5674393078125 0.59765625 0.545212421875 0.595703125 0.5242930015625 0.5869140625 0.5099108984375 0.5791015625 0.50468104375 0.5673828125 0.50468104375 0.5595703125 0.5099108984375 0.55078125 0.5216780734375 0.548828125 0.526907928125 0.548828125 0.545212421875 0.55078125 0.550442278125 0.5654296875 0.5674393078125
0 0.58984375 0.63934981875 0.6005859375 0.6537319218750001 0.6181640625 0.666806559375 0.6357421875 0.67465134375 0.6474609375 0.67465134375 0.6533203125 0.6720364156249999 0.6708984375 0.6589617765625 0.6796875 0.6471946015625 0.689453125 0.623660253125 0.69140625 0.60274083125 0.6875 0.581821409375 0.681640625 0.568746771875 0.6630859375 0.5465198859375 0.6455078125 0.538675103125 0.6181640625 0.538675103125 0.6064453125 0.5465198859375 0.58984375 0.568746771875 0.58203125 0.5844363375 0.58203125 0.6158154703125 0.583984375 0.623660253125 0.58984375 0.63934981875
0 0.6240234375 0.465457128125 0.6357421875 0.4759168390625 0.6474609375 0.48114669374999997 0.6611328125 0.4785317671875 0.6787109375 0.46807205625000003 0.689453125 0.45630488125 0.6953125 0.44323024218749996 0.6953125 0.4092361828125 0.693359375 0.40139139999999995 0.6875 0.3883167609375 0.6728515625 0.37131973125 0.6455078125 0.37131973125 0.6396484375 0.37393465937500003 0.6259765625 0.3843943703125 0.62109375 0.3909316890625 0.61328125 0.4092361828125 0.611328125 0.417080965625 0.611328125 0.440615315625 0.615234375 0.45368995312499993 0.6240234375 0.465457128125
0 0.6240234375 0.5334452484375001 0.6337890625 0.5282153921875 0.640625 0.5190631453125001 0.64453125 0.5033735796875 0.640625 0.4876840140625 0.6220703125 0.4706869828125 0.6083984375 0.4785317671875 0.6015625 0.49029894062499996 0.599609375 0.5059885078125 0.6015625 0.5138332906249999 0.6103515625 0.525600465625 0.6240234375 0.5334452484375001
0 0.6767578125 0.559594525 0.6845703125 0.5648243796875 0.6982421875 0.5674393078125 0.7138671875 0.559594525 0.72265625 0.54782735 0.728515625 0.5347527125 0.728515625 0.508603434375 0.724609375 0.4981437234375 0.7099609375 0.4785317671875 0.6962890625 0.4733019109375 0.6826171875 0.4759168390625 0.6708984375 0.48637655 0.662109375 0.5007586515625 0.658203125 0.5112183625 0.658203125 0.5347527125 0.6650390625 0.5465198859375 0.6767578125 0.559594525
0 0.7236328125 0.6301975718749999 0.7294921875 0.6328125 0.7431640625 0.6301975718749999 0.7578125 0.6132005421875 0.759765625 0.605355759375 0.759765625 0.5896661937500001 0.7578125 0.5844363375 0.7431640625 0.5674393078125 0.7255859375 0.5674393078125 0.7177734375 0.5726691625 0.708984375 0.5844363375 0.70703125 0.5896661937500001 0.70703125 0.6079706875 0.708984375 0.6132005421875 0.7236328125 0.6301975718749999
0 0.6845703125 0.7949380171875 0.7041015625 0.8027827999999999 0.7138671875 0.8027827999999999 0.7294921875 0.7949380171875 0.744140625 0.775326059375 0.751953125 0.74917678125 0.75390625 0.7334872156250001 0.7421875 0.7047230109375 0.734375 0.6916483734375001 0.7255859375 0.6824961265625 0.7119140625 0.67465134375 0.6923828125 0.67465134375 0.6865234375 0.6772662703125001 0.6728515625 0.6877259812500001 0.6640625 0.702108084375 0.66015625 0.71256779375 0.658203125 0.720412578125 0.658203125 0.7465618546874999 0.669921875 0.775326059375 0.6845703125 0.7949380171875
0 0.5830078125 0.78447830625 0.5908203125 0.7897081609375001 0.6064453125 0.7923230890624999 0.6201171875 0.78447830625 0.6328125 0.7674812765625 0.640625 0.7439469265625 0.640625 0.7230275046875 0.634765625 0.702108084375 0.6279296875 0.6903409093749999 0.6142578125 0.6798811984375 0.6064453125 0.6772662703125001 0.5927734375 0.6772662703125001 0.5791015625 0.6877259812500001 0.56640625 0.7073379390625 0.564453125 0.71779765 0.564453125 0.7439469265625 0.572265625 0.7700962031249999 0.5830078125 0.78447830625
0 0.61328125 0.8773082390625 0.6240234375 0.8916903406250001 0.6318359375 0.8969201968749999 0.6416015625 0.8995351234375001 0.6611328125 0.8995351234375001 0.6708984375 0.8943052687499999 0.681640625 0.88253809375 0.689453125 0.8642336 0.693359375 0.8354693953125001 0.6875 0.80932011875 0.68359375 0.8014753359375 0.6728515625 0.7897081609375001 0.6494140625 0.7740185953125 0.6337890625 0.7766335234375 0.6240234375 0.781863378125 0.6162109375 0.7897081609375001 0.60546875 0.80932011875 0.603515625 0.8197798296875 0.603515625 0.8433141781250001 0.60546875 0.8563888171875 0.61328125 0.8773082390625
0 0.6572265625 0.9910575937500001 0.6669921875 0.9989023765624999 0.6943359375 0.9989023765624999 0.708984375 0.9819053453125001 0.712890625 0.9714456359374999 0.71484375 0.958370996875 0.712890625 0.9374515750000001 0.70703125 0.921762009375 0.6943359375 0.9047649796874999 0.6806640625 0.8969201968749999 0.6611328125 0.9021500515625 0.6513671875 0.9099948343750001 0.64453125 0.921762009375 0.640625 0.9348366484374999 0.640625 0.9557560687500001 0.646484375 0.9740605625000001 0.6572265625 0.9910575937500001
0 0.65234375 0.9845202734375 0.638671875 0.9636008515625001 0.6279296875 0.9570635328125 0.6123046875 0.9570635328125 0.6044921875 0.9622933890625 0.591796875 0.9871352015625 0.58984375 0.99236505625 0.5908203125 0.9989023765624999 0.65625 0.9975949125 0.65234375 0.9845202734375
0 0.7236328125 0.9989023765624999 0.8310546875 0.9989023765624999 0.8359375 0.99236505625 0.8359375 0.958370996875 0.833984375 0.9505262140624999 0.81640625 0.9139172265625 0.8037109375 0.8995351234375001 0.7919921875 0.8943052687499999 0.7705078125 0.8969201968749999 0.7353515625 0.9126097625 0.720703125 0.9296067921875 0.716796875 0.9452963578125001 0.716796875 0.976675490625 0.71875 0.9871352015625 0.7236328125 0.9989023765624999
0 0.8427734375 0.9413739671875 0.8564453125 0.9413739671875 0.8720703125 0.93091425625 0.87890625 0.91914708125 0.880859375 0.9139172265625 0.880859375 0.88776795 0.87890625 0.8799231656250001 0.875 0.8720783828125 0.8583984375 0.852466425 0.8251953125 0.852466425 0.810546875 0.8694634562499999 0.806640625 0.8799231656250001 0.80859375 0.898227659375 0.8310546875 0.9361441109375 0.8427734375 0.9413739671875
0 1 0.9139172265625 0.9833984375 0.8916903406250001 0.9736328125 0.8838455578125 0.9501953125 0.876000775 0.9384765625 0.876000775 0.9306640625 0.8786157031249999 0.9189453125 0.8864604859374999 0.9091796875 0.8969201968749999 0.900390625 0.9113022984375 0.892578125 0.9296067921875 0.890625 0.940066503125 0.890625 0.9609859249999999 0.8984375 0.9845202734375 0.9072265625 0.9989023765624999 1 0.9975949125 1 0.9139172265625
0 0.888671875 0.9845202734375 0.8740234375 0.96752324375 0.8544921875 0.9622933890625 0.8408203125 0.970138171875 0.83984375 0.994979984375 0.8427734375 0.9989023765624999 0.89453125 0.9975949125 0.888671875 0.9845202734375
0 0.9814453125 0.8812306296875001 0.9990234375 0.8838455578125 1 0.7674812765625 0.9931640625 0.7583290296875 0.9775390625 0.7583290296875 0.9716796875 0.76094395625 0.95703125 0.7779409859374999 0.953125 0.8537738890625001 0.9619140625 0.8681559921875 0.9716796875 0.876000775 0.9814453125 0.8812306296875001
0 0.8896484375 0.8446216421875 0.9091796875 0.8603112093749999 0.9365234375 0.8603112093749999 0.9462890625 0.855081353125 0.955078125 0.8433141781250001 0.9609375 0.8223947578124999 0.9609375 0.7988604078125 0.958984375 0.7884006968749999 0.955078125 0.7779409859374999 0.9384765625 0.7557141015625 0.9248046875 0.7478693187500001 0.9091796875 0.7478693187500001 0.8935546875 0.7583290296875 0.884765625 0.7700962031249999 0.8828125 0.775326059375 0.8828125 0.8276246125 0.88671875 0.8406992515624999 0.8896484375 0.8446216421875
0 0.8134765625 0.836776859375 0.8310546875 0.8498514984375 0.8388671875 0.852466425 0.8544921875 0.852466425 0.8662109375 0.8472365703125 0.876953125 0.8354693953125001 0.880859375 0.8276246125 0.884765625 0.80932011875 0.884765625 0.7884006968749999 0.880859375 0.77271113125 0.8662109375 0.7504842453125 0.8505859375 0.740024534375 0.8369140625 0.7374096078125 0.8193359375 0.745254390625 0.806640625 0.7622514203125 0.798828125 0.7831708421875 0.798828125 0.80932011875 0.8046875 0.8250096843750001 0.8134765625 0.836776859375
0 0.69921875 0.88253809375 0.7177734375 0.9047649796874999 0.7392578125 0.9073799062499999 0.7548828125 0.8995351234375001 0.7646484375 0.8916903406250001 0.7734375 0.8799231656250001 0.77734375 0.8590037453124999 0.775390625 0.8354693953125001 0.7734375 0.8302395406249999 0.7568359375 0.8080126546875 0.7431640625 0.79755294375 0.7333984375 0.79755294375 0.7197265625 0.8027827999999999 0.7080078125 0.8106275828125 0.701171875 0.8197798296875 0.6953125 0.8328544687500001 0.693359375 0.8433141781250001 0.693359375 0.8616186718750001 0.697265625 0.8773082390625 0.69921875 0.88253809375
0 0.7548828125 0.726949896875 0.7705078125 0.7347946796875 0.7841796875 0.7374096078125 0.8017578125 0.7347946796875 0.8173828125 0.721720040625 0.830078125 0.69949315625 0.833984375 0.6811886625 0.833984375 0.6654990953125 0.830078125 0.6498095296875 0.8134765625 0.6249677171875 0.7958984375 0.6118930781249999 0.7705078125 0.6118930781249999 0.7626953125 0.61450800625 0.7451171875 0.6301975718749999 0.73828125 0.641964746875 0.732421875 0.6576543125 0.732421875 0.683803590625 0.748046875 0.71779765 0.7548828125 0.726949896875
0 0.8720703125 0.7478693187500001 0.8857421875 0.7530991734375 0.8955078125 0.7530991734375 0.9013671875 0.7504842453125 0.9091796875 0.7426394625 0.9140625 0.7334872156250001 0.916015625 0.7256424328125 0.916015625 0.702108084375 0.912109375 0.6890334453125 0.9013671875 0.67465134375 0.8896484375 0.6694214875 0.8798828125 0.6694214875 0.8740234375 0.6720364156249999 0.865234375 0.683803590625 0.861328125 0.6942633 0.859375 0.7047230109375 0.859375 0.720412578125 0.865234375 0.738717071875 0.8720703125 0.7478693187500001
0 1 0.6105856140625 0.9833984375 0.5935885843750001 0.9677734375 0.5857438015625 0.9560546875 0.5857438015625 0.9482421875 0.5883587296874999 0.9365234375 0.5962035125 0.9296875 0.605355759375 0.92578125 0.62627518125 0.923828125 0.641964746875 0.92578125 0.6576543125 0.9296875 0.6681140234375 0.9501953125 0.6929558375 0.9658203125 0.6981856921875 0.9755859375 0.6981856921875 0.9912109375 0.6903409093749999 1 0.6811886625 1 0.6105856140625
0 0.84765625 0.641964746875 0.8583984375 0.65111699375 0.8740234375 0.6589617765625 0.8876953125 0.6615767046875 0.8974609375 0.6589617765625 0.9091796875 0.65111699375 0.921875 0.6341199640624999 0.92578125 0.623660253125 0.927734375 0.6158154703125 0.927734375 0.5896661937500001 0.921875 0.5713617 0.9091796875 0.55436466875 0.8955078125 0.543904959375 0.8876953125 0.54129003125 0.8681640625 0.54129003125 0.8564453125 0.5465198859375 0.8408203125 0.562209453125 0.8359375 0.5713617 0.83203125 0.581821409375 0.83203125 0.6105856140625 0.833984375 0.6184303984375 0.84765625 0.641964746875
0 0.75390625 0.568746771875 0.7646484375 0.5831288734375 0.7763671875 0.59097365625 0.7841796875 0.5935885843750001 0.8017578125 0.5935885843750001 0.8076171875 0.59097365625 0.8212890625 0.580513946875 0.833984375 0.563516915625 0.83984375 0.550442278125 0.84375 0.526907928125 0.83984375 0.5007586515625 0.833984375 0.4876840140625 0.8212890625 0.4706869828125 0.8115234375 0.4628422 0.8017578125 0.45761234531249995 0.7783203125 0.45761234531249995 0.7626953125 0.465457128125 0.755859375 0.474609375 0.74609375 0.4981437234375 0.744140625 0.5112183625 0.744140625 0.5425974953125 0.74609375 0.55305720625 0.75390625 0.568746771875
0 1 0.440615315625 0.9873046875 0.4262332125 0.9755859375 0.4183884296875 0.9462890625 0.4183884296875 0.9248046875 0.428848140625 0.912109375 0.44323024218749996 0.904296875 0.4615347359375 0.90234375 0.471994446875 0.90234375 0.49291386875 0.908203125 0.5112183625 0.9228515625 0.5334452484375001 0.9404296875 0.5491348140625 0.9501953125 0.5517497421875001 0.9658203125 0.5517497421875001 0.9794921875 0.5465198859375 0.9833984375 0.543904959375 1 0.5216780734375 1 0.440615315625
0 0.9990234375 0.536060175 0.9921875 0.5425974953125 0.986328125 0.5556721328124999 0.984375 0.568746771875 0.9898851437499999 0.588576575 0.9990014468749999 0.6002481375000001 0.9990234375 0.536060175
0 0.9482421875 0.7583290296875 0.95703125 0.7465618546874999 0.95703125 0.7334872156250001 0.953125 0.7230275046875 0.9462890625 0.7138752578124999 0.9404296875 0.71126033125 0.9287109375 0.71126033125 0.9248046875 0.7138752578124999 0.916015625 0.7282573609375 0.9140625 0.7413319984375 0.9169921875 0.745254390625 0.9423828125 0.7583290296875 0.9482421875 0.7583290296875
0 0.9970703125 0.7530991734375 0.9990234375 0.7530991734375 0.9990234375 0.6877259812500001 0.990234375 0.702108084375 0.98828125 0.7073379390625 0.98828125 0.7361021437499999 0.990234375 0.7439469265625 0.9970703125 0.7530991734375