0 0.267727582552474 0.55234375 0.14013218246333975 0.15791015625
0 0.2718006432220156 0.82578125 0.11707651775772403 0.14853515625
0 0.5817360516678102 0.47109375 0.10050489117300429 0.121875
0 0.03299205891814087 0.25703125 0.06598411783628173 0.134375
0 0.3884952408250439 0.5703125 0.13484408602505676 0.153125
0 0.5152665610462098 0.590625 0.1373148101516227 0.1626953125
0 0.5697103082967448 0.86796875 0.10327035330540184 0.1203125
0 0.7219599242799042 0.534375 0.11952116764341483 0.128125
0 0.8241937060911291 0.87734375 0.12283676212786432 0.1578125
0 0.13265108622850022 0.53671875 0.11758739131047755 0.1357421875
0 0.10545291582806578 0.6765625 0.12145639006944098 0.14375
0 0.35114508585183196 0.21953125 0.084525071320952 0.090625
0 0.34801817943238456 0.725 0.12292123381944098 0.14375
0 0.2477456660012905 0.30390625 0.07756186481841407 0.08291015625
0 0.6357317176691006 0.775 0.1074472746286201 0.13125
0 0.8864211926600352 0.45625 0.10711882389341483 0.128125
0 0.03053777819663351 0.64140625 0.06107555639326702 0.09521484375
0 0.037146876752345064 0.48203125 0.07429375350469013 0.1171875
0 0.3976026717036639 0.4390625 0.09884151957408402 0.109765625
0 0.7887557329230985 0.65703125 0.1030647767199266 0.12021484375
0 0.6270650647222361 0.575 0.09554232499697797 0.10625
0 0.769423640819 0.3578125 0.09832861017629782 0.10302734375
0 0.23325844853563327 0.21875 0.0917398953556173 0.0998046875
0 0.6868624231801181 0.6453125 0.09243785316792845 0.1064453125
0 0.6799059825464303 0.33984375 0.10519416042883556 0.1107421875
0 0.36673964504491935 0.28671875 0.04975976948369425 0.05625
0 0.8014787071909151 0.76640625 0.08848146224444023 0.09853515625
0 0.02762440681122503 0.74296875 0.05524881362245006 0.1140625
0 0.17260031269588882 0.42421875 0.08144142253882443 0.08916015625
0 0.162922584752046 0.33046875 0.09019792352656761 0.1
0 0.49050604836845224 0.80390625 0.08583887426177306 0.103125
0 0.29421717960560934 0.35234375 0.06387093602732312 0.0734375
0 0.3120757351226705 0.43515625 0.0881427474237598 0.0953125
0 0.6737569672924325 0.4578125 0.05646109436862971 0.06240234375
0 0.0813934468859543 0.38515625 0.07449316985054144 0.084375
0 0.4692806465213735 0.49296875 0.08911783554390026 0.10458984375
0 0.7191565242859479 0.746875 0.1007324703092893 0.112890625
0 0.6789258009446926 0.89921875 0.07791553345334919 0.0890625
0 0.0667471746565724 0.8515625 0.07253857047068199 0.09365234375
0 0.12559198072352656 0.87890625 0.08697818774951607 0.11396484375
0 0.05954675497925568 0.56328125 0.056645847907182564 0.06416015625
0 0.03525418097845311 0.33984375 0.07050836195690623 0.090625
0 0.4989074912017122 0.8875 0.04705061238342445 0.05927734375
0 0.35951372887040406 0.35546875 0.07065496334800354 0.07666015625
0 0.43864553844015963 0.73984375 0.08697818774951607 0.11396484375
0 0.10156980331748922 0.3046875 0.05877815208904007 0.06865234375
0 0.10126943438142148 0.22578125 0.08172852205615717 0.09375
0 0.3171103316259128 0.290625 0.05854735760383489 0.06552734375
0 0.19753493936067718 0.7890625 0.0766354432419023 0.0908203125
0 0.5510634257563585 0.740625 0.08862515944109255 0.09990234375
0 0.7346338119727711 0.85234375 0.08301887635307939 0.09208984375
0 0.003988588977965169 0.5640625 0.007977177955930339 0.090625
0 0.13371641840430598 0.771875 0.0792398953556173 0.0998046875
0 0.16669033217580576 0.23515625 0.07363918662429966 0.0892578125
0 0.10993844633606131 0.440625 0.05676432720410478 0.0625
0 0.2699682150928605 0.6796875 0.08209802913326306 0.097265625
0 0.8959606443218016 0.71484375 0.06921061948218324 0.109375
0 0.3609499739213672 0.8546875 0.11148813724368471 0.12509765625
0 0.9264010862285001 0.53671875 0.045378099629375515 0.1046875
0 0.8841505719010637 0.91640625 0.04702507132095164 0.090625
0 0.6478044149015045 0.41484375 0.04916943713088653 0.0515625
0 0.6131410672984762 0.6703125 0.07229429655108141 0.0783203125
0 0.19813073292309852 0.65703125 0.060710454042117855 0.0703125
0 0.20348906214599585 0.4796875 0.0757272191153362 0.08125
0 0.014934681743746597 0.41015625 0.029869363487493195 0.05166015625
0 0.42887839449502635 0.3421875 0.08228514167959115 0.0841796875
0 0.29321059633001756 0.228125 0.05583498515464465 0.0564453125
0 0.887052597633247 0.80703125 0.06517447488266867 0.08583984375
0 0.8216713503827119 0.5296875 0.058229170954104605 0.0625
0 0.5081529720682447 0.33125 0.06127704287505509 0.0626953125
0 0.1891990961567928 0.60078125 0.06125651470410478 0.0625
0 0.47765142225355695 0.38359375 0.04804330820156686 0.05478515625
0 0.6117753661866028 0.35625 0.06003272952478511 0.06572265625
0 0.5301218797909215 0.4046875 0.07300779792959115 0.0841796875
0 0.7973164568142469 0.44921875 0.07665626628882442 0.08916015625
0 0.4284560360371442 0.271875 0.05591211323369425 0.05625
0 0.7247399604902731 0.43359375 0.04963102610129688 0.0578125
0 0.9285548880695351 0.63515625 0.015122887866091617 0.0546875
0 0.8533437088405942 0.6 0.10781415610874952 0.1189453125