0 0.07285665083839801 0.7104369659850461 0.07491394978213635 0.08675679634289164
0 0.3489887036427885 0.8048205759468662 0.10830878491038014 0.12618405934714688
0 0.5782003273417926 0.5132672332511401 0.10030208326243581 0.09817823751292565
0 0.11318067842801786 0.8348915259786829 0.0650003195667471 0.08195679934157915
0 0.1343197732942067 0.6699023253103192 0.0684234062639427 0.08209422725870982
0 0.7892739461795567 0.5678076405554142 0.07470286818726617 0.08831588734285187
0 0.501350143036482 0.6984240305935943 0.07711577792830404 0.10083634134309047
0 0.3550926187262224 0.7032489852800934 0.0668506703695515 0.08188073342516447
0 0.6457275848050245 0.7443712352403224 0.0814096112475255 0.09151702167707328
0 0.5867520545018712 0.6927456479153675 0.07349433705033004 0.09132732242599957
0 0.2784449095448253 0.6908677112905929 0.0754001547657193 0.09603414009289164
0 0.2352404641582381 0.7405591759627744 0.05845430913596861 0.07251134667409058
0 0.17080614993388687 0.7335012013049104 0.06626169118877297 0.07250459709181775
0 0.6128818645423509 0.596406449912504 0.06338235265416223 0.07715573442472703
0 0.1240606247191162 0.7613722099777283 0.056646147670579336 0.06780566534054522
0 0.5519023417024295 0.7766939339195037 0.07472375522933206 0.0868521799261984
0 0.597514734850453 0.8300365625795948 0.06328511165744573 0.07530026567472703
0 0.43417593114155134 0.7585444652689575 0.06805408355929199 0.07877164209201659
0 0.8900375067858632 0.671258809874324 0.0921400367477954 0.12121368076165293
0 0.8471329545472998 0.7748201618794146 0.10099425189369313 0.10579883401296541
0 0.4327196517429092 0.6820455999363666 0.06674789617235585 0.08178194084181775
0 0.0502645985998344 0.8137619606540462 0.061610847325709074 0.06942498200787454
0 0.48542084859983436 0.8086984592616396 0.07720278303062962 0.10249649759309065
0 0.6716559989839472 0.6667729465706863 0.06148677083316425 0.07264422925783479
0 0.240029783470972 0.8279500879615018 0.05861296549903248 0.07553869042409041
0 0.22436824118203108 0.6649506486314561 0.05989826584390272 0.07399209909094288
0 0.875542316826343 0.575392326543642 0.06616403493877314 0.07250346075847106
0 0.7462288738146051 0.7783366078930959 0.07303455230929198 0.07882959509269263
0 0.3289638879480993 0.6207910212842295 0.05489898631825394 0.06612619142365297
0 0.7164760967908121 0.8544178498965957 0.050068599050060315 0.06148294000636341
0 0.7910633389888959 0.8465229865531871 0.08288469089191679 0.09172937917727211
0 0.3883831535519315 0.6341535399427298 0.07343333693726617 0.08830111500934627
0 0.006159310267622355 0.6958210299968183 0.01231862053524471 0.0739829400063634
0 0.4707386301461831 0.6121143605983668 0.07265969640416223 0.07726368609265304
0 0.17111268713444514 0.8170404073042741 0.06407410603213633 0.08663066334142008
0 0.5433129929910534 0.6128314285885036 0.07877593417830404 0.10085565900998254
0 0.724091602217879 0.7091053498965957 0.0746525192218769 0.08363066000954511
0 0.9301025848050244 0.7410622325350514 0.06675148801421216 0.11164657200827222
0 0.4569870686353653 0.5318546959341394 0.07168064238446163 0.08837831725910768
0 0.658452234850453 0.8293274905713226 0.06559441669472114 0.09143059192492586
0 0.7711170884230691 0.6460962725573232 0.05303494268699645 0.058491958923454136
0 0.2852880517883377 0.7688654419557748 0.06157930913596861 0.07254770934118149
0 0.7969558921319708 0.7191883272199597 0.06683490127468125 0.08344209709181775
0 0.7257979443705344 0.6169542125636865 0.076460680687266 0.08833634134309047
0 0.6755013732487781 0.578500787237459 0.06036012685135787 0.07721816434098265
0 0.8275308627333284 0.6423167445496872 0.06355636285881303 0.08047604692472703
0 0.8639276289029876 0.8566059638765513 0.0695555834462283 0.07576361600890849
0 0.42041664631584225 0.8274126439370029 0.05311171189493056 0.059956802673454136
0 0.7225744470840679 0.544379778564641 0.05648790656079896 0.06292398917389157
0 0.00584172772590542 0.7950125079965001 0.01168345545181084 0.06934998400699968
0 0.6606410131174414 0.5045002132400043 0.06340835764342376 0.07578968325807338
0 0.26864054161157236 0.6097813432925019 0.05475098110286467 0.061439827756999674