0 0.2692380467331109 0.3720169423274283 0.06585257932931912 0.07857661210666259
0 0.08755844772056 0.4264493913923519 0.05234502573597284 0.06278123298402569
0 0.027398605029530565 0.24321873487468954 0.04236924843807692 0.05335169082954803
0 0.08287784700996609 0.26776928298109554 0.05097158013911975 0.06267562266983102
0 0.25513717150239823 0.4579044453524904 0.07779763292266546 0.09436290087021995
0 0.43459413402546954 0.45035154146710665 0.07240296797826709 0.08330047354298102
0 0.03828723781838238 0.3050238432859459 0.06780933943106333 0.08473804621574228
0 0.011081992598744364 0.47670794574527386 0.022163985197488727 0.08466589149054773
0 0.11605009485049775 0.22575904498314808 0.049512994485972864 0.06276475670819384
0 0.023165736429493794 0.4104289607723885 0.04633147285898759 0.0721477107723885
0 0.1215701071889989 0.2859698371376258 0.04589855143387798 0.05815559594514967
0 0.5051569578995928 0.4468543576256895 0.0722064936761722 0.07871119794042372
0 0.10210631323366517 0.15064996067419267 0.07927499286637159 0.09456673558185709
0 0.16368775601697966 0.2995010720123153 0.05410152673841839 0.0658176670931053
0 0.2137600023163518 0.40842662011872133 0.05723031153562221 0.06437157220870696
0 0.08950977637504529 0.3350204154946529 0.0510804410852715 0.06589771077238851
0 0.40864980259320705 0.30639700838781525 0.06418369168281668 0.07690736549758306
0 0.5612567635751188 0.44952536055255565 0.05213603524017181 0.05799664488146803
0 0.05012949645625571 0.4739056534926003 0.059796580331764694 0.08156759442034414
0 0.09587279303248307 0.479642569085449 0.044238395183877954 0.058145937438627546
0 0.3802361034883711 0.39610894818116077 0.09254605027685522 0.10362496974937904
0 0.4073843846437783 0.6432339330558502 0.06467808133421027 0.08462220924758306
0 0.5031822501568834 0.36790720100983115 0.07130997493770792 0.08300125517111381
0 0.32736022979881796 0.33093340007475475 0.07153511672895921 0.0941312269339015
0 0.16669403763381224 0.37454652380771336 0.06458173658176469 0.08159543364502549
0 0.18495507942967765 0.4676561743734474 0.06251858883351806 0.07377384328594587
0 0.2810848095330374 0.26032546340466717 0.09041739917404978 0.11610792532610467
0 0.31698632942967764 0.46842430971567517 0.05420544108527148 0.06591589149054773
0 0.13730932141011315 0.4916067587805987 0.04091197428248443 0.050414617412795695
0 0.3115466602436313 0.41915556274073723 0.03425388648947969 0.0470568071815924
0 0.04149948026024323 0.15733123184962738 0.057629518236665 0.07364777966382205
0 0.209410068632336 0.25678230688700476 0.06242224408107253 0.0707470676833883
0 0.14061359654854075 0.4400442587805987 0.04100206093807692 0.05334373676535335
0 0.06012026989664029 0.20823974687674202 0.04112474957548926 0.053734929912795784
0 0.22247247069951923 0.3334493460164204 0.06497352338385962 0.08618584554246791
0 0.006907536990990361 0.27743010841125637 0.013815073981980721 0.06101199242507018
0 0.23992768584348417 0.19521809299135826 0.03962730384366937 0.0562643339062737
0 0.4378378524086369 0.37534245110802705 0.04579711038667433 0.059619303400264737
0 0.011180924584717209 0.3469977198475748 0.022361849169434418 0.07524543969514967
0 0.11639364898486429 0.3789431323171656 0.04795544108527148 0.06587953005422928
0 0.06546670882244346 0.10041815651766242 0.0440494904761906 0.050628110630955
0 0.2061534631413801 0.18564310509160667 0.032976785645072046 0.04997797246995521
0 0.161742129088224 0.17131698467829776 0.05891999768595446 0.090738759708707
0 0.01275888436980876 0.20166703912941558 0.02551776873961752 0.07813876575883114
0 0.36560430213178174 0.478085656026683 0.039344377987726276 0.0548960101113888
0 0.14882302205610862 0.25095903288289967 0.0356098692933279 0.043843241290672005
0 0.006267854912444503 0.13052329215447772 0.012535709824889007 0.06710127180895542
0 0.060524380786267006 0.3848704245698392 0.04649059733527148 0.0658710078425921