0 0.5384192360309528 0.6637773320688883 0.05991764822593293 0.06209898994332903
0 0.7061654114634942 0.7322513090831244 0.1496912954005385 0.17149128883653225
0 0.2544328444917424 0.781678572569583 0.08751057356706324 0.09562276764320324
0 0.1016770998829309 0.6077903969421179 0.07991392752607433 0.07958887719631509
0 0.5234653641758127 0.5606166176880898 0.054491840524181434 0.05749769966978739
0 0.6764009441344596 0.3072350849186799 0.05698796072593293 0.06203080070986555
0 0.13408844723750915 0.4342619779641665 0.0933699485670632 0.09575914611013019
0 0.536778511430046 0.9105243922893745 0.0685604784183342 0.07621157703250034
0 0.21089117265332655 0.5920179669462498 0.06323796072593293 0.062176271074587675
0 0.2873601280612391 0.32562924753145805 0.07784980659949241 0.07827615943178827
0 0.3436922020540007 0.920466356004583 0.06224898823946408 0.07450815261667572
0 0.27909844584790167 0.6931609332269094 0.08030048678980321 0.08134896267076393
0 0.6888416276537839 0.1131584298084369 0.06438044588192149 0.06084090521687071
0 0.3563714087679001 0.8291146573913537 0.05848219431994419 0.06342753687769971
0 0.4538981838431588 0.434600937976562 0.07633524432412528 0.0856343911472223
0 0.21094027580654853 0.4449254146095484 0.07764365213610258 0.08294092968730027
0 0.7729015820795443 0.3119933604698951 0.041565475008362184 0.044550087005972294
0 0.1671297020540007 0.924575893807986 0.08785825626881465 0.10010586324540824
0 0.634546140557058 0.33933972331142304 0.06571396502398379 0.0683627094413195
0 0.10726403789491219 0.266003593655486 0.07162398823946411 0.0747263581637588
0 0.7077485218049675 0.34853157893475634 0.06266650537028333 0.06994558456006086
0 0.2810078886763745 0.8425426841768399 0.04840505268932267 0.05716146275396276
0 0.4980191414555895 0.3129434903132634 0.11061016894042516 0.12252402248736986
0 0.04470516636360665 0.8029035284010068 0.08581831698220446 0.09538881457757391
0 0.2858125031030495 0.10775206971979141 0.07668356535884255 0.0688125950795834
0 0.3215010828944549 0.7287522879003122 0.058904919654802955 0.0636319412754947
0 0.326995549899655 0.5153807721327427 0.07735068338610258 0.08293411076395393
0 0.06665946454981966 0.9487056844611803 0.06726041485655443 0.06830142078249998
0 0.4024143533934358 0.9183213213353121 0.06675451541604609 0.07587769474242201
0 0.10081251861829725 0.6840801400082637 0.06075361217768438 0.06659345041777787
0 0.29872960437558793 0.4553342781166664 0.06877184108576354 0.07631377923139766
0 0.7619891704488083 0.43521265492281175 0.08581831698220448 0.09538881457757391
0 0.4934857598002247 0.09902711388836763 0.07334563466833419 0.0763229527804905
0 0.01938139868888088 0.606048018617361 0.03876279737776176 0.05604202946888037
0 0.1671611543588638 0.5455618474552082 0.10206499499802382 0.10841370837264766
0 0.3074111636680124 0.8855107809664581 0.06944459287237378 0.080999006256949
0 0.02260281998695262 0.6603900265011458 0.04520563997390524 0.06200360666777769
0 0.09425661278620516 0.8328806627096874 0.06001530447593288 0.06210126291777769
0 0.43744049983275846 0.8614712560808329 0.05727686373966172 0.06378861320986537
0 0.02246449910146859 0.09701981715434024 0.04492899820293718 0.0778353656913195
0 0.4445499744336652 0.6145969092912148 0.0678221707165827 0.07171938953249998
0 0.04738905030711037 0.7250149177436804 0.06052890983367304 0.06522626291777786
0 0.06199257489129297 0.5651314246775346 0.061720900737373595 0.06360020128450969
0 0.5022933895749059 0.8078182727983328 0.05708561697593293 0.06203307368431439
0 0.748156682537172 0.2541996974758674 0.1083604350094646 0.11001947653847229
0 0.2689719459315224 0.25757023176388866 0.06069212199881431 0.06503549636667535
0 0.804814644067563 0.6529073415681937 0.09861086017689402 0.10988983534359384
0 0.06873386768631753 0.8887312724170832 0.046247341249011906 0.05409547843833344
0 0.7010744279608943 0.8389916183536797 0.04589288232014184 0.05253070546388443
0 0.36668007489129295 0.5580397443973261 0.06954381714545281 0.07331598414923182
0 0.5328488752820242 0.8444636344055898 0.058950359666243554 0.06509223907659703
0 0.5165750596998798 0.6214813825057286 0.052481291081582525 0.05414329255305574
0 0.013993991223639849 0.7728900265011458 0.027987982447279697 0.06682967645785602
0 0.10381485257852512 0.5190188376715623 0.07115582289316466 0.07306165596486114
0 0.7208637379116363 0.16455662243774244 0.08192290894559413 0.09062857939521277
0 0.003090143252652341 0.5775606491263193 0.006180286505304682 0.09386040919430556
0 0.6373862900158095 0.833469623387673 0.06857652858576344 0.07630923328249999
0 0.6456896378614638 0.4278021580569439 0.13529602039844804 0.160260575132639
0 0.15283163835253996 0.20657338905833317 0.06275374521220405 0.06041391262569018
0 0.32778020434213967 0.6289886772429858 0.07649845648926643 0.08544362459611995
0 0.1823826708562637 0.6518293780404164 0.06737412127398379 0.06840135000694883
0 0.7919910873871119 0.5699318406182632 0.05664955196449206 0.060563683985416714
0 0.8672736070711821 0.353379467043159 0.058791213237373796 0.06353201205104604
0 0.6248452530194287 0.535687393239305 0.05285180017788207 0.055805721777504404
0 0.07047450081491062 0.404612151976111 0.060948924677684334 0.06659799636667536
0 0.32359439415118374 0.22828146884611078 0.06881728109720431 0.07777407703249999
0 0.015188361971294546 0.8839723436554859 0.03037672394258909 0.05407055737069442
0 0.05106654549061879 0.23384636350711796 0.05835921396220407 0.060311628775494876
0 0.4319370767719766 0.06154660410472186 0.0494378971641531 0.053975174095143255
0 0.49103636597287553 0.5022235426499648 0.0967180828879954 0.10488436387465719
0 0.24147918425061404 0.6426712771667358 0.07215364376463355 0.07794901441375864
0 0.6089515347918627 0.1399222579806939 0.0640083687625431 0.06686377107458771
0 0.7472765975947919 0.8846119364579508 0.08029485303045299 0.09078525132958362
0 0.38352340786936867 0.8580566217721524 0.049290735166441293 0.054263596896245755
0 0.45724109669626056 0.9209365218484022 0.06246962484720431 0.07762633369332902
0 0.5660231931523073 0.7752044881290618 0.07028212484720413 0.077808171649232
0 0.5228501480691439 0.7443006334556592 0.04425284197384229 0.050838727571601613
0 0.12327128242010295 0.8789010243169443 0.06944459287237378 0.080999006256949
0 0.6863922338264346 0.516354858570034 0.0668508164206223 0.076463632242422
0 0.05532314276157624 0.496799651976111 0.07099261072802343 0.07325242251596364
0 0.7255739954237221 0.566808147039027 0.062024285895452815 0.07314096511667537
0 0.4513108039848568 0.16149139950756902 0.048842685723842295 0.050945557370694505
0 0.21884184237084509 0.2027022002287498 0.08921502736073546 0.09060373997887164
0 0.025680038529613508 0.9326092121965971 0.051360077059227016 0.06515580070986537
0 0.34822173431751074 0.2915256980445483 0.06698463874175217 0.07491022414021709
0 0.32386821904247676 0.7948494133752774 0.06922395626463365 0.07788082518029515
0 0.8210525293170534 0.7482555559489923 0.08935926608994471 0.09858427678548623
0 0.1980453034101599 0.83591278410059 0.06295947412028324 0.069952403483407
0 0.47568411727886223 0.6761331681249301 0.06540608857432292 0.0747762002990365
0 0.40041369683005384 0.22493695687826348 0.08779676608994454 0.09854790919430556
0 0.5658463172955864 0.586869339952673 0.0727287393012439 0.08263196846486114
0 0.5569991690592009 0.7022579506099994 0.04524952037754275 0.04920811998943577
0 0.38944026649739993 0.09755749249746495 0.0538846446527125 0.05261943311868493
0 0.05986566415908852 0.6585723001524999 0.045171980031243474 0.047552509688333446
0 0.803911801613097 0.8809589531754506 0.05036745162963356 0.060222901120694415
0 0.3604443212971673 0.6764806198722912 0.06392676267997252 0.06695915435013902
0 0.2453169780277908 0.5009383720564928 0.0663573269665827 0.07168529491576833
0 0.025718488003713118 0.3613726046734027 0.051436976007426236 0.17432510315319458
0 0.5058435570042855 0.7104529635277773 0.04571768572384229 0.050872822188333444
0 0.41269963336880683 0.5810947314795482 0.0471370894624016 0.049446619003962765
0 0.11820601592270304 0.7723971043890623 0.058098345547062814 0.06050012235214837
0 0.48972045532429187 0.1598191435236454 0.047280185723842294 0.05090918977951393
0 0.8024441034770564 0.4731841271873951 0.05444369002189333 0.057204730919787394
0 0.7573958436768319 0.36371951463020763 0.056844864464492065 0.0605682299343143
0 0.6725008743834927 0.8707871322213883 0.045815341973842294 0.050875095162782456
0 0.016328025399093234 0.5165133931423957 0.03265605079818647 0.04771145459715278
0 0.9257281137683574 0.3481276161694783 0.035709740189322756 0.056865976075620675
0 0.011236955152538504 0.7131338200041318 0.02247391030507701 0.07022045116576833
0 0.7696007798081295 0.5167529424418743 0.06537398823946425 0.07458088779903652
0 0.23977511009061098 0.9182154846136802 0.07622424839754327 0.08436713287167094
0 0.4024549454404463 0.48716354673402734 0.07229674002607425 0.07941158518930998
0 0.41714923881016774 0.14205172169590238 0.056981184498814307 0.06494912333762155
0 0.8322366186684697 0.40556021609322845 0.07073424002607424 0.07937521759812931
0 0.4636841048666641 0.21879475323104125 0.06871962484720413 0.07777180405805124
0 0.5142245008149107 0.3942837560808329 0.07583768913381447 0.08260704739722229
0 0.4358654556481264 0.8000252630146869 0.059064066083672984 0.06519216830104604
0 0.6016913462888052 0.7144481728745827 0.0577583687625431 0.06671830070986537
0 0.0932693654817994 0.7441818386214929 0.05560629108158253 0.054216027735416714
0 0.6593286726533265 0.5815804682774299 0.0485042769624016 0.04947844064624576
0 0.4330212731109543 0.528478224545694 0.04910219889355982 0.05134072831959209
0 0.39220048913400224 0.7815850407501037 0.06123939571449224 0.060670513784509696
0 0.9209213521710697 0.29687424069451307 0.06471322088401195 0.07174431060013893
0 0.4460200034268841 0.7429758292190967 0.04864737322384229 0.050941011421796925
0 0.5925497628196534 0.6469522015599299 0.07585373930124391 0.0827047036472223
0 0.5742940151077924 0.3555290741851036 0.07942814398926643 0.08551181382958344
0 0.5730892998996551 0.509652876521805 0.07884898271638505 0.0825798533551346
0 0.3664307097333281 0.45064547169590236 0.056519795379633475 0.06036609851096806
0 0.23949492126371902 0.8536263077519441 0.048728979306413046 0.050845628146245755
0 0.6859985187019181 0.23463338630545078 0.05610384627189333 0.057243371485416715
0 0.21577848970869917 0.11716474373173591 0.07941480431268459 0.08424682852848098
0 0.022945872350444152 0.16700500883371525 0.045891744700888304 0.06852165435013893
0 0.7885419020707248 0.8229470846343394 0.049597043593023214 0.05553540112069442
0 0.3635323173792072 0.1557518522048608 0.07456972590689351 0.0748922036472223
0 0.07939243613129768 0.1514696213909027 0.09942870180333438 0.09414907694930127
0 0.6404279587511759 0.9096684474758675 0.05874170748966172 0.06382270782659702
0 0.8384135007312897 0.8225645717165616 0.062293577140283676 0.10437497264423641
0 0.5737415199242839 0.846624893239305 0.03993585107014184 0.05239205402250846
0 0.6430622945920874 0.24964144367614524 0.05143239643932276 0.05723192496187508
0 0.1031460552908435 0.3431473219039929 0.0653755562625431 0.06689559271687066
0 0.6521707235351337 0.6393384168906591 0.056452671441413214 0.06824443311868507
0 0.138634373077506 0.7096607150463887 0.06004469431994419 0.06346390446888037
0 0.6553996651412406 0.17931075988055498 0.04497666753124356 0.04754796373943582
0 0.5286003441679079 0.13634462272208286 0.05291735609302321 0.05561268225195315
0 0.0859825700748014 0.0734900917556249 0.08056292322802341 0.0734751740119445
0 0.5138016642427093 0.2121804241088537 0.04418728605870115 0.05103176709715278
0 0.20004381280292932 0.7432531586256247 0.10786901771330645 0.12537870183055996
0 0.5523465258065485 0.43697909593659673 0.07577213321867333 0.08280008692277345
0 0.11035480978350057 0.19510986540697906 0.05196768572384238 0.05101829255305561
0 0.8952861543588637 0.5286145499650686 0.039408267702853904 0.06930696039125017
0 0.5629153990512961 0.27796777184840227 0.07206005325090477 0.0761957478626563
0 0.8281945298081295 0.5153891577726034 0.036780318758362185 0.04443871125798182
0 0.2505197856067733 0.5545173137358678 0.036445975733192526 0.041220600956879495
0 0.8886367039346844 0.41280836521954783 0.07707783053980322 0.08127395451395394
0 0.5554321910314101 0.19564623432933978 0.07530239984929477 0.08882067980604172
0 0.17309333297807566 0.29638011825677063 0.09400903199573563 0.10793435571784729
0 0.4899475079195411 0.5940837343293397 0.04665287394867281 0.0476842605550651
0 0.8508331289597706 0.28294033368440896 0.09759127679915344 0.0723149904893794
0 0.059052516904855225 0.30837358482177074 0.0664362225583059 0.0727572406913195
0 0.020960033176007444 0.45966398109829854 0.04192006635201489 0.06509451205104604
0 0.13119453291117905 0.6460164423449651 0.046750530198672854 0.04768653352951393
0 0.7617700003238346 0.621222236894791 0.056890304475932754 0.062028527735416714
0 0.15265690966643147 0.8042822308139581 0.05647028963192158 0.060656794286519045
0 0.34288479009943035 0.40449782351951347 0.07102471106288225 0.07344773501596365
0 0.23327126690485525 0.30431859840513864 0.05660140146220414 0.060270715235416716
0 0.3877995418964931 0.344304552717951 0.08722323857641338 0.08617966006103739
0 0.28322449460881155 0.17085148176388862 0.06632679465480304 0.06380468733360245
0 0.8541058833688069 0.5708208869710409 0.06471322088401195 0.07174431060013901
0 0.41883547843524616 0.700025916225069 0.08255792663799558 0.10455478257958344
0 0.8873794811308404 0.6003986309871172 0.030038901462204136 0.05965246618534721
0 0.28535588336880685 0.5840586901607636 0.06043125358367298 0.06522398994332904
0 0.3966802896083542 0.6359458856398608 0.04253119554497235 0.04924213295486979
0 0.6225191538677877 0.767663438642152 0.06928544644350368 0.07943877923139767
0 0.6221071592589762 0.5902294228745827 0.038342818758362006 0.04447507884916231
0 0.49202128242010296 0.8703182727983328 0.039047670879831034 0.049355618374713826
0 0.4827821212804432 0.7607984556439925 0.04518239643932276 0.05708645459715278
0 0.5737519169383035 0.12206326396461756 0.046167090411864994 0.05360719718833336
0 0.13000872582327272 0.3596438376715623 0.03565545179288181 0.038186438283532985
0 0.26942560617265077 0.3968684678961803 0.059840107879633474 0.06044337964222653
0 0.6947217436266593 0.6266741095199646 0.04832344660675218 0.05725684602951393
0 0.8573558802657573 0.45634081288284645 0.054308299677684246 0.06644343410415807
0 0.8712808391841748 0.5089384828107284 0.050339629808701145 0.05117496448742624
0 0.43915944903457194 0.36801350323104126 0.0601905010722323 0.06375914619332904
0 0.16635311376835737 0.36580226548322897 0.04908343823528307 0.052410401120694415
0 0.6972024060723058 0.9099035303977772 0.04932419074672367 0.053875244870694415
0 0.8045059624289224 0.3517273544859715 0.0575630562625431 0.06671375476096789
0 0.3643631154817994 0.7378720615516663 0.053072436785622124 0.05892390285415807
0 0.4324683329780757 0.2903430981207982 0.05830970821449224 0.06060232455104604