0 0.1625693664352525 0.5828785040571898 0.061892991230485396 0.07593703363392859
0 0.5829811363903363 0.11727246387585266 0.0604827111828163 0.07747396469116259
0 0.1808481735989794 0.30568475852141663 0.060170210354888544 0.07131991634497811
0 0.3183877689828397 0.9561365462638264 0.062411035252600125 0.08238745992248156
0 0.7315128285936373 0.5201089119266881 0.06688834136654283 0.07924491969314822
0 0.25223701244423574 0.679032529624735 0.05218254809323426 0.06337275324641087
0 0.21443442288118925 0.7542001249983523 0.058666924749089765 0.07578312570984344
0 0.7195187377646464 0.8411890251572128 0.052400802902557685 0.06962275324641069
0 0.38746020591348096 0.8361746481302657 0.05229167549789597 0.06649775324641069
0 0.13199397823081757 0.5182432597392326 0.058657623365349035 0.06992715990221221
0 0.48257924375509625 0.9105354943146619 0.06818081492586607 0.08551367025117677
0 0.6894915089008566 0.44745661606660325 0.08855005253875667 0.11544102404568726
0 0.4343847912153582 0.9655097719140973 0.06986112141421189 0.06898045617180557
0 0.2977355070019401 0.8088115328711458 0.06054533580841319 0.08206210384497829
0 0.15813984909687534 0.2396233818982112 0.06068143391421197 0.07757503013353136
0 0.6737152637949981 0.11572932913497239 0.07321584737819702 0.08716310465658088
0 0.7335713803150685 0.3716168648487873 0.0540098056816225 0.06818688763154564
0 0.7717335461094997 0.6443237077867727 0.05253814146883116 0.06796600618877964
0 0.1177628418404812 0.41089836404130375 0.11218906734113018 0.130005169591389
0 0.34126476299238984 0.8830536022701809 0.05532242947929156 0.06664825197812725
0 0.5822767204262693 0.4956156521874554 0.11589132575744614 0.14100062586165868
0 0.6300817925661206 0.4026429480475401 0.06507255493281612 0.07755408071182916
0 0.6957042371316742 0.9635043559203336 0.05058036577696079 0.0650039313612762
0 0.10509165001569845 0.8632966611192044 0.08642858573989387 0.10779144921818365
0 0.5069518274125109 0.4364531120094135 0.06195437539560764 0.07769484613392841
0 0.38410453822013335 0.9322683981302656 0.06367374603980887 0.08221430717287888
0 0.596884824332468 0.7264798685022352 0.12487043604479667 0.18292875476785717
0 0.26314235154394605 0.0757302516215578 0.0391982952350479 0.049287377434808155
0 0.2599552540067152 0.7714109443973874 0.04086310217691817 0.05224433847375849
0 0.6893252954765275 0.7656162808392557 0.08485926527710248 0.10756886317923335
0 0.2609547919331484 0.5189308267026357 0.07827723237124706 0.0951567861196164
0 0.21787442532825993 0.5885342146899268 0.053754349476974994 0.0692559925929924
0 0.7970931885751039 0.5001470137931271 0.058948422344428056 0.07266494409458098
0 0.7502181223408841 0.9847091263291029 0.06705171718386822 0.03058174734179424
0 0.7957564109851077 0.2921845093289003 0.08014882296777906 0.10124045175475108
0 0.28653760137431006 0.7265348210205929 0.06038040424094593 0.07454427719116268
0 0.243519232955323 0.8391342325468344 0.06376117159562175 0.08192304301906325
0 0.7550247065464533 0.7198594959362197 0.06855996877120454 0.08239719323209868
0 0.3458779512737936 0.19130643303330166 0.057037149431622504 0.06823973011326187
0 0.724660138667771 0.6044157280793122 0.07184865987819719 0.08713924030999927
0 0.3275371128070554 0.6717479094943514 0.06199746794327669 0.07613405073011278
0 0.7813292901190498 0.5710089387120492 0.0634077479909461 0.07459711967287888
0 0.49174594574667996 0.6480354943146619 0.06161025317467246 0.07622488859537527
0 0.5622320936545797 0.3756616623337251 0.07240762667705987 0.0947615415985525
0 0.21746274147766148 0.4212376205341255 0.07984779329451311 0.09820969881238231
0 0.701564956083117 0.19126116314450398 0.04879279050484584 0.058531345322325824
0 0.5106199090013731 0.9756319347587812 0.056702946754846016 0.048736130482437544
0 0.5940326097270126 0.9590552299087136 0.0891499379747291 0.08188954018257277
0 0.7097047720628826 0.6745100397677094 0.04875310818857255 0.06018979697614135
0 0.6404686771423584 0.5529156834370434 0.0455735444862416 0.058572749898240774
0 0.6805108677011968 0.3464571777550006 0.07160219390726183 0.0856709873676305
0 0.3252727522774347 0.4903479050301245 0.061617073637463805 0.07642020109537526
0 0.7996750738691318 0.20235439609837544 0.05515191790950773 0.06176543947812716
0 0.3749626951137078 0.7687280495102373 0.06216580974213972 0.08374953363392859
0 0.49571913921592525 0.8028866355483639 0.08517176610503033 0.11372291152541791
0 0.12739579138499427 0.3141324581971051 0.05066655087229908 0.061882340553644964
0 0.6250892800370669 0.053124189119086326 0.07481802969447049 0.08553192654171564
0 0.7360316259690813 0.905578807624617 0.055039691423478664 0.06693610693957411
0 0.4438417030030742 0.47521955722087517 0.06533390228980877 0.08224328530801372
0 0.40846477522774344 0.055596803974464246 0.0860001370445131 0.09831708837199922
0 0.27880940301092333 0.9030700474816424 0.06356802886654282 0.07918696342287887
0 0.4557241109929569 0.7169803632272295 0.060587187895607644 0.07767098178734706
0 0.6183258701482676 0.17964577881066082 0.06878969473518967 0.0917704886359143
0 0.5574776501853345 0.2207968843305479 0.06387587900260012 0.08241302886524764
0 0.4437548459320144 0.8582638823019529 0.049339045688572544 0.060200024553248
0 0.28802326733837713 0.34820526947846525 0.10403771397248338 0.11737050649282174
0 0.291066388667771 0.5968473210205929 0.060587187895607644 0.07767098178734706
0 0.7997494518219478 0.40169587702365195 0.08373668512714509 0.12013924589028288
0 0.6627727853945444 0.24999523497917103 0.08324902203756288 0.10617440214028298
0 0.16718491144844383 0.8088779423687924 0.04566313981297565 0.055548815340609535
0 0.2132390660645836 0.1616307954530476 0.10448104405392158 0.13006581899282174
0 0.5247346159719164 0.06153493262626457 0.09392176444917481 0.10157845606675094
0 0.3970138322218343 0.4282803275134146 0.06700893992586625 0.08549321509696384
0 0.23707328159671137 0.9764006331160271 0.043988102176918176 0.04719873376794581
0 0.40234613984889744 0.6785257893639676 0.06695778645493107 0.08402837134696384
0 0.6535093026481036 0.918209446829724 0.05541667549789579 0.06655230032431163
0 0.7797568333181427 0.839895306406801 0.06884084820612486 0.0932353323859143
0 0.34243048122604247 0.5586575742670037 0.05704862058628422 0.07136302551707736
0 0.19348949502104057 0.6600273851446221 0.07014200084913225 0.08857340132868022
0 0.8068303533580445 0.04222541963732577 0.061241637033910834 0.05728468988392852
0 0.4194369584453697 0.3458087467502938 0.05867374521188111 0.07597843820984344
0 0.4048759175237116 0.5613110158250173 0.0705090653793908 0.0962899496748646
0 0.7522370455613455 0.4415163076246169 0.035816598569925695 0.04747160866453868
0 0.34848214001853345 0.027189385955400984 0.05772321996293313 0.043169347402212246
0 0.5940822612631094 0.6052633875769587 0.06694290506887376 0.08080741969314839
0 0.39124252577589763 0.257763275971287 0.07535560579451302 0.09813128738790003
0 0.43112092587641404 0.7947235336819248 0.04911211179556503 0.0648807061685103
0 0.2068204296742472 0.05442226744987039 0.06068143391421188 0.07757503013353137
0 0.10879451417351624 0.9571909370937867 0.07180556733052793 0.08561812581242663
0 0.23140373430608535 0.26826262499835235 0.07180091663865759 0.08577205280999936
0 0.6849726452911931 0.5544742292971282 0.037585882224587405 0.05062558679967353
0 0.12327370954167804 0.7455733729697575 0.10273315109808023 0.12193478130005583
0 0.7647122860275167 0.12904358116356726 0.07899182935383653 0.10444094825435393
0 0.6572990238769811 0.6306003526739227 0.0770306434305704 0.10138121717685031
0 0.33327871443581947 0.41778711241645067 0.06360306049094593 0.07460052886524764
0 0.12902769093735655 0.6479580332781829 0.06826358978980882 0.08229442319354555
0 0.5806645688901725 0.8551815669601076 0.0699817199735353 0.08398355757868003
0 0.4946502679713493 0.2290809427725343 0.07171008085144895 0.08596566071381498
0 0.2988739765015371 0.23895300040374182 0.06382131530026935 0.08085052886524764
0 0.8308729993670279 0.1372339565689567 0.0651804418770034 0.07784875405801359
0 0.37750737487277297 0.4943865685849609 0.03757782130132137 0.04759994764585791
0 0.4542732607149552 0.4003559249156268 0.05718378938163671 0.07243894886326192
0 0.5445162816815294 0.6591190446389734 0.05578374002815458 0.07426884867049602
0 0.5043030317663474 0.3332190178536122 0.07817616588985139 0.09505742527343193
0 0.3374354794967619 0.27636722564697547 0.04549944870598299 0.05086131534060954
0 0.15157985816736802 0.024534170047658146 0.08434028366526398 0.04519549756436802
0 0.5330728393934104 0.5838735827884204 0.06225881530026935 0.08082325532629735
0 0.2970237890227415 0.15762117978689077 0.0639270324735353 0.08387787261524764
0 0.1484250871159758 0.09248928327818298 0.07806703848518963 0.09193242527343193
0 0.523224091122691 0.8659048327884203 0.04583830207463002 0.06335961074442516
0 0.415002462706539 0.13701044520816627 0.05876334053861498 0.0729545036522122
0 0.2816939441022175 0.03696776055001154 0.07401445554556503 0.06531537819553125
0 0.35372022232518585 0.12343314041962786 0.06846231252120454 0.08239548863591431
0 0.18512389039705157 0.8772012483751469 0.04591301601530651 0.0571147245329783
0 0.3781521493827263 0.9869756688298421 0.051145837748947987 0.026048662340315686
0 0.5422171385829531 0.9264292755642499 0.0508848056816225 0.06813234055364496
0 0.45947420372086434 0.027563307220875122 0.05605159255827132 0.0400170738632619
0 0.4794493315888621 0.5524502589251584 0.06535219390726184 0.08556189321182917
0 0.3314954373091595 0.7374820036501527 0.03435392459084667 0.04471336931795715
0 0.1843749337657804 0.4957057865245938 0.055413265266500256 0.06645464407431163
0 0.7290872661572507 0.27616799715403567 0.06215774881887377 0.08072389448011297
0 0.4481968423886354 0.6191331984545771 0.05083365221068732 0.06666749680364496
0 0.6941169444807356 0.8970299220729577 0.04562469795717696 0.060037593648240774
0 0.6598287353175757 0.9996006002538941 0.04877635336864685 0.0007987994922117991
0 0.3597891399337154 0.3525848522701809 0.058904089336284216 0.07139541284458098
0 0.5234200424813026 0.7259792621715693 0.04249163703391083 0.0569574074165244
0 0.4481398557202973 0.19543659983454895 0.05531901924789597 0.06655059572812716
0 0.3079637782229684 0.09058368425111765 0.04868366310018431 0.0554063453223258
0 0.7486482872086431 0.20849925608248937 0.04082000962924912 0.05380513387757411
0 0.4554290552648103 0.09862978368192479 0.04762711780721922 0.07266252343719107
0 0.7159498930137584 0.07034469114768123 0.0567689816118385 0.0633552130170775
0 0.6146502547245054 0.32967305234961114 0.06984314094678723 0.08280997798249583
0 0.768559027041842 0.018887331163567268 0.031436633416316084 0.01147956158663801
0 0.557901746919957 0.2981951814084486 0.04670635533038627 0.04629533593719106
0 0.45084321506879166 0.29710819399035027 0.05511564582463002 0.06352154738194278
0 0.717777777041842 0.01800094114768122 0.03622178966631608 0.011563086799673421
0 0.6817037353175757 0.9999364738206633 0.03792286869306416 0.00012705235867329633