0 0.22421875 0.740625 0.10703125 0.13984375
0 0.19453125 0.35234375 0.06171875 0.084375
0 0.20078125 0.23828125 0.0578125 0.0765625
0 0.59921875 0.48515625 0.1 0.1296875
0 0.74140625 0.01953125 0.0453125 0.0390625
0 0.6671875 0.9640625 0.0640625 0.071875
0 0.31484375 0.8078125 0.0625 0.0890625
0 0.178125 0.16640625 0.0484375 0.06640625
0 0.3109375 0.196875 0.04140625 0.05234375
0 0.646875 0.71484375 0.06875 0.09375
0 0.19453125 0.90703125 0.05703125 0.07265625
0 0.4140625 0.6 0.0859375 0.1046875
0 0.25 0.1515625 0.08046875 0.10234375
0 0.51796875 0.10703125 0.06484375 0.09140625
0 0.65234375 0.121875 0.07734375 0.09765625
0 0.36171875 0.75703125 0.05546875 0.06953125
0 0.26171875 0.39921875 0.0578125 0.078125
0 0.5875 0.16328125 0.06328125 0.0859375
0 0.84375 0.24453125 0.10546875 0.12109375
0 0.3234375 0.6375 0.04609375 0.06328125
0 0.2796875 0.059375 0.071875 0.0890625
0 0.459375 0.4265625 0.06953125 0.0890625
0 0.759375 0.42578125 0.06875 0.08984375
0 0.79140625 0.68125 0.08046875 0.10234375
0 0.64296875 0.0296875 0.0625 0.059375
0 0.7765625 0.9328125 0.0546875 0.0734375
0 0.303125 0.9296875 0.1015625 0.1265625
0 0.42734375 0.97421875 0.0640625 0.0515625
0 0.22890625 0.475 0.05703125 0.07578125
0 0.25078125 0.85546875 0.06875 0.09296875
0 0.44296875 0.50078125 0.0484375 0.06328125
0 0.42734375 0.340625 0.084375 0.10625
0 0.46953125 0.55625 0.05390625 0.0703125
0 0.2125 0.6359375 0.05859375 0.078125
0 0.71953125 0.33046875 0.0890625 0.121875
0 0.63984375 0.3515625 0.07890625 0.10390625
0 0.32109375 0.278125 0.06875 0.0875
0 0.79609375 0.13984375 0.08515625 0.10078125
0 0.64609375 0.5828125 0.0734375 0.0984375
0 0.41328125 0.81484375 0.07265625 0.0984375
0 0.4828125 0.0375 0.07578125 0.075
0 0.4421875 0.909375 0.05703125 0.078125
0 0.54140625 0.58828125 0.090625 0.121875
0 0.253125 0.3140625 0.0828125 0.10234375
0 0.81171875 0.3546875 0.07421875 0.09921875
0 0.83515625 0.85078125 0.078125 0.09296875
0 0.57421875 0.31796875 0.0671875 0.0859375
0 0.60390625 0.653125 0.059375 0.078125
0 0.69140625 0.79921875 0.08671875 0.11484375
0 0.1390625 0.121875 0.06015625 0.084375
0 0.153125 0.44921875 0.0859375 0.13671875
0 0.34375 0.490625 0.04921875 0.06640625
0 0.3359375 0.14296875 0.06796875 0.0890625
0 0.6984375 0.65234375 0.071875 0.08984375
0 0.53828125 0.97890625 0.0609375 0.0421875
0 0.26953125 0.63671875 0.0375 0.0515625
0 0.49453125 0.19609375 0.06796875 0.08828125
0 0.1328125 0.328125 0.05546875 0.075
0 0.58046875 0.075 0.065625 0.0890625
0 0.40625 0.16953125 0.08671875 0.10625
0 0.32578125 0.37734375 0.07734375 0.0984375
0 0.296875 0.4546875 0.0421875 0.053125
0 0.86640625 0.1265625 0.05234375 0.07734375
0 0.3125 0.71796875 0.065625 0.08671875
0 0.36953125 0.67578125 0.06953125 0.08671875
0 0.21328125 0.5640625 0.0390625 0.053125
0 0.1515625 0.5703125 0.084375 0.1078125
0 0.83515625 0.5328125 0.0625 0.0765625
0 0.365625 0.05546875 0.146875 0.1109375
0 0.19921875 0.015625 0.05703125 0.03125
0 0.703125 0.22578125 0.071875 0.09609375
0 0.5234375 0.778125 0.075 0.08203125
0 0.20390625 0.08203125 0.07421875 0.090625
0 0.63515625 0.24296875 0.06875 0.09375
0 0.49140625 0.49609375 0.04140625 0.0546875
0 0.590625 0.93359375 0.07109375 0.09765625
0 0.71953125 0.903125 0.06953125 0.09375
0 0.5578125 0.01953125 0.07109375 0.03828125
0 0.240625 0.98359375 0.07265625 0.0328125
0 0.734375 0.978125 0.08125 0.0421875
0 0.3578125 0.98046875 0.0625 0.0390625
0 0.8296875 0.60625 0.0453125 0.0578125
0 0.559375 0.23203125 0.0515625 0.06796875
0 0.465625 0.74921875 0.05390625 0.06875
0 0.53125 0.8953125 0.0765625 0.103125
0 0.66796875 0.43359375 0.05859375 0.07734375
0 0.7421875 0.6 0.05546875 0.06875
0 0.1671875 0.84375 0.05703125 0.0765625
0 0.44765625 0.2546875 0.06953125 0.08515625
0 0.2875 0.55234375 0.08671875 0.14453125
0 0.83515625 0.76484375 0.05234375 0.06875
0 0.39375 0.4734375 0.0578125 0.07421875
0 0.6515625 0.88125 0.06796875 0.09140625
0 0.35390625 0.21640625 0.046875 0.05859375
0 0.50859375 0.37109375 0.05859375 0.07734375
0 0.14453125 0.9796875 0.09375 0.0390625
0 0.3828125 0.91015625 0.0609375 0.07890625
0 0.571875 0.39375 0.04609375 0.0671875
0 0.4859375 0.965625 0.05625 0.0640625
0 0.7515625 0.0625 0.046875 0.0546875
0 0.353125 0.8578125 0.04375 0.0515625
0 0.134375 0.03203125 0.06875 0.0640625
0 0.86171875 0.6890625 0.06484375 0.078125
0 0.51484375 0.290625 0.06875 0.08671875
0 0.66953125 0.5046875 0.0453125 0.0578125
0 0.84453125 0.94921875 0.08203125 0.1015625
0 0.7671875 0.25 0.0546875 0.07265625
0 0.81640625 0.07421875 0.0390625 0.04375
0 0.72890625 0.71796875 0.05078125 0.06328125
0 0.6984375 0.04921875 0.05546875 0.0671875
0 0.79375 0.49375 0.03984375 0.04921875
0 0.72578125 0.1203125 0.06171875 0.0796875
0 0.76640625 0.81875 0.0609375 0.084375
0 0.146875 0.90078125 0.046875 0.065625
0 0.1515625 0.6734375 0.07578125 0.10078125
0 0.52578125 0.45546875 0.04375 0.06484375
0 0.47265625 0.6484375 0.05078125 0.0765625
0 0.58203125 0.75625 0.065625 0.08828125
0 0.43203125 0.690625 0.0609375 0.07578125
0 0.85703125 0.04765625 0.04921875 0.06875
0 0.80078125 0.98984375 0.0359375 0.01953125
0 0.875 0.32890625 0.034375 0.05078125
0 0.38125 0.25390625 0.05234375 0.06796875
0 0.784375 0.76171875 0.034375 0.05
0 0.7828125 0.0421875 0.03828125 0.04765625
0 0.35546875 0.5671875 0.05703125 0.0734375
0 0.73515625 0.5078125 0.06640625 0.09140625
0 0.81875 0.0203125 0.03984375 0.040625
0 0.4765625 0.8515625 0.04609375 0.06796875
0 0.584375 0.846875 0.04296875 0.0375