0 0.3801852575933739 0.5871428587630027 0.08940575309241812 0.09349322067724763
0 0.13652248602618194 0.4042722629856435 0.05998212516929149 0.06512715655404211
0 0.483060139918866 0.2591229987788887 0.11814244193810915 0.1359683031649211
0 0.7913654420009557 0.6867623981269704 0.11329603620501807 0.11582213752978632
0 0.10450098281789133 0.4679529334403387 0.06759718569081938 0.07139541284458098
0 0.2796972467917094 0.06912174147528807 0.061987413357298585 0.06672033928536121
0 0.28588909450317074 0.18830811809849352 0.08926047680195319 0.10118420008066598
0 0.8520358084986711 0.30865103489644546 0.07596134340238266 0.08546764615419802
0 0.2635511897196444 0.964330196122867 0.07148584148184689 0.07133960775426615
0 0.42585938856453404 0.7736082386326191 0.11822463095760867 0.13587235151110555
0 0.7018008858197331 0.9554754419584601 0.06194101166579724 0.06642737053536116
0 0.49846690460598697 0.4536775681779238 0.08244426048939779 0.08889193902144613
0 0.7823666110442505 0.8425038835164738 0.07535326854586817 0.08224328530801372
0 0.5419818176961902 0.8516259188265469 0.06807666983633318 0.07442275659458097
0 0.5378085984247644 0.7246406789728166 0.07948363852839684 0.0886454886359143
0 0.7310030170045694 0.7711004419584601 0.08721394950889731 0.08887780798448155
0 0.16512558580527822 0.6045410442352316 0.08721394950889735 0.08887780798448155
0 0.6341402415519208 0.912773698858319 0.09916590578651033 0.11391992862160194
0 0.7487629500216822 0.5254197491826306 0.06006340555928276 0.06318084993877963
0 0.15676923623985822 0.03407281128136019 0.06927402752028353 0.06353639448011292
0 0.8279115559675464 0.1147277110331836 0.07412165160233855 0.07569690736564479
0 0.5488939569017531 0.5062628258885615 0.09496427086744035 0.09845955839028306
0 0.8414647307502563 0.4001254687438213 0.07690030131536787 0.08217290259696401
0 0.4071964527664832 0.34240705722087517 0.0956081330519531 0.10129499883265174
0 0.6542801055185116 0.34045263960555366 0.10860762757550937 0.11388996195148851
0 0.2346859119495476 0.5462160754848198 0.08555379325889731 0.08884882984934687
0 0.7851128000144548 0.35527089041633253 0.05599490449875546 0.057169271610879056
0 0.2156400307647112 0.7307683534879968 0.06683503743935351 0.07888085217089298
0 0.15963470023535856 0.1445836172877146 0.07709652244487612 0.08402666675077955
0 0.41738706288375427 0.9458105211000231 0.06835507998534104 0.07618056909458097
0 0.7596348644662174 0.40731463148787883 0.06737093872981852 0.07119669115221221
0 0.5166804883074932 0.12104630032101626 0.09143105165846777 0.1044358344658007
0 0.7333294227150751 0.21727028408566657 0.05917206768676273 0.05878290949641087
0 0.730100506916208 0.8509924935005877 0.05929095266376887 0.060148392400226666
0 0.4624781928917979 0.05272694845457716 0.15473111421640412 0.0915171185055306
0 0.6867288252534272 0.5807424488583189 0.10515387149751128 0.1142192214888503
0 0.7545764793959244 0.9140925113574951 0.06771607066782562 0.07276089574839659
0 0.6555706807358016 0.05531398051494415 0.09198363852839683 0.088863676947517
0 0.5761210738629581 0.24037872726853324 0.05312314168326839 0.059943346590609535
0 0.6149653385500791 0.43534239975182343 0.08005623577636847 0.08242276217486459
0 0.5448834626411683 0.6354554480475401 0.08960106559241829 0.0934966298696164
0 0.3732070401397697 0.057435993503882954 0.07630647534038974 0.0870318507503824
0 0.14769771492247963 0.3386608997551187 0.05652655183227644 0.061755706168510206
0 0.4962663860334093 0.5813349638758527 0.07003646496234736 0.07757332553734705
0 0.3476398910956586 0.9619259377266929 0.08007746450337479 0.07614812454661432
0 0.8131188534508766 0.2625339654974105 0.07459537425134641 0.07745812905801364
0 0.8781081484030822 0.21823058643857304 0.07693123577636847 0.08236821509696393
0 0.4464968458936397 0.52954459293469 0.09259625653245358 0.10133981260093546
0 0.5927941289035251 0.11532418019063259 0.08905395102839683 0.08881253906198512
0 0.7964870991019304 0.47141408765638904 0.08280395102839684 0.08870344490618365
0 0.8091448686014873 0.5695612613574952 0.09554595441049614 0.11074038154370136
0 0.7503864085275807 0.9818007938281944 0.08004169770423389 0.036398412343611145
0 0.656184578675394 0.1454168291349724 0.06945932456683365 0.07454427719116259
0 0.6956814000072274 0.18292651176453223 0.05940407614426935 0.06024775324641087
0 0.3630848217953231 0.15596895089020912 0.09651584678448195 0.10764095048646735
0 0.6522348786898489 0.4869145823813833 0.07307927594284784 0.07772382426906325
0 0.43972496766728064 0.16670762783772614 0.09226659182494697 0.09987326425475107
0 0.6793726179243214 0.8250379196373258 0.06824195650484058 0.07608120824839659
0 0.5057216738918677 0.9222832922033415 0.04972943726825516 0.05696252120507737
0 0.4127139367250302 0.6637014046230874 0.07745712161338361 0.08568852759696384
0 0.13143453211904313 0.21381485835926087 0.06122375756627112 0.06066906097773002
0 0.8374200406032593 0.17834988027006285 0.05431928101825534 0.05704263722574421
0 0.3129445608161193 0.8632962556787476 0.10981588881356083 0.1252078593743821
0 0.1830360192858807 0.47167399715733094 0.11255815228853869 0.12038641233702041
0 0.03487520031681307 0.8017688258918568 0.06975040063362614 0.11238470216055241
0 0.035623657539080644 0.68286882142763 0.07124731507816129 0.11052219323209869
0 0.6684787321407254 0.7355390430141203 0.0641115865223119 0.06967900492049602
0 0.17233905439953814 0.9861847362002824 0.06769698944814886 0.02763052759943534
0 0.10700977135351568 0.5510381688298421 0.08431003388344567 0.09944222321381488
0 0.3445074578287325 0.7283172836819247 0.0913024609474669 0.1042388173696164
0 0.21489958876375548 0.05780636606989862 0.04869404145423388 0.052269907416524444
0 0.5557527350992026 0.185967916797952 0.06651416983633318 0.07439548305563068
0 0.5994835699775015 0.5627679703686745 0.09107045248996037 0.1027739736196164
0 0.5785522165266249 0.31406168911908633 0.08565144950889732 0.08885053444553126
0 0.10208949796850211 0.7750075028393738 0.1017183085385387 0.12019720216055241
0 0.5952305555401938 0.8517719691508585 0.057366635146297716 0.0664449107646945
0 0.5946313599035948 0.9774051409395994 0.06529347697576178 0.0451897181208011
0 0.38528742111092973 0.24331499228606696 0.09555687849345454 0.10158626298646736
0 0.4998526342155878 0.9781177761748057 0.06491164908024807 0.04376444765038876
0 0.7502791938187773 0.2833725710172975 0.07013412121234737 0.07757503013353136
0 0.6513685495509651 0.2401253571381496 0.08512556367188236 0.08553022194553125
0 0.19583437822635913 0.3661370633099551 0.08617642671640402 0.0903204919840844
0 0.25092480988914 0.6365916594943514 0.08962107597046068 0.10284606092685031
0 0.6992139587195747 0.10621400730030536 0.04923448589224098 0.053837521205077635
0 0.09687301493693448 0.6793404468330194 0.07420353090238274 0.08543696342287888
0 0.052538193141611365 0.5289352978886797 0.06501930025484066 0.07602495657431163
0 0.31498004085307263 0.6525945348997407 0.06835507998534104 0.07618056909458097
0 0.3848511147160308 0.884136635548364 0.07978327740441112 0.09176707944354519
0 0.4403078043995382 0.988557960238008 0.05978683319814877 0.022884079523984014
0 0.7137595140099551 0.46448620332254575 0.08285611421640411 0.09026253571381489
0 0.5342781890063414 0.37596167126217883 0.059832305731284306 0.06356636115022649
0 0.610069021567192 0.1892662406612139 0.0593418975028122 0.06969313595746054
0 0.1870541110442505 0.8321126651763942 0.12489831739708168 0.1300482787634884
0 0.2031106261587242 0.2855728559236289 0.055098404039783055 0.06319157178337545
0 0.34135321745360425 0.5355434025944925 0.08611546642391073 0.09178022194553108
0 0.08087415941842294 0.35002904788867956 0.08629622032291864 0.09353632984934687
0 0.464298408064091 0.8722054257264057 0.08634625653245358 0.10123071844513412
0 0.031290247020164697 0.4572688035707225 0.06258049404032939 0.06508575197812724
0 0.5585403889918866 0.03481847402212239 0.06104422201622679 0.050927300324311565
0 0.44531761974214296 0.41827981046728596 0.08673900851092568 0.09510223904171564
0 0.134365910131726 0.9471376473194868 0.085640525425939 0.09800465300276535
0 0.2774602188079362 0.018944463472110856 0.05455221863412758 0.028999457842595278
0 0.23941487687202717 0.8823814464259823 0.041799270640212605 0.04747501785690744
0 0.5652592346718499 0.9272395734529294 0.06691146496234737 0.07751877845944648
0 0.6326747167764383 0.7983702796214398 0.065921562210319 0.0712687784594463
0 0.7721322224797165 0.07615040624464517 0.08483046794341007 0.0916604059451341
0 0.2711015117286439 0.7466212244291596 0.07855044211191782 0.09320635425077946
0 0.18083797846894512 0.6784558311668626 0.07565290742188227 0.08536487611564478
0 0.4886043864968991 0.6940122418790299 0.07147037425134642 0.0774035819801128
0 0.8304081199558194 0.05444873010790706 0.05332937826622697 0.05079263722574425
0 0.8894361912876526 0.09229933197434617 0.08655916324142617 0.09519648609934683
0 0.4917340135464655 0.34779971509366864 0.057216815708290625 0.06488411536087897
0 0.13181549244276317 0.27571088636243807 0.06426140596031896 0.07123980032431163
0 0.21344198994777558 0.9375501874975285 0.07291853242188236 0.08531714742248156
0 0.06532234247167282 0.9576836351446222 0.05907895458430477 0.06803297970746058
0 0.5802144979685021 0.7833532057581778 0.06896437319081947 0.07141927719116267
0 0.19553585505502186 0.21963421022569998 0.10049761567796738 0.10449670566094955
0 0.7186388151650656 0.6612072447184036 0.07667405435436692 0.08197418090459507
0 0.7826548947313019 0.16799303286785058 0.062451430272311904 0.06965002678536125
0 0.2606174981821784 0.4072217593321955 0.06862378440035437 0.07910684740221222
0 0.608996517431922 0.0278650904990581 0.04763196513615604 0.03511138555165918
0 0.09101619980800595 0.8844915969951753 0.06739094910786103 0.08054612220944649
0 0.34267518233994687 0.017732565338549965 0.0568371353201063 0.024364800324311563
0 0.7230129254598759 0.04003958238138326 0.06657180533024806 0.05569832553734698
0 0.3380995240983166 0.37802122889338635 0.07454411969284776 0.07774939321182925
0 0.5440903165555346 0.9902933579522237 0.04869951376014185 0.01941328409555254
0 0.6307991555329664 0.6816094736150854 0.13574724744216587 0.14874103855442442
0 0.4622723463571294 0.6426309740221224 0.045306098535726314 0.05055520408862364
0 0.6722513332741535 0.4198907236150853 0.060141960060748546 0.05568347843917678
0 0.7222415864824442 0.356523698858319 0.06461320802434027 0.07592048193957393
0 0.029030982381209526 0.9784599579186057 0.05806196476241905 0.04308008416278852
0 0.5181949112723816 0.8089065848170153 0.05081821461924711 0.05522857305165907
0 0.5903195362543131 0.3832071554338663 0.05383979687274145 0.05401529347574421
0 0.3963949151578382 0.48479910876300264 0.06438029093732514 0.07260528322812725
0 0.09361915735078796 0.2695602978886796 0.047827257107298585 0.06647317283862382
0 0.29122204634267457 0.29807858441327345 0.13865023390925177 0.16768464645824005
0 0.37758907639408273 0.43041557183137175 0.059156600456262254 0.05868525324641087
0 0.6803529381154991 0.999343944498014 0.04308428964957045 0.0013121110039719496
0 0.32083421399550033 0.1160609711827486 0.05660419770423388 0.05240797970746054
0 0.7436751603454023 0.5872203197994816 0.056676371270283535 0.06331650157232574
0 0.7823563715599645 0.0214901797835955 0.04466225688007093 0.01636138555165918
0 0.7033265479468198 0.273152091309837 0.05578412476825516 0.0570682061685102
0 0.2288480977114613 0.12307285592362889 0.07222826854586817 0.08218873823011293
0 0.7308521880793621 0.15377084577406386 0.05561974672925611 0.05726010947614144
0 0.3043772449738878 0.4722251964259823 0.11217632439302498 0.11736077318320479
0 0.11513797458348854 0.9971041842650733 0.04669969787804251 0.005791631469853442