0 0.4166690703125 0.9016571421874999 0.41892462343750003 0.8989011281250001 0.414861840625 0.8711647359375 0.414672265625 0.8708697031250001 0.402206440625 0.8590400328125 0.3815260984375 0.8510816203125 0.37407764375 0.8601827343749999 0.3728905796875 0.8654012249999999 0.3744227015625 0.8758609359375 0.38531843125 0.890294171875 0.3942800234375 0.8981844078125001 0.39976738749999996 0.9015588109375001 0.4166690703125 0.9016571421874999
0 0.3725243109375 0.765646396875 0.385737209375 0.7892375578124999 0.40092222031249997 0.8063084484375 0.420798528125 0.82210028125 0.43935619687500005 0.8299753828125 0.46506511250000004 0.8301249531250001 0.4703927140625 0.8276142109375 0.4774581390625 0.8158981687500001 0.48496355468749996 0.7872021421875 0.48490316875 0.7844584578125 0.4820591671875 0.76504261875 0.4815162796875 0.7636677921875 0.46635025468749997 0.740065265625 0.44649293281249997 0.7177417968750001 0.4141318140625 0.6966519296875 0.40593628437499996 0.69399155 0.39812378437499996 0.6939460984375 0.38207778124999997 0.70430354375 0.3699190421875 0.7212153515625 0.3647877546875 0.7394743921875 0.3725243109375 0.765646396875
0 0.2883441046875 0.7361766546874999 0.327713690625 0.7651453921875 0.344816571875 0.7669786281250001 0.3544097984375 0.767034440625 0.36719719375 0.7549243031249999 0.38448721875 0.7197534531249999 0.3967029171875 0.6832467328125 0.39363867343750003 0.6623273109375 0.34337335625 0.6189253375 0.32384210625 0.6188117078125 0.30898316718749996 0.6239506593749999 0.2866567875 0.6447223625 0.274881078125 0.6642490984375 0.27250695 0.674686084375 0.2717029171875 0.682519503125 0.27706534375 0.719128490625 0.2801675609375 0.7269846375 0.2883441046875 0.7361766546874999
0 0.41602478749999994 0.6499569125 0.4262304015625 0.6330337421875 0.4309786578125 0.612159771875 0.4298675390625 0.5912517125 0.4236631046875 0.5755394218750001 0.40924415625000005 0.5636983875 0.3998472515625 0.5612245515625001 0.37920681875 0.56110446875 0.3650883421875 0.56866689375 0.356835853125 0.5856014296875001 0.354461725 0.5960384125 0.3579089984375 0.6195727625 0.36373040156249997 0.632670128125 0.37424310156249996 0.644488434375 0.394916409375 0.654865971875 0.396580184375 0.6548756515624999 0.41250156718750003 0.6525491125 0.41602478749999994 0.6499569125
0 0.464872665625 0.6050793046875 0.4610423609375 0.5789300265625 0.45558500312500005 0.574979228125 0.44777250312500005 0.5749337765625 0.44072606406250003 0.5801181796875 0.43523073281249997 0.58923065625 0.43323963593750003 0.60228256875 0.4371079125 0.615368571875 0.44193380312499997 0.6207938046875 0.4576412703125 0.6208851890625 0.4624985375 0.6155162890625 0.464872665625 0.6050793046875
0 0.4444542078125 0.6848389546875 0.45160034375 0.6636820359375 0.44905841406249997 0.6463284265625 0.43679359843750004 0.6325404 0.429364128125 0.6351098765625001 0.4125140921875 0.653300740625 0.4070187609375 0.6624132171875 0.4116531 0.6807290734375 0.41982964375 0.6899210906250001 0.4259410359375 0.6925145109375 0.42630996093749995 0.6925166578125 0.43740776875 0.6900233578125 0.4444542078125 0.6848389546875
0 0.5442115703125 0.7759445171875 0.563370078125 0.763266653125 0.5767158828125 0.7411363546875 0.5869784546875 0.7046182703125 0.5845995375 0.6763872765625 0.5840249921875 0.6724648859375 0.5812329968750001 0.6653943546875001 0.572673421875 0.653587409375 0.5464569828125 0.6432582609375 0.54374129375 0.6432424625000001 0.52660245625 0.645481278125 0.5058461703125 0.6636494171875 0.4987807453125 0.675365459375 0.49050926875 0.6988316296875 0.48780730937500005 0.7190207843749999 0.49150993749999994 0.7442984171875 0.494646659375 0.7537223843749999 0.5078785453125 0.7707819109375 0.51785764375 0.7757911953125001 0.5442115703125 0.7759445171875
0 0.45167588125 0.5559523234375 0.4646386546875 0.53120709375 0.464846390625 0.5302938578124999 0.46001062968750006 0.49728039687500003 0.44876352812500003 0.4827798 0.4357580421875 0.472446871875 0.4137190765625 0.472318653125 0.40150549687500003 0.47989216093750003 0.3964121828125 0.4850879265625 0.3912998828125 0.49681533125 0.38850475156250003 0.5177006640624999 0.39313909062499997 0.5360165218749999 0.401679678125 0.554355103125 0.4075200671875 0.5609208296875 0.4157809046875 0.56600075625 0.4397609390625 0.5661402671875 0.45167588125 0.5559523234375
0 0.5049510953125 0.7827703968749999 0.5293231234375 0.8039589312500001 0.546832784375 0.8040608 0.5529751859375 0.790887890625 0.5487428640625 0.768655325 0.50497008125 0.7762387609375 0.5049510953125 0.7827703968749999
0 0.504464834375 0.5936016875 0.5099601640625 0.5844892109375001 0.5101382234375 0.5837064375 0.5067579796875 0.5606297 0.5034106734375 0.553098715625 0.49289797343749997 0.5412804062500001 0.47884306875 0.5385859390625 0.47101158125 0.5450721234375 0.4654972640625 0.5607162390625 0.47131866718750004 0.5738136015624999 0.4775420859375 0.58299425625 0.49122403437499995 0.5945407031250001 0.5023351468749999 0.594605346875 0.504464834375 0.5936016875
0 0.45779984531249995 0.501172071875 0.4749189953125 0.5247859609375001 0.5099803140625 0.55764868125 0.5150488578125 0.5587724374999999 0.52334385625 0.558820696875 0.5503058234375 0.5265309 0.5589413421875 0.5122112921875 0.5656185781249999 0.4828572734375 0.56016996875 0.4456599265625 0.550590615625 0.4285563328125 0.5307332953125 0.40623286406250003 0.50423155 0.3851770859375 0.4917467390625 0.379879053125 0.4819811140625 0.3798222390625 0.4616078578125 0.40060530468750005 0.4486450859375 0.42535053281249996 0.438803515625 0.45142026875 0.44033563750000004 0.4618799796875 0.45779984531249995 0.501172071875
0 0.3511576578125 0.3589893046875 0.3713410515625 0.40352261875 0.3904323125 0.42061623125000003 0.3999693453125 0.42540360625 0.42775795937499994 0.425565275 0.44121356250000004 0.42091166874999997 0.453353315625 0.41053149843750003 0.4572785515625 0.4040225890625 0.4620268078125 0.3831486171875 0.4558983203125 0.341309775 0.450459946875 0.33082733750000004 0.4426854203125 0.3177186078125 0.4298365640625 0.3032740109375 0.4208749734375 0.295383778125 0.41034328750000004 0.2900971078125 0.38104641250000004 0.2899266640625 0.36343031406250004 0.30288767031249997 0.355177825 0.3198222046875 0.35119563125000003 0.34592603125 0.3511576578125 0.3589893046875
0 0.5674257484375 0.643407671875 0.5862495125 0.652856778125 0.6092270625 0.6529904578125 0.613496715625 0.6515138 0.638599240625 0.6163884046875 0.63934115625 0.6131268453125001 0.63086660625 0.5552715703125 0.5768430109375 0.4945386 0.5643581984375 0.48924056718750003 0.5424907937500001 0.48650064843749996 0.5350613234375 0.48907012187500004 0.5260427734374999 0.5007748015625 0.5197244234375 0.5242523343750001 0.526618971875 0.5713210328125 0.5332064359375 0.589648253125 0.5522407390625 0.6263367828125 0.5674257484375 0.643407671875
0 0.5859509875 0.7824320234375 0.5962733734375 0.782492078125 0.6816830078125 0.7070174859375 0.6871783375 0.697905009375 0.6903240578125 0.6840760046875001 0.6864075703125 0.6573383703125 0.6822369140625 0.6508476734374999 0.6514648765625 0.620622609375 0.6452224703125 0.617973590625 0.6374099703125 0.6179281390625 0.6338867515625 0.6205203421875 0.5849447078125001 0.6594260921874999 0.582972596875 0.66594636875 0.574511259375 0.7547289171875 0.5791455984375 0.773044775 0.5859509875 0.7824320234375
0 0.7036059781249999 0.642611359375 0.719075521875 0.6312296734375 0.7261409484375 0.6195136328124999 0.73326333125 0.5882026765624999 0.733849984375 0.565562696875 0.72475939375 0.5035017468749999 0.7210253421874999 0.49799335468750006 0.7038682203125 0.48744273906249996 0.681234753125 0.47947296406250006 0.640488240625 0.5210390953124999 0.6349929109375 0.5301515718750001 0.6387092984375 0.595490675 0.662434896875 0.6309001484375 0.67763889375 0.6414393984375 0.6808412234375 0.6424789171875 0.7036059781249999 0.642611359375
0 0.693035690625 0.6879334125 0.688727425 0.6918273984375001 0.6832131078125 0.7074715125 0.6810763921875 0.7168648 0.682889403125 0.7292421234375001 0.686077921875 0.7346183234375 0.6982005328125 0.7346888500000001 0.70823995625 0.7211227609375 0.7050482140625001 0.699332915625 0.693035690625 0.6879334125
0 0.7383929765625 0.725865328125 0.749076015625 0.7197263875 0.7592044421875 0.712964090625 0.759793034375 0.698743765625 0.7596996218750001 0.6887466703125 0.7590061515625 0.6840123921875 0.7463308515625 0.6756825656250001 0.73836561875 0.6790238640624999 0.73250624375 0.678989775 0.7254408171875 0.6907058109374999 0.7248800234375 0.6961694421875 0.7281406140625 0.718429315625 0.730037184375 0.7220849453125 0.7344930078125 0.7270941515625 0.7372686609375 0.7271103 0.7383929765625 0.725865328125
0 0.774138378125 0.6221201109375001 0.7616725546875001 0.610290440625 0.7538600546875001 0.6102449890625 0.74051425 0.6323752875 0.7385231531249999 0.6454272 0.74043830625 0.6585018390624999 0.7458766781249999 0.668984275 0.7536701906250001 0.6755613640625 0.7634358156250001 0.6756181796875 0.772837396875 0.666528428125 0.7783517140625 0.650884315625 0.774138378125 0.6221201109375001
0 0.781027303125 0.6754786078125 0.7630661484375 0.6727614140625 0.7575708171875 0.681873890625 0.7622051562500001 0.700189746875 0.79688344375 0.730437540625 0.8029347234375 0.7174600515625 0.8004136390625 0.7002487453125 0.795829284375 0.68993456875 0.781027303125 0.6754786078125
0 0.7761475375 0.5895407953125 0.7816428671875 0.58042831875 0.7823847828125 0.5771667609375 0.776824 0.5392036140625 0.7716271156250001 0.5320351125 0.7673378359374999 0.5293974593749999 0.7575722109374999 0.52934064375 0.7540489906250001 0.531932846875 0.7457965015625 0.5488673796875 0.7453375265625 0.572379003125 0.749588834375 0.58807993125 0.759718503125 0.5972833109375 0.765577878125 0.5973174 0.7761475375 0.5895407953125
0 0.6757539109375 0.5156624437499999 0.6796791484375 0.50915353125 0.6810145953125 0.5032827281250001 0.6762745921875 0.47092299843749996 0.6696823828125 0.4542286875 0.654114340625 0.4345428703125 0.63695721875 0.42399225625000003 0.62133221875 0.42390135312500005 0.6091734796875 0.4408131609375 0.6067993515625 0.4512501453125 0.609097534375 0.4669397109375 0.61260176875 0.47087914687500004 0.6698945359375 0.5156283546875 0.6757539109375 0.5156624437499999
0 0.527805771875 0.32529633750000003 0.5343552625 0.3566868328125 0.5564538078125 0.4142947828125 0.5646113671874999 0.4300184359375 0.5825155640624999 0.45233054531250005 0.5980234703125 0.4609015578125 0.6309054421875 0.461092859375 0.6324927796875001 0.4604594015625 0.63758609375 0.4552636375 0.65759530625 0.42533400312499997 0.6655687890624999 0.3978350765625 0.6588438671875 0.3519244171875 0.6582061703125001 0.349569278125 0.6465633656249999 0.32337455 0.619314546875 0.2905572796875 0.6080167999999999 0.2800407546875 0.586953428125 0.269467415625 0.563515928125 0.26933106093750003 0.5560864578125 0.271900534375 0.5458998296875001 0.2822920671875 0.5388344046875 0.294008109375 0.527805771875 0.32529633750000003
0 0.5942791609375 0.2605276671875 0.6124167703125 0.2767674171875 0.6268672859375 0.2768514875 0.6360418609375 0.2725277828125 0.6428696125 0.2641850953125 0.6336609203125 0.20131787499999998 0.6292422421875 0.192800896875 0.6117210765625 0.1731037171875 0.603142515625 0.1678284078125 0.589470640625 0.16774886718749998 0.5839942953125 0.17032970625 0.5769288703125001 0.18204574843750002 0.573750709375 0.200316153125 0.5779640453125 0.22908035781249997 0.5814492921875 0.2395514328125 0.5942791609375 0.2605276671875
0 0.6772891859375 0.27534739375 0.67613051875 0.2674372375 0.6539011718750001 0.2245902765625 0.6523213078125 0.22391984687500002 0.6497492859375 0.2239048828125 0.6382571859375 0.2310310125 0.6311917609375 0.242747053125 0.6303877265625 0.250580471875 0.633451971875 0.27149989375 0.6365541875 0.279356040625 0.6470668875000001 0.2911743484375 0.65619435 0.29575612812499996 0.6677828906250001 0.2958235484375 0.6744296234375 0.2848017921875 0.6772891859375 0.27534739375
0 0.6731078328125 0.22716311562499997 0.6750718734375 0.22623752187499999 0.6805672031250001 0.2171250453125 0.680610871875 0.202102278125 0.678223315625 0.1858025625 0.6721025593750001 0.1726599109375 0.6576836109374999 0.160818878125 0.6479179859374999 0.1607620625 0.6369463093750001 0.1724553765625 0.6357592453125 0.17767386875 0.638440459375 0.1959783625 0.6446448921875 0.2116906546875 0.6594468734375 0.22614661875 0.663086596875 0.2271048140625 0.6731078328125 0.22716311562499997
0 0.6190915718750001 0.16846631875 0.6219601484374999 0.169102315625 0.6398420828125 0.1692063484375 0.6425290718750001 0.1686026734375 0.65114560625 0.16081470625 0.660585159375 0.1386616796875 0.661791209375 0.12691155 0.65704163125 0.09448644687499999 0.6451500218749999 0.0732544 0.636973478125 0.0640623828125 0.6260587609375 0.0561607828125 0.6104337609375 0.056069879687500004 0.5967239140625 0.069053615625 0.59042455 0.0859995109375 0.58970091875 0.09304958906250001 0.5963943781250001 0.1387454515625 0.6066257484375 0.1566366484375 0.6190915718750001 0.16846631875
0 0.697741275 0.1133411328125 0.7084352375 0.1134033484375 0.71704593125 0.108453834375 0.725279434375 0.0980509375 0.730391734375 0.0863235328125 0.73042970625 0.0732602578125 0.7235351578125 0.026191559375 0.7157606296875 0.0130828328125 0.7060139921874999 0.0064943796875 0.698526715625 0.004063909375 0.687579571875 0.0040002203124999995 0.677100146875 0.0089388625 0.6688476578125 0.025873395312500002 0.6648654625 0.051977221875 0.6686957687499999 0.0781264984375 0.672181015625 0.0885975734375 0.6795725125 0.099091371875 0.6920383375 0.11092104218750001 0.697741275 0.1133411328125
0 0.70026996875 0.11647818125 0.688282690625 0.116408440625 0.684911709375 0.118888634375 0.682135565625 0.133242328125 0.685199809375 0.15416175000000001 0.6879189953125 0.1594029671875 0.7060682328125 0.171152809375 0.7067340093750001 0.17115668281250002 0.7175799140625 0.168719978125 0.7189259531250001 0.16525291875 0.713703184375 0.1295973734375 0.70026996875 0.11647818125
0 0.8178090093750001 0.6591358265625 0.8026429859374999 0.6355333 0.7878030328125 0.6341406109375 0.7846438578125 0.6458793796875 0.7857929484375 0.6537241640625 0.7966696921875001 0.6746890359375 0.8079248437500001 0.6853698171875 0.8137279578125 0.6854035781250001 0.816967003125 0.6800325203125 0.8193411312500001 0.669595534375 0.8178090093750001 0.6591358265625
0 0.8292543 0.6480113515625 0.829288978125 0.6480260671875 0.8492338343749999 0.648142103125 0.8644675093749999 0.6286209703125001 0.8652715421874999 0.6207875515625 0.8524226875 0.6063429515625 0.816193290625 0.572167084375 0.79783011875 0.5733666015625001 0.797026084375 0.5812000203125 0.7993242671874999 0.5968895859375001 0.8090139484375 0.623072953125 0.8144523203125 0.6335553890625001 0.8292543 0.6480113515625
0 0.8005887406250001 0.605522075 0.7958981453125 0.5964809734375 0.7904407859375 0.5925301734375 0.7845814109375 0.592496084375 0.7806561750000001 0.5990049984375 0.778665078125 0.6120569125 0.78410345 0.6225393484375 0.7930218453125 0.63064221875 0.8042778921875 0.630707703125 0.8005887406250001 0.605522075
0 0.8307536078125001 0.564989459375 0.815669540625 0.54803205 0.8017444828125001 0.5479510359375 0.7983735015625 0.5504312296875 0.794448265625 0.5569401421875 0.80026966875 0.57003750625 0.805708040625 0.5805199437499999 0.82518233125 0.6002284859375 0.831155003125 0.6027630375 0.8314925796875 0.6027650015625 0.8364490390625001 0.59454609375 0.8326570375 0.5686583109375001 0.8307536078125001 0.564989459375
0 0.8647656515625 0.707556865625 0.8700553640625 0.707587640625 0.8720397890625 0.704297025 0.8720777609375 0.6912337468749999 0.8682094843750001 0.6781477453125 0.84992225625 0.6532207125 0.8222334484375 0.6373834265625 0.8163550875000001 0.6438809765625 0.816317115625 0.656944253125 0.8318661703125001 0.6831617046875 0.8400427140625 0.692353721875 0.8647656515625 0.707556865625
0 0.680149275 0.4267659234375 0.6926340859375 0.43206395937500003 0.714501490625 0.434803878125 0.732921621875 0.41400945 0.7399870468749999 0.4022934078125 0.7308702609375 0.31340859375 0.720740590625 0.3042052140625 0.7078727484375 0.29629225 0.6863883734375 0.2961672578125 0.6691553078125 0.311743196875 0.66090281875 0.3286777296875 0.6553505281249999 0.35738512031249997 0.6610959859375 0.39660903593749997 0.6743088859374999 0.4202001984375 0.680149275 0.4267659234375
0 0.7544288609375001 0.43960330625 0.7038649890625 0.3990705859375 0.7023510078124999 0.399061778125 0.6978211921875 0.4011965453125 0.69389595625 0.40770545937499997 0.6922878890625 0.4233722984375 0.6957351625 0.44690664687500004 0.70737796875 0.47310137656249995 0.7245161046875 0.49018362812499994 0.7402685640625 0.4976359890625 0.7475462562499999 0.49767832968750003 0.760638853125 0.4819985671875 0.7544288609375001 0.43960330625
0 0.804478265625 0.466876496875 0.80921133125 0.45122783593750004 0.80450005625 0.4190642265625 0.8015089515625 0.41329888593749997 0.7937154390625001 0.406721796875 0.7769033750000001 0.4118493859375 0.7718100609375 0.417045153125 0.7666977609375001 0.42877255625000005 0.7658937265625 0.4366059765625 0.76972403125 0.4627552546875 0.7787493578125 0.47131999999999996 0.7982843578125001 0.4714336515625 0.804478265625 0.466876496875
0 0.7555992140625001 0.3946880625 0.761218546875 0.39003402343750004 0.748885625 0.3324828875 0.7453813921875 0.32854345 0.7414751421875 0.328520725 0.7324755781250001 0.3336937671875 0.7301204359375 0.3375991125 0.734333771875 0.36636331875 0.7385850796875 0.3820642453125 0.7514865609375 0.3946641359375 0.7555992140625001 0.3946880625
0 0.797955609375 0.3803807796875 0.8109183812499999 0.3556355515625 0.8109468609375 0.3458380953125 0.8074357484375 0.321867925 0.8024537374999999 0.31117041875 0.79661335 0.30460469218749997 0.7927071 0.304581965625 0.77428696875 0.32537639375 0.7672215437500001 0.3370924359375 0.77066881875 0.3606267875 0.780377484375 0.3802785140625 0.7837665484375 0.38236258749999996 0.7951718265625 0.382428940625 0.797955609375 0.3803807796875
0 0.8037071515624999 0.3923350875 0.810294615625 0.41066230625 0.8262267 0.43949468906250005 0.846467053125 0.46443308749999995 0.866656840625 0.47495376875 0.8969270234375 0.47512987500000003 0.90230364375 0.47259603281249996 0.9062288796875 0.4660871203125 0.9063896874999999 0.46452043749999994 0.899954775 0.42058965156249994 0.898185240625 0.41117363906250004 0.8892616203125 0.3902201296875 0.8678911640625 0.3509053109375 0.8593315890625 0.339098365625 0.8343999390624999 0.315439025 0.8301106578124999 0.3128013703125 0.8222981578124999 0.31275591875000003 0.8069992296875 0.3348748546875 0.8006429078125 0.3714156671875 0.8037071515624999 0.3923350875
0 0.8166235578125001 0.4691905296875 0.8107641828125001 0.46915644062500006 0.8025306796875 0.4795593375 0.8028947234375 0.48870590312499995 0.80639895625 0.49264533750000006 0.8219378296875 0.5012334640625 0.8303236890625 0.5012822515625001 0.8340931296875 0.4931983625 0.8316154015624999 0.476283046875 0.8166235578125001 0.4691905296875
0 0.9140210671875 0.49730179531249996 0.9147848984375001 0.4898600453125 0.91126101875 0.46580271093750003 0.9078735921875 0.461994590625 0.89929503125 0.4567192828125 0.8851831671875001 0.4736197296875 0.8816219750000001 0.48927520625 0.881584003125 0.50233848125 0.8874054062500001 0.5154358453125 0.8904020296875 0.5188046296875 0.9011225171874999 0.518867 0.9089087671874999 0.5090291984374999 0.9140210671875 0.49730179531249996
0 0.9404438140625 0.686140790625 0.9546808875 0.6862236187499999 0.9669764750000001 0.6796376078125 0.97247180625 0.6705251296875 0.9731150328125 0.6642583921874999 0.97081685 0.6485688296875 0.952326384375 0.61292854375 0.9056602328125001 0.540807815625 0.8868950437500001 0.5459240421875 0.8794465890625001 0.5550251546875 0.8776546 0.5667718749999999 0.8843576343749999 0.6125331109375 0.8951888125 0.6491739171875001 0.9060845421874999 0.6636071515624999 0.9173822890625001 0.674123678125 0.9404438140625 0.686140790625
0 0.8953988359375 0.5505414078124999 0.8828610890625 0.5566695859374999 0.876769259375 0.578337978125 0.8895249359375 0.5926747296875 0.9021170906249999 0.5995692078125 0.9079318296875 0.5922866515625 0.905831315625 0.5779465687500001 0.9028475515625001 0.56898215 0.8953988359375 0.5505414078124999
0 0.9204619656249999 0.54969391875 0.91237904375 0.5466211953125 0.9032597328125 0.557110021875 0.903041003125 0.5998963453124999 0.9043178046874999 0.60006635 0.919813034375 0.6001564984375001 0.9258054078125 0.5928345453125 0.9281226703125001 0.5702582515625 0.9267567187499999 0.560932975 0.9204619656249999 0.54969391875
0 0.9913760421875001 0.5757650984375 0.9909738609375 0.573019425 0.9884920875000001 0.5667345078125 0.9853708843750001 0.56541 0.972082040625 0.5679453875 0.968539834375 0.5770692265624999 0.9667478468749999 0.5888159468749999 0.9685480906249999 0.6011061078125 0.9707443640625 0.6035751453125 0.9821969109375001 0.6036417734375 0.9872290781249999 0.59807955 0.9913760421875001 0.5757650984375
0 0.9726587953125 0.508933990625 0.9672014375 0.5049831953125 0.9593699515624999 0.5114693796875 0.96124713125 0.53760729375 0.9639663171875 0.5428485125 0.9679767187499999 0.5473569781250001 0.9866616109375 0.547465684375 0.98711955625 0.5467063078125001 0.984398125 0.5281272484375 0.9726587953125 0.508933990625
0 0.9213016859375 0.47273317031250006 0.8998173109375 0.47260817812499994 0.8939389500000001 0.47910572656249995 0.8966201640625 0.4974102203125 0.9109821546875001 0.52884616875 0.9188616312500001 0.5377042249999999 0.9408539765624999 0.537832171875 0.9509145437500001 0.5340129250000001 0.948119859375 0.514933775 0.9213016859375 0.47273317031250006
0 0.778758203125 0.4718071109375 0.768992578125 0.471750296875 0.7591889796875 0.48475675625000003 0.7633833296875 0.5200526 0.7698291578124999 0.525909 0.7817533171875 0.5259783734375 0.7915311125 0.5123782593749999 0.79317376875 0.5016104328125001 0.7900720921875 0.4804354625 0.778758203125 0.4718071109375
0 0.9082996953125001 0.438924675 0.9578179375 0.47056515781249997 0.9695366875 0.4706333359375 0.9730599062499999 0.46804113125 0.9805083625 0.4589400171875 0.986405709375 0.4459108328125 0.9844905578125 0.43283619531250006 0.968979475 0.3935554625 0.944085796875 0.3568328453125 0.92461150625 0.337124303125 0.9160329453125 0.33184899687499997 0.9004079453125 0.33175809218749996 0.89336150625 0.3369424953125 0.88629608125 0.3486585390625 0.8928076 0.3931123078125 0.9044124328125 0.4323703140625 0.9082996953125001 0.438924675
0 1 0.23966991875 0.9643901828124999 0.2090157484375 0.958147778125 0.2063667328125 0.9507183078124999 0.20893620781250002 0.9448399468750001 0.21543375625 0.9643745031250001 0.34879506718750003 0.9756532640625 0.36584323125 0.9847175453125001 0.3663588328125 1 0.36644774375 1 0.23966991875
0 0.880012190625 0.3337360453125 0.8996548703125 0.3518134359375 0.9197526109374999 0.3519303625 0.9299704203125 0.348396540625 0.938605940625 0.33407693437499997 0.9421671328125001 0.31842145781250003 0.9418754015624999 0.29111705312499997 0.9377578234374999 0.26300657968749996 0.9325913703125 0.253048265625 0.924414825 0.24385624843749998 0.9138831390625001 0.2385695765625 0.8982581390625001 0.2384786734375 0.8927817953125 0.2410595125 0.889258575 0.2436517140625 0.8743426781249999 0.2683855796875 0.871206946875 0.29893591875 0.8741179796875 0.31880936875 0.880012190625 0.3337360453125
0 0.81769279375 0.2936386765625 0.8157016968749999 0.3066905890625 0.8179998796874999 0.32238015937500003 0.8228331828125001 0.3295101421875 0.8342883921875 0.3295767875 0.8383209234375 0.3195590953125 0.8324318281249999 0.27935457812500003 0.8282814374999999 0.27933043125 0.81769279375 0.2936386765625
0 1 0.1200461703125 0.9796351171875 0.08394485625 0.9624779953125 0.073394240625 0.9471777515625 0.07107959375 0.94225876875 0.0710509765625 0.9292748703125 0.073201071875 0.899864078125 0.112220453125 0.8912285578124999 0.12654005937499999 0.8872843359375 0.139580609375 0.8868633328125 0.1500289578125 0.8891615156249999 0.1657185234375 0.913941275 0.24163096718750002 0.9268715796875 0.258301671875 0.9352929390625 0.258350665625 0.999283590625 0.1781163421875 1 0.1769283765625 1 0.1200461703125
0 0.882455440625 0.263904265625 0.883610528125 0.2557183609375 0.8759529875000001 0.20344075625000002 0.8743007203125 0.2015832875 0.8149409109375 0.19601254375 0.8071284109375 0.1959670921875 0.8032031734375 0.202476003125 0.811705790625 0.2338778609375 0.824535659375 0.254854096875 0.8463461046875 0.2771889328125 0.853255378125 0.27972974375000004 0.87219168125 0.2798399109375 0.882455440625 0.263904265625
0 0.7094161531250001 0.1802651265625 0.699191553125 0.2037199359375 0.7006477296875 0.240306196875 0.7060481296875001 0.2638519078125 0.718073965625 0.2926615640625 0.730520803125 0.3110228734375 0.7410335031249999 0.32284118125 0.7519482203125001 0.3307427796875 0.779675 0.33351678906250004 0.7984971484375001 0.30880565 0.8028623734375 0.2853167515625 0.799453071875 0.2487191265625 0.7882312703125 0.21207605 0.7754014 0.1910998140625 0.755927109375 0.171391271875 0.7368168625 0.16082929375 0.7270512375 0.1607724796875 0.7215748921875 0.16335331875 0.7094161531250001 0.1802651265625
0 0.7664198265625 0.154331071875 0.7671995015624999 0.15375742812499998 0.7695546421875 0.149852078125 0.7722031109375 0.13462674218749998 0.770798665625 0.1250386734375 0.7688645265625 0.11849567187500001 0.7634261546875 0.10801323437499999 0.7478581140625 0.08832741875 0.7240185968749999 0.092107775 0.7232949671875 0.099157853125 0.725478240625 0.114062940625 0.7286149625 0.1234869078125 0.7394917078125001 0.14445178125 0.7481852328125 0.1542249859375 0.7664198265625 0.154331071875
0 0.81977095 0.0330493375 0.815657203125 0.004965015625 0.7440675437500001 0.0058287421875 0.7428804796875 0.0110472328125 0.7478598765625 0.0450412953125 0.760306715625 0.06340260156250001 0.7651352421875 0.06689816562499999 0.768060909375 0.0669151859375 0.7790529187499999 0.064818015625 0.7963738453125 0.046548303125 0.8130980484375 0.0441144890625 0.81977095 0.0330493375
0 0.9232422187499999 0.04667126875 0.922048440625 0.038521409374999996 0.9080446328124999 0.0115291359375 0.902459490625 0.00525035625 0.8380389203125 0.004875567187500001 0.8244622749999999 0.007123820312499999 0.8193499750000001 0.018851223437500002 0.8173588765625001 0.0319031359375 0.8207028281250001 0.05473209999999999 0.8612712218749999 0.0549681203125 0.8958099484375 0.054567495312500006 0.9223876375 0.0494967203125 0.9232422187499999 0.04667126875