0 0.4953125 0.75546875 0.0890625 0.10703125
0 0.7921875 0.5 0.0953125 0.11640625
0 0.246875 0.78515625 0.1296875 0.15390625
0 0.42578125 0.659375 0.09375 0.12734375
0 0.0921875 0.7015625 0.0625 0.08203125
0 0.61328125 0.71953125 0.09765625 0.1125
0 0.93828125 0.6359375 0.11640625 0.15625
0 0.5453125 0.64765625 0.0890625 0.11328125
0 0.515625 0.42421875 0.11640625 0.13125
0 0.240625 0.659375 0.07890625 0.09296875
0 0.88515625 0.7578125 0.12734375 0.12890625
0 0.2671875 0.56875 0.08359375 0.1078125
0 0.14140625 0.63359375 0.0953125 0.115625
0 0.753125 0.76484375 0.09140625 0.09609375
0 0.471875 0.546875 0.09296875 0.11875
0 0.7140625 0.67265625 0.09296875 0.103125
0 0.5609375 0.53203125 0.07421875 0.0984375
0 0.40703125 0.78828125 0.09296875 0.125
0 0.70703125 0.559375 0.09609375 0.1140625
0 0.6390625 0.625 0.07109375 0.09296875
0 0.06796875 0.6078125 0.0640625 0.08828125
0 0.9078125 0.50859375 0.07890625 0.0984375
0 0.3859375 0.5453125 0.0828125 0.0953125
0 0.1953125 0.55546875 0.0625 0.0828125
0 0.3453125 0.73203125 0.0890625 0.09375
0 0.85 0.58828125 0.084375 0.1046875
0 0.80625 0.84453125 0.096875 0.11171875
0 0.80703125 0.6859375 0.0828125 0.103125
0 0.63125 0.8265625 0.08125 0.10859375
0 0.1578125 0.73828125 0.07578125 0.08515625
0 0.634375 0.50703125 0.075 0.0984375
0 0.60859375 0.4078125 0.07890625 0.10078125
0 0.03515625 0.7875 0.06953125 0.09921875
0 0.559375 0.82265625 0.07578125 0.0921875
0 0.33828125 0.63359375 0.08046875 0.10234375
0 0.02109375 0.69296875 0.0421875 0.0921875
0 0.11328125 0.80078125 0.06484375 0.08671875
0 0.71484375 0.85234375 0.06015625 0.07421875
0 0.35 0.446875 0.084375 0.11640625
0 0.77421875 0.59609375 0.065625 0.07890625
0 0.7 0.4578125 0.07265625 0.0828125
0 0.9140625 0.86484375 0.08359375 0.08671875
0 0.97578125 0.72265625 0.0484375 0.1234375
0 0.3390625 0.81171875 0.0578125 0.06953125
0 0.12578125 0.53984375 0.059375 0.06953125