0 0.252568421875 0.5799245109375 0.2604900484375 0.5930375171875 0.27459853437500004 0.6022032015625001 0.3073837890625 0.6012492468749999 0.31722722812500004 0.584823709375 0.3169961125 0.5603371015625 0.316585434375 0.5572862953125 0.31053916875 0.5351400843749999 0.3047763484375 0.5287448390625 0.2896964609375 0.5186829390625001 0.2772737046875 0.5137940640624999 0.2694612046875 0.5140213859375 0.2659069578125 0.5167499734375001 0.2531945375 0.5315583015625001 0.24582285 0.5559886281249999 0.2460548765625 0.5577122859375 0.252568421875 0.5799245109375
0 0.3517526265625 0.5531121703124999 0.3588917375 0.5404430375 0.3610973734375 0.5291636015625001 0.3617868328125 0.5201840375 0.3590647 0.4999621140625 0.3529725140625 0.48609665625 0.3298838421875 0.47130015312499995 0.3123057171875 0.47181162343749994 0.2968494390625 0.48933054531250003 0.2983099609375 0.5207845015625 0.309630403125 0.546237903125 0.325522940625 0.5554324796875 0.332284584375 0.556603346875 0.348517203125 0.556131025 0.3517526265625 0.5531121703124999
0 0.41520543125 0.5667022859374999 0.4275316328125 0.57815689375 0.43678351875 0.5817979 0.4510768984375 0.5813820046875 0.4607347578125 0.57719078125 0.46784325156250006 0.57173360625 0.4775118 0.5525207671875 0.471924878125 0.5110171718750001 0.45693115625 0.4906708484375 0.43989814374999997 0.4806657796875 0.42622626874999997 0.481063590625 0.41716464999999997 0.486577596875 0.40720591562499997 0.499993215625 0.40195399218750005 0.5119592953125001 0.400159759375 0.5277625203125 0.4022717796875 0.5434520890625001 0.40793804375000003 0.5564130656249999 0.41520543125 0.5667022859374999
0 0.34504135625 0.6623133359375 0.346207878125 0.662864384375 0.380127128125 0.661877434375 0.387082525 0.65240426875 0.3879681890625 0.633107921875 0.387889903125 0.63252635625 0.3856497375 0.6175540500000001 0.38141860312500003 0.6048137125 0.3733506546875 0.595860371875 0.3547165203125 0.58852705625 0.3449508953125 0.5888112078125001 0.3358892765625 0.5943252140624999 0.3258339875 0.6143065703125 0.329706021875 0.643070775 0.33236315156249996 0.6482437984375 0.34504135625 0.6623133359375
0 0.42149288125 0.6763600140625 0.447817471875 0.675594046875 0.44904473281249996 0.6749733453125 0.45820290625000004 0.66289360625 0.4590569390625 0.6601342046875 0.4531555546875 0.6162945453125 0.4457520265625 0.6068147359375 0.4352823953125 0.6018690296875 0.4137980203125 0.6024941609375001 0.40313527968749996 0.6106799265625 0.397531353125 0.620031078125 0.39538511875000004 0.633219378125 0.39679313125000004 0.6436790890624999 0.402459396875 0.656640065625 0.41548960468749996 0.67332453125 0.42149288125 0.6763600140625
0 0.501685590625 0.6222621828125 0.5181837921875 0.621782134375 0.52747865 0.6184805265625 0.53474779375 0.6048199890625 0.5313445828125001 0.5795385359375 0.52501678125 0.5631198093750001 0.5165968296875 0.5515515390625 0.5061271984375 0.546605834375 0.4881970703125 0.544502378125 0.48028801562499995 0.5512954328124999 0.47493953749999995 0.569827246875 0.47509843125 0.58557364375 0.4811167 0.6011495499999999 0.49414690781250004 0.6178340140625 0.501685590625 0.6222621828125
0 0.4798432453125 0.6954723359375 0.485606065625 0.701867578125 0.4954123375 0.70871881875 0.5245558546875 0.7078708296875 0.5355159171875 0.6920958765624999 0.52935291875 0.646312771875 0.528193415625 0.6428505984374999 0.5201267406250001 0.637859053125 0.510506553125 0.6290346312499999 0.499187478125 0.62796764375 0.48394283437499996 0.6357267140625 0.47430775000000003 0.6470677578124999 0.4719060671875 0.65107539375 0.4717129578125 0.6642068640625001 0.4745289828125 0.6851262874999999 0.4798432453125 0.6954723359375
0 0.57024493125 0.693992453125 0.5892041 0.693440796875 0.5972894828124999 0.6881581999999999 0.6044945312500001 0.67613529375 0.6086230140625 0.652546146875 0.6031973890625 0.6122407703125 0.5954390046875 0.6015814390625 0.5872745015625 0.5991938296875 0.5669539015625 0.60135364375 0.5416486203125 0.59527106875 0.5392469375 0.59927870625 0.535851584375 0.6177536906250001 0.5363624812500001 0.6361150140625 0.545196775 0.672610340625 0.5601801078124999 0.6892379734375 0.57024493125 0.693992453125
0 0.5245851171875 0.56428290625 0.5352136421875 0.58497500625 0.547187840625 0.5938146875 0.5556920609375 0.5971614546875 0.56935509375 0.5967639015625 0.5839452125 0.5901199874999999 0.5943525046875 0.5727535609375 0.5941936109375 0.557007165625 0.5871193328125 0.5335864765625 0.570182875 0.5170156718750001 0.560065246875 0.514684896875 0.538932875 0.517924953125 0.5265724578125 0.5353482109375001 0.5240742203125001 0.5459215828125 0.5245851171875 0.56428290625
0 0.5970710703125001 0.5638169421875 0.6000802046875 0.571604896875 0.6246360531249999 0.6010798484375 0.6324485531249999 0.6008525265625 0.64701754375 0.592553103125 0.6526214703125001 0.5832019515625 0.6551197078125 0.572628578125 0.6549608140625 0.556882184375 0.6501916640625 0.5360195921875001 0.6417717125 0.5244513234375 0.6309500781249999 0.5168906890625 0.6153250781249999 0.5173453296875 0.60786458125 0.5201875796875 0.5974572890625 0.5375540062499999 0.5949590515625001 0.5481273765625 0.5970710703125001 0.5638169421875
0 0.657802275 0.6961506546875 0.6734179218749999 0.6841625546875 0.6752191843750001 0.6811568265625 0.6686191265625 0.6321269328125 0.65680534375 0.6190166828125 0.6505939671875 0.616572246875 0.6388752171875 0.6169132281249999 0.63336784375 0.6196986453125 0.62625935 0.625155821875 0.6106966890625001 0.647922590625 0.6151138359375 0.66617025625 0.6204280984375 0.67651630625 0.6404374359375 0.6966559203125 0.657802275 0.6961506546875
0 0.65417859375 0.5918561625 0.6562906125 0.6075457281250001 0.667271140625 0.63085275625 0.6944019078125 0.630194421875 0.7008769984375001 0.63215250625 0.715945315625 0.6317140625000001 0.7172518296875 0.6307110546875 0.724456878125 0.61868814375 0.72128885 0.5951537953125 0.71261345 0.5744048625 0.7045455015625001 0.565451521875 0.6878644921875 0.5580613796875 0.6800519921875 0.5582887000000001 0.6670841234375 0.563916365625 0.6550757093749999 0.5839545484374999 0.65417859375 0.5918561625
0 0.6585273109374999 0.5586144078124999 0.6641108921875001 0.5594971484375 0.6840942546875 0.558915690625 0.6917304359374999 0.5576482953124999 0.7036422953125 0.544175846875 0.7140495875 0.5268094171875 0.7150488828125 0.52258006875 0.7121624578125 0.5011376624999999 0.7094735484375 0.49281535937500004 0.68952795625 0.46845660312500004 0.6744480687500001 0.4583947015625 0.664330440625 0.45606392656250005 0.649409446875 0.46174842343750006 0.6325976671875 0.48980188125 0.6306660546875 0.5016713484374999 0.6341508859375 0.5275591328125 0.6415908531250001 0.5420436015625001 0.6585273109374999 0.5586144078124999
0 0.49123762656250003 0.5268803640625 0.5290182515625 0.5257810609375 0.5396155312500001 0.5061823515625 0.53819956875 0.49062840156250004 0.5366538859375 0.47914598281250004 0.5306168718750001 0.458508396875 0.519580978125 0.4440822984375 0.50680621875 0.43657849375 0.48336871875 0.43726045625000004 0.4745625484375 0.451955125 0.46948149375000003 0.4695603484375 0.4740399328125 0.5034236609375 0.47644724062500005 0.5096540234375 0.48521919531249996 0.52383721875 0.49123762656250003 0.5268803640625
0 0.5751875421875 0.44640530468749995 0.5698390640625 0.46493711875 0.5714059687499999 0.4911432265625 0.577072234375 0.5041042046875 0.5877973140625 0.5182305703125001 0.5940086921875001 0.520675009375 0.6115868171875001 0.5201635375 0.6206484359375 0.5146495328125 0.63140773125 0.49989803281249995 0.6326568499999999 0.4946113484375 0.6287848171875 0.46584714375 0.6208134234375 0.4503280671875 0.612745475 0.441374725 0.601923840625 0.43381409375 0.5918062125 0.4314833171875 0.58079146875 0.43705415312499996 0.5751875421875 0.44640530468749995
0 0.6609563484375001 0.400410146875 0.6488650265625 0.3852381296875 0.6286297703125 0.3805765734375 0.6143162281250001 0.39805665625 0.611817990625 0.40863002968749995 0.611976884375 0.42437642656249996 0.6266082140625 0.43838913125 0.633993134375 0.44272698125 0.6570345750000001 0.44205654375 0.66481484375 0.429073775 0.6609563484375001 0.400410146875
0 0.6966214046875 0.44395183749999995 0.7090969765625 0.457796503125 0.7277158890625001 0.457254746875 0.7394936000000001 0.449267309375 0.7450975265625 0.43991615624999997 0.7475957640625001 0.42934278593749997 0.7440757328125 0.40319350781249996 0.7271392750000001 0.38662270312499997 0.7088571453125 0.381904321875 0.7017486500000001 0.3873614953125 0.6909893546875 0.40211299531250005 0.6890020140625001 0.4310476890625 0.6966214046875 0.44395183749999995
0 0.7298761375 0.6928122359375 0.74690915 0.7028173062499999 0.7535418140625 0.7043452593749999 0.7676694328125 0.7039341875 0.787924775 0.7016238734375 0.8008926437499999 0.69599620625 0.8180564265625 0.6705576765625 0.81994324375 0.6609044984375 0.8149884859375 0.6240970578125 0.785853065625 0.5769885828125 0.7731748609375 0.5629190453125 0.7321592359375 0.564112478125 0.7147400046875 0.5803703453125 0.7107372 0.587049740625 0.7071487375000001 0.6186561921875 0.712428784375 0.6578801078125001 0.7164939265625 0.67351284375 0.7218081890625 0.68385889375 0.7298761375 0.6928122359375
0 0.7239804875 0.535036059375 0.7525391406249999 0.5578316171875 0.7541034828125001 0.5584472515625001 0.7737740843750001 0.5578748953125 0.7895861765625 0.5344397140625 0.7866112578125 0.4977738953125 0.7763347375 0.479696721875 0.7659616609375 0.4681852828125 0.7554920296875001 0.46323957968749996 0.7301014046875001 0.46397837031250005 0.716139865625 0.48407338437499997 0.7134485171875 0.5077782234375 0.7175136609375 0.523410959375 0.7239804875 0.535036059375
0 0.75626401875 0.4675178578125 0.7708953484375 0.4815305625 0.791834609375 0.4914219703125 0.8094127343749999 0.4909105 0.8165212281249999 0.48545332343750003 0.8253273984374999 0.47075865625 0.8258725124999999 0.460242115625 0.8216484749999999 0.42886298125 0.812973075 0.408114053125 0.8052571296875 0.4017756375 0.7839658640625 0.3892693 0.7660357359375001 0.3871658453125 0.7502176265625 0.40075195625 0.74336458125 0.4153897921875 0.742467465625 0.4232914046875 0.744579484375 0.43898097343750003 0.750597753125 0.4545568765625 0.75626401875 0.4675178578125
0 0.8288742703124999 0.520412959375 0.8412004718749999 0.5318675671875 0.8445821015625 0.5338539109375 0.875085215625 0.5329663609375 0.8851628921874999 0.51614995625 0.885035778125 0.5035528390625 0.8813632124999999 0.47627042499999994 0.8676532 0.45890569843750006 0.8618903796874999 0.45251045312500005 0.8494676234374999 0.44762157968749994 0.8315374953125 0.44551812343749997 0.8224758765625 0.45103212968750006 0.818473071875 0.45771152343750005 0.8156326109375 0.47739544062499994 0.816594753125 0.484542909375 0.8212548796875 0.507508809375 0.8288742703124999 0.520412959375
0 0.8425510859375 0.6263838078124999 0.8809095796875 0.62001735 0.8925659906250001 0.5973642390625 0.8928158140625 0.5963069015625 0.8883997750000001 0.56350144375 0.8772648703125 0.5492438109375 0.8664432359375001 0.5416831796875 0.8540204796875001 0.53679430625 0.8423017296875001 0.5371352859375 0.8367943578125001 0.539920703125 0.830838428125 0.5466569296875 0.8219357031250001 0.5679173296875 0.8238546124999999 0.596738365625 0.832178009375 0.6148723687500001 0.8425510859375 0.6263838078124999
0 0.8323827765624999 0.684125525 0.8428524078124999 0.689071228125 0.8584774078124999 0.6886165875 0.8694921515624999 0.683045753125 0.873202090625 0.6720058484375 0.87033829375 0.650731540625 0.869622921875 0.647602153125 0.864308659375 0.6372561015625 0.8587044562499999 0.6294066515625001 0.8496773296875 0.623243396875 0.8340523296875 0.6236980375 0.8214364640625 0.6319406328125 0.8190347812500001 0.63594826875 0.8204427937500001 0.6464079796875 0.8285730812500001 0.6776734515625 0.8323827765624999 0.684125525
0 0.9388532906249999 0.689541525 0.94122499375 0.6886379703125 0.9518877343750001 0.6804522078125 0.9638961484375 0.6604140234375 0.965260765625 0.6450608250000001 0.9591300453124999 0.599517503125 0.9470281234375 0.5860874890625001 0.9427698703124999 0.5835862234375 0.9216374984375 0.58682628125 0.9054673843750001 0.5977974640625 0.8915058453125001 0.617892478125 0.8890076078125 0.6284658484375 0.8949916609375 0.6729196187500001 0.9053647375 0.6844310578125 0.915234946875 0.6902287484375 0.9388532906249999 0.689541525
0 0.904272225 0.561243528125 0.9191363296875 0.57090010625 0.9444765625 0.57016278125 0.948296984375 0.5678380484375001 0.9619065203125 0.5451281078125 0.9664658046874999 0.5258317046875 0.9624529687500001 0.49602153125 0.9554115703124999 0.48231301249999997 0.9388271171874999 0.46835713593749995 0.9198409796875 0.45840889687499997 0.9061691046875 0.45880670781250005 0.8990606109374999 0.46426388281250003 0.8852579640625 0.50010529375 0.8847128515625 0.5106218359375 0.8878808796875 0.534156184375 0.8962042765625 0.5522901874999999 0.904272225 0.561243528125
0 0.8554566875 0.441131509375 0.866350553125 0.45322089062500004 0.8934411234375 0.45243263593750005 0.9100476343749999 0.446106003125 0.9160035625 0.439369775 0.9200814093749999 0.41431200781250005 0.918004590625 0.3988839359375 0.9144708734375 0.3842858046875 0.9064029250000001 0.3753324640625 0.8870647843749999 0.3627692984375 0.8714397843749999 0.3632239390625 0.8623781656249999 0.36873794375 0.8532199921875 0.380817684375 0.8476784046875 0.4124809671875 0.8475239171875 0.42298614062500006 0.8480167203125 0.4266470390625 0.8554566875 0.441131509375
0 0.8310502703125 0.32937615781249996 0.8390216640625001 0.34489523437499997 0.8470896124999999 0.3538485765625 0.8621695 0.363910475 0.8742073609375 0.3651495578125 0.8842258125000001 0.36485805 0.8930674968750001 0.360386265625 0.9022256703125 0.34830652500000003 0.9047239078124999 0.3377331546875 0.9048193031249999 0.3358927609375 0.900674465625 0.30510198593750004 0.8971387343749999 0.29595114218749996 0.8918244718749999 0.285605090625 0.8768411390624999 0.26897745781250004 0.8645950453125 0.25916655 0.8409808828124999 0.26477054375 0.8322712671874999 0.2728994765625 0.8254182218749999 0.28753731562499996 0.82452110625 0.295438928125 0.8276891328125 0.3189732765625 0.8310502703125 0.32937615781249996
0 1 0.234045665625 0.9686169874999999 0.239567253125 0.9650627406250001 0.2422958390625 0.9587205921875 0.27529499999999996 0.9604806078125 0.288369640625 0.9664988765625001 0.303945546875 0.9866999156249999 0.3374849640625 0.9947678640625 0.34643830625 1 0.3495116265625 1 0.234045665625
0 1 0.3776178234375 0.9803004062499999 0.35002973125 0.956510903125 0.3480967640625 0.9286220406249999 0.3594089265625 0.9242672328125 0.36347339375 0.9208718796875001 0.381948375 0.9261519265624999 0.42117229375000004 0.9291610609375001 0.42896024375 0.9344753234375001 0.439306296875 0.9540689125 0.46105012656250005 0.958327165625 0.463551390625 0.9609554906250001 0.4645857484375 0.98424110625 0.46390820625 0.991530290625 0.46258527968749996 0.9974862203124999 0.45584905625000005 1 0.44927551875000005 1 0.3776178234375
0 1 0.5519884421875 0.9911269781250001 0.5546324890625 0.9801122343750001 0.560203325 0.9749568656250001 0.5656036703125 0.9649015765625 0.5855850234375 0.9627553421874999 0.5987733234375 0.9655713671875 0.61969274375 0.9708856296875 0.6300387953125 0.9812587046875001 0.64155023125 0.9977313484374999 0.6501814671874999 1 0.65011545625 1 0.5519884421875