0 0.22890625 0.8453125 0.128125 0.15390625
0 0.78125 0.11328125 0.05 0.05703125
0 0.89921875 0.5671875 0.11015625 0.14296875
0 0.48203125 0.68046875 0.09921875 0.13671875
0 0.15234375 0.578125 0.0828125 0.10234375
0 0.83203125 0.825 0.109375 0.1578125
0 0.4140625 0.7953125 0.10078125 0.15703125
0 0.3453125 0.88203125 0.0671875 0.0921875
0 0.509375 0.8078125 0.09296875 0.12890625
0 0.509375 0.24453125 0.05703125 0.0734375
0 0.54453125 0.2 0.04140625 0.04765625
0 0.31953125 0.590625 0.10078125 0.1390625
0 0.14609375 0.73125 0.13046875 0.14765625
0 0.71015625 0.40234375 0.065625 0.09296875
0 0.60234375 0.8515625 0.090625 0.12109375
0 0.734375 0.15625 0.0453125 0.0546875
0 0.259375 0.7140625 0.0875 0.1140625
0 0.26640625 0.50390625 0.0625 0.07421875
0 0.425 0.33671875 0.0484375 0.06328125
0 0.465625 0.2984375 0.06171875 0.078125
0 0.21796875 0.62578125 0.0671875 0.0859375
0 0.071875 0.8390625 0.09765625 0.1265625
0 0.3296875 0.78046875 0.0859375 0.10859375
0 0.86796875 0.353125 0.0484375 0.0609375
0 0.584375 0.73671875 0.06875 0.09453125
0 0.3796875 0.67890625 0.08046875 0.11015625
0 0.0625 0.6859375 0.0578125 0.07109375
0 0.12890625 0.93125 0.090625 0.115625
0 0.0953125 0.5421875 0.05390625 0.07265625
0 0.40546875 0.56953125 0.08515625 0.11328125
0 0.703125 0.2015625 0.04140625 0.05546875
0 0.10625 0.646875 0.05625 0.06640625
0 0.9421875 0.32265625 0.06015625 0.0796875
0 0.5859375 0.49765625 0.0671875 0.0859375
0 0.0609375 0.60859375 0.05859375 0.0734375
0 0.27578125 0.04921875 0.06796875 0.08359375
0 0.31484375 0.34140625 0.05234375 0.06640625
0 0.30546875 0.115625 0.0328125 0.05
0 0.72421875 0.24453125 0.0390625 0.05078125
0 0.5609375 0.93828125 0.06328125 0.08125
0 0.2296875 0.32578125 0.08125 0.09765625
0 0.8015625 0.6375 0.0984375 0.125
0 0.01875 0.3 0.03671875 0.046875
0 0.39375 0.0890625 0.059375 0.0765625
0 0.39296875 0.43671875 0.06015625 0.07734375
0 0.640625 0.6609375 0.08515625 0.10546875
0 0.31015625 0.25078125 0.07421875 0.084375
0 0.37109375 0.1859375 0.03984375 0.05625
0 0.915625 0.12890625 0.04609375 0.06484375
0 0.36015625 0.5015625 0.0640625 0.0828125
0 0.14765625 0.09296875 0.08046875 0.0953125
0 0.88359375 0.709375 0.0921875 0.1140625
0 0.40703125 0.225 0.05078125 0.065625
0 0.3640625 0.3640625 0.06015625 0.07265625
0 0.65546875 0.1625 0.0546875 0.065625
0 0.83046875 0.31640625 0.0625 0.078125
0 0.31484375 0.43515625 0.0890625 0.10390625
0 0.040625 0.38828125 0.05234375 0.0625
0 0.59375 0.21640625 0.040625 0.0515625
0 0.4703125 0.41328125 0.05 0.0625
0 0.5234375 0.1140625 0.08125 0.1
0 0.6078125 0.3 0.05703125 0.07578125
0 0.75703125 0.27109375 0.03515625 0.04296875
0 0.7515625 0.203125 0.04609375 0.059375
0 0.07109375 0.3375 0.05390625 0.065625
0 0.090625 0.14921875 0.06484375 0.06875
0 0.71953125 0.3109375 0.0609375 0.07421875
0 0.0546875 0.25078125 0.0671875 0.06953125
0 0.66796875 0.93125 0.0859375 0.09921875
0 0.39921875 0.93125 0.07890625 0.10234375
0 0.28359375 0.94140625 0.04609375 0.0640625
0 0.0359375 0.096875 0.06953125 0.084375
0 0.115625 0.22421875 0.05078125 0.0625
0 0.83046875 0.0890625 0.05625 0.0765625
0 0.71484375 0.484375 0.04140625 0.0578125
0 0.42265625 0.278125 0.03359375 0.046875
0 0.60546875 0.41171875 0.07421875 0.09453125
0 0.73359375 0.55625 0.0875 0.10078125
0 0.19921875 0.95625 0.05703125 0.075
0 0.553125 0.3109375 0.046875 0.059375
0 0.79921875 0.9546875 0.04375 0.05546875
0 0.37890625 0.290625 0.05390625 0.06640625
0 0.98671875 0.4390625 0.0265625 0.071875
0 0.45625 0.2109375 0.04140625 0.05859375
0 0.91484375 0.47265625 0.0453125 0.0546875
0 0.7140625 0.865625 0.0765625 0.10234375
0 0.71484375 0.72265625 0.053125 0.06875
0 0.175 0.190625 0.07421875 0.0921875
0 0.73828125 0.9453125 0.05859375 0.06796875
0 0.78828125 0.5046875 0.06875 0.0875
0 0.66953125 0.76875 0.07578125 0.10078125
0 0.725 0.0796875 0.03984375 0.0515625
0 0.5625 0.2515625 0.04453125 0.05546875
0 0.88671875 0.28515625 0.0453125 0.05859375
0 0.95 0.4375 0.04296875 0.0609375
0 0.4859375 0.91328125 0.08671875 0.10625
0 0.52109375 0.40078125 0.040625 0.05859375
0 0.8296875 0.40859375 0.046875 0.0609375
0 0.96953125 0.26328125 0.0578125 0.075
0 0.01484375 0.353125 0.0296875 0.059375
0 0.78671875 0.225 0.04140625 0.0625
0 0.19140625 0.25546875 0.04140625 0.04921875
0 0.0375 0.184375 0.0578125 0.06875
0 0.77421875 0.4078125 0.05 0.06640625
0 0.825 0.1953125 0.04140625 0.0515625
0 0.77734375 0.89765625 0.0609375 0.0796875
0 0.91796875 0.25390625 0.03671875 0.04375
0 0.775 0.32890625 0.04609375 0.06171875
0 0.84453125 0.24609375 0.04609375 0.05859375
0 0.68203125 0.3390625 0.04609375 0.06015625
0 0.921875 0.178125 0.02890625 0.03984375
0 0.66328125 0.46875 0.0671875 0.07890625
0 0.02109375 0.54453125 0.0421875 0.07734375
0 0.8125 0.15078125 0.03125 0.040625
0 0.6671875 0.58125 0.0546875 0.07734375
0 0.7796875 0.05078125 0.03828125 0.05
0 0.8578125 0.146875 0.03984375 0.05078125
0 0.12890625 0.42421875 0.053125 0.059375
0 0.575 0.16953125 0.03984375 0.0515625
0 0.62265625 0.24921875 0.0359375 0.04765625
0 0.6015625 0.57578125 0.05546875 0.07265625
0 0.97734375 0.61015625 0.0453125 0.1359375
0 0.790625 0.27734375 0.03671875 0.04296875
0 0.8875 0.225 0.0359375 0.04765625
0 0.35 0.11015625 0.0421875 0.05859375
0 0.975 0.3875 0.0390625 0.053125
0 0.50078125 0.346875 0.04453125 0.0578125
0 0.11171875 0.30625 0.0375 0.0515625
0 0.05078125 0.47421875 0.08203125 0.0984375
0 0.96953125 0.7171875 0.0609375 0.0859375
0 0.2171875 0.0828125 0.065625 0.07890625
0 0.44453125 0.48203125 0.053125 0.071875
0 0.428125 0.39296875 0.03828125 0.04765625
0 0.24453125 0.4453125 0.046875 0.05
0 0.5421875 0.55703125 0.071875 0.0953125
0 0.21484375 0.48125 0.04296875 0.053125
0 0.77578125 0.16875 0.03828125 0.05078125
0 0.45703125 0.14453125 0.05625 0.075
0 0.19140625 0.415625 0.07265625 0.10078125
0 0.9546875 0.88046875 0.05859375 0.075
0 0.96484375 0.5046875 0.06171875 0.07578125
0 0.3015625 0.1703125 0.040625 0.04609375
0 0.8515625 0.94609375 0.0609375 0.0796875
0 0.01484375 0.93203125 0.0296875 0.0984375
0 0.9828125 0.9359375 0.03359375 0.08671875
0 0.56875 0.64609375 0.05703125 0.078125
0 0.66328125 0.21875 0.0328125 0.04375
0 0.16484375 0.49375 0.053125 0.06953125
0 0.7484375 0.36953125 0.0375 0.04453125
0 0.6953125 0.13828125 0.03984375 0.053125
0 0.93984375 0.21640625 0.0328125 0.046875
0 0.01875 0.6546875 0.03671875 0.05625
0 0.340625 0.9578125 0.0328125 0.0453125
0 0.215625 0.55078125 0.046875 0.059375
0 0.15390625 0.31171875 0.03984375 0.05234375
0 0.5578125 0.3765625 0.03671875 0.04921875
0 0.71328125 0.64765625 0.0640625 0.08203125
0 0.82734375 0.54765625 0.040625 0.05078125
0 0.853125 0.4796875 0.05625 0.07265625
0 0.98515625 0.33125 0.02890625 0.071875
0 0.41640625 0.15703125 0.04765625 0.06640625
0 0.02265625 0.7703125 0.04453125 0.11171875
0 0.64453125 0.34609375 0.0265625 0.0328125
0 0.91953125 0.9765625 0.0375 0.0453125
0 0.0125 0.4390625 0.02421875 0.0796875
0 0.58203125 0.34765625 0.034375 0.04609375
0 0.6734375 0.10390625 0.03125 0.04453125
0 0.4765625 0.5625 0.05546875 0.07421875
0 0.8859375 0.41328125 0.06640625 0.078125
0 0.6796875 0.246875 0.0265625 0.03515625
0 0.00625 0.1578125 0.0125 0.05546875
0 0.05 0.95390625 0.06875 0.08828125
0 0.503125 0.4796875 0.05703125 0.09453125
0 0.9296875 0.796875 0.0671875 0.09296875
0 0.36875 0.2421875 0.034375 0.04375
0 0.9015625 0.89453125 0.05 0.07265625
0 0.25390625 0.3921875 0.04765625 0.0546875
0 0.990625 0.18984375 0.01875 0.0640625
0 0.015625 0.0265625 0.03125 0.053125
0 0.93046875 0.38984375 0.046875 0.05625
0 0.98984375 0.81640625 0.01953125 0.0765625
0 0.4546875 0.36328125 0.03125 0.03984375