0 0 0.6716422171875001 0.000503415625 0.671563925 0.013676403125 0.6621538546875 0.0358007453125 0.61222009375 0.040935303125 0.588691675 0.0434804484375 0.5699053078125 0.04377766875 0.5642340109374999 0.036487740625 0.543277865625 0.0307648453125 0.540810078125 0.0112335953125 0.5412646718749999 0 0.5433799265625 0 0.6716422171875001
0 0 0.5349576859375 0.008616967187500001 0.5204703640624999 0.0095288921875 0.5030697953125001 0.006010865625 0.4771417765625 0 0.4712636578125 0 0.5349576859375
0 0 0.46610049531250003 0.001762678125 0.46514605 0.0090762921875 0.455872359375 0.0113023734375 0.45061856718750004 0.0126201328125 0.44408542031250003 0.013302525 0.4310645875 0.011396428125 0.41160152656250004 0.008172570312499999 0.39867161093750003 0 0.3856675046875 0 0.46610049531250003
0 0 0.33342699374999996 0.0001382828125 0.334224009375 0.0045434203125 0.3432249421875 0.0176693796875 0.35332339375 0.022247696875 0.3552976234375 0.037377904687500005 0.3549454640625 0.048829928125 0.3356916875 0.053303856250000003 0.322907728125 0.054931362500000004 0.291853040625 0.047064910937499996 0.257703065625 0.044339942187499995 0.2538650046875 0.0366366234375 0.251963509375 0.018407459374999997 0.2523877984375 0.008910734375 0.259891609375 0 0.27119045937499997 0 0.33342699374999996
0 0.0496398078125 0.6087117734375 0.0488209359375 0.6243367734375 0.053452003125 0.6476378953124999 0.0634435578125 0.6617107828125001 0.08074616875 0.67229724375 0.09403555625 0.6719879296875 0.0981903734375 0.6687050125 0.12312913750000001 0.639513665625 0.13044275 0.6302399750000001 0.1311251421875 0.6172191406249999 0.12831072187499998 0.5964767265625001 0.12013581250000001 0.58496254375 0.093610934375 0.5699739765625 0.072126559375 0.5704740312500001 0.056727489062500004 0.5851378953124999 0.0496398078125 0.6087117734375
0 0.057485596875 0.6041725015625 0.07232178125 0.5853601546875 0.07431436875 0.547339321875 0.072970234375 0.5432090234375 0.0592089078125 0.5266228859375001 0.056193090625 0.5246122875 0.040568090625 0.5249759640625 0.0357714078125 0.5271684 0.0284577953125 0.5364420921875 0.0262317140625 0.5416958843749999 0.0242324828125 0.5500655859375 0.024027764062500002 0.5539718359375 0.026683573437500004 0.5702962578124999 0.033540723437499996 0.5883435875 0.043532279687499995 0.6024164765625 0.046548096875 0.604427075 0.057485596875 0.6041725015625
0 0.008991821875 0.46120635937500004 0.0084459078125 0.471623025 0.009307204687499999 0.4924109 0.0163008328125 0.5078540609375 0.0244757421875 0.51936824375 0.028245512499999997 0.521881490625 0.0380111375 0.52165419375 0.0460965953125 0.5162640203125 0.055636290624999994 0.5017365375 0.057862371875 0.49648274375 0.0592271578125 0.470441078125 0.0544596125 0.44974412187499996 0.04810135 0.4407886484375 0.0387451609375 0.433203446875 0.027026410937500002 0.433476203125 0.018940953125 0.438866371875 0.008991821875 0.46120635937500004
0 0.0677652953125 0.4284964578125 0.07412355781249999 0.437451934375 0.0822285640625 0.44285541406249995 0.1025410671875 0.4423826359375 0.1031474765625 0.44197837343749996 0.10993868749999999 0.433367090625 0.1108030515625 0.416874034375 0.107058328125 0.3859660609375 0.10383447187499999 0.373036146875 0.09048258125 0.348637509375 0.08071695625 0.3488648078125 0.0747211015625 0.3516053515625 0.0706783734375 0.3543004375 0.0633647609375 0.363574128125 0.060865721875 0.3740362546875 0.059364456249999996 0.4026820890625 0.0677652953125 0.4284964578125
0 0.129601053125 0.3299102328125 0.154309284375 0.34234009374999996 0.164074909375 0.342112796875 0.1720238890625 0.3393267921875 0.1815635828125 0.32479930625 0.1950565546875 0.290672384375 0.1976920734375 0.277606090625 0.19919333749999998 0.2489602578125 0.19079249843749999 0.2231458875 0.1842977578125 0.21679457968750002 0.1513675890625 0.2123590578125 0.1376957140625 0.21267727343749998 0.1277936109375 0.21550873906249998 0.1095330921875 0.22893870624999998 0.1063986875 0.23291314531250001 0.1048974234375 0.2615589796875 0.1122064328125 0.30820668281249997 0.129601053125 0.3299102328125
0 0.115092015625 0.443911203125 0.12508357187500002 0.4579840921875 0.126591478125 0.45898939062500005 0.1492477296875 0.4584620609375 0.1603763 0.45456165468750004 0.16351070625 0.450587215625 0.1795815234375 0.3849526953125 0.1808042859375 0.36162099062499997 0.1766458703125 0.34884287812500003 0.1680615265625 0.3451411953125 0.14476050468749999 0.3430825421875 0.13067919374999998 0.3512132578125 0.12127597812499999 0.3631365765625 0.112508128125 0.38154758125 0.1100090875 0.3920097078125 0.10837134531249999 0.4232597078125 0.10991503437500001 0.4310267484375 0.115092015625 0.443911203125
0 0.08044688125 0.5122132703125 0.0887112421875 0.54063180625 0.10051944374999999 0.5572634015625 0.1105093390625 0.563923509375 0.1275991796875 0.5635257375 0.13149648593750002 0.5617443843750001 0.14298930625 0.547171440625 0.1475779484375 0.5340596875 0.14863215624999998 0.528833171875 0.1496148015625 0.5100831718750001 0.1492156921875 0.5028096875 0.1462647921875 0.484671440625 0.13954412031250002 0.46401994531249996 0.12174006562499999 0.45012889375 0.11002131562499999 0.45040165 0.0939868796875 0.45857782656249996 0.0866732671875 0.46785151718750007 0.0844471859375 0.47310531093749997 0.0816751890625 0.48877577031249997 0.08044688125 0.5122132703125
0 0.18713879687499999 0.6315863734375 0.1915909609375 0.6210787875 0.192955746875 0.595037121875 0.19154853593750001 0.5846659140625 0.1863715546875 0.571781459375 0.17637999843750002 0.5577085703125 0.158285096875 0.5456449812499999 0.14721738906249998 0.545902584375 0.13954358125 0.5533639671875 0.13418309374999998 0.5625921984375 0.12932149375 0.580912284375 0.13031926875 0.599095990625 0.14417004687499999 0.6325864828125 0.146895015625 0.63642454375 0.16311491875 0.6485317734375 0.17045866875 0.6483608453125 0.17773558125 0.643509690625 0.18713879687499999 0.6315863734375
0 0.21225935625 0.545884284375 0.2257053 0.5312658828125 0.2336759015625 0.5141089046875 0.23663293749999997 0.45768529375 0.22539452031249999 0.444139946875 0.21394872812500002 0.43920437031250004 0.204046625 0.4420358359375 0.191781959375 0.4527252578125 0.184468346875 0.4619989515625 0.174472190625 0.5038474546875 0.173926275 0.5142641218749999 0.19017427343749999 0.548023940625 0.20973265 0.5475687140625001 0.21225935625 0.545884284375
0 0.2127968140625 0.417447890625 0.2193385828125 0.404290678125 0.22099237500000002 0.39879010625 0.22297131406249998 0.3610296890625 0.21843486093750003 0.34708992968749997 0.2122582640625 0.3383903265625 0.188234828125 0.338949478125 0.1845963703125 0.341375053125 0.17519315468750002 0.353298371875 0.16406274375000002 0.37956733593749997 0.161427225 0.39263362968750004 0.1611542671875 0.3978419625 0.168147896875 0.413285125 0.1726895125 0.41968189375 0.19120021250000002 0.4293949125 0.192144225 0.429372940625 0.2127968140625 0.417447890625
0 0.22605131875 0.3971767890625 0.234226228125 0.40869097187500003 0.23563989218749998 0.40963343906249994 0.264936765625 0.408951546875 0.269382478125 0.4078727 0.2844631796875 0.3788113515625 0.285939890625 0.3506340140625 0.278564365625 0.3257278 0.2758393953125 0.3218897390625 0.26453008125 0.314349996875 0.250721728125 0.3172723796875 0.2405466671875 0.325312178125 0.226827765625 0.34513891406249997 0.22210264375 0.36085483281249997 0.22114729375 0.37908400000000003 0.22269098281250002 0.386851040625 0.22605131875 0.3971767890625
0 0.2294793859375 0.7021281125 0.241808046875 0.68649531875 0.2423383640625 0.6763762718749999 0.2317100703125 0.6409529265625 0.22353516093749998 0.62943874375 0.20845607500000002 0.619385753125 0.20064357500000002 0.619567590625 0.19660084687499998 0.6222626765625 0.189287234375 0.63153636875 0.1828819453125 0.6420894140625 0.1820630734375 0.6577144140625 0.18501397343749998 0.6758526609375 0.188374309375 0.686178409375 0.1965492171875 0.697692590625 0.20785853125 0.705232334375 0.22153040625 0.7049141171875 0.2294793859375 0.7021281125
0 0.2599051515625 0.61662766875 0.2681494484375 0.6128594203125 0.27964226875 0.598286475 0.2929987609375 0.56676371875 0.29343609375 0.564932846875 0.2946575765625 0.54162555625 0.2910032125 0.5303963046875 0.28101165625 0.516323415625 0.2733356359375 0.5139010859375001 0.23972307499999998 0.522486396875 0.22809377656250002 0.5396635078124999 0.21864353281249999 0.571095346875 0.21714226874999998 0.5997411796875001 0.22168388437500003 0.6061379484375 0.23988561718749998 0.617093628125 0.2599051515625 0.61662766875
0 0.24588763593750002 0.51187393125 0.263056325 0.5192772953125 0.270868825 0.5190954578125 0.2863763921875 0.4911946171875 0.2893683953125 0.434103796875 0.28345807500000003 0.427767784375 0.27369245000000003 0.4279950828125 0.2577944921875 0.4335670921875 0.2476194328125 0.44160689062499997 0.2423954234375 0.4482309546875 0.2378067796875 0.46134270781250003 0.2346253484375 0.48482566718750003 0.23616903749999998 0.49259270781250003 0.24134601875 0.5054771625 0.24588763593750002 0.51187393125
0 0.2440432140625 0.6950265640625 0.24558690312499998 0.7027936046875001 0.25376181249999996 0.7143077859375 0.2691138546875 0.7191524453125 0.2788794796875 0.718925146875 0.2880097390625 0.7122101640625 0.300956796875 0.6884999078125 0.301017565625 0.68827090625 0.3037232546875 0.6366433 0.30368636875 0.6364165734375 0.2920146453125 0.617180809375 0.2862917484375 0.614713021875 0.2765261234375 0.6149403203125 0.2724833953125 0.6176354046875 0.26635106249999996 0.6229801171875 0.25485824375 0.637553059375 0.2505425578125 0.6454564796875 0.2459539140625 0.6585682328125 0.2440432140625 0.6950265640625
0 0.3490178796875 0.7354995875 0.3527876515625 0.7380128375 0.366323046875 0.7402987859375 0.3703657765625 0.7376037015625 0.37689578749999997 0.72932361875 0.37920455 0.6852698 0.378182878125 0.68150046875 0.3700079703125 0.6699862859375 0.3642850734375 0.6675185 0.3506131984375 0.667836715625 0.3465704703125 0.6705318 0.33925685625 0.67980549375 0.337030775 0.6850592843750001 0.334258778125 0.70072974375 0.3358024671875 0.7084967843750001 0.3490178796875 0.7354995875
0 0.40928095156250005 0.6641303140625 0.42704258125 0.6416084921875 0.428489534375 0.638193528125 0.42951539843750003 0.618618875 0.42518351093750006 0.6026369109374999 0.39160505 0.5636233093749999 0.3843679875 0.5637917546875 0.3712254296875 0.5713804234375 0.35764300625 0.5886029921875 0.35319084218749996 0.5991105796875 0.3502823671875 0.6173852046875 0.3551863921875 0.6354779921875 0.36685811562500004 0.65471375625 0.3762143046875 0.6622989593749999 0.3935467703125 0.6665773234375 0.40448426875 0.66632275 0.40928095156250005 0.6641303140625
0 0.3256171796875 0.4682723140625 0.32157445 0.4709674 0.312171234375 0.4828907171875 0.3099451515625 0.488144509375 0.30522003125 0.5038604296875 0.3041282015625 0.5246937625 0.305671890625 0.532460803125 0.3107123953125 0.5479494234375 0.3196591484375 0.5633471265625001 0.32978718125 0.57481585 0.33148357968750003 0.5759468109375 0.3594132671875 0.575296740625 0.36299030625 0.5740430375 0.3691226390625 0.5686983265625 0.3827050625 0.5514757578125 0.38715722656249996 0.5409681703125 0.390338659375 0.5174852109375 0.388658490625 0.5123223375 0.3788034140625 0.49564528125 0.3491911578125 0.46512263281250005 0.3316130328125 0.46553176875 0.3256171796875 0.4682723140625
0 0.40016481875 0.4853943765625 0.4032992234375 0.4814199375 0.4070318734375 0.4520719203125 0.4083271078125 0.42735737812499996 0.397990365625 0.4152182546875 0.3749623015625 0.40795126875000004 0.3626976375 0.4186406921875 0.3532944203125 0.430564009375 0.34856929999999997 0.44627992968749997 0.347750428125 0.46190492968749997 0.3525179734375 0.4826018828125 0.3596028953125 0.4925808421875 0.38577477031249996 0.491971684375 0.40016481875 0.4853943765625
0 0.2808546953125 0.45045699531250005 0.2888931265625 0.46457534218749996 0.29643266874999996 0.4696018390625 0.30106557500000003 0.47053440156250004 0.326456203125 0.469943428125 0.33758477187499997 0.466043021875 0.344898384375 0.45676933125 0.35352975625 0.44096249375 0.3584535265625 0.426108946875 0.3590904265625 0.41395616874999996 0.3509458671875 0.378598871875 0.3334147703125 0.3594994875 0.3219689765625 0.35456390937500004 0.3101137484375 0.357440834375 0.29993868749999997 0.36548063124999997 0.2862197859375 0.38530736718749997 0.2795415390625 0.40106874687499994 0.27704249999999997 0.41153087343749994 0.27581419218750003 0.43496837343749994 0.2808546953125 0.45045699531250005
0 0.3256699078125 0.35187678125 0.34120545625 0.33460875 0.34320893125 0.3298803359375 0.3448057296875 0.29941158749999996 0.343662071875 0.28773375 0.3384850890625 0.2748492953125 0.33031018125 0.2633351140625 0.326540409375 0.260821865625 0.318727909375 0.261003703125 0.30282995156250003 0.26657571406249997 0.290428809375 0.279869303125 0.28297871875 0.2917471609375 0.280361090625 0.308194325 0.2802409890625 0.3104859921875 0.2886075609375 0.333231990625 0.30055224062499997 0.34725941875 0.31116219218749996 0.353254846875 0.32327156874999996 0.352972996875 0.3256699078125 0.35187678125
0 0.26369737187500003 0.29115554375 0.2681495359375 0.28064795625 0.269648959375 0.27437068125 0.27139588593749997 0.2410373484375 0.27046967187500004 0.2363771234375 0.2625677203125 0.21965460781249999 0.2515313640625 0.20690653124999997 0.2420386953125 0.201925496875 0.2264136953125 0.202289171875 0.21324070781249999 0.2116992421875 0.2065624625 0.22746062031249997 0.2016905359375 0.2608666890625 0.201144621875 0.2712833546875 0.2055130578125 0.284706828125 0.21913790625 0.30389713125 0.2304472203125 0.311436875 0.2382597203125 0.31125503593750004 0.2584733625 0.2977796078125 0.26369737187500003 0.29115554375
0 0.35372316718749997 0.367480021875 0.3546305703125 0.3799436546875 0.3563107375 0.3851065296875 0.36630229375 0.39917941875 0.37188871093750003 0.40425137187500004 0.3742959921875 0.4048455890625 0.403592875 0.404163696875 0.4110876890625 0.4007380171875 0.42662323750000003 0.3834699875 0.43316500625 0.37031277500000004 0.43527342031250005 0.3598597421875 0.43631065781249995 0.3400680734375 0.4356216203125 0.32343777500000004 0.434214409375 0.31306656875 0.42658541562499996 0.29113571718750003 0.4095532046875 0.2811281875 0.3939282046875 0.28149186406250004 0.383889621875 0.2869274953125 0.3661279921875 0.3094493171875 0.3595862234375 0.3226065296875 0.355210784375 0.33909460625 0.35372316718749997 0.367480021875
0 0.413114596875 0.470007225 0.421153028125 0.48412557500000003 0.4323258640625 0.4942694828125 0.44703525156249996 0.49834880156250005 0.4517227609375 0.4982396984375 0.4635758640625 0.49354213125 0.4749322046875 0.4815733546875 0.4835635765625 0.46576651562500004 0.484726965625 0.458456665625 0.48550489375000005 0.44361291718749996 0.4800243375 0.42163206249999996 0.4748473546875 0.4087476078125 0.4612225078125 0.38955730312500003 0.4536829640625 0.3845308078125 0.4362413171875 0.3823357765625 0.43010898593749997 0.38768048906249997 0.41443695937499997 0.407552684375 0.40998479374999997 0.41806027031250004 0.4084835296875 0.44670610312500003 0.413114596875 0.470007225
0 0.4131887234375 0.59589341875 0.444482465625 0.5824201984374999 0.46515257187500003 0.5416237500000001 0.47210377656249997 0.5206540375 0.46874344062500006 0.5103282890624999 0.44925921718749995 0.4912743640625 0.444108609375 0.4890533546875 0.43131564375 0.4893511140625 0.4217789890625 0.4945149640625 0.41564665625 0.499859675 0.3999746296875 0.519731871875 0.39565894375 0.5276352906249999 0.3932963828125 0.53549325 0.39179511875 0.564139084375 0.3933388078125 0.571906125 0.4068271765625 0.5937005953125001 0.41197778281249997 0.5959216046875 0.4131887234375 0.59589341875
0 0.43323070625 0.6482270359375 0.41665035625 0.6668198765625 0.413379471875 0.6733984828125 0.4101980390625 0.6968814421875 0.4130124609375 0.71762385625 0.425456028125 0.740743140625 0.4355840625 0.7522118625 0.4450767296875 0.7571929 0.44643027343749997 0.7574214953125 0.47963339375 0.756648684375 0.4802329796875 0.7563746296875 0.493815403125 0.7391520578125 0.49604148593749997 0.7338982656249999 0.4990864390625 0.7130194734375 0.49949587500000003 0.7052069734375 0.496408496875 0.6896728921874999 0.4892783890625 0.6768338953125 0.4737004171875 0.6576890515625 0.4413161625 0.6428368625 0.43323070625 0.6482270359375
0 0.48976496718750007 0.3939649 0.5031778296875 0.40184583125 0.5252725609375 0.40133157031250005 0.52646490625 0.40091366875 0.5376847687499999 0.39154906093749997 0.5436743046875 0.3759012484375 0.545809109375 0.3351667546875 0.5369645546874999 0.312235625 0.518115696875 0.2996693875 0.508350071875 0.299896684375 0.49113435625 0.31200184062499997 0.48250298437500005 0.327808678125 0.47791434062500004 0.3409204296875 0.475005865625 0.35919505625000003 0.4764130765625 0.3695662625 0.4797734125 0.3798920109375 0.48976496718750007 0.3939649
0 0.48481549687500003 0.48654529999999996 0.48567679375 0.507333171875 0.49939109375 0.5434278296875 0.5111992953125 0.5600594265625001 0.522508609375 0.5675991703125 0.544991675 0.5740985421875 0.5529994953124999 0.5739121593750001 0.567430484375 0.5665536015625 0.5808764296875 0.5519351984374999 0.604680940625 0.5071643109374999 0.6094060609375 0.4914483921875 0.60967901875 0.4862400578125 0.5921949484375 0.447632153125 0.5784336203125 0.43104601562499995 0.5672607859375 0.42090210624999996 0.5369661359375 0.40340029218750006 0.5252473859375 0.4036730484375 0.50921295 0.411849225 0.49340444375 0.4343255859375 0.4888158015625 0.4474373390625 0.4860438046875 0.46310779999999996 0.48481549687500003 0.48654529999999996
0 0.5903054203125 0.5441728640625 0.58780638125 0.554634990625 0.58589568125 0.5910933234375 0.5893924953125 0.5988149046875 0.601200696875 0.6154465 0.6403056203124999 0.6509501859375 0.6611076031249999 0.6634709640625001 0.6668305 0.6659387531250001 0.6824555 0.6655750765625 0.69249408125 0.6601394453125 0.697718090625 0.6535153796875 0.7227216546874999 0.592379115625 0.7242212140625 0.5637658328125 0.7192116703125 0.5411725374999999 0.71571485625 0.53345095625 0.707539946875 0.5219367734375 0.6814245046875 0.49913570625 0.670115190625 0.4915959640625 0.66243916875 0.489173634375 0.64095479375 0.48967368906250003 0.608612965625 0.511234375 0.601299353125 0.520508065625 0.5903054203125 0.5441728640625
0 0.7952943359375 0.7789528812500001 0.8251135906249999 0.766814475 0.8367428890624999 0.7496373640625 0.8454417515625 0.72230656875 0.8478799421875 0.67578313125 0.8415196406250001 0.6584915296875 0.8241250203125 0.6367879796875 0.81281570625 0.6292482359375 0.7994167890625 0.62435811875 0.7876980390625 0.624630875 0.7457270640625 0.6438146921875 0.7252404640625 0.6624984546875 0.7179268515625 0.6717721453125 0.7152913328125 0.6848384375000001 0.7132441546875 0.7239009375000001 0.714651365625 0.7342721453125 0.7161950546875 0.7420391859375 0.7366770515625001 0.77927681875 0.7584974484375 0.7798093374999999 0.7952943359375 0.7789528812500001
0 0.8710398250000001 0.7177572609375 0.8762168062500001 0.730641715625 0.8807584234375 0.7370384828125001 0.8987349609375 0.7468939875 0.931147065625 0.7461395859375 0.9371260906250001 0.740928490625 0.9402604953125 0.7369540515625 0.9469387421875 0.7211926734375 0.9476211359375 0.708171840625 0.9442608 0.6978460921874999 0.9342692453125 0.683773203125 0.9249130546875 0.676188 0.9134672625 0.6712524234374999 0.8958891375 0.671661559375 0.8819443046875 0.6771881078125 0.876856775 0.6812080078125 0.8701785281250001 0.6969693859375 0.8696326140625 0.707386053125 0.8710398250000001 0.7177572609375
0 0.8942608203125 0.83673228125 0.8951691437499999 0.8380116359375 0.8982395515625001 0.8389805671874999 0.9191100890625 0.8384948 0.946769265625 0.8212046890625 0.95617248125 0.8092813718749999 0.9567183953124999 0.7988647046875 0.9516778921875 0.7833760828125 0.9433665046874999 0.77446606875 0.937643609375 0.7719982796875 0.9202019625 0.769803246875 0.9003977546874999 0.7754661765625 0.89726335 0.779440615625 0.8942608203125 0.83673228125
0 0.47724559843750003 0.6710016343749999 0.49232468437500004 0.6810546265624999 0.520653025 0.6932701796875 0.5367663015625 0.6928951390625 0.5486923515625 0.6849446343750001 0.5888937078125001 0.643693590625 0.592511090625 0.635156178125 0.5944345859375 0.598453703125 0.5917597578125 0.589006090625 0.5797256265625 0.5580743078125 0.5715507171875001 0.546560125 0.4941505359375 0.5717705453125 0.482657715625 0.5863434890625 0.47834202968749995 0.5942469078125 0.46693866093749997 0.6257242062499999 0.46207706093749995 0.644044290625 0.4708873359375 0.6620461609375 0.47724559843750003 0.6710016343749999
0 0.553821796875 0.776770246875 0.5639361859375 0.77653483125 0.5691143265624999 0.7754389359375 0.585285240625 0.76465859375 0.5944982296875 0.746128853125 0.5962610781250001 0.7124917 0.591558653125 0.7007883203125 0.5815670984375 0.68671543125 0.5777973265624999 0.684202184375 0.5720744296875 0.6817343953125 0.5466838046875 0.68232536875 0.5305128906250001 0.6931057125 0.5230628 0.7049835703125 0.5182012 0.7233036546875 0.530371809375 0.7516312734375 0.553821796875 0.776770246875