0 0 0.8637512265625 0.0009495984375 0.8632477015625 0.018564287500000002 0.8382872125 0.021690506249999998 0.8094860671875 0.013487990624999998 0.795142309375 0 0.789085759375 0 0.8637512265625
0 0 0.7636092421875 0.0152158203125 0.7635207187499999 0.0266146359375 0.7713042999999999 0.0406064453125 0.763373 0.044056559375 0.75897006875 0.0470937328125 0.6844325109375 0.021541385937499997 0.6562019875 0 0.65757909375 0 0.7636092421875
0 0.0790144953125 0.8274689937499999 0.0937541515625 0.818814753125 0.1119020640625 0.780768003125 0.1111220328125 0.7519895828125 0.0820750125 0.7220673 0.058424221875 0.7274381609375 0.037009928125 0.749804121875 0.03292390625 0.8021605421875 0.04481938125 0.8217160796874999 0.056127628124999995 0.8276021453125001 0.0790144953125 0.8274689937499999
0 0.10688104062499999 0.7148335390625 0.11172105624999999 0.7133276359375 0.1313955140625 0.6857385328125 0.132739240625 0.6527611453125 0.126035846875 0.6255871671875 0.110234121875 0.6060543546875 0.096668890625 0.60351664375 0.08072395624999999 0.61145930625 0.06733545156250001 0.628545309375 0.0587764375 0.64691153125 0.0557568640625 0.6730954234375 0.0634261546875 0.7005254453124999 0.07913568125 0.7149949578125 0.10688104062499999 0.7148335390625
0 0 0.6606048343750001 0.020804309375 0.6637840421875 0.027402209374999997 0.6637456562499999 0.053801153125 0.6396250265625001 0.062458128125 0.614062496875 0.0625381109375 0.6120995578125 0.061260201562500005 0.6003321453125 0.044358509375 0.5598726703125 0.02945835625 0.549698234375 0.013220078125000001 0.54979270625 0 0.5584898484374999 0 0.6606048343750001
0 0.058086765625 0.5296563937500001 0.0646195265625 0.561017978125 0.093029946875 0.591505884375 0.11062545937499998 0.5914035171875 0.1270829625 0.585512584375 0.15261679687500002 0.5578893921875 0.159116040625 0.5421517859375 0.15844265468750002 0.5107561125 0.14953018906249999 0.48987490312500004 0.12982221249999998 0.4703648171875 0.1006319828125 0.46791800937500005 0.0807807984375 0.47588339843750005 0.063166109375 0.5008438859375001 0.058086765625 0.5296563937500001
0 0 0.4672648125 0.0059959953125 0.47403350624999996 0.0995884859375 0.521171896875 0.11467272343749998 0.5210841390625001 0.12282951093750001 0.3209022390625 0.057529853124999995 0.311502475 0 0.3869857734375 0 0.4672648125
0 0.1315540890625 0.42100963125 0.1697492859375 0.42078741875 0.1789179984375 0.4155901078125 0.2031385765625 0.372274759375 0.20246519062499999 0.3408790875 0.1907830046875 0.3160890421875 0.177537709375 0.3056995703125 0.1522537296875 0.3032300390625 0.13826191875 0.3111613375 0.11457456562499999 0.34139041875 0.114181503125 0.3989586203125 0.1315540890625 0.42100963125
0 0.2035225765625 0.3724350796875 0.203876028125 0.4116825125 0.21811464531250002 0.44561589531249995 0.2433620609375 0.4729436515625 0.26093269375 0.47649359375 0.271357578125 0.47643294375 0.28253120625 0.4700991421875 0.31207793437500003 0.43983596875000003 0.3206369484375 0.4214697453125 0.3283092875 0.3769423578125 0.321989815625 0.34034626874999996 0.30650802499999996 0.3129616984375 0.28750999843749997 0.2999890625 0.248234209375 0.305450828125 0.21023511093749997 0.35146296875 0.2035225765625 0.3724350796875
0 0.2224067859375 0.599056715625 0.2057434703125 0.5779059828124999 0.17080051093749998 0.5728760078125 0.14516003125000002 0.603116453125 0.14345371406250002 0.6449925015625 0.1608886296875 0.6723657109375 0.18231739375 0.6784656828125 0.19040495 0.67841863125 0.20797691875000002 0.6668584921875 0.22036900468749998 0.649067434375 0.2224067859375 0.599056715625
0 0.15801477656250001 0.8051395687499999 0.15914560312499998 0.80499594375 0.1788200625 0.7774068375 0.176726775 0.7329362640625 0.1570187984375 0.713426178125 0.13141488437499999 0.7188084031249999 0.1157533203125 0.7437575296875 0.1129470359375 0.7647069140625 0.1196930875 0.79083399375 0.13495058124999998 0.8052737515624999 0.15801477656250001 0.8051395687499999
0 0.2492954671875 0.6603836546874999 0.21816769374999997 0.6579494265625 0.21815043125 0.657949528125 0.2030237734375 0.6698110703125 0.1944647578125 0.6881772921875 0.194711565625 0.7300419765624999 0.2028074359375 0.7470029859375 0.22365020625 0.7625802140625 0.243184221875 0.7624665687500001 0.25245215625 0.7506391109375 0.2649233625 0.705747378125 0.2656396609375 0.6881681640624999 0.2492954671875 0.6603836546874999
0 0.34732045624999996 0.5237733312499999 0.33477536093750004 0.4818231984375 0.30206436718749996 0.4715679078125 0.3019694703125 0.4715684609375 0.270818896875 0.4939701328125 0.25825369062500003 0.5243961703125 0.25806172968749996 0.5291072265625 0.25902701875 0.543754753125 0.27429552031250004 0.5763738296875001 0.3051431078125 0.584023328125 0.30524421875 0.5840227390625 0.33899849843749996 0.545906125 0.347230875 0.5259718234374999 0.34732045624999996 0.5237733312499999
0 0.35436749375 0.6958633062499999 0.35485879531250003 0.68380589375 0.3484966671875 0.6482567046875001 0.32140277031250003 0.618323059375 0.298071915625 0.6158421609375 0.2762676046875 0.6238189125 0.2586529171875 0.6487794 0.2553134078125 0.6828150515625 0.26010633437499997 0.708953490625 0.2870935859375 0.7415043906250001 0.32626273125 0.7386598796875 0.35436749375 0.6958633062499999
0 0.3218985390625 0.764297815625 0.31426100625000003 0.7492668796874999 0.30275554531250004 0.744100553125 0.25946686093750004 0.7522022953125 0.24380529687500002 0.7771514203125001 0.24284549375000003 0.8007066984375 0.264991690625 0.8373219171875 0.2956045234375 0.8371438156250001 0.30704876406250003 0.8304244468749999 0.319972965625 0.811554790625 0.3218985390625 0.764297815625
0 0.4359979046875 0.45603024531249997 0.43567979687499997 0.4207075578125 0.4103257359375 0.395997053125 0.36888353125 0.4067046875 0.3572372453125 0.433747546875 0.3571528984375 0.43581755624999996 0.359648084375 0.46563264843749996 0.3816140453125 0.4914127875 0.417098125 0.49120634687500003 0.4358239046875 0.46030049999999995 0.4359979046875 0.45603024531249997
0 0.431245453125 0.5103654453125 0.41625781249999994 0.49745975312499996 0.3809186640625 0.4976653515625 0.3410452046875 0.5435981234375 0.3369591828125 0.5959545453125 0.343811878125 0.6194643703125 0.3615667296875 0.6389858187499999 0.3842526234375 0.649172525 0.38504714687499997 0.6491679031250001 0.4261264984375 0.6359935859375 0.45045372187500005 0.5900609859375 0.4466206 0.5403672687500001 0.431245453125 0.5103654453125
0 0.48129358906249997 0.46815974843749997 0.463928753125 0.4630275078125 0.444467584375 0.48538210625 0.44329449062500004 0.5141718890625 0.45270962499999995 0.5300524046875 0.4755781578125 0.529919359375 0.49038277968750005 0.508664671875 0.4919989078125 0.5001512140625 0.49224583125 0.4940912671875 0.48129358906249997 0.46815974843749997
0 0.43201097343750006 0.7455635468749999 0.4317888484375 0.70788533125 0.41277516406250003 0.6755627890625 0.40911656093750004 0.675584075 0.3793043265625 0.6780994031249999 0.3556169734375 0.7083284875 0.3524194546875 0.743671628125 0.35224696718750004 0.74790475 0.37308540625000003 0.7828008828125 0.402706746875 0.7849704375 0.4065348828125 0.784948165625 0.42131022500000004 0.7733621078125 0.43182114531250004 0.7502222578125 0.43201097343750006 0.7455635468749999
0 0.55653269375 0.373200096875 0.538009846875 0.3425755109375 0.5246579062500001 0.3348032921875 0.49536103125000003 0.33497373750000004 0.4656010140625 0.370471415625 0.46336147031249997 0.425433725 0.48427605781249994 0.46325321875 0.5030094484375 0.46415032656250005 0.5341691546875 0.46396904375 0.5539466015625 0.43666734218750003 0.55653269375 0.373200096875
0 0.52178729375 0.648456103125 0.553408634375 0.6032196328125 0.5536253640625 0.5979007000000001 0.550307184375 0.5475498296875 0.5272261828125 0.514976203125 0.513767596875 0.5098212390625 0.4940230578125 0.5151693734375 0.455917315625 0.56379876875 0.4553109625 0.626601475 0.4653599578125 0.6435511234375 0.4853141640625 0.654833084375 0.49546051875 0.6547740546874999 0.52178729375 0.648456103125
0 0.3879229359375 0.7959913546874999 0.376645609375 0.8152316453124999 0.373519390625 0.8440327906249999 0.383461740625 0.8635996921875 0.40341275000000004 0.8708834578125 0.40582030781249995 0.8708694515625 0.4323965109375 0.8606983640625 0.43775922500000003 0.8488923203125 0.44305185937499997 0.8148453046874999 0.43333752031249995 0.7957271390625 0.3879229359375 0.7959913546874999
0 0.488277584375 0.7448286562499999 0.4884268875 0.741164503125 0.4710699734375 0.716669134375 0.449478953125 0.71941138125 0.43175532656250004 0.7518375984375 0.43168098749999995 0.753661978125 0.4342774859375 0.7809906828125001 0.453259134375 0.79717336875 0.45652285312499996 0.79715438125 0.471883521875 0.7925467421875 0.4852720265625 0.775460740625 0.488277584375 0.7448286562499999
0 0.43900682187499995 0.6391665468750001 0.425405028125 0.66148705625 0.42607841406249997 0.6928827265625 0.44063842343750004 0.7160160546875 0.444640975 0.71599276875 0.476107859375 0.69845843125 0.47808128125 0.6500272 0.46656386093749996 0.633772959375 0.43900682187499995 0.6391665468750001
0 0.5310063609375 0.762354196875 0.5559334625 0.728150759375 0.55568665625 0.6862860765625001 0.5457443046875 0.6667191765625 0.526639634375 0.65636379375 0.49897595 0.6643746328125 0.481254615625 0.6919523734374999 0.4797615875 0.7285939140625 0.49524337812499997 0.7559784859375 0.504803659375 0.7625066406250001 0.5310063609375 0.762354196875
0 0.4790127375 0.8164585734375001 0.4672939875 0.8165267515625001 0.44793946250000005 0.836264096875 0.4468730140625 0.862436628125 0.4589817796875 0.876757659375 0.4785130296875 0.8766440296875 0.48767534843749993 0.8674325109375 0.49221308906249994 0.83993146875 0.49239971718750003 0.8353512765625 0.4790127375 0.8164585734375001
0 0.5929262609375 0.8218472125 0.592973840625 0.8206795140625 0.5849712078125 0.7822615749999999 0.56135698125 0.762774215625 0.535646421875 0.7707736921875 0.522358890625 0.79017381875 0.5222559375 0.792700475 0.524244559375 0.8349475203125 0.543321653125 0.852886065625 0.569805796875 0.8527319859375 0.5794287203125 0.8464013156249999 0.5929262609375 0.8218472125
0 0.6030870796875 0.6041597546874999 0.6266578453125 0.578660259375 0.6320571234375 0.54199599375 0.620588228125 0.5119714453124999 0.5858585578125 0.5017069656250001 0.5586915328125001 0.5214897625 0.5498125843749999 0.54770774375 0.5625947359375 0.5934244468750001 0.57779315625 0.6038025546875 0.582290175 0.6042807484375 0.6030870796875 0.6041597546874999
0 0.60127266875 0.69847865 0.6187807140625 0.676135415625 0.6219069328125 0.6473342718749999 0.6009923453125 0.6095147765625 0.571588825 0.6123024734375 0.5520210125 0.637274325 0.5504213390625 0.67653311875 0.56680908125 0.6996607203125 0.5887773234375 0.6995329124999999 0.60127266875 0.69847865
0 0.6513856375 0.65074265 0.6506637625 0.65074685 0.62771003125 0.6702460875 0.62003769375 0.7147734765625 0.6408199234375 0.7414076359374999 0.6478535046875 0.741366715625 0.6649230046875 0.73937035 0.6847997828125 0.71400420625 0.6851397140625 0.7056617125 0.6799111812499999 0.6830255515625 0.6719219562500001 0.6634472890625001 0.6513856375 0.65074265
0 0.6141911609374999 0.769602390625 0.6111715875 0.7957862828125 0.619374103125 0.8101300406249999 0.635375796875 0.8148593999999999 0.6372038484375 0.814848765625 0.6559868171875001 0.7981421890625 0.658899746875 0.7745755484375 0.64534104375 0.7554405 0.6251965125 0.755557696875 0.6141911609374999 0.769602390625
0 0.6963764703125 0.7207767328125 0.6938741859374999 0.720791290625 0.6726866296875 0.7429204375 0.6699297078125 0.772242759375 0.6695997359375 0.7803408468749999 0.684508978125 0.8121924140625 0.712849428125 0.814408671875 0.7158377125000001 0.8143912859375 0.73480819375 0.7901817359375001 0.7364527703125 0.749820940625 0.7193849046875 0.7230240109375 0.6963764703125 0.7207767328125
0 0.7709060203125 0.78603794375 0.7474685203125 0.7861743 0.7219346875 0.8137974921875 0.7204416578124999 0.8504390359375 0.7423631046875 0.873597890625 0.763849278125 0.8734728875 0.7771523640625 0.8723504765625 0.7884523156250001 0.8538072859374999 0.7901094140625 0.8131391984375 0.7709060203125 0.78603794375
0 0.8613136078125001 0.79324248125 0.8438055640625001 0.815585715625 0.8398261859374999 0.8653248843749999 0.8556279124999999 0.884857696875 0.8808052468750001 0.8899444843750001 0.9118022874999999 0.8552372593750001 0.9134682406250001 0.8143518296875 0.8946233781249999 0.7904320578124999 0.8613136078125001 0.79324248125
0 0.9373206875 0.7896554171875 0.9424701125 0.7830838796874999 0.9414767921875 0.7595399656249999 0.9254617765625 0.7452416578125 0.9194957562500001 0.747893 0.9079537328124999 0.7675848937499999 0.9128533031250001 0.7911060812499999 0.921622646875 0.79757276875 0.9282393953125 0.7975342734375 0.9373206875 0.7896554171875
0 0.8161234593750001 0.7210168203125 0.8147370765625 0.755041109375 0.8303255125 0.7798084265624999 0.8556094921874999 0.782277959375 0.8730108921875 0.7625519781250001 0.874397275 0.728527690625 0.8549025890624999 0.7037830984375 0.833524859375 0.7012908375 0.8161234593750001 0.7210168203125
0 0.77254805625 0.705006 0.78799633125 0.68529138125 0.7963203453125 0.660712025 0.7964883109375 0.6565898515625 0.7891359078125 0.609402409375 0.7695345765625 0.5872750703125 0.7463103656250001 0.5821769203125 0.7065013515625 0.6007249484375 0.6841272546875 0.6466461859375 0.6813209703124999 0.6675955734375 0.6899135015625 0.6963285406249999 0.7168117984375 0.72065784375 0.739507425 0.7205258046874999 0.77254805625 0.705006
0 0.6449205140625 0.4000221578125 0.62332949375 0.40276440312500006 0.6059280953124999 0.42249038437499997 0.602908521875 0.44867427656250003 0.610791103125 0.4708697921875 0.6280548890625 0.474357740625 0.6378410390625 0.47430080625000004 0.6594152609374999 0.45522465624999997 0.66075408125 0.42236766406250004 0.6449205140625 0.4000221578125
0 0.7690044328125001 0.3726573765625 0.7688563484375 0.3475385671875 0.7420823875 0.30975316249999996 0.7107257421875001 0.3125522234375 0.685905759375 0.34182497500000003 0.6850986703124999 0.36163234375000003 0.68511878125 0.3898918578125 0.7139491828125 0.4223077453125 0.7453995734375 0.42212477187499997 0.7682755375 0.39054573125 0.7690044328125001 0.3726573765625
0 0.7370665125 0.5790128953125 0.7628136359375 0.546155196875 0.7664701093749999 0.511528959375 0.767659865625 0.4823302328125 0.7549341015625 0.4520022703125 0.733379646875 0.42988629375 0.6944237906249999 0.42749629999999994 0.6773423265625 0.43937052187500003 0.6479723234375 0.48925740937500006 0.6502789 0.5284934781249999 0.6607179125 0.5598323359374999 0.6824856578125 0.57671380625 0.6977907234375 0.584474659375 0.7370665125 0.5790128953125
0 0.8376793625 0.4280117375 0.8201868749999999 0.4060683765625 0.8188512843750001 0.406076146875 0.7885678671874999 0.41128934843750004 0.779405546875 0.42050086562500005 0.776812553125 0.43621574843750005 0.7793324187499999 0.470217309375 0.7951290484375 0.48432063750000004 0.7974062125 0.484307390625 0.8227978296874999 0.48173928125 0.8377773062499999 0.44837087656249996 0.8384804562499999 0.4311143265625 0.8376793625 0.4280117375
0 0.8763876765624999 0.6077971140625 0.8897761796875001 0.5907111125 0.8931303140625 0.5467321734375 0.8936010234375 0.5351801609375 0.8673015312500001 0.49533477968749995 0.8283456765625001 0.4929447859375 0.7969524671875 0.5206020687499999 0.7876056515625 0.5678866609375001 0.7874474625000001 0.5717689203125 0.7921199296875 0.591279259375 0.8097681359375001 0.6134179609375 0.8348514781249999 0.624681203125 0.8419915437500001 0.6246396640625 0.8763876765624999 0.6077971140625
0 0.93217701875 0.478604046875 0.941445984375 0.4667752765625 0.9491457453125 0.4371494484375 0.9501996625 0.411284446875 0.9429054953125 0.38303454531250003 0.92905689375 0.3634903703125 0.9001865984374999 0.3531918015625 0.872309625 0.3664371484375 0.8546949359375 0.3913976375 0.8526686828125 0.44112544218750005 0.87358326875 0.47894493593750004 0.886828565625 0.4893344078125 0.908312940625 0.48920941406249996 0.93217701875 0.478604046875
0 0.9785347 0.4443035453125 0.96108180625 0.43414414375000004 0.9481198828125 0.4407611375 0.9149502734375 0.488053496875 0.914097115625 0.50899151875 0.9313187421875 0.5415992328125 0.9444579796875001 0.54749918125 0.9626376593750001 0.547393415625 0.9682148265625001 0.54661784375 0.97462845 0.5401697796875 0.9785347 0.4443035453125
0 0.973781409375 0.5992950593749999 0.959310684375 0.5710580484375 0.95581769375 0.6567821640625 0.9573399609375001 0.6567733078125 0.972122140625 0.6400164359375 0.973781409375 0.5992950593749999
0 0.9614461500000001 0.6719995875 0.9619864843749999 0.6587388390625 0.9564190109374999 0.6420247828125001 0.9442036 0.6303210046875 0.9127403109375001 0.635737315625 0.8950189765625 0.6633150578125 0.8916794687499999 0.697350709375 0.9136704312499999 0.7257610718749999 0.91898753125 0.7257301375 0.94263744375 0.7166789890625 0.9561325937499999 0.6969757328124999 0.9614461500000001 0.6719995875
0 0.8985730249999999 0.6431829453125 0.89699315625 0.6340339234375 0.8772851796875001 0.6145238375 0.8493015609375 0.6303864359375 0.8379728265624999 0.6448438234375 0.840279403125 0.684079890625 0.8524224828125 0.6964369390625 0.8622390453125 0.696379828125 0.8859112281250001 0.69035599375 0.8979618671875 0.6581818187499999 0.8985730249999999 0.6431829453125
0 0.9376967546874999 0.7995947984375 0.936393890625 0.8552856265625 0.9525800578125001 0.8551914593750001 0.961167771875 0.846557634375 0.9657138906249999 0.8308313890625 0.962447509375 0.8151505984374999 0.9376967546874999 0.7995947984375
0 0.967686340625 0.7488787609374999 0.9696296234374999 0.7011871796875 0.95578719375 0.712041696875 0.9550406796875001 0.7303624671875 0.9665265281250001 0.7488855078125 0.967686340625 0.7488787609374999