0 0.6618503526739227 0.686469684754905 0.050868355519063255 0.06151703000676108
0 0.8428060722351136 0.7612167881126312 0.12491649386045225 0.17007162409989132
0 0.3981754107088721 0.7950976080521794 0.07371013402938917 0.0947839265097837
0 0.2130349772685333 0.6148544826941351 0.0684518161013326 0.0788080047591075
0 0.02475372726853327 0.612663632001909 0.02944386317923329 0.08147847142047145
0 0.6280054123337251 0.5821907174172234 0.046200100344580976 0.056971434839471334
0 0.7353467593321955 0.33270943276572273 0.048036324269063256 0.06148407633970994
0 0.2139138644450455 0.44146243602799873 0.07956950902938917 0.09485210651057904
0 0.7052357085975516 0.9345804680935412 0.057557425273432015 0.07555687175763595
0 0.3198344021874554 0.6028186540419981 0.054286324269063255 0.06155680167389175
0 0.3480104005658976 0.3375754620464524 0.06676779550475107 0.07742149959221542
0 0.5131436659838778 0.9378129140674514 0.05147546423448155 0.0739239190901472
0 0.40679070575817783 0.7069345367202248 0.06858015508265165 0.08056695359245403
0 0.7124199537328783 0.13795091609640467 0.055629647422481734 0.060205522840743965
0 0.5092044139552829 0.8463793920671332 0.049329719865644786 0.06286603617321589
0 0.5351439821397973 0.4530112000715876 0.0639710665071341 0.08500459709181776
0 0.2930383027566482 0.4548805933720437 0.06558008487160212 0.08209422725870982
0 0.8331257402574721 0.340877016112313 0.035138659090609536 0.04414998933799978
0 0.33658116598387783 0.9357584233768161 0.07349557670387145 0.09927270500974394
0 0.6991734801112023 0.3635321714274048 0.05585685298249583 0.06762853417409058
0 0.15626718546893364 0.27129483935390813 0.06085046423448155 0.07403300709142009
0 0.7743643948838548 0.3753423754375861 0.052567223213814886 0.06934771134030644
0 0.43597146549741045 0.8572436193904973 0.04014200365221221 0.05670566967198276
0 0.13209821752600534 0.945095418682363 0.06058476902343193 0.07559209809138032
0 0.08948442897281661 0.6516903166772723 0.044507556767077495 0.05509664842257926
0 0.5572490328711459 0.332199260741542 0.09311909669154499 0.1215668751790222
0 0.19143053286785058 0.809094831357408 0.07204656858702041 0.09456929634289182
0 0.30669210511285 0.11838911004136174 0.06679946677104898 0.06804877225890867
0 0.4558691339235108 0.7442169080601335 0.049626097808013546 0.0630647576732553
0 0.4224451590873143 0.5298089627227702 0.0653864769677865 0.08218961084201659
0 0.24008799552918253 0.9565061806969986 0.05741935298249583 0.06764671550763594
0 0.5717237792144025 0.9377134640754056 0.055895564427247635 0.07543989784074405
0 0.22609013067709993 0.6915533426957259 0.051143784039729925 0.06610914642345414
0 0.38310024106825097 0.4684260200509067 0.05775444236961631 0.07565680067432919
0 0.844655349834549 0.4644236041135857 0.07204656858702023 0.09456929634289164
0 0.5136551712654741 0.11689188673613318 0.062342581523432014 0.07561255209161892
0 0.11999804342115743 0.6098664433481812 0.0508586222094463 0.055365822590107784
0 0.26744005924947 0.5545624200349983 0.08642832234099185 0.10742937717814716
0 0.4703288745880199 0.9013845180617244 0.05773860673646745 0.08034316434098265
0 0.1357963672844193 0.6647266660168629 0.05106196342287887 0.061421646423454136
0 0.2466635036468574 0.8409811780314985 0.05106366801906326 0.06151930267345414
0 0.5965231818121903 0.8817634560789054 0.04816807244275125 0.06343833767305647
0 0.02904834618439625 0.09797442333704529 0.05602390340856665 0.07719884667409056
0 0.5586065758885616 0.6337163074076784 0.05747901384894973 0.07106468425763594
0 0.17991060592033362 0.7308516526893627 0.051118215096963925 0.06464430267345414
0 0.16539631817792375 0.5705590426877718 0.05255408071182921 0.06300119142365297
0 0.651859518257354 0.8300742340865416 0.048036324269063256 0.06148407633970976
0 0.7977279825468344 0.28188327677431324 0.09250857878375776 0.10896467359563582
0 0.31712286485208263 0.26848001670908894 0.05121416675077954 0.06454778275680084
0 0.9273935320570719 0.6848730114576307 0.08293826628375811 0.10885331292766995
0 0.23122546427959448 0.8962590240292713 0.038429004920495925 0.053659008255090866
0 0.8571743096532117 0.8683934887809948 0.038304075131545545 0.05209537192174416
0 0.4700838181779238 0.5741044027291334 0.0589711311379002 0.07264422925783479
0 0.6892328331921622 0.8680014954248595 0.049554010500779455 0.06452846508990859
0 0.6321940803527883 0.6431645800843142 0.04467730032431163 0.05363407733927232
0 0.1377600620888438 0.777226666016863 0.05290330113591431 0.06622725667369274
0 0.1989803855483639 0.5256465320257716 0.060626173599346876 0.07237057817472703
0 0.7539586172877146 0.1907673807685862 0.06883974797016937 0.08984543367580074
0 0.06791734618110096 0.5795789593411815 0.07348413879807006 0.09302384134309047
0 0.7922078287279353 0.8606077134388588 0.0575591298696164 0.07565452800763595
0 0.7265093218313717 0.45289466343090456 0.11212792283780004 0.15898753709818117
0 0.19118192775829593 0.21311926002545337 0.05406032903774412 0.05979671650719851
0 0.44396737743068904 0.6440987293920882 0.06416126521858079 0.08471390100851099
0 0.3021207966675683 0.6619754780394527 0.05761466548249583 0.06764898817432918
0 0.8993718977232283 0.6009701787873581 0.047913099076297525 0.06001809625636341
0 0.9354518993480816 0.38580880279276697 0.04962439321182899 0.0629671014232553
0 0.7252661960189453 0.5606708007638137 0.04490329555563068 0.05539416250596574
0 0.0455101067311125 0.8620732860041361 0.035165932629559846 0.04571248933799978
0 0.14461839366603874 0.40941245735199916 0.05133739194354545 0.06601376284014737
0 0.3666319411509765 0.2409368193825432 0.057584698812382304 0.07711937175763603
0 0.16705387012379308 0.8892635893539081 0.04155230032431154 0.05359771467218159
0 0.09396205438150133 0.23698292667886306 0.04956984613392854 0.0598421014232553
0 0.4450045827917156 0.07703849872690631 0.04164825197812725 0.05350119475552817
0 0.5847815178536122 0.5223248214114964 0.08158350522453794 0.10395572809416435
0 0.35979692897281657 0.6548356873806342 0.06090671590856669 0.07725566334142009
0 0.6370750803560836 0.16206912141945057 0.05436814488591431 0.0662443016738917
0 0.9118987658217221 0.9158957447883125 0.06718129631635392 0.08992377225890849
0 0.5417538611953393 0.8764396094048148 0.041458053266680395 0.053791890838834885
0 0.6272607130617784 0.9422651514162688 0.051237042562382304 0.07704551009010743
0 0.10113281533525469 0.8267903140117723 0.04788241634497821 0.058260283756363405
0 0.7099077974783472 0.7995060340944956 0.059049542562382304 0.07713641675783478
0 0.6609111899298652 0.7669111627545868 0.03690790949641087 0.050419307004891854
0 0.05485387905224685 0.9051420333386361 0.03544306574641087 0.0504022620046932
0 0.2842004598153676 0.8882834393698165 0.05773860673646727 0.08034316434098265
0 0.7835463003210161 0.5433838507717679 0.055804726561985166 0.07582938650739734
0 0.1462275324641088 0.5015999573519991 0.060531926541715644 0.07256475434138032
0 0.8321025771063774 0.5955008814449039 0.051451599887899845 0.07255673159014756
0 0.48270122605401256 0.17823791939845154 0.041497753246410876 0.05047271467218155
0 0.2567660174498704 0.21153912603436206 0.07635757462398499 0.08983527509348814
0 0.1929129866007288 0.9387732406906352 0.048188527596963925 0.06461021267305682
0 0.4029064062479405 0.3054083993873157 0.056068717176850316 0.0741726392574372
0 0.09388733116356726 0.7696863386775904 0.0335795682829783 0.04432712050445424
0 0.47030950932890025 0.8107776993952699 0.05778171590856669 0.077219300674329
0 0.9611021047025176 0.7813394787953123 0.07512845941492116 0.09772952267663601
0 0.3514464610331836 0.8476680773790435 0.05286019196381497 0.06935112034034603
0 0.6011037674465751 0.6966981127466327 0.054603873426850316 0.07415559425723828
0 0.4431671676120262 0.24026520472626997 0.07356595941492117 0.09771134134309048
0 0.675357699265356 0.6100799074235868 0.06079322402541756 0.08194089067472685
0 0.042253098616732945 0.496484648671227 0.06874379631635377 0.08994195359245402
0 0.6875321911476812 0.7258230860916322 0.038148462611276204 0.04877392308839745
0 0.40889948741809834 0.11176748738858837 0.04631018303536116 0.052090895006164484
0 0.18031398051494416 0.6644635840229081 0.03831650157232582 0.04721369575509069
0 0.9681078555132965 0.9142065227959486 0.04165968988392841 0.0597500584221816
0 0.4854378571381496 0.6930089440642698 0.054272193232098684 0.06634082159054522
0 0.33778378692833566 0.5124209207113161 0.05601417009894973 0.07104763925743711
0 0.04640263067709993 0.6894624893379998 0.0605365460627794 0.07842299300803379
0 0.05476496103647886 0.36306362133990877 0.09987679388072179 0.17309989892981753
0 0.6376549220729577 0.7322725334181779 0.03837275324641087 0.05043635200509069
0 0.520506558031654 0.5989049554025877 0.040007340553644966 0.04899082592198276
0 0.2596759723972693 0.7809885600334076 0.049278581980112965 0.05993634867321553
0 0.5209688392845374 0.17790211207031495 0.039935253246410875 0.05045453333863614
0 0.8922121883083074 0.5040315441199491 0.04619498655602783 0.056678466089471156
0 0.8269945170428332 0.3923577001113585 0.04810841157629753 0.06002036892305655
0 0.8342822804322185 0.899370768777813 0.038568065746410696 0.050438624671783575
0 0.10514856493151288 0.5198681520130448 0.036755706168510205 0.04729317067154533
0 0.9897364349622997 0.3825752621339484 0.020527130075400635 0.05655794633692599
0 0.11952253083925571 0.716870421347863 0.056089666598552544 0.06977924434078382
0 0.8671809606294417 0.5467003021164493 0.05460046423448191 0.07396028175723827
0 0.40837434536702677 0.9319072647199068 0.06414421925673679 0.08373733850851081
0 0.09990728043221861 0.8908255420114539 0.06398057802303478 0.07436233850851082
0 0.49307525892515847 0.5040737133990879 0.06093058025514821 0.0786228508414201
0 0.44484667004765815 0.15748906739336088 0.04779619800077946 0.06450801108967016
0 0.9097894261334428 0.43706222012249435 0.05936808025514821 0.07860466950787455
0 0.5055853469951751 0.23630495806808777 0.05748704256238213 0.07711823542428942
0 0.5883683936660388 0.4145759560789054 0.06391651942923318 0.08187959709181776
0 0.03740550608248938 0.7557505606699544 0.049403511769063255 0.061499985006562244
0 0.5837271270236519 0.8199083460773146 0.049751027596963836 0.064628394006602
0 0.734639016228759 0.7396497760979954 0.0481181448859143 0.06617157633970994
0 0.22948391192668804 0.7517368646960441 0.04780230032431163 0.05367044000636341
0 0.7682719021874554 0.6080366967695408 0.041374528053644964 0.04900673458883489
0 0.5313116444768177 0.5466975654041786 0.04169988413114858 0.050865612338874655
0 0.5365112077867727 0.7998316560709513 0.05250294282629735 0.06007150392365297
0 0.9759189658954348 0.3308582207988121 0.04816206820913038 0.07102832159054513
0 0.5835128928519645 0.7628861867440874 0.04130244074641087 0.05047044200548836
0 0.019425704543657114 0.26267272266868175 0.031105724025417676 0.08159544533736351
0 0.7131401172844193 0.6714446687619047 0.06391822402541755 0.08197725334181775
0 0.6416200787312306 0.3777032120862233 0.06709095271858079 0.08474799100890866
0 0.6685389090873143 0.5326725227561777 0.06694215858304879 0.08181716717556213
0 0.026832244718403658 0.8212392006683636 0.025810399248793782 0.05790581617003383
0 0.4502331939903502 0.4660828173933608 0.04771267278774403 0.05972285483967017
0 0.3963049935005877 0.8669362453850885 0.04129903155404211 0.050275129505488535
0 0.7317347897710047 0.26002591076540454 0.04785514280602783 0.05669778375636332
0 0.23807847280760167 0.12540163136536217 0.06726410546818365 0.08348073242560186
0 0.04433815543716155 0.16845055533895428 0.05429946677104901 0.06790332159054513
0 0.9420850978026587 0.8553218714592216 0.041577869267077364 0.05506255842218124
0 0.3935023583592609 0.16938908338636122 0.06378185633066594 0.07416475334181775
0 0.10737394358660848 0.1551243993475448 0.08588648254807003 0.09316815567810739
0 0.809169232136502 0.9373520267743132 0.04953185075038249 0.06325893383990859
0 0.9842708027443402 0.8566849241326757 0.03145839451131956 0.10374991492281786
0 0.7306936302700628 0.8716083007638137 0.032347043881545544 0.052026055587602114
0 0.6913552516215578 0.273615696093223 0.04316934740221221 0.05674089600572696
0 0.16621097564697548 0.34873858668840807 0.055637676135914305 0.06625907400739735
0 0.7716247731286179 0.665876468769859 0.04658291842486477 0.06771589500616457
0 0.2687412808392557 0.718606738701453 0.05089221986564478 0.06288421750676107
0 0.6909091923687924 0.2033122867599957 0.03811948447614135 0.04711376683839745
0 0.5557296229697575 0.15565494207508745 0.045091789670893154 0.0550058101726588
0 0.09976026663909147 0.07692667401336302 0.07000458279171565 0.07267497867599956
0 0.0626606505626023 0.8154073713399088 0.041661394480112926 0.0598477146721816
0 0.554708639608849 0.23140892007476926 0.03681195784259526 0.050515826921545236
0 0.33654243546563833 0.7545447860439071 0.08984651288470805 0.12426261484523807
0 0.6344445527566482 0.45885321475172336 0.06382227237160212 0.08207377325847123
0 0.14643248944669318 0.20010109201940818 0.04462275324641087 0.0505090773392725
0 0.9904516968453272 0.5630349214671757 0.01909660630934553 0.06897960775381798
0 0.6160376517837136 0.2992964014162689 0.060877737773432014 0.07559550709142009
0 0.9257747106294417 0.5473821021244033 0.030353502840609538 0.044094309004016806
0 0.35278722402212237 0.5664908027132252 0.0304925636665244 0.04087392542071004
0 0.967536590590672 0.4463286794636758 0.06492681881865607 0.08052945459201659
0 0.5934984042193456 0.21623845341340542 0.06246311358503469 0.0881114157582723
0 0.2279200430174156 0.3041533400302259 0.0784153960524387 0.10704322909372674
0 0.6004531566516823 0.6146759534134054 0.03978134532232573 0.047230740755289526
0 0.9060859533258412 0.3143877887889489 0.087360121752765 0.0713147460116927
0 0.11558368425111767 0.31221928401495386 0.05593867359934688 0.07231603417409058
0 0.09634058075982546 0.4627459953453176 0.04965166675077955 0.0645296014232553
0 0.24965431574229174 0.6543351533656804 0.039877296976141355 0.047134220838636054
0 0.8783832877391144 0.6514968901177218 0.047938668019063255 0.06148294000636341
0 0.010853499592962907 0.17430965666772721 0.01679776217486462 0.06736931333545444
0 0.30009246671522644 0.8142646840388164 0.04781544282629735 0.0600169599230167
0 0.41816498782184014 0.41884419072245194 0.060437679484084406 0.0727589305080338
0 0.2898024342511177 0.31424650270527094 0.04790798528774411 0.059725127506363315
0 0.45228484334172714 0.35987827072722445 0.07471836779568726 0.08542256250994269
0 0.3156091834403387 0.18176126670908896 0.05714562905801355 0.06315225534094279
0 0.9619128080316541 0.6040411821291759 0.054355718445134114 0.07112597784054522
0 0.5483742337613551 0.7187361974060875 0.06742334897453794 0.10379095975890866
0 0.9950274269967491 0.6349553748010393 0.009945146006501916 0.0592207323360908
0 0.393162808031654 0.597423176718634 0.05102055884696401 0.06464316634010761
0 0.5144298818949159 0.6535106394016332 0.035318135957460584 0.048838625671346315
0 0.06648290015556521 0.9892278193974772 0.050380124949120364 0.021544361205045704
0 0.7652674533225459 0.7939014714353589 0.05771133319751698 0.07878066434098266
0 0.732470769882207 0.6154310260979955 0.03191600284060954 0.04411249033756235
0 0.6529504598153676 0.8925742340865416 0.03199952805364496 0.04889764658756235
0 0.6236839253193687 0.7820998107494962 0.03691934740221221 0.05666817067154532
0 0.03357889690915433 0.9392624946689999 0.03500130286087899 0.04746802917130673
0 0.023508421665920657 0.8993096566677273 0.016310247666127292 0.039439625835454704
0 0.5984665478886796 0.1428736787475872 0.038420481939573925 0.05317072700509069
0 0.1961984845754292 0.36627153202577156 0.0302444086848082 0.0378443090040169
0 0.343001346588138 0.40859648671227067 0.0512282977877442 0.05976376284014737
0 0.8120452215864905 0.6546304334420405 0.040046051998396594 0.05680218958863605
0 0.028614707379735614 0.9681051100015908 0.02396713514585782 0.036209083669834996
0 0.944283202918804 0.48901561879372135 0.044796127789729925 0.06603528475592597
0 0.9678667532431156 0.5424042481301303 0.04296600618877981 0.05068507217238043
0 0.5081899699649327 0.3855237080680878 0.050899038250382486 0.06327484250676108
0 0.23382121550070573 0.3737391340308622 0.0415216175929924 0.051839902172181596
0 0.8662277556754523 0.9395781454487219 0.04155059572812725 0.0535000584221816
0 0.03071299552918256 0.954069882001909 0.02913582553734697 0.05823742025381797
0 0.8721161022701809 0.3819474587841764 0.047825176135914305 0.06616816733967017
0 0.5005776619266881 0.7548913260661788 0.04456551303734706 0.05841696092257927
0 0.4872950430174156 0.30717144139876973 0.04967261617248173 0.06013620650660201