0 0.8975769285195865 0.855707519892093 0.05981114585843983 0.07283127845944648
0 0.3456655952118779 0.6142538202131093 0.1060528940675857 0.13294095941492118
0 0.5312910108188887 0.8190798676980469 0.05866042645896741 0.0772978970166804
0 0.8301491278991676 0.8310717585280072 0.0934880888063212 0.11087334004608422
0 0.8709284031217635 0.4298717228141923 0.06650296403651978 0.08065351176906325
0 0.9126888402681994 0.7138648932688876 0.06314306275210164 0.07445003013353144
0 0.16960121388164087 0.322436287338668 0.06713536460843983 0.07295912317327602
0 0.8699729184570024 0.2484171712720647 0.06447338388432015 0.07115699117248173
0 0.44399882442875754 0.756462865262415 0.07920912070579397 0.10613739529171565
0 0.4949600269104321 0.8588242061718055 0.05531690517164378 0.07411834993877946
0 0.3386064840836836 0.7817686026805133 0.062033985323843056 0.0836966911522122
0 0.08773385484713349 0.3262118981335609 0.06630287593308674 0.07918696342287887
0 0.7430654830752774 0.48060020008602083 0.09481363433510737 0.10611716193121908
0 0.6088204311174764 0.8427571010589554 0.09791944092682936 0.12821474797016955
0 0.873512817720368 0.3437842183499654 0.07777029915430092 0.08416644363790002
0 0.4130891339281271 0.2696895681845143 0.061080677108439826 0.07285343820984344
0 0.6440098960843981 0.7083860551988709 0.06900922104505725 0.08859775994275125
0 0.21866568865904507 0.7220680945628384 0.09537359513387375 0.11412497443121908
0 0.9490052185732178 0.12579610309084566 0.07096716714576345 0.07614719323209869
0 0.8682561432344066 0.6489353685121212 0.07120684403361395 0.08375926694354555
0 0.7732457479063131 0.15154789976170926 0.062424655821116205 0.06975571174879378
0 0.29701529174146774 0.5337538425342435 0.07433389722041017 0.0824483311176305
0 0.1429176536259667 0.5896334699682279 0.10854076338950591 0.12527895814663736
0 0.06103496103164929 0.26879486444834083 0.050929248209145926 0.06019150157232574
0 0.921086212292157 0.6214182946488592 0.060959812071116205 0.06973014280602782
0 0.051664950892190656 0.4144482836852201 0.05058021968308675 0.07891252343719106
0 0.9453699646267115 0.4058654326361504 0.10926007074657704 0.13001930062835357
0 0.5765381728196032 0.750238364451636 0.06837686597041018 0.08234435075038249
0 0.38007916401752684 0.5135310714309252 0.07552893551046047 0.0995381748676305
0 0.6718338833470494 0.8713809330398922 0.05669092146187253 0.07423987053536116
0 0.8285655765224444 0.5847052731385037 0.06911169839576345 0.07611480590459507
0 0.3383619215590955 0.38676006574888233 0.04781107699937479 0.060234610744425064
0 0.762646373536567 0.33555075284596436 0.05936727449356401 0.0664836222094463
0 0.8155857032379792 0.3095961789827025 0.07559387726354458 0.0795442125603965
0 0.5940274135133239 0.3627423185915514 0.058041728964778015 0.07123980032431163
0 0.803232076774546 0.6586746071480354 0.08071841983819147 0.08587603317724764
0 0.613672550039341 0.6213087950526012 0.08010445245016182 0.09522887342685031
0 0.501708145580195 0.5638156692401746 0.08711039497876918 0.10754329423646744
0 0.6111652730520343 0.5071508376662749 0.08212720381213216 0.10462773777343201
0 0.666590464385844 0.46081557995563716 0.06661222468018142 0.08221601176906326
0 0.48271358305560685 0.16913441477594765 0.06094137888722564 0.0680716911522122
0 0.7774511907527321 0.5472695028459643 0.05278949256257892 0.06168702805364497
0 0.9819644560879708 0.7866654192434698 0.036071087824058524 0.09174321509696384
0 0.5258947725478312 0.3615849675358912 0.05396342074937479 0.06034200030404211
0 0.746009802637231 0.601008157472347 0.06827920972041017 0.08234264615419792
0 0.6761454168675185 0.5638996696472116 0.07820256612551475 0.08895330448408441
0 0.14203857861613148 0.43164369196505065 0.046334628855713066 0.058648246397843454
0 0.5081552515126093 0.4322929338506711 0.06985808971750487 0.08539385425077946
0 0.13006882031825823 0.33877039935137687 0.03422529935298631 0.04448907868282239
0 0.35027205967459646 0.33336233035937896 0.045153871878688176 0.05989561789744639
0 0.07301615496334901 0.20522724228936226 0.06284531839866866 0.07298177719116258
0 0.8323675557393241 0.7285643672943052 0.056060619574022044 0.06662097843917678
0 0.9870456219855204 0.5979614293897395 0.025908756028959347 0.09489548863591431
0 0.72653245500269 0.8258405620987297 0.09871711642119721 0.11730452150911966
0 0.5093124679921402 0.7396787398570256 0.07645430483238051 0.09184890006039659
0 0.6027743468013618 0.2976667435104735 0.057616290783792934 0.06655059572812716
0 0.5477086964527151 0.662352580766416 0.0769637416829081 0.09634449675276535
0 0.47166110459503197 0.24598328693492624 0.06984648532384305 0.08383305884696393
0 0.5113680968013619 0.29926224553906844 0.06795620339285798 0.07911828530801364
0 0.7257262556999832 0.09840530885231877 0.0465074017982305 0.059724169744027965
0 0.39969290546755215 0.3465793506519184 0.06085532703088745 0.06963078195984344
0 0.23105715597175522 0.4965771708617323 0.0765519610823806 0.09185060465658097
0 0.38114926316467723 0.7301827832814782 0.06827920972041027 0.08234264615419792
0 0.24072136909709146 0.6012237605533068 0.10521567528607303 0.1237578627225524
0 0.8602705005042031 0.13203819481101506 0.08524537502190341 0.1045846286013326
0 0.42734764792598356 0.47359581818451435 0.04048690374664794 0.04615896824243926
0 0.8663115949597764 0.5316387743563198 0.10153071448730663 0.11569550314465164
0 0.7359471157428967 0.38998883685549596 0.057932468321116384 0.06967730032431163
0 0.45085121388164084 0.3175270503276068 0.06787220472331565 0.07931189321182916
0 0.8002559981584145 0.2246035702164045 0.07320366419162454 0.0872079184248646
0 0.9524611704738147 0.8351944224898808 0.059397312071116204 0.06970286926707772
0 0.17211275277311702 0.8057942581176748 0.07682573642410265 0.11389875740618365
0 0.7741562179921402 0.735055875004943 0.07521275797313684 0.09641147027144611
0 0.9286648574450236 0.29354271063932763 0.08970069615412228 0.10134613671818364
0 0.5710540892597932 0.4257196055231824 0.06116672896477802 0.07129434740221222
0 0.8091168179724697 0.41843539083325554 0.07589639722041035 0.08247560465658096
0 0.2743597696978396 0.3104390734595201 0.05571918006257874 0.06173816593917678
0 0.1913665892597932 0.432347075488115 0.05437520134990228 0.0648358924002265
0 0.8962932979456539 0.7814205860447171 0.06470556275210129 0.07447730367248191
0 0.6225680407330616 0.23396275365674324 0.06138525025210164 0.0744193474022122
0 0.041060950640089106 0.3411062410715463 0.03908003646768347 0.06788517410690745
0 0.27058991351332384 0.3683879411542718 0.05237088317182241 0.05709547970746058
0 0.42598116192383995 0.6777748035740178 0.05134991078669824 0.0634175670146945
0 0.24434412378866846 0.4181248883943283 0.06252231207111639 0.0697574163449783
0 0.7080559705900302 0.718218976871382 0.06744261467146515 0.09130145221143202
0 0.48910460275344647 0.4842509001654511 0.037561991850081 0.04757096951072306
0 0.7084505464330447 0.34353657670922627 0.04297267438449896 0.053810247666127256
0 0.6820454916252522 0.6482746696472116 0.05115459828669824 0.06341415782232573
0 0.0988459534900807 0.3956340539777595 0.0595857957808875 0.0696086222094463
0 0.2197051206865753 0.28949137378383166 0.064728771539425 0.07759889448011288
0 0.9882635329955984 0.29628983523393815 0.023472934008803036 0.045816566203091824
0 0.9657394324932961 0.21067961770134228 0.06852113501340788 0.09187958279171564
0 0.6736495755140384 0.293300797488233 0.07297626092727612 0.0853507450786802
0 0.7383172709583473 0.6699763457839497 0.037215776735205 0.041225017856907444
0 0.06237212999285473 0.6794284013799718 0.037335745056321465 0.10989319724005639
0 0.42189069753799596 0.20539524310343643 0.053947040752280274 0.05731806574641087
0 0.44992213443233026 0.41610091802235855 0.075073459751923 0.09162972321381506
0 0.9701092278925689 0.5054836030908456 0.05978154421486224 0.07614207944354554
0 0.6839857779957128 0.3963712504103324 0.05549588317182241 0.057150026785361165
0 0.3528946791006641 0.25900721266462723 0.07498946108238069 0.0918233311176305
0 0.16577636339710827 0.4914590227281714 0.0649452396399525 0.08208937738392841
0 0.9946607742876715 0.3703585807697113 0.010678451424656999 0.07550236160690744
0 0.23424359604505715 0.08351806331325037 0.06712581340157406 0.0700328448656448
0 0.4283306297407532 0.599513435879266 0.07475728221459939 0.0885030186176305
0 0.455805783695696 0.5114270547918338 0.04099634059717552 0.05065456493480802
0 0.9684402285481883 0.7018364517108739 0.06311954290362323 0.09182503571381488
0 0.6453167619041695 0.3579360418061902 0.0528919244160118 0.06315187180364497
0 0.24251808792241086 0.8170805856343847 0.09116281748748527 0.0985430836033185
0 0.47784966452173006 0.6588787532497061 0.06820476225773361 0.08546253236564479
0 0.9484185266583307 0.7773819224898807 0.050910815025255116 0.05853304991851012
0 0.39506393371536647 0.8284975523562018 0.08009079486970413 0.09503356092685031
0 0.07658708532452083 0.8379676043020711 0.04153300161407194 0.08343638220348915
0 0.20557192884856254 0.18805160470910817 0.11326985986344677 0.14408861901309128
0 0.06264564558019502 0.5714795336852201 0.052742223768997974 0.10704093262955983
0 0.990034774137315 0.13825914692233549 0.019930451725370092 0.0770534237011061
0 0.12199813829072796 0.7714698510556601 0.05014317710843983 0.07266252343719123
0 0.3496379111675353 0.45852597159308106 0.05754184332111638 0.0696704819395741
0 0.39343718765063884 0.424908902194046 0.04579787684427013 0.053762024705474684
0 0.3496093220829691 0.8496282585247119 0.02984031930985207 0.04733865016215581
0 0.5742005046147024 0.5602036996789838 0.047143908743742635 0.049298815340609536
0 0.9968587740811078 0.4367648307697113 0.006282451837784464 0.061660743049673526
0 0.6211087195816241 0.4256281022767715 0.044460726921822416 0.0569574074165244
0 0.29521358305560697 0.17240723944998848 0.0840298503611665 0.0872018161013326
0 0.5552766339281271 0.2672076761400334 0.05143390945624056 0.06322395911087905
0 0.9171749724316157 0.4759967004930579 0.050710726921822415 0.057066501572325734
0 0.733876881330237 0.28208087946916977 0.05990880210843983 0.07283298305563068
0 0.5582102458126261 0.32034631290950855 0.042030970562757376 0.04452779012757411
0 0.3056804615358524 0.41157883360578984 0.044644435028160775 0.05540002120507772
0 0.7392967188253194 0.20298371469651744 0.06973039588995249 0.08217290259696393
0 0.29750088284284637 0.7308606676153214 0.06401714790139543 0.08695003013353145
0 0.2628324078133406 0.2574504411542718 0.04756046494770301 0.05525584659060954
0 0.13633560979081202 0.21585505073134864 0.06285692279233039 0.07454257259497812
0 0.13087756746826665 0.2832198287345259 0.05762789517745461 0.06811139113194278
0 0.0762650212104489 0.7550596469157449 0.051919422792330396 0.07435165782232574
0 0.27966961859288836 0.45348964407637116 0.03765281930985207 0.04747501785690744
0 0.34680358020561536 0.11597027881725139 0.06295935464576327 0.07600741634497821
0 0.5923453091703934 0.18208265381889904 0.045791048054041286 0.05366436845547477
0 0.6541604282674849 0.7864292345820199 0.0579188107406587 0.06948198782431163
0 0.15333135769712508 0.38060334334502244 0.04122441309136473 0.056705843242439435
0 0.19139408640980163 0.3768101416407391 0.03910400547939434 0.04730527429967344
0 0.06455807082246133 0.4869681659904684 0.06271762457111633 0.06976082553734705
0 0.6789437268710911 0.2235922694850559 0.05726530006548423 0.05874150492049601
0 0.9418250471893493 0.5600444180256539 0.06501013589576346 0.0760432128648505
0 0.9004145352851799 0.19156715341515723 0.04717394632129483 0.05251806239824068
0 0.3013650300893998 0.2380049659110381 0.03429086483863797 0.042637019125191244
0 0.8086194272590786 0.48962459821958165 0.050710726921822415 0.057066501572325734
0 0.5251249581816577 0.20515768953271402 0.05299913187287757 0.06607985470746058
0 0.1404114685732179 0.13991015949764662 0.06379657342727599 0.08519051303734697
0 0.15866797578581035 0.6918272155040011 0.061480853315305596 0.07578653490221221
0 0.023180045928841625 0.20844374553577313 0.020806758821294968 0.05205782142845372
0 0.6414712240210996 0.16870990057248816 0.03743429802252862 0.04435001785690749
0 0.31008410224924343 0.34032144237208783 0.03785496060008091 0.047576083299276206
0 0.37174323206687127 0.19297310958037212 0.047369258821295016 0.052521471590609534
0 0.08954699916682078 0.5311175864451636 0.0543704257464694 0.06337275324641087
0 0.029894221675311028 0.2709028352273476 0.02571550252525534 0.058093264102936006
0 0.10563045709637693 0.6716334922893623 0.04592079506838957 0.05551983720547469
0 0.32675851399785644 0.198451542209932 0.04014546423520508 0.04127615574243935
0 0.5411423501555565 0.501333260149565 0.0547050364676835 0.06815790949641087