0 0.55234375 0.403125 0.10625 0.13203125
0 0.04765625 0.5828125 0.0953125 0.16875
0 0.3890625 0.44140625 0.0953125 0.13125
0 0.703125 0.453125 0.1125 0.14453125
0 0.8703125 0.53828125 0.09140625 0.11171875
0 0.35625 0.8640625 0.11171875 0.15703125
0 0.24921875 0.51015625 0.103125 0.1359375
0 0.3890625 0.5765625 0.09375 0.11640625
0 0.51015625 0.83359375 0.109375 0.14765625
0 0.55078125 0.5515625 0.0765625 0.1046875
0 0.25859375 0.3328125 0.08125 0.11328125
0 0.65390625 0.534375 0.07421875 0.09453125
0 0.2609375 0.83984375 0.06875 0.09609375
0 0.18359375 0.440625 0.05 0.0640625
0 0.15 0.56171875 0.09140625 0.1125
0 0.0234375 0.80625 0.04609375 0.0984375
0 0.41171875 0.690625 0.08046875 0.1125
0 0.146875 0.771875 0.0921875 0.128125
0 0.7578125 0.57109375 0.06328125 0.08515625
0 0.62890625 0.825 0.0984375 0.1359375
0 0.69296875 0.61171875 0.07578125 0.09921875
0 0.3 0.6421875 0.0890625 0.1234375
0 0.23984375 0.74140625 0.0890625 0.1171875
0 0.08203125 0.45 0.08828125 0.1296875
0 0.6125 0.6265625 0.0875 0.1046875
0 0.4703125 0.615625 0.053125 0.075
0 0.815625 0.66796875 0.078125 0.11171875
0 0.4671875 0.51796875 0.09296875 0.11328125
0 0.49296875 0.70546875 0.075 0.1078125
0 0.71171875 0.859375 0.06484375 0.08359375
0 0.2140625 0.88984375 0.0625 0.09140625
0 0.175 0.3125 0.090625 0.1203125
0 0.86015625 0.85859375 0.05546875 0.07421875
0 0.340625 0.5078125 0.05234375 0.06484375
0 0.74609375 0.6828125 0.071875 0.0921875
0 0.1375 0.6625 0.06015625 0.08125
0 0.5734375 0.7140625 0.08046875 0.11328125
0 0.9671875 0.778125 0.065625 0.115625
0 0.8390625 0.76875 0.0765625 0.11015625
0 0.3265625 0.74921875 0.07734375 0.10390625
0 0.7078125 0.7703125 0.0703125 0.090625
0 0.93671875 0.60703125 0.0765625 0.09921875
0 0.2015625 0.64140625 0.07734375 0.1078125
0 0.07578125 0.86796875 0.0859375 0.11875
0 0.54375 0.63515625 0.03828125 0.04765625
0 0.98203125 0.671875 0.034375 0.1125
0 0.646875 0.703125 0.0578125 0.07890625
0 0.14140625 0.3921875 0.046875 0.06015625
0 0.06640625 0.74140625 0.084375 0.1046875
0 0.59296875 0.48671875 0.0609375 0.07421875
0 0.43984375 0.88984375 0.0609375 0.0875
0 0.8328125 0.41953125 0.0765625 0.0921875
0 0.059375 0.375 0.065625 0.084375
0 0.88671875 0.6765625 0.071875 0.11875
0 0.92109375 0.4453125 0.065625 0.0828125
0 0.778125 0.7578125 0.0578125 0.06953125
0 0.98046875 0.8890625 0.03828125 0.084375
0 0.42578125 0.7875 0.0671875 0.078125
0 0.90546875 0.790625 0.06875 0.09921875
0 0.7890625 0.49375 0.07109375 0.0921875
0 0.77734375 0.828125 0.06484375 0.07578125
0 0.97734375 0.49140625 0.04453125 0.20390625
0 0.02578125 0.88515625 0.0328125 0.05859375
0 0.303125 0.428125 0.0703125 0.08828125
0 0.01171875 0.30625 0.0234375 0.071875
0 0.01484375 0.4671875 0.0296875 0.090625
0 0.2390625 0.4109375 0.04296875 0.0578125
0 0.10859375 0.334375 0.05390625 0.0703125
0 0.009375 0.3765625 0.01875 0.04375
0 0.00859375 0.72265625 0.01640625 0.065625