0 0.0416286265625 0.6996661468750001 0.044038659375 0.7075563890625001 0.05728043125 0.733978425 0.06488685625 0.7395708640625 0.11406086093750001 0.7407154015625 0.12293857187499999 0.7394237078125 0.1614734375 0.7095062999999999 0.1572584734375 0.6371381765625 0.15439936406250002 0.6265608140625 0.1495793 0.61078033125 0.140104878125 0.5988085859375001 0.12612839843749998 0.593260515625 0.0872182015625 0.5949662531250001 0.060940565625 0.6126343125 0.051036040625 0.6267663906250001 0.04428965625 0.644889046875 0.040410209375 0.6787467265625 0.0416286265625 0.6996661468750001
0 0.06280986093749999 0.5881654828125 0.073999634375 0.588425928125 0.0862787484375 0.5872085703125001 0.0994937171875 0.5796820046875 0.10759741874999999 0.568119396875 0.11449610625 0.5526116703125 0.1147648890625 0.5505288203125 0.1126935796875 0.5149658031250001 0.11221157343749999 0.513387753125 0.09837399375 0.4934803078125 0.0902568890625 0.48806861562500004 0.0863506390625 0.487977696875 0.0435609953125 0.5235411171875 0.0374104171875 0.5351491828125 0.0386288359375 0.5560686046875001 0.045554325 0.5745094765625 0.0548764453125 0.5838662921875 0.06280986093749999 0.5881654828125
0 0.06757330624999999 0.40669981406250005 0.0524186140625 0.431155221875 0.051074698437499996 0.4415694734375 0.052445417187499996 0.465103821875 0.0574177828125 0.483499234375 0.0772670390625 0.5061579859374999 0.082597421875 0.5090465703125 0.10881691874999999 0.5096568359375 0.1256382578125 0.499449690625 0.1319411375 0.4904565515625 0.13508587656249998 0.47747283124999995 0.1340197609375 0.45916833749999997 0.13145742656249998 0.4486631671875 0.12663736406249998 0.4328826828125 0.1106943578125 0.41031484999999995 0.0925070234375 0.3994460046875 0.0807882734375 0.399173246875 0.06757330624999999 0.40669981406250005
0 0.046033764062499996 0.3901828015625 0.0266682171875 0.409317434375 0.026695021875000002 0.44326603281250004 0.031210479687499997 0.45381666249999997 0.04489575625 0.47110917968750005 0.050162425 0.4739632375 0.05413709375 0.4740557484375 0.0494072 0.39284658906250003 0.046033764062499996 0.3901828015625
0 0.19287550625 0.555449090625 0.20082690625000002 0.5412715546875 0.202323125 0.5334722328125 0.20095240468750003 0.509937884375 0.19628464375000002 0.49677232499999996 0.1877106328125 0.48351584687500004 0.1783885125 0.47415903281249994 0.1668475796875 0.46887720625 0.1504702625 0.46849601874999997 0.1339235453125 0.48095825000000003 0.1294214875 0.48738191875 0.1262767484375 0.5003656375000001 0.1277997703125 0.5265149171875 0.1411938453125 0.555551878125 0.150515965625 0.56490869375 0.16205689843749999 0.5701905203125001 0.1727629203125 0.57043970625 0.17801201718749998 0.5681600515625 0.19287550625 0.555449090625
0 0.1253788796875 0.3509962125 0.14342731250000001 0.37622442968750003 0.17122796875 0.384705646875 0.1935993546875 0.3669466671875 0.2015507546875 0.3527691328125 0.20603940937499998 0.329371159375 0.20558250312499998 0.3215263765625 0.19624698125 0.2951952625 0.18662025625 0.28060859374999997 0.1682806203125 0.26712481875 0.14078456875 0.2638734578125 0.12517297031250002 0.28048408125 0.11677806406249999 0.303791134375 0.115738753125 0.319435240625 0.1253788796875 0.3509962125
0 0.1836774078125 0.44440759375 0.1884974703125 0.460188078125 0.197819590625 0.4695448921875 0.2162138390625 0.48406965468749996 0.24045308125 0.4846338296875 0.25116317499999996 0.48123200937500005 0.2592668765625 0.4696694015625 0.2607630953125 0.461870078125 0.260738971875 0.4313163390625 0.26049528906249997 0.42713245468750005 0.255916228125 0.4121409921875 0.2473422171875 0.3988845171875 0.2359146703125 0.386867315625 0.22389131562500003 0.381364703125 0.20240694062500003 0.3808646484375 0.18739115 0.390960684375 0.1828890921875 0.3973843546875 0.17975690312499998 0.40723470624999997 0.1800005875 0.411418590625 0.1836774078125 0.44440759375
0 0.23342488281249998 0.5919334843749999 0.24695785781250001 0.6066110734375 0.261238940625 0.6173889984375001 0.27428503437499996 0.6196141140625 0.2804771625 0.6197582374999999 0.2903835140625 0.6154559671875 0.3016453578125 0.6078839390625 0.3130461015625 0.5859525390625 0.3143900171875 0.5755382906250001 0.3128669953125 0.5493890140625 0.31030466093750003 0.5388838421875 0.3059415046875 0.530948140625 0.29030310312499996 0.5136101640625 0.2657994875 0.49476015625 0.2501744875 0.4943964796875 0.233205571875 0.50444705625 0.2269026921875 0.5134401937499999 0.22046091093750003 0.53679270625 0.2197262046875 0.55766666875 0.23342488281249998 0.5919334843749999
0 0.2135932765625 0.646601090625 0.22018735937499997 0.625863509375 0.2203647609375 0.6222117015624999 0.21914634375 0.6012922781250001 0.2162543046875 0.5918239890625 0.20452215312500002 0.5745769328125 0.1574948515625 0.570870975 0.144750190625 0.6032166265625001 0.1447769953125 0.6371652265625001 0.1470347234375 0.642440540625 0.1644392203125 0.6623084968749999 0.1949331234375 0.66301825 0.20353644843750002 0.658118240625 0.2135932765625 0.646601090625
0 0.21500964531250003 0.69101225 0.21363554062499998 0.6674197921875 0.199207515625 0.660816659375 0.193348140625 0.6606802796875 0.1744261 0.6706853953125 0.1645215734375 0.68481746875 0.164548378125 0.71876606875 0.16711071093750002 0.7292712406249999 0.171042790625 0.7342397609375 0.1835952375 0.734531921875 0.2109798734375 0.7289866140625 0.21500964531250003 0.69101225
0 0.231727396875 0.7319051984375 0.2520201578125 0.74543443125 0.2523758671875 0.7454951000000001 0.2753431625 0.7460296703125 0.2811647296875 0.7435013968749999 0.294227396875 0.733359903125 0.298729453125 0.7269362328125 0.3017280234375 0.7064196234375 0.299319109375 0.6650601828125 0.29898045 0.6642688859375 0.281236621875 0.644270521875 0.265154715625 0.6360620640625 0.24952971562499998 0.6356983875 0.2227951734375 0.645521665625 0.2148437734375 0.6596992015625001 0.21215594062499998 0.680527703125 0.21322205625 0.698832196875 0.21804212031249998 0.7146126828125 0.231727396875 0.7319051984375
0 0.3327661625 0.706796278125 0.35317668125 0.7072713375 0.3753291609375 0.695031465625 0.3834328640625 0.6834688578125 0.384431459375 0.679683834375 0.38118869218749996 0.624007665625 0.3797776109375 0.6207105937499999 0.37451404374999997 0.614059625 0.354373584375 0.6031453203125 0.323580490625 0.6102627515625 0.30497645625 0.6424720234375 0.30003089374999997 0.6580252109375 0.3004878 0.66586999375 0.305003259375 0.6764206234375 0.3207939640625 0.6963735265625 0.3327661625 0.706796278125
0 0.367994903125 0.601510271875 0.4006808140625 0.60227104375 0.41527580156250005 0.5888880921874999 0.42157868125000003 0.5798949515625 0.42733602187499997 0.5590236453124999 0.42602717500000004 0.536551609375 0.4095017203125 0.506495140625 0.40213272499999997 0.4971837859375 0.3862031203125 0.49159025156249997 0.368777296875 0.4937960453125 0.35211298593749996 0.509076475 0.344161584375 0.523254009375 0.33967292968749996 0.5466519812499999 0.342996775 0.5702317906250001 0.34871725 0.584727540625 0.367994903125 0.601510271875
0 0.279922440625 0.5028230781249999 0.2843571625 0.504380290625 0.3257893328125 0.505344634375 0.347824909375 0.4965693765625 0.352326965625 0.49014570781250005 0.35333947499999996 0.44055299843749995 0.352273359375 0.42224850468749997 0.3476055984375 0.4090829484375 0.3360257484375 0.3944508203125 0.3196392375 0.38101250625 0.3019088109375 0.3779884421875 0.28103364375 0.3879480984375 0.2693282953125 0.4046496421875 0.2610856921875 0.43057162031249996 0.2608078921875 0.4592903671875 0.264436340625 0.48810003125 0.279922440625 0.5028230781249999
0 0.368650090625 0.4715189578125 0.381271284375 0.48323026406249997 0.3991119984375 0.48364551093749997 0.4192790390625 0.4700859765625 0.4272304390625 0.45590844218750004 0.42751893125 0.45500117187500005 0.425788396875 0.42528905625 0.4226881765625 0.41140920937500003 0.40900290000000006 0.3941166921875 0.4008857953125 0.38870499999999997 0.38315536875 0.3856809375 0.3678349734375 0.3905471171875 0.35268028125 0.4150025234375 0.3511840625 0.42280184531250004 0.35240248125 0.44372127031249997 0.3548125125 0.45161151093749996 0.368650090625 0.4715189578125
0 0.291275034375 0.2623903546875 0.2797219875 0.28170682812500003 0.2737371140625 0.312904121875 0.2728501046875 0.3311631546875 0.275564740625 0.34428325625 0.2800802 0.3548338828125 0.2874491953125 0.3641452390625 0.30383570625 0.3775835546875 0.3308038984375 0.3853119484375 0.36714468125 0.386157790625 0.38000758125 0.3793564734375 0.38975980312499997 0.3626094703125 0.3900376046875 0.333890725 0.3821983015625 0.2997602875 0.37783514375 0.291824584375 0.3602436171875 0.27444115 0.3318337515625 0.255500221875 0.3198103984375 0.2499976109375 0.3119978984375 0.2498157734375 0.291275034375 0.2623903546875
0 0.39225266406250003 0.29992176718749997 0.393014175 0.3129964046875 0.395576509375 0.323501575 0.40445512499999997 0.34198790625000003 0.4200935265625 0.3593258828125 0.42965663125000003 0.36420704375 0.45755296875000007 0.36485633906250003 0.461261453125 0.3628954609375 0.47476762499999997 0.3436244484375 0.479560884375 0.3254563328125 0.48003844375 0.3118882578125 0.47947873281250003 0.30227839843750004 0.47562783125 0.29141681406250003 0.471112371875 0.280866184375 0.4604329328125 0.264949321875 0.4511108140625 0.25559250625 0.4353335109375 0.252613903125 0.4218139390625 0.25491061406250004 0.40679814687500004 0.2650066484375 0.40049526718750006 0.27399978593749996 0.3937488828125 0.29212244374999996 0.39225266406250003 0.29992176718749997
0 0.44690700000000005 0.459695125 0.454332646875 0.46464582187500003 0.4695851078125 0.46500082656249997 0.4895711453125 0.455465378125 0.499200515625 0.4265625421875 0.49835582343749996 0.41205975156249997 0.4974957421875 0.4073392421875 0.490722553125 0.3915132984375 0.47523645468750003 0.3767902515625 0.46516622500000004 0.371333096875 0.44758810000000004 0.3709239625 0.44008020468750003 0.37597197968749996 0.4267263359375 0.39785791875 0.4258393265625 0.41611695312499997 0.43096399375 0.43712729375 0.44690700000000005 0.459695125
0 0.456380275 0.5687635296875 0.4620805734375 0.574052884375 0.4836600671875 0.574555153125 0.5000971328125 0.565863975 0.5064000140625 0.5568708390625 0.509230278125 0.54518549375 0.507844328125 0.5213896515625 0.503506271875 0.5071872171875 0.50034813125 0.503196634375 0.482160796875 0.4923277875 0.464734975 0.49453357656249997 0.45347313125 0.50210560625 0.4471702515625 0.511098746875 0.44283869062500003 0.5304962484375 0.44302652968749995 0.5337213281250001 0.447501659375 0.5502771984375 0.456380275 0.5687635296875
0 0.4375958953125 0.6682020453125 0.4457129984375 0.6736137390625 0.452454584375 0.67525365625 0.472612765625 0.67572284375 0.4769629984375 0.674341090625 0.480716946875 0.6718170796875 0.4978247640625 0.6474071343750001 0.5011218046875 0.6370383421875 0.5017176109375 0.6305237531250001 0.5010893656250001 0.619737175 0.492520990625 0.5898332640625 0.48304656718750005 0.577861521875 0.44111712968749994 0.5612173078125 0.433609234375 0.566265325 0.418302240625 0.588105803125 0.41305207343749994 0.5984291374999999 0.414270490625 0.6193485562500001 0.416832825 0.6298537265624999 0.43022689999999997 0.6588906890625 0.4375958953125 0.6682020453125
0 0.396311184375 0.7664414374999999 0.4042759875 0.7692382046875 0.4159947375 0.7695109609374999 0.423654934375 0.7670778703125001 0.432963653125 0.7594603859375 0.44106735625000004 0.7478977796875 0.4427158765625 0.7427133828125 0.44164976093749997 0.7244088890625 0.4392397296875 0.716518646875 0.4324665421875 0.700692703125 0.4127695875 0.6806488796875 0.4010508375 0.6803761234375 0.38768356718749997 0.6852877609375 0.380175671875 0.6903357796875 0.3704234484375 0.7070827828125 0.3742042 0.7385073734375001 0.37856735625 0.7464430765625 0.396311184375 0.7664414374999999
0 0.47125506093749997 0.773921146875 0.47137030468749996 0.7739979796875 0.49653909374999994 0.774583790625 0.5079075296875 0.7669400937499999 0.51601123125 0.7553774875 0.5203427921875 0.7359799796875001 0.519418825 0.7201160859375 0.5128128859375 0.70046400625 0.50092843125 0.6806020203125 0.48679965000000003 0.672439021875 0.45600655625000003 0.679556453125 0.4479028546875 0.691119059375 0.44655893750000003 0.7015333109374999 0.44682406406249997 0.732876075 0.4473317375 0.7415925 0.45351123125 0.7539227828125 0.47125506093749997 0.773921146875
0 0.5535519296875 0.3952743296875 0.556848971875 0.3849055375 0.5581928875 0.3744912859375 0.5571267718749999 0.3561867921875 0.554716740625 0.34829655000000004 0.5369729109375 0.3282981859375 0.530374909375 0.3259813609375 0.5107857890624999 0.32552541874999996 0.5039220890625 0.330140303125 0.495666084375 0.3390879828125 0.4905682203125 0.35202624375 0.49239584687500004 0.383405375 0.4969113046875 0.3939560046875 0.5084911546875001 0.40858813437499997 0.521811746875 0.41628419687499996 0.52371101875 0.41632840312499997 0.5416942796875001 0.40936094531249995 0.5535519296875 0.3952743296875
0 0.499248271875 0.5111035125 0.5066172671875 0.52041486875 0.514734371875 0.5258265625 0.5246523 0.5286687875 0.553796871875 0.5267357515625 0.5613047671875 0.521687734375 0.5728578140625 0.5023712640625 0.5761548546874999 0.49200247187499996 0.5772273078125 0.4802762109375 0.5770851593749999 0.47783561093750004 0.5695071656249999 0.4448428546875 0.5577750140625 0.4275957984375 0.5415408046875 0.41677241093750006 0.5220095546875 0.416317815625 0.503239815625 0.42893785937500006 0.495288415625 0.44311539375000003 0.489156175 0.468433646875 0.48933132187500006 0.47144081250000003 0.4923227828125 0.492662640625 0.499248271875 0.5111035125
0 0.5251662984375 0.6279124921875 0.5294116421874999 0.628673015625 0.577615909375 0.62979498125 0.59335996875 0.6099143453125 0.5965047078125 0.5969306265625 0.595286290625 0.57601120625 0.58399764375 0.5496346296875 0.57241779375 0.5350024999999999 0.5563358875 0.52679404375 0.5368046375 0.5263394484374999 0.5292967421875 0.5313874671875001 0.5139897484375 0.5532279453125 0.5091964890625 0.5713960609375001 0.5111764171875001 0.605390121875 0.5156918765625 0.61594075 0.5251662984375 0.6279124921875
0 0.58153315625 0.791972428125 0.5912853796875 0.7752254265625 0.5896100546875 0.746461221875 0.5864519140625 0.7424706421875 0.57607708125 0.7317836343749999 0.5640537265625001 0.7262810203125001 0.5503818515625001 0.7259628031250001 0.5349225546875 0.74518835625 0.53583636875 0.7608779218749999 0.542761859375 0.7793187968749999 0.55548680625 0.7931200140625 0.577700253125 0.7936370375 0.58153315625 0.791972428125
0 0.6088529796875 0.717903415625 0.6215211468749999 0.7116553046874999 0.631425671875 0.69752323125 0.63573960625 0.6811719265625 0.63442980625 0.6586835484375 0.632742784375 0.653160378125 0.619209809375 0.6384827890625 0.5971162265625 0.627523025 0.57788958125 0.632298284375 0.55187044375 0.66110225625 0.5532393250000001 0.6846050453125 0.557206921875 0.6957957703125001 0.56668134375 0.7077675109375 0.57748543125 0.717173328125 0.6088529796875 0.717903415625
0 0.6778711984375 0.6276125312499999 0.6749532281249999 0.57751289375 0.667433984375 0.5664590984375 0.6497464234375 0.553454746875 0.6305016359375 0.55300681875 0.6258091515624999 0.5550447375 0.611998375 0.56908589375 0.6050996890625 0.5845936218750001 0.6036034703125 0.5923929453125 0.6052787937499999 0.6211571499999999 0.6273857796875 0.649091215625 0.6371464203125 0.651465534375 0.6402714234375 0.65153826875 0.667792196875 0.639586153125 0.6778711984375 0.6276125312499999
0 0.5695494890624999 0.5058486421875 0.570311 0.5189232828125 0.575283365625 0.5373186953125 0.5805469328124999 0.5439696609375 0.5863060124999999 0.547297009375 0.618399034375 0.5480439828125 0.6224629703125 0.543639578125 0.6307055734375 0.5177175984375 0.6300963640624999 0.5072578859375 0.6252763015625 0.49147740312500005 0.61790730625 0.4821660484375 0.6057316484374999 0.47404850625000006 0.5901066484374999 0.47368483125000005 0.5843995765625001 0.47616338125 0.5744950515625 0.49029545625 0.5695494890624999 0.5058486421875
0 0.6888770265625 0.5587146046875 0.7073421609375 0.5408647046875 0.70989109375 0.534395571875 0.7082157687499999 0.5056313671875 0.70339570625 0.489850884375 0.6856518765625 0.46985252187500004 0.6755816484375 0.46439536875 0.6592740359375 0.46161397656250003 0.6574977328125 0.46157263281249994 0.6446362515625 0.468897871875 0.634579425 0.48041501875000003 0.6294815609375 0.49335327656250005 0.6320706984375 0.53780705 0.63853928125 0.548403140625 0.641697421875 0.5523937203125 0.655826203125 0.5605567171875 0.66854103125 0.5632544875 0.6797956171874999 0.5635164406250001 0.6888770265625 0.5587146046875
0 0.7066015265625001 0.548241546875 0.7082768515625 0.577005753125 0.7219755296875 0.61127256875 0.729344525 0.620583925 0.7395670562500001 0.6286560046874999 0.761880234375 0.63408378125 0.771808625 0.6343148671875001 0.7882428796875 0.627177565625 0.80174905 0.6079065531250001 0.8122493828125 0.5872598875 0.8170426421875 0.5690917718749999 0.8175622984375 0.56126971875 0.8158488984375 0.5318517843749999 0.8123480781250001 0.521977615625 0.7965573734375 0.5020247109375 0.7741591859375 0.485835090625 0.76213583125 0.48033247812499996 0.74651083125 0.4799688015625 0.736897509375 0.4823564328125 0.7293896125 0.48740445 0.717684265625 0.50410599375 0.70794544375 0.537827296875 0.7066015265625001 0.548241546875
0 0.7289632578125 0.742544359375 0.7289942578125 0.7425450796875 0.7669839406250001 0.72515284375 0.7818474296875 0.7124418828125 0.7858925812499999 0.6981734281249999 0.78706180625 0.6805738078125 0.7860934187499999 0.663947228125 0.7718758953125 0.64170245625 0.729641853125 0.6198283859375 0.71372208125 0.6142383062500001 0.7137068109375 0.6142379515624999 0.70049728125 0.6217614203124999 0.6728757296875 0.6498437328125 0.66657285 0.658836871875 0.66507663125 0.6666361937499999 0.666599653125 0.692785471875 0.6688573828125 0.6980607875 0.6826949625000001 0.71796823125 0.7011869 0.7340669328125 0.7093040046875 0.7394786265625 0.7289632578125 0.742544359375
0 0.7528365625 0.8196473828125 0.7639298296875 0.8213773062499999 0.77543698125 0.8216451375 0.7858873859375 0.8178052671874999 0.7921902656250001 0.808812128125 0.796521825 0.7894146203125 0.7960852265625 0.7819184953125 0.783284846875 0.756377196875 0.778021278125 0.7497262265625 0.7559276953125 0.7387664625 0.7500683203125 0.7386300828125 0.727240028125 0.7485442812499999 0.7217281109375 0.764420034375 0.7227695671875 0.7823011609375 0.729233359375 0.7995126421875 0.7366023546875 0.8088239968750001 0.7528365625 0.8196473828125
0 0.8379991015625 0.715434940625 0.8518091625 0.7157563734375 0.8617575531250001 0.714770084375 0.86926545 0.70972206875 0.89148453125 0.6893481609375 0.9005936640625001 0.6741178671875 0.898228865625 0.6335158453124999 0.858339896875 0.572370178125 0.8509709015625001 0.563058821875 0.841357578125 0.5654464499999999 0.7884977046875 0.5955527171874999 0.7857964703125 0.5994069203125 0.782804034375 0.6150055671875 0.7841747531250001 0.638539915625 0.8026934953125 0.6885872171874999 0.822238146875 0.7060161125 0.8379991015625 0.715434940625
0 0.9469848593749999 0.8100341406249999 0.9572082671875 0.8055941734375001 0.9663646828125 0.795361759375 0.9851210203124999 0.7657674140624999 0.9917889390625 0.739599871875 0.9898373203125 0.7060918828125 0.9734875640625 0.6832380859375 0.9613119078125001 0.6751205453125 0.9534632765625 0.6728713265625 0.9504361031249999 0.67280086875 0.9192569703125001 0.6898100015625 0.90634660625 0.7025664234375 0.8947935609375 0.7218828937499999 0.892105728125 0.7427113984375 0.8957341765625 0.7715210625 0.9002496359375 0.7820716921875001 0.9139349125 0.7993642078125001 0.9280636937500001 0.80752720625 0.9420948093750001 0.8099203234375001 0.9469848593749999 0.8100341406249999
0 0.713271721875 0.4735548875 0.7281895859375 0.48038220468750004 0.7378105406250001 0.480606134375 0.7563927734375 0.4771699265625 0.762695653125 0.4681767875 0.7675587890625 0.45288282031250005 0.7652437953125 0.41313591875 0.763098953125 0.40812436874999997 0.7515191031249999 0.393492240625 0.7414488734375 0.3880350859375 0.7219176234375 0.387580490625 0.7144097281249999 0.3926285109375 0.6989504328125 0.4118540609375 0.69385256875 0.42479232187499993 0.69281325625 0.44043642656250004 0.6995864453125 0.45626237343750004 0.713271721875 0.4735548875
0 0.6325292828125 0.476595303125 0.6412524828125 0.47442874843749994 0.6531101328125 0.4603421359375 0.6580012609375 0.447203209375 0.6553473953125 0.401638096875 0.6529042234375 0.3898300078125 0.641172071875 0.3725829484375 0.6268909875 0.361805021875 0.6090299796875 0.3590197140625 0.6064981609375 0.3589607859375 0.591887040625 0.3636016796875 0.574626921875 0.3853966984375 0.5729784 0.3905810953125 0.5714821828125001 0.3983804171875 0.572548296875 0.41668491249999995 0.575262934375 0.42980501093749995 0.5823407265625 0.45086080937500006 0.5981314296875 0.47081371406250005 0.6077354453125 0.47601822031249996 0.6325292828125 0.476595303125