0 0.94453125 0.4328125 0.06953125 0.07578125
0 0.29609375 0.18515625 0.1015625 0.1375
0 0.67578125 0.6671875 0.06015625 0.0765625
0 0.415625 0.3078125 0.0953125 0.125
0 0.7078125 0.73203125 0.05078125 0.06484375
0 0.78046875 0.61015625 0.128125 0.1515625
0 0.85 0.5140625 0.07265625 0.08671875
0 0.58828125 0.6734375 0.0578125 0.0828125
0 0.38828125 0.18671875 0.08046875 0.11640625
0 0.50078125 0.3578125 0.096875 0.115625
0 0.89296875 0.5984375 0.0890625 0.11015625
0 0.08828125 0.29296875 0.10234375 0.13671875
0 0.21328125 0.46796875 0.11328125 0.16171875
0 0.95234375 0.51640625 0.071875 0.08984375
0 0.8453125 0.28671875 0.06015625 0.07578125
0 0.71171875 0.31328125 0.053125 0.07734375
0 0.65859375 0.36484375 0.07421875 0.0875
0 0.65078125 0.44453125 0.05625 0.06953125
0 0.79921875 0.2484375 0.0640625 0.08515625
0 0.01484375 0.290625 0.0296875 0.115625
0 0.771875 0.71640625 0.0578125 0.06328125
0 0.59921875 0.55546875 0.05703125 0.07109375
0 0.8921875 0.36796875 0.08515625 0.10546875
0 0.81171875 0.35078125 0.0515625 0.06484375
0 0.47734375 0.46171875 0.06328125 0.084375
0 0.82421875 0.4328125 0.06171875 0.075
0 0.38046875 0.5984375 0.053125 0.06328125
0 0.16953125 0.23828125 0.06171875 0.0734375
0 0.034375 0.18203125 0.06875 0.1203125
0 0.69140625 0.47734375 0.05546875 0.065625
0 0.71640625 0.3921875 0.0640625 0.07890625
0 0.58046875 0.32578125 0.0828125 0.103125
0 0.4328125 0.403125 0.0578125 0.07421875
0 0.18125 0.72421875 0.05859375 0.06484375
0 0.78359375 0.4921875 0.0625 0.0734375
0 0.90859375 0.48359375 0.05078125 0.06484375
0 0.646875 0.51796875 0.0609375 0.071875
0 0.75703125 0.346875 0.05 0.0671875
0 0.246875 0.2828125 0.06640625 0.09453125
0 0.509375 0.16328125 0.06328125 0.0859375
0 0.64296875 0.73203125 0.065625 0.08203125
0 0.871875 0.4453125 0.04453125 0.05234375
0 0.94921875 0.31171875 0.07421875 0.08984375
0 0.40703125 0.66484375 0.07578125 0.09765625
0 0.634375 0.621875 0.0578125 0.07734375
0 0.68984375 0.59375 0.05703125 0.07265625
0 0.55234375 0.615625 0.06796875 0.0734375
0 0.453125 0.6125 0.04609375 0.05234375
0 0.7375 0.2328125 0.06484375 0.08046875
0 0.12578125 0.415625 0.084375 0.10859375
0 0.65 0.271875 0.07890625 0.09375
0 0.42578125 0.54765625 0.09140625 0.115625
0 0.1859375 0.3359375 0.0890625 0.1046875
0 0.0203125 0.40234375 0.03984375 0.1
0 0.296875 0.6 0.053125 0.06640625
0 0.55 0.49921875 0.053125 0.06953125
0 0.13125 0.5140625 0.065625 0.078125
0 0.1046875 0.17890625 0.05625 0.0765625
0 0.49375 0.67890625 0.06328125 0.0890625
0 0.7390625 0.4515625 0.05546875 0.06796875
0 0.72421875 0.52109375 0.05078125 0.0609375
0 0.26875 0.37109375 0.06875 0.08046875
0 0.06484375 0.46484375 0.06640625 0.08046875
0 0.51796875 0.2640625 0.07578125 0.090625
0 0.175 0.565625 0.05390625 0.071875
0 0.33046875 0.2953125 0.06796875 0.0859375
0 0.89609375 0.69296875 0.06328125 0.07734375
0 0.50625 0.55078125 0.06796875 0.09140625
0 0.98515625 0.4734375 0.028125 0.078125
0 0.3796875 0.45390625 0.06953125 0.09921875
0 0.59453125 0.4171875 0.0515625 0.0625
0 0.31015625 0.45703125 0.07578125 0.09765625
0 0.33515625 0.66484375 0.07734375 0.10625
0 0.5796875 0.2234375 0.07421875 0.0875
0 0.015625 0.58359375 0.03046875 0.090625
0 0.18046875 0.65859375 0.05 0.06640625
0 0.98671875 0.5703125 0.02578125 0.0796875
0 0.33671875 0.540625 0.07421875 0.09609375
0 0.45703125 0.21484375 0.053125 0.071875
0 0.0140625 0.4953125 0.02734375 0.0828125
0 0.95859375 0.63046875 0.059375 0.07421875
0 0.34375 0.3703125 0.06953125 0.078125
0 0.25078125 0.67265625 0.078125 0.10546875
0 0.984375 0.36953125 0.03046875 0.08359375
0 0.04765625 0.5515625 0.06484375 0.0765625
0 0.065625 0.76015625 0.0765625 0.11015625
0 0.02265625 0.6875 0.0453125 0.0765625
0 0.04921875 0.63515625 0.065625 0.084375
0 0.7765625 0.40234375 0.04453125 0.0515625
0 0.6015625 0.48203125 0.053125 0.0640625
0 0.83125 0.68828125 0.05546875 0.06796875
0 0.10234375 0.5765625 0.046875 0.0640625
0 0.89765625 0.26796875 0.05078125 0.0640625
0 0.9890625 0.675 0.02109375 0.0875
0 0.2109375 0.17890625 0.06015625 0.0734375
0 0.11015625 0.64609375 0.046875 0.07109375
0 0.86640625 0.2015625 0.05234375 0.06484375
0 0.234375 0.5796875 0.065625 0.08046875
0 0.52734375 0.440625 0.04609375 0.05703125
0 0.6515625 0.18203125 0.06015625 0.06953125