0 0.471875 0.57890625 0.0734375 0.0921875
0 0.2 0.40078125 0.04921875 0.06484375
0 0.52265625 0.25 0.096875 0.13359375
0 0.89765625 0.67109375 0.09453125 0.11484375
0 0.178125 0.46484375 0.0578125 0.07109375
0 0.28984375 0.0640625 0.0515625 0.0671875
0 0.31484375 0.1828125 0.0734375 0.09921875
0 0.8984375 0.29296875 0.06328125 0.084375
0 0.415625 0.96015625 0.059375 0.07578125
0 0.546875 0.7640625 0.09765625 0.1328125
0 0.85078125 0.940625 0.0515625 0.06484375
0 0.56875 0.44375 0.0671875 0.0890625
0 0.91328125 0.8265625 0.0625 0.08046875
0 0.675 0.83984375 0.0578125 0.0734375
0 0.65078125 0.71328125 0.065625 0.0875
0 0.85078125 0.75625 0.07265625 0.08828125
0 0.26015625 0.6 0.07265625 0.08828125
0 0.7765625 0.89921875 0.08203125 0.1125
0 0.8296875 0.5109375 0.05078125 0.06171875
0 0.16171875 0.03125 0.059375 0.0625
0 0.84375 0.1 0.06171875 0.0734375
0 0.62734375 0.4953125 0.07890625 0.0984375
0 0.90234375 0.384375 0.0640625 0.0796875
0 0.46015625 0.334375 0.08046875 0.09921875
0 0.70625 0.328125 0.09140625 0.11171875
0 0.3203125 0.540625 0.0703125 0.08828125
0 0.8390625 0.340625 0.0484375 0.05703125
0 0.33046875 0.725 0.05390625 0.07734375
0 0.18203125 0.14140625 0.06328125 0.08359375
0 0.565625 0.9359375 0.05703125 0.07578125
0 0.821875 0.39296875 0.05625 0.06953125
0 0.534375 0.11171875 0.07578125 0.103125
0 0.765625 0.20390625 0.05 0.05859375
0 0.8625 0.8359375 0.04921875 0.05859375
0 0.46953125 0.04453125 0.140625 0.0890625
0 0.7765625 0.5671875 0.08671875 0.11328125
0 0.896875 0.8984375 0.05703125 0.07109375
0 0.6625 0.04375 0.078125 0.0875
0 0.6125 0.2296875 0.04375 0.0578125
0 0.68203125 0.4234375 0.0671875 0.08125
0 0.64375 0.62421875 0.075 0.0921875
0 0.38125 0.05078125 0.0640625 0.0859375
0 0.20078125 0.33515625 0.046875 0.0609375
0 0.58671875 0.57109375 0.05859375 0.0765625
0 0.49921875 0.95703125 0.06640625 0.08203125
0 0.85234375 0.24765625 0.0625 0.07578125
0 0.91015625 0.20234375 0.0640625 0.08125
0 0.52890625 0.5203125 0.07734375 0.1
0 0.609375 0.1046875 0.0765625 0.0875
0 0.86875 0.45625 0.0703125 0.0875
0 0.896875 0.55390625 0.07890625 0.109375
0 0.9046875 0.97421875 0.071875 0.0515625
0 0.67734375 0.13359375 0.0578125 0.07421875
0 0.72265625 0.1703125 0.05 0.059375
0 0.38671875 0.14921875 0.0796875 0.10625
0 0.72734375 0.47421875 0.0609375 0.07734375
0 0.46484375 0.15859375 0.07734375 0.09921875
0 0.8078125 0.8109375 0.05703125 0.07578125
0 0.65 0.9109375 0.04140625 0.05625
0 0.51640625 0.6546875 0.0640625 0.0859375
0 0.16484375 0.2109375 0.05234375 0.0609375
0 0.86328125 0.16328125 0.04609375 0.05625
0 0.4484375 0.85546875 0.0890625 0.12421875
0 0.25703125 0.4671875 0.09375 0.11875
0 0.14609375 0.79921875 0.08359375 0.1109375
0 0.1375 0.68046875 0.06640625 0.109375
0 0.7828125 0.721875 0.05390625 0.06875
0 0.328125 0.98359375 0.0625 0.0328125
0 0.19375 0.54765625 0.06875 0.09765625
0 0.45859375 0.7203125 0.075 0.10234375
0 0.2234375 0.05390625 0.03984375 0.0515625
0 0.58359375 0.17578125 0.05546875 0.0734375
0 0.68671875 0.55078125 0.075 0.10078125
0 0.6265625 0.303125 0.07109375 0.08828125
0 0.22421875 0.77109375 0.08359375 0.11875
0 0.728125 0.8390625 0.04765625 0.065625
0 0.7484375 0.97109375 0.05546875 0.05703125
0 0.42265625 0.2359375 0.0796875 0.10078125
0 0.65390625 0.97265625 0.05625 0.0546875
0 0.79296875 0.26953125 0.05859375 0.0765625
0 0.6875 0.228125 0.07109375 0.08359375
0 0.253125 0.36171875 0.07265625 0.0890625
0 0.35078125 0.63046875 0.07421875 0.1015625
0 0.7140625 0.09375 0.0421875 0.053125
0 0.20390625 0.67578125 0.06015625 0.084375
0 0.1359375 0.5265625 0.053125 0.07578125
0 0.4171875 0.6453125 0.05703125 0.07578125
0 0.5234375 0.875 0.06484375 0.090625
0 0.59609375 0.98359375 0.05390625 0.0328125
0 0.78515625 0.45078125 0.06875 0.0890625
0 0.5921875 0.365625 0.04921875 0.0640625
0 0.63828125 0.178125 0.0484375 0.06953125
0 0.31796875 0.8265625 0.10390625 0.12890625
0 0.24765625 0.28125 0.04453125 0.06171875
0 0.425 0.528125 0.07109375 0.08984375
0 0.1359375 0.34765625 0.0703125 0.09296875
0 0.60078125 0.86171875 0.07109375 0.1
0 0.103125 0.45546875 0.05234375 0.06484375
0 0.5625 0.025 0.053125 0.05
0 0.51015625 0.409375 0.071875 0.09453125
0 0.28359375 0.9421875 0.0703125 0.09609375
0 0.2796875 0.0140625 0.05078125 0.028125
0 0.378125 0.87578125 0.034375 0.046875
0 0.71015625 0.91484375 0.05546875 0.0765625
0 0.75703125 0.78515625 0.05546875 0.0703125
0 0.78203125 0.0625 0.07109375 0.08984375
0 0.38828125 0.73984375 0.06328125 0.09140625
0 0.2875 0.6734375 0.0609375 0.08359375
0 0.596875 0.68359375 0.059375 0.07578125
0 0.83671875 0.03984375 0.04609375 0.05
0 0.9015625 0.0765625 0.07109375 0.09453125
0 0.5453125 0.33828125 0.04765625 0.0640625
0 0.175 0.27265625 0.053125 0.0703125
0 0.3609375 0.93125 0.0609375 0.08359375
0 0.21640625 0.95390625 0.0484375 0.0671875
0 0.70234375 0.77109375 0.0578125 0.07109375
0 0.2296875 0.215625 0.0828125 0.10234375
0 0.82109375 0.646875 0.06328125 0.0796875
0 0.80703125 0.15390625 0.0515625 0.06875
0 0.32421875 0.4015625 0.05625 0.078125
0 0.61171875 0.0171875 0.0421875 0.034375
0 0.23046875 0.88046875 0.05546875 0.07890625
0 0.34453125 0.01171875 0.053125 0.0234375
0 0.72734375 0.02734375 0.05859375 0.0546875
0 0.396875 0.37109375 0.06171875 0.07734375
0 0.7 0.984375 0.04375 0.03125
0 0.73671875 0.66875 0.1125 0.14609375
0 0.5625 0.6328125 0.03671875 0.04921875
0 0.73671875 0.40703125 0.05078125 0.05546875
0 0.7765625 0.34296875 0.0515625 0.075
0 0.1671875 0.97734375 0.0828125 0.04453125
0 0.64453125 0.79765625 0.0421875 0.05390625
0 0.64921875 0.371875 0.04609375 0.05390625
0 0.471875 0.4765625 0.05234375 0.0703125
0 0.1359375 0.2671875 0.03671875 0.0671875
0 0.3375 0.2921875 0.11171875 0.16640625
0 0.44453125 0.42265625 0.05 0.0578125
0 0.096875 0.98828125 0.0609375 0.02265625
0 0.8375 0.9921875 0.040625 0.01484375
0 0.33828125 0.11015625 0.0484375 0.0515625
0 0.834375 0.57265625 0.04609375 0.0625
0 0.78359375 0.0078125 0.0421875 0.015625
0 0.74453125 0.26015625 0.046875 0.05625
0 0.24765625 0.11875 0.059375 0.08046875
0 0.753125 0.140625 0.04609375 0.05703125
0 0.378125 0.465625 0.09453125 0.11640625
0 0.27265625 0.99453125 0.04453125 0.009375