0 0.43806650122617796 0.752587106171761 0.09859183029311361 0.10824094828173295
0 0.7542997655478323 0.4953911879466338 0.10544862604019886 0.11628512221805139
0 0.18737941699308047 0.7837199732654204 0.14276880539800416 0.155352297617803
0 0.3758168001912039 0.6568978771508042 0.10345133200523282 0.12857276529477701
0 0.03902627259680223 0.7010261688143025 0.06867155674474763 0.08180892686318479
0 0.5587584321399275 0.7159632840612501 0.10686458400173784 0.11307212447457342
0 0.8900927877436493 0.6304787393726896 0.12892976076630233 0.15693120878352892
0 0.49623604396742654 0.6444837146812133 0.09886271452563022 0.11439215573684791
0 0.483479625300739 0.42121893150372614 0.12566818654369402 0.13192325471933425
0 0.1906605501912039 0.6579750847017388 0.08531920651164623 0.09410742985142342
0 0.8277326524709334 0.7526628115813965 0.13637628815150293 0.12895954348289146
0 0.22409020206065927 0.5671955485973854 0.092343287217356 0.10693562374285684
0 0.09339538649889378 0.6327710725032946 0.10407403859206377 0.11617951190385653
0 0.6951686062051998 0.7604621969236243 0.09795240557807965 0.09593796522406031
0 0.43043529044294165 0.5441297115579554 0.10255302443238978 0.11929428524989216
0 0.6630916572448182 0.6685019559006147 0.10146668898075965 0.10366985339733467
0 0.5206225825594903 0.5287678110904173 0.08236149147027057 0.09887326908837916
0 0.3472988686527544 0.7859132114597596 0.10175708986304191 0.12553689933313983
0 0.6646443470816374 0.5552616125164731 0.10394969639800813 0.11325039255129923
0 0.5917028319347905 0.6212820431364363 0.07887389401164632 0.09406993212021994
0 0.028632649759641766 0.6074170693800366 0.05726529951928353 0.08806801722226432
0 0.8692735701119357 0.503312251374742 0.08577946022027057 0.09889315424886576
0 0.3446161896131047 0.5430671813073344 0.09150563615383707 0.0971694305954145
0 0.15322159500704496 0.5543324551150478 0.06877515601864026 0.0831761143631848
0 0.28984248877862323 0.7300222806434045 0.09753363770978148 0.09427610453173293
0 0.8054227124336215 0.583336094660688 0.09230774440092268 0.10517837939029935
0 0.7422552485268856 0.8398406247149172 0.10528874102970995 0.11159875851293641
0 0.7550540142984324 0.6812423295353774 0.09062684523075966 0.10360678903121964
0 0.5686168389837604 0.8228899949318345 0.08953054196327645 0.10975004242214012
0 0.10186889209797116 0.7373631237329586 0.08160221066083113 0.08627674913326402
0 0.5959544692820987 0.5033405642136752 0.08245914772027056 0.09887383723582169
0 0.5776915665874507 0.4042718051384889 0.08717479058856874 0.10056069641561809
0 0.007161517742458748 0.7872954669207086 0.014323035484917496 0.10021261736369773
0 0.4970378369091678 0.8194019014494968 0.08218086353961844 0.09262497353070671
0 0.2902703864988938 0.6316256872592627 0.08748850225873177 0.10212433271050295
0 0.05260167529145021 0.8001221989667278 0.0706795105571015 0.08640842911970666
0 0.6502570026760705 0.8481849107210749 0.06641200469579722 0.07388911210666257
0 0.31613783733337514 0.44483875956616564 0.09314393854019895 0.11621353564029935
0 0.7290494665828063 0.5915894770760494 0.07165595773017905 0.07997163883134384
0 0.665309043142234 0.45374001913233125 0.078351411542533 0.08459841216510497
0 0.8485285593147662 0.8595258899384236 0.09079669805710147 0.08652546749285683
0 0.9210216337996012 0.7169793207547788 0.0577910344428787 0.1237193011314682
0 0.277554131100309 0.8097461420797231 0.06450025020920087 0.07055914110014072
0 0.08487433670867522 0.5391119760940908 0.06469556270920089 0.07056027739502539