0 0.5463769474464003 0.5761609615579555 0.0866686953254728 0.09262270094093665
0 0.25157827130904636 0.39961768403780895 0.05815939156921139 0.0644504795931053
0 0.5548298305436546 0.24695927488786787 0.11415573173731453 0.13484094601293634
0 0.9645557228277258 0.6658713387087596 0.07088855434454829 0.11481118810897169
0 0.23794775132335788 0.46380744906492355 0.0655066998328028 0.07073854547175121
0 0.2980882300143115 0.062376238390730906 0.06003320050250904 0.06612029434962738
0 0.33837068077254745 0.18098079264545702 0.08628179660766211 0.10023193437674202
0 0.9361409146995954 0.2877417935292198 0.07345623968348321 0.08473918251062713
0 0.5391916577754736 0.9577382144848217 0.06921559123659442 0.0768102773950254
0 0.6452055055365445 0.7608808743221338 0.11424082018241463 0.13474385791037874
0 0.9709182991257979 0.9356752994811481 0.058163401748404196 0.06582732559962742
0 0.625858105464987 0.4404411092950191 0.07984057630007886 0.0880941520046182
0 0.9915947558195072 0.8212491851179635 0.016810488360985688 0.08141830186318444
0 0.7830831221388397 0.8359167148776052 0.0660916142846986 0.07376702551663605
0 0.7425764969886146 0.7094951154433392 0.07688575319027909 0.08788179508134383
0 0.9481063311445552 0.7513002994811482 0.08461316474517915 0.08802433497929947
0 0.33737284330477113 0.5984864552132436 0.08452807630007886 0.08812142308185714
0 0.8922868475179577 0.8947008415374299 0.09582576749464451 0.11297326681958282
0 0.8954422552360942 0.506110519328723 0.058128483581013767 0.06269380338799024
0 0.16574044756795683 0.030865932328886153 0.06741839513591366 0.061731864657772306
0 0.8566194322174618 0.09509120609700643 0.07202928230329668 0.07516773371574223
0 0.6910876564521157 0.4916627208295335 0.09200972118026556 0.09772809701817557
0 0.9518106300858691 0.3791253176315208 0.07449377806688809 0.08142739222226432
0 0.5031884139771381 0.3316978892510526 0.0927271091076621 0.10026943210794545
0 0.7484778244635468 0.3240161576960128 0.10518819968974462 0.1129301527240603
0 0.38988786792565316 0.5387614763886784 0.08295300849517898 0.08801467647277761
0 0.8828990034907294 0.33574347717424524 0.05432193592722214 0.05662150331727354
0 0.42377213357659843 0.7230773890546608 0.06463151986499227 0.07834493817034413
0 0.20022943149500466 0.14034722316722453 0.0746349101099855 0.08328229282482184
0 0.6860748421603071 0.9326467900131785 0.06612252227289606 0.07552370172175102
0 0.8724478469170572 0.3881872211241211 0.06528625172300302 0.07054209667686617
0 0.5487525688054457 0.10860984719477074 0.08836925822425759 0.10356190538326411
0 0.7918665766309184 0.1994519740509873 0.05745270830561999 0.058201047740547775
0 0.9700804099428453 0.830919621788051 0.05742077726931853 0.05946944269566288
0 0.4752621690343385 0.04336995662757884 0.15208683806867693 0.08673991325515767
0 0.8495563108584164 0.56266959153743 0.10180793435444428 0.11320323631357354
0 0.9898318822152543 0.8932196338882996 0.02033623556949138 0.07200807672175102
0 0.6681303765951395 0.041936473363616264 0.08938575319027908 0.08387294672723253
0 0.6420594771244827 0.22612407924078987 0.05136608976931818 0.059434217554229285
0 0.7365252520458151 0.4194695582617468 0.07764391367668785 0.08164088544042354
0 0.7240834089199377 0.6204735220591975 0.08686400782547263 0.09262383723582168
0 0.3877852585479299 0.048563202384573276 0.07375498081188123 0.08630225065806965
0 0.243913956416337 0.33398813885826917 0.054717310257515805 0.06121021077238851
0 0.6602152730544111 0.5676803201656035 0.0677633152914943 0.07689941143338838
0 0.622383238018678 0.9541268802740621 0.07773477450018582 0.08310516104298102
0 0.8842157032260578 0.24269745912206853 0.07234059123659442 0.0768284581131847
0 0.9361967417525203 0.1970486158361227 0.0745189136766875 0.08162270472226432
0 0.5958675145064812 0.5172354134515494 0.08962724471746189 0.10044656388978623
0 0.6228476868526555 0.1011422599589491 0.08645606569027926 0.08793747353070662
0 0.9274667844921698 0.4511957603517326 0.08020606569027891 0.08790111209438808
0 0.960980731199055 0.5486883838882994 0.07803853760188986 0.10983065424886576
0 0.9954042605937449 0.9689554320929012 0.009191478812510211 0.05198065651766228
0 0.6945365071030155 0.1296530793389857 0.0672760570895985 0.07387149953594588
0 0.7445745017453647 0.16610820892567682 0.05764122537911796 0.059665891490547726
0 0.4059223558869938 0.1469688861277946 0.0933612717310531 0.10671360831306051
0 0.7883730105937449 0.46998718784843796 0.07081579465129409 0.0771123365041051
0 0.4852538651573809 0.15588936817381374 0.08934107139396393 0.09898115199234372
0 0.9121755518884797 0.8062377843558377 0.06601229821799634 0.07542547732430868
0 0.7672324841059416 0.907155910622879 0.04796171187232225 0.0564869174835124
0 0.6006608140486955 0.6516831363241863 0.07497135465308276 0.08513832972226432
0 0.1919902085837086 0.20997846711710033 0.059449309098717464 0.060066743144512366
0 0.8842946197925745 0.1582588266085112 0.05264921187232226 0.05651418856075141
0 0.5585314709228182 0.8528598169441498 0.10632796069832935 0.12406126078173259
0 0.31715562864095465 0.4656921359314029 0.10903245075823591 0.11929542154477701
0 0.24894866530049592 0.7983688014260557 0.09718718261624675 0.11141985717866217
0 0.22507246454226 0.6796687984009937 0.07979859773784889 0.10975736322878653
0 0.8757137138198028 0.7173207301011115 0.06207039089950506 0.06905964035614946
0 0.45470793095144124 0.9816847745932803 0.06672278244635468 0.033176114363184794
0 0.26423024987844346 0.5465290454741274 0.08140577953416414 0.09873981954950324
0 0.5512938789414049 0.7176444796101322 0.08825903416935751 0.10346368098582168
0 0.23037492830472553 0.052606328651614666 0.04716314473712879 0.051798281188627594
0 0.6062157988197572 0.17238600088376277 0.06423614553469861 0.07375623071522908
0 0.7576011696352392 0.546786037184508 0.08804538148605996 0.10180352473582169
0 0.6655729664091813 0.2994797660090733 0.08305066474517897 0.08801524462021995
0 0.32345413748933477 0.7697892834720748 0.09819260700823591 0.11923235717866217
0 0.836107579699641 0.8348263926688982 0.055418221142709 0.0658982789198312
0 0.8734117519242585 0.9667394680008631 0.06357991644582058 0.05804152852942366
0 0.45302006663807404 0.2334785578689634 0.09256950002236178 0.10056126456306051
0 0.7790815868026563 0.96885193472518 0.06328797074392441 0.05501475292686635
0 0.8276558915236276 0.264917892767094 0.0677633152914943 0.0768994114333883
0 0.7168583922460849 0.2241252420049682 0.08262335937858367 0.08469493212021995
0 0.2996761493491003 0.36024611182910193 0.08343449431867693 0.08948122466510489
0 0.43191899843352904 0.6284279643866257 0.08660567334585974 0.1019903150241845
0 0.7261275927038705 0.08959570590061469 0.047852510865526554 0.05336362192583999
0 0.2908754599070664 0.67459495814011 0.07169842718348338 0.08472895585666258
0 0.2037031040200726 0.5257716387600733 0.06278964196799626 0.07540672845870695
0 0.5002355547783086 0.6428853741257421 0.06601229821799634 0.07542547732430868
0 0.6360450319027913 0.8719547297083281 0.07719026669707478 0.09100622693390151
0 0.7226766809514412 0.9801257780111259 0.058812626196354675 0.03313009442034413
0 0.8431692374177772 0.4462133445624922 0.08021183806867711 0.08946247579950324
0 0.6392413615450949 0.36217975390882484 0.057970874495713434 0.06298563584310521
0 0.6612049261373538 0.17441158831597617 0.057310370259304834 0.06922711363146812
0 0.4243426506724582 0.8247126119272977 0.1210913715835229 0.1288311421608917
0 0.28385152811161146 0.27980917808588057 0.053245671081013767 0.06266539601586647
0 0.4929666888984704 0.5256524223303439 0.08342769889217508 0.09094493212021995
0 0.18067888544351973 0.3468653887600732 0.08355626313037252 0.09270217647277743
0 0.7116795604364097 0.8582235069338872 0.08327958846746171 0.10040963430602545
0 0.1617412420529708 0.45486878630074523 0.06119930312411124 0.0645657484138221
0 0.5657173580543654 0.02344100341784556 0.059559716108730856 0.04688200683569112
0 0.5628404881402345 0.40640699776050476 0.08395266050877037 0.09426581276766229
0 0.4048479316738985 0.9405375998270493 0.0827546268508664 0.09708875365858276
0 0.28149726390558055 0.013321777771871773 0.053717184061161126 0.026643555543743546
0 0.4908330743419901 0.8735813831027326 0.04040754635193515 0.04707498789975162
0 0.8278914463019362 0.9107121817983138 0.0646383152914943 0.07688123071522882
0 0.8580764013949154 0.7807519710259252 0.06383397577790291 0.07063123071522917
0 0.7900746451359136 0.05795027528065133 0.08214559983727518 0.09083988995346774
0 0.48349493992137804 0.7375847957687149 0.07581628377057292 0.09246198032482197
0 0.3741675825894697 0.6717648739293504 0.07315070312858359 0.08463982181829977
0 0.6848496342990557 0.680121232831586 0.06921559123659442 0.0768102773950254
0 0.841846414399145 0.034975862712864715 0.05184487235873085 0.05026418856075139
0 0.9114156590414944 0.07131736281106058 0.08385500425877054 0.09426524462021993
0 0.5888473761731328 0.3351087146812134 0.0552171362643115 0.06433577891983103
0 0.21008931128042335 0.2716381297830828 0.06217381952790291 0.07062157220870705
0 0.4807840875251136 0.9291501270526084 0.07041632812858367 0.08462391368991043
0 0.33916856826188224 0.9526472352674731 0.05708414977110721 0.06746930113146803
0 0.8015791374893346 0.7670076335937118 0.06688645513770268 0.07084415578594587
0 0.2574372132189021 0.21428871721529621 0.0974387216693577 0.10351708684541441
0 0.9043428896567065 0.6420980163036608 0.07439612181688773 0.08142682407482198
0 0.8268381105221874 0.14921107953537743 0.060410234649505054 0.06904998184962738
0 0.37589756374824523 0.3996762504909793 0.06630424391989206 0.07845225292686617
0 0.6139306836623762 0.015469422133952249 0.04661136732475253 0.030938844267904497
0 0.3437800789771837 0.8791279220357563 0.06502791724339003 0.07990857446522881
0 0.3460393865879838 0.010793805963648897 0.05614127317596758 0.021587611927297794
0 0.7308627353719622 0.02531219678256606 0.06494812699392441 0.05062439356513212
0 0.4446326586194873 0.36878479879377707 0.0722680705963942 0.0770232024657422
0 0.82668347339064 0.9803025191323312 0.047771697567957 0.031504530054229464
0 0.8227830779542762 0.6644638956939601 0.13138941076449734 0.14743184960373235
0 0.6439393757511258 0.6295399707313376 0.04371426799893126 0.05002171982302599
0 0.7891013608226377 0.40274514569396025 0.05851538229882429 0.055084569952184914
0 0.8207006308083262 0.33845084153743 0.06258176166309645 0.0753079359138221
0 0.29296609143784985 0.9763710815784808 0.0899985811686376 0.045704586845414494
0 0.7471850804220981 0.7939064768796577 0.049212902939024514 0.05483528344514958
0 0.6970769510586863 0.36809795580241883 0.05225960992042644 0.05348684481075141
0 0.5332058879113417 0.4738172115579554 0.062129320686701205 0.0717923109138221
0 0.17032301420603088 0.26639663876007325 0.04587304425250904 0.06603791297046832
0 0.37510287226039635 0.29022398243880254 0.13372990866507103 0.16637659395629
0 0.4989247096066161 0.4200700428418488 0.057440140500720105 0.05810339149054773
0 0.22406118558663474 0.9877176477370636 0.06510051256616789 0.02360352927341509
0 0.9651888977826294 0.987315067533325 0.042623280979078616 0.015763693086070063
0 0.3524577339270478 0.10818818725926276 0.055073300987128794 0.051844301131468165
0 0.908072607932809 0.5678019982514841 0.054820738885913656 0.06277214262494617
0 0.7845991743919892 0.005594452384573275 0.044198348783978506 0.01118890476914655
0 0.7780118822532407 0.2558246938985621 0.05411405562232226 0.056522710772388504
0 0.26293870075823594 0.1173091780858806 0.06981884587178788 0.08149777739502548
0 0.7712226390558057 0.13624344692362428 0.05394387873212203 0.056716886977503565
0 0.43804829376255683 0.46342513310273253 0.1087405050563401 0.11626864594221953
0 0.4006467751002261 0.9929449823406067 0.0464213530203871 0.009638052265866292