0 0.072609515625 0.9278015187499999 0.0765261640625 0.9174694453125 0.07771083749999999 0.9029565984374999 0.07339926718749999 0.8703185625 0.0710032171875 0.8638153328125 0.062103271875 0.8562750765624999 0.0458031171875 0.8564647453124999 0.0401801265625 0.8589491046875001 0.032597096874999995 0.8681808953125 0.022863506250000002 0.8918061500000001 0.02115586875 0.912725571875 0.023781390625000003 0.9283696859375 0.0313964515625 0.9426495171875 0.0441061984375 0.95014544375 0.050544276562500004 0.9500705296874999 0.060693326562500004 0.9423086171874999 0.072609515625 0.9278015187499999
0 0.0785604390625 0.975017509375 0.09818774687500001 0.9932245921874999 0.1319526203125 0.9928317015625 0.1347901703125 0.9913441015625001 0.1445397796875 0.9794746562500001 0.1609865640625 0.9453215125 0.1619689953125 0.9416526578125 0.163495196875 0.9229559249999999 0.16241668125 0.8799937734375 0.15936425 0.8695795140625 0.1567547453125 0.8656912125 0.0883953703125 0.8664866468750001 0.080812340625 0.8757184375 0.0706518390625 0.9045735468749999 0.06830383906250001 0.9333377515624999 0.0694031453125 0.9437747359375 0.0735548828125 0.9646259796875001 0.0785604390625 0.975017509375
0 0.0739374109375 0.81532035625 0.07720329687500001 0.8231196859375001 0.08862762656249999 0.837234246875 0.11622894531250001 0.8369130765625 0.126474346875 0.8290774765625001 0.1364374109375 0.8145931031250001 0.1385122015625 0.8082990953125 0.140710784375 0.7813653406250001 0.138539925 0.7649322046875 0.1291851921875 0.7480601703125 0.1217996015625 0.742921221875 0.1061746015625 0.7431030359374999 0.09598206718749999 0.7484465234375001 0.0818993 0.7655912781249999 0.07713923125 0.776096440625 0.0750644390625 0.7823904500000001 0.0728872015625 0.8090627109374999 0.0739374109375 0.81532035625
0 0.169342584375 0.7580966953125 0.15525981718749998 0.77524145 0.1409796109375 0.8067569406249999 0.136251575 0.8407737265625 0.142601925 0.8824989375 0.1502169875 0.89677876875 0.1515535375 0.89738165625 0.190853665625 0.8969243578125001 0.21161768125 0.8856145312500001 0.229820153125 0.8658093984375 0.245626575 0.8395010328125 0.25038664375 0.8289958687500001 0.2514539171875 0.8159212312499999 0.248614940625 0.8028920453125 0.24208316875000002 0.7872933875 0.21469136875 0.7523441265625 0.19320699375 0.7525941203125 0.169342584375 0.7580966953125
0 0.02978100625 0.80513765625 0.0486069609375 0.8049185968750001 0.050260121874999994 0.80418819375 0.05567657031249999 0.7975940578125 0.066194615625 0.776310875 0.067934271875 0.7549992140625 0.0658050390625 0.745227325 0.059929646875 0.7335396937499999 0.0523306015625 0.731015671875 0.0362786921875 0.7364273421875 0.024575959375 0.7483195125 0.019815890625 0.7588246765625 0.017681343750000002 0.7849739546875 0.020733775 0.7953882109375 0.0250829515625 0.8018687140624999 0.02978100625 0.80513765625
0 0 0.713210115625 0.013219862499999999 0.7081571249999999 0.031208189062500002 0.688584990625 0.0385058265625 0.599185228125 0.0325909484375 0.5903717453125 0.014126971875 0.577524375 0 0.575294059375 0 0.713210115625
0 0.024344601562500002 0.72904253125 0.0320447015625 0.73174356875 0.052658803125 0.731503703125 0.052684164062500004 0.7314651671875 0.0561909203125 0.6885056406250001 0.05075444999999999 0.6804050125 0.048801325 0.680427740625 0.024344601562500002 0.72904253125
0 0.0856264625 0.740486184375 0.1141818703125 0.7401539125000001 0.122004978125 0.7380148546874999 0.1302443875 0.7326940921875 0.1443271546875 0.715549340625 0.15342038281249998 0.6997688671875 0.16120085 0.6761663375 0.1629084875 0.655246915625 0.1620226359375 0.6421950046875 0.1543915578125 0.6161593609375 0.137864690625 0.5915334515625 0.12504663437500002 0.5812328265625 0.10444411406250001 0.5763605546874999 0.10338918593749999 0.5763728296874999 0.0901038390625 0.5790269796875 0.08186442968749999 0.5843477421875 0.059328796875 0.609428184375 0.05023556875 0.6252086578125 0.0439813171875 0.654018315625 0.04706578125 0.6879441953125001 0.0501182125 0.698358453125 0.056649984375 0.7139571124999999 0.06795784218749999 0.7308064187500001 0.0856264625 0.740486184375
0 0.031922546875 0.62871794375 0.056858246875 0.628427790625 0.061539262500000004 0.6259737453125 0.069122290625 0.6167419546875 0.07191883125000001 0.6105701703124999 0.074469615625 0.579321784375 0.07427723593749999 0.5774953109375 0.06948513437500001 0.5644888531250001 0.0633962890625 0.55541615 0.048411653124999995 0.5477531796874999 0.040599153124999995 0.5478440859375 0.032359743749999996 0.553164846875 0.0247767140625 0.5623966375 0.015256576562499999 0.5834069671875 0.0144027578125 0.593866678125 0.031922546875 0.62871794375
0 0 0.57390071875 0.0007049171875 0.5746230265625 0.010257087500000001 0.5771243203124999 0.0219758375 0.5769879609374999 0.030001792187499998 0.5742821265625 0.0382412015625 0.5689613640625 0.0542770953125 0.551793884375 0.056657129687499995 0.5465413015625 0.057937856249999996 0.5308517359375 0.05573924375 0.5099777671875 0.0526868125 0.49956351093749995 0.042905171874999995 0.4879213328125 0.0313998765625 0.48544276562500005 0 0.5141927609375 0 0.57390071875
0 0 0.4885979671875 0.0186158640625 0.48838135312500003 0.0192718984375 0.48820197343749994 0.0331412109375 0.47367214999999996 0.04244789375 0.4552767484375 0.0447958953125 0.42651254375000003 0.0402172484375 0.4108911578125 0.0323887328125 0.39922625312500004 0.0232634703125 0.39149510468750004 0.003945675 0.3891074421875 0 0.3911759828125 0 0.4885979671875
0 0 0.38935392968750004 0.015843901562500002 0.3915532203125 0.021916731249999998 0.3888701125 0.0357860453125 0.37434028750000004 0.041613385937500004 0.35076048593750003 0.042680660937499997 0.3376858453125 0.0402685921875 0.3194268046875 0.02874728125 0.3051924265625 0.0055232359375 0.30285021875 0.0014035312499999998 0.30551059999999997 0 0.3069809734375 0 0.38935392968750004
0 0.041637725 0.33494362187500004 0.048169496875 0.3505422828125 0.0577376828125 0.3647993875 0.063383603125 0.3673461359375 0.0848679796875 0.3670961421875 0.092893934375 0.36439030781250004 0.1040911953125 0.35582003125 0.1078250484375 0.3488862953125 0.1108684046875 0.3437737875 0.1134282203125 0.3124147453125 0.11014648906249999 0.28451001875 0.10405764375 0.2754373140625 0.08516675781250001 0.2678198 0.07344800625 0.267956159375 0.0673751765625 0.27063926562499996 0.0591357671875 0.2759600265625 0.047219578125 0.290467125 0.0418191453125 0.30881707187499996 0.0403249625 0.32712156718749996 0.041637725 0.33494362187500004
0 0.1398801234375 0.3517069984375 0.1494162765625 0.34245248125 0.1539383421875 0.33247257812500003 0.1554965609375 0.3133836046875 0.1461023421875 0.2993857203125 0.14240954687500001 0.2968162453125 0.13069079687500001 0.29695260625 0.1265710921875 0.2996129875 0.1146619875 0.316423703125 0.11456052812499999 0.31766664375000003 0.118609203125 0.3493420671875 0.12373808281250001 0.3529107796875 0.13751846875 0.35275042968750003 0.1398801234375 0.3517069984375
0 0.1589526859375 0.34036605937500003 0.168077946875 0.348097209375 0.17706115625000002 0.35072929375 0.190083203125 0.35057776875 0.20561423125 0.3424355453125 0.21774387343749999 0.32531351875 0.22059991562499998 0.31901042031250004 0.222743 0.292756546875 0.21615359218750002 0.273083146875 0.21180441718749998 0.266602640625 0.19877290625 0.258916946875 0.18119478125 0.25912148749999997 0.169049121875 0.26448770312500003 0.163632671875 0.2710818390625 0.1562791140625 0.2894545125 0.1521914421875 0.315626515625 0.154603509375 0.33388555625 0.1589526859375 0.34036605937500003
0 0.181752103125 0.4040846734375 0.1855937703125 0.3845119546875 0.1869875328125 0.3674376640625 0.17907853125 0.3531731265625 0.1737462734375 0.350767865625 0.1728782203125 0.3507779671875 0.1534744515625 0.3560835015625 0.1396051390625 0.3706133265625 0.1372251046875 0.375865909375 0.1355174671875 0.39678533125 0.13704368281249998 0.401992459375 0.14487219843750002 0.41365736406250003 0.1557454296875 0.42122303906249997 0.156613484375 0.4212129375 0.1678827890625 0.4186144984375 0.181752103125 0.4040846734375
0 0.21447575937500002 0.352799946875 0.205312753125 0.35040055625 0.20459660624999998 0.3504088890625 0.19689763437500002 0.3530044859375 0.18931460625000002 0.3622362765625 0.1845545375 0.372741440625 0.18327380937499999 0.38843100625 0.18480002499999998 0.393638134375 0.194482375 0.405162134375 0.2103311234375 0.40497771875 0.218948140625 0.39661519218749997 0.22184756718749998 0.3610957578125 0.21447575937500002 0.352799946875
0 0.29809166249999997 0.364105478125 0.2995858453125 0.34580098125 0.2930540734375 0.330202321875 0.28849144375 0.32633675 0.26505394375 0.3266094703125 0.2550908796875 0.34109384062500003 0.2520704828125 0.35419120312499996 0.25316978749999997 0.364628190625 0.26078484999999996 0.378908021875 0.2659137296875 0.382476734375 0.2813723578125 0.38229685625 0.29809166249999997 0.364105478125
0 0.058582003125000004 0.428539646875 0.0664105203125 0.4402045515625 0.0714918484375 0.442496625 0.0996168484375 0.4421693609375 0.10481663906250001 0.4358389890625 0.11786182812499998 0.411086684375 0.11931509843749999 0.3932833828125 0.11732514218750001 0.37821967500000003 0.10775695625 0.36396256875 0.1021110359375 0.3614158203125 0.08843916093750001 0.3615749078125 0.074126921875 0.369578778125 0.0645907671875 0.3788332953125 0.05766411875000001 0.3919761125 0.054643721874999995 0.405073475 0.055529571874999996 0.4181253890625 0.058582003125000004 0.428539646875
0 0.1255211328125 0.487137396875 0.1412717796875 0.48695412187500003 0.15292956562499999 0.475107625 0.15734365625 0.46286485781250003 0.159789490625 0.43290214374999997 0.15872487500000002 0.42801619999999996 0.1526360296875 0.418943496875 0.1432973140625 0.4138272734375 0.1315785640625 0.41396363437500006 0.12333915468750001 0.419284396875 0.11337609062500001 0.43376876875 0.108616021875 0.44427393281249994 0.10690838437500001 0.4651933546875 0.1162631171875 0.48206538749999994 0.1255211328125 0.487137396875
0 0.217704325 0.4859550921875 0.2291936046875 0.4766778484375 0.22984037499999999 0.47353538906250003 0.23297958125 0.43507851875 0.22151447656249998 0.41537476875 0.21412888593749999 0.4102358203125 0.2028969234375 0.40818625468749997 0.1993427125 0.4082276109375 0.19264451093749999 0.41048581406249995 0.1789886515625 0.4224007125 0.17184855000000002 0.43815845781249996 0.1701409109375 0.45907788125 0.1714536734375 0.4668999359375 0.17906873437499998 0.48117976875 0.1881939953125 0.4889109171875 0.2026859890625 0.49092254999999996 0.20656330937499998 0.4908774328125 0.217704325 0.4859550921875
0 0.11901980937500001 0.530763453125 0.121108490625 0.5505937265624999 0.1259005921875 0.5636001828125 0.1319894390625 0.5726728859375 0.1389556 0.57751999375 0.167186696875 0.5771914953125 0.17907789375 0.5695125171875 0.191420990625 0.549775565625 0.19399846406250001 0.5301522421875 0.195777253125 0.508361178125 0.191783834375 0.4975224640625 0.18569498906249998 0.488449759375 0.174616603125 0.48074133906250005 0.160944728125 0.480900425 0.14293969374999999 0.48633481874999995 0.13470028437499998 0.49165558125000003 0.1271172546875 0.500887371875 0.1223571859375 0.511392534375 0.11925460937500001 0.5278870312499999 0.11901980937500001 0.530763453125
0 0.24235784843750002 0.5872439109375 0.25812119375 0.5794650484375 0.274583996875 0.5570677125 0.27850064531249996 0.5467356390625 0.2811341421875 0.5144739703125001 0.27906654375 0.50215423125 0.25884688125 0.47495884843749997 0.24621510624999998 0.47012283593750004 0.22953518125 0.470316925 0.21566467656250002 0.47807376250000005 0.2015819078125 0.49521851562499997 0.1968218390625 0.5057236796875 0.193801440625 0.51882104375 0.1925207125 0.5345106109375 0.1936200203125 0.54494759375 0.1999383375 0.5631611828125 0.21319931875 0.5799877625 0.2277214640625 0.5874142203125 0.24235784843750002 0.5872439109375
0 0.25178779218749997 0.4716190078125 0.2808073734375 0.47128133437499997 0.2903108515625 0.4636075671875 0.2971876046875 0.45167358281250003 0.30098637031250003 0.40513678750000004 0.2949908375 0.3943233453125 0.2839124515625 0.3866149203125 0.26654778125 0.384204534375 0.250495871875 0.389616203125 0.2407462640625 0.4014856453125 0.235772740625 0.4146057390625 0.2338516484375 0.4381400875 0.2351644078125 0.445962146875 0.24256601562500002 0.46285690468749996 0.25178779218749997 0.4716190078125
0 0.3301371171875 0.492640571875 0.3350377640625 0.4851940640625 0.337593121875 0.45388964375 0.333765846875 0.44818680000000005 0.3226874609375 0.4404783796875 0.31661463125 0.44316148593750004 0.30274531875 0.4576913109375 0.300365284375 0.46294389531249996 0.29908455625 0.47863346093750003 0.300610771875 0.48384058906250005 0.30768650468750003 0.49438380625 0.3255841234375 0.4941755484375 0.3301371171875 0.492640571875
0 0.33444355 0.4351037953125 0.34530848125 0.4454271453125 0.34895741875 0.4470731 0.3537932109375 0.4470168296875 0.35898035625 0.4452680578125 0.36938634531250003 0.43730964375000003 0.377182828125 0.425462925 0.377442178125 0.424676175 0.3796834515625 0.397219434375 0.37647839843750003 0.3862844640625 0.3701760984375 0.3798266875 0.364530178125 0.3772799375 0.3467385984375 0.3800994078125 0.33611915468750003 0.39067275156250003 0.3326558296875 0.39724416093750003 0.330062340625 0.40511167031250006 0.3289950671875 0.4181863078125 0.330307828125 0.426008365625 0.33444355 0.4351037953125
0 0.297165915625 0.6258411984375 0.3028118359375 0.6283879453125001 0.3184368359375 0.62820613125 0.324509665625 0.625523025 0.342941609375 0.614858775 0.3520744171875 0.6015814328125 0.3559610703125 0.55396795625 0.35348097031250003 0.5455063734375 0.34391278281250004 0.53124926875 0.3310947265625 0.5209486437499999 0.3213291015625 0.521062278125 0.3091834421875 0.5264284921875 0.28448123125 0.5541465890625 0.27886734375 0.5751114640625 0.278685921875 0.6012380140625 0.28282164375 0.6103334453125 0.297165915625 0.6258411984375
0 0.1709835125 0.6973576312499999 0.1764480109375 0.7260309296874999 0.1894955390625 0.7454724374999999 0.1951636203125 0.7485777 0.24694946406249998 0.7479751171875 0.2559017890625 0.74469973125 0.2745311703125 0.7196647421875 0.286644796875 0.6907869046874999 0.289451740625 0.680304465625 0.292013196875 0.648925334375 0.289387675 0.6332812203125 0.28480902812500003 0.6176598359375001 0.27872018125000003 0.60858713125 0.2622093296875 0.5957170328125 0.229219659375 0.5934884593749999 0.20450143125000003 0.6094507453125 0.18608550468750001 0.63187080625 0.1813254359375 0.6423759703125 0.1729046046875 0.6738232828124999 0.1709835125 0.6973576312499999
0 0.2533575859375 0.8714836609375001 0.2644519890625 0.8909478953125 0.2718375796875 0.8960868453125 0.27498465781250003 0.897506421875 0.29493185 0.8972743140624999 0.301347909375 0.8931310171875 0.315217221875 0.8786011921875 0.3228952359375 0.8634249875 0.32567548281250003 0.8293655546875 0.323147078125 0.8053604890624999 0.315532015625 0.7910806578125 0.308146425 0.7859417093750001 0.296854584375 0.7808482156250001 0.2829692546875 0.7836222265624999 0.262600203125 0.806065015625 0.2552466453125 0.8244376890625 0.25265315625 0.8323052015625001 0.25073206406250004 0.85583955 0.2533575859375 0.8714836609375001
0 0.15922350000000002 0.9956364078125001 0.22724874375 0.9948448624999999 0.2312441296875 0.9917892234375 0.23519304062500002 0.9434130609375 0.23398700625000002 0.934283540625 0.23093457499999998 0.923869284375 0.21419425312499998 0.9018583046875 0.196616128125 0.9020628437499999 0.18837671875 0.9073836046875 0.1701742453125 0.9271887390625 0.1608675625 0.9455841390625 0.15806061875 0.9560665765625 0.1554991625 0.9874457109374999 0.15922350000000002 0.9956364078125001
0 0.4106234984375 0.5130018953125 0.4182065265625 0.5037701046875 0.42375566875 0.48837919999999996 0.4257479125 0.46397320625000005 0.42574150624999996 0.45927088281249995 0.4198661140625 0.44758325 0.40900118281250003 0.43725990000000003 0.3859905921875 0.432302765625 0.37212127968750003 0.44683259218750004 0.364767721875 0.46520526562500003 0.3637004484375 0.47827990312499996 0.3858334375 0.5168897218749999 0.40315347968750004 0.5166881859375 0.4106234984375 0.5130018953125
0 0.3166627984375 0.64276776875 0.30888233125000003 0.6663702984375 0.3073881484375 0.6846747921875 0.3084874546875 0.6951117765625 0.3176447484375 0.7263545484375 0.3398175375 0.7535272046875 0.3502832375 0.759260846875 0.3845642078125 0.7588619515625 0.386265628125 0.758211621875 0.3966716171875 0.750253203125 0.41963415781249996 0.71994290625 0.4247779125 0.7053350046875 0.42954195312500004 0.6469730890625 0.4295171390625 0.646679478125 0.4218860609375 0.6206438328125 0.41253132812500004 0.6037718 0.40340606718750005 0.5960406515625001 0.3921142265625 0.59094715625 0.3686767265625 0.5912198765625 0.358697646875 0.5939484359375 0.34633853281250004 0.6019295796875 0.328349515625 0.6191197875000001 0.3166627984375 0.64276776875
0 0.33481560625 0.8584282640625001 0.3224564921875 0.8664094062500001 0.310540303125 0.88091650625 0.30556678125 0.8940365968749999 0.303005325 0.9254157296875001 0.30932364218749997 0.9436293171875001 0.3245377484375 0.9604331703125 0.32710481874999997 0.9609015984375 0.3429106625 0.96071768125 0.3440689984375 0.9602059031250001 0.3523084078125 0.9548851421875 0.36422459687500003 0.9403780421875 0.3711512453125 0.9272352250000001 0.3748120078125 0.9062930765624999 0.37392615625 0.8932411640625 0.366081621875 0.8698204484375 0.359779321875 0.8633626734375 0.34848748125 0.8582691765625 0.33481560625 0.8584282640625001
0 0.3395901609375 0.9624850468749999 0.330604771875 0.9649924046875 0.3330168390625 0.9832514453125001 0.3391056859375 0.9923241484374999 0.35256410625 0.9947799906249999 0.362756640625 0.9894365015625001 0.3681730890625 0.9828423656249999 0.3729331578125 0.9723372015624999 0.373573521875 0.9644924187499999 0.3708401609375 0.9621214203124999 0.3395901609375 0.9624850468749999
0 0.3817406765625 0.8841614921875 0.39222866875 0.8914591156249999 0.4055087140625 0.8913045890625 0.41061064218750004 0.889050446875 0.4188500515625 0.8837296859375 0.43076623906249994 0.8692225859375 0.4357048109375 0.8583234781250001 0.43952219687499994 0.8115585734374999 0.42653441875000003 0.7895922890625 0.4228416234375 0.7870228140625 0.4052634984375 0.787227353125 0.3892115890625 0.792639021875 0.37100911718749996 0.81244415625 0.36603559375 0.8255642484375001 0.36432795625000003 0.8464836703125 0.3654272625 0.8569206546875 0.3702193640625 0.8699271124999999 0.3817406765625 0.8841614921875
0 0.4594283609375 0.9119161859375 0.4577590296875 0.9094287921875001 0.431264003125 0.9097370890625 0.3782629421875 0.9112278515625001 0.374815634375 0.9295550718750001 0.37616042968749996 0.9608887515625 0.38095253125 0.9738952109375001 0.395622303125 0.992885659375 0.42657781093749997 0.9925254593749999 0.43327601250000003 0.9902672578124999 0.4514784859375 0.970462121875 0.4552304203125 0.963343096875 0.4594283609375 0.9119161859375
0 0.43711980156249997 0.8792355921875 0.43821910781250006 0.8896725765625 0.44432397031250004 0.910501090625 0.4521524859375 0.92216599375 0.46341576093750003 0.9312171921875001 0.479161925 0.9310339687500001 0.4868818265625 0.9269867703125 0.5202663734375 0.900473865625 0.5256828234375 0.8938797296875001 0.5304428921875 0.883374565625 0.532363984375 0.8598402171874999 0.5310512234375 0.8520181609374999 0.5223208390625 0.8155455343750001 0.5147057765625 0.8012657015625001 0.501674265625 0.7935800046875 0.4882158453125 0.7911241640625 0.45937791250000004 0.80974683125 0.45200833906250004 0.81636369375 0.447461725 0.824253928125 0.439467803125 0.8504713875000001 0.43711980156249997 0.8792355921875
0 0.4786709703125 0.7983533328125 0.486630646875 0.7932132140625 0.4968305734375 0.778815146875 0.5001730796875 0.73786775625 0.5000089859375 0.7368899984375 0.49065425312500005 0.720017965625 0.47600877500000005 0.7125284375 0.47485940781249997 0.7125418109375 0.4637374125 0.7151062828125 0.445534940625 0.7349114171875 0.44315490625000004 0.740164 0.4405614171875 0.748031509375 0.43928068906249995 0.7637210750000001 0.44059345 0.77154313125 0.44364588125 0.7819573890625 0.451474396875 0.79362229375 0.4586092421875 0.7985867718749999 0.4786709703125 0.7983533328125
0 0.4651683796875 0.7079715281250001 0.4978349984375 0.70759141875 0.5054560234375 0.7042242843750001 0.521705371875 0.684441875 0.5255134265625 0.6760377453124999 0.5277333546875 0.6488424953124999 0.5259744640624999 0.632143321875 0.5061817109375 0.5997180828124999 0.49077016562500003 0.5972849671875 0.47276513124999997 0.602719365625 0.45239607968750006 0.6251621515625 0.4442121734375 0.6393645796875 0.44173609999999996 0.669697740625 0.44400728125000005 0.6801210875 0.4531485578125 0.699608046875 0.4651683796875 0.7079715281250001
0 0.390445203125 0.5695614671875 0.3952373046875 0.5825679265625 0.4048054921875 0.5968250328125 0.41397780781250004 0.6055401375 0.4467599765625 0.6051586828125 0.46078973593750006 0.592254928125 0.47343086874999996 0.5682692859375 0.477384803125 0.519831596875 0.4639114734375 0.49425195781250003 0.4547862125 0.48652080625 0.4491402921875 0.4839740625 0.4335152921875 0.484155875 0.42136963281249995 0.48952209062499996 0.40100058125000004 0.5119648781249999 0.39428738750000003 0.5224927703125 0.3916938984375 0.5303602781250001 0.3891324421875 0.561739409375 0.390445203125 0.5695614671875
0 0.48266205781249993 0.44741374531250006 0.485459665625 0.44003369374999995 0.48741900156250006 0.4160308375 0.4760822375 0.3965476515625 0.47259459687499994 0.3941209265625 0.45653556875 0.394307790625 0.4485250328125 0.39948075312500003 0.43856196875000003 0.413965125 0.4359684796875 0.42183263593750003 0.43468775156249995 0.4375222015625 0.4360005125 0.44534425781250003 0.44361557500000004 0.45962409062500004 0.4488971390625 0.4646423859375 0.4687237671875 0.4644116828125 0.4802820234375 0.45266632656250005 0.48266205781249993 0.44741374531250006
0 0.5058741062500001 0.3572747734375 0.496124496875 0.3691442171875 0.48617745 0.3953844015625 0.4846832671875 0.4136888953125 0.49057467499999996 0.4371323359375 0.5018825328125 0.45398164375 0.5107967828125 0.4592390703125 0.5409203203125 0.45888855156249997 0.5507106578125 0.4534134765625 0.564793425 0.43626872343749995 0.5741001078125 0.417873321875 0.5773339609375 0.40216103125 0.5740360421874999 0.37085007812500004 0.5646813109375 0.3539780453125 0.5440507546875 0.3437683265625 0.5303788796875 0.3439274140625 0.5223529234375001 0.3466332484375 0.5058741062500001 0.3572747734375
0 0.5079558703125 0.5116571078125001 0.5155389 0.5024253171875 0.5184601062499999 0.494719209375 0.5199574953125 0.47637543281249994 0.5198400265625 0.47363838593749996 0.513964634375 0.4619507546875 0.50657904375 0.45681180625 0.49095404374999996 0.45699361875 0.47903785625 0.47150071718750003 0.4759908515625 0.4849806015625 0.4775461890625 0.49503291562499996 0.488947815625 0.512567846875 0.5051410265625 0.5123794203125 0.5079558703125 0.5116571078125001
0 0.5526803171875 0.5153387 0.5425304015625 0.49789521406250004 0.524755884375 0.4981020390625 0.508841821875 0.5151390921875 0.5064617874999999 0.5203916734375 0.5049676046875 0.53869616875 0.5064938203125 0.5439032953125 0.5143223359375 0.5555682 0.5215255671875 0.5605802609375 0.5336301203125 0.5604394125 0.5416660859375 0.5552500265625 0.5504667921874999 0.5424554984375 0.5526803171875 0.5153387
0 0.5401820671875 0.6397637296875 0.5480105843749999 0.651428634375 0.564521434375 0.664298734375 0.5653195281250001 0.6646587359375 0.5871004921874999 0.6644052921875 0.60010459375 0.6586597984375 0.6187499921875 0.645380621875 0.63066618125 0.630873521875 0.6378062843750001 0.615115771875 0.6403997734375 0.607248265625 0.6429612296875 0.5758691312499999 0.6364294578125 0.560270475 0.621642259375 0.538236765625 0.6105638734375 0.530528340625 0.5832201234375 0.5308465140624999 0.565001634375 0.5388958390624999 0.5446325828125 0.561338628125 0.537705934375 0.5744814421875 0.532092046875 0.5954463203125 0.5323375343750001 0.6163430125 0.5401820671875 0.6397637296875
0 0.6147846593749999 0.366472578125 0.5963527171874999 0.3771368296875 0.5846499828125 0.38902899999999996 0.577723334375 0.40217182031250004 0.5749484234375 0.4361658796875 0.5762611843750001 0.4439879359375 0.5810532859374999 0.45699439374999995 0.5907011859375 0.469236409375 0.6305306296875 0.46877295312499995 0.6422565421875001 0.46020089531249997 0.6476729906250001 0.45360675937500006 0.6569796734375 0.43521135937500005 0.6595731625 0.42734385 0.6614942546875 0.40380950000000004 0.658655278125 0.390780315625 0.6508267609375 0.3791154109375 0.6399618296875 0.368792059375 0.6286699890625 0.3636985640625 0.6147846593749999 0.366472578125
0 0.581130490625 0.52398333125 0.5906543109375 0.5186572984375 0.6004039203125 0.50678785625 0.6022193625 0.501280596875 0.6027956890625 0.49422029375000004 0.6023250124999999 0.48325350624999996 0.5964496203125 0.4715658734375 0.5834181093749999 0.463880178125 0.5634759671875 0.48109311093749996 0.559067034375 0.4944678765625 0.5586828171875 0.49917474687499996 0.5609145109375 0.51247224375 0.56700335625 0.521544946875 0.5716554171875 0.5240935828125 0.581130490625 0.52398333125
0 0.66388626875 0.5513960359375 0.6766722921875 0.5381850375 0.684468775 0.5263383203124999 0.6863898671875 0.5028039703125 0.6833374359375 0.49238971249999997 0.6757223734375 0.47810988125 0.6648574421875 0.4677865296875 0.6517977921875 0.4654034546875 0.6511901515625 0.46541052499999996 0.6373002375000001 0.47071963125 0.6210508906250001 0.49050203750000004 0.6162908218750001 0.5010072015625 0.614156275 0.5271564796875 0.6189483765625 0.5401629375 0.62677689375 0.5518278421875 0.64116954375 0.559188078125 0.6434071968749999 0.559162040625 0.655646859375 0.556716796875 0.66388626875 0.5513960359375
0 0.6581401390625 0.607446603125 0.6714011203125 0.6242731828125 0.6889792453125 0.62406864375 0.6972186546875 0.6187478828125 0.7069682640625 0.6068784375 0.7093482984375 0.6016258546875 0.71084248125 0.5833213609375 0.7093162656249999 0.5781142328125 0.6960552828125001 0.5612876546875001 0.6904093625 0.55874090625 0.6765240328125001 0.5615149203125 0.6604881406249999 0.5786823984375 0.6578946515624999 0.586549909375 0.6566139234375 0.6022394734375001 0.6581401390625 0.607446603125
0 0.6062322124999999 0.765264096875 0.6129774390625 0.7782478265624999 0.6210194109375 0.7872978046875 0.6262655328125 0.79039185 0.6625321203125 0.7899698500000001 0.6741806953125 0.7814543296875 0.6841437578125 0.76696995625 0.6889038265625 0.7564647953125 0.6912379671875 0.749384034375 0.6934756828124999 0.7219708765624999 0.6842611140625 0.6938201609375 0.6712135859374999 0.674378653125 0.6523227 0.6667611375 0.642557075 0.6668747703125 0.6262917109374999 0.6749013671874999 0.6100423640625 0.694683775 0.6000953171875001 0.720923959375 0.59718485 0.7350650234375 0.59701764375 0.73711338125 0.6062322124999999 0.765264096875
0 0.51545935625 0.7747035375 0.5282774125 0.7850041609375 0.5419492875 0.784845075 0.5499752421874999 0.7821392406250001 0.5645009359375 0.7715204421874999 0.5722974203125 0.7596737234375001 0.5776573875000001 0.74480750625 0.5802833234375 0.7126384484375 0.5756806625 0.6943232578125 0.5643728046875001 0.6774739515625 0.55134129375 0.66978825625 0.5355028390625 0.6725849968750001 0.5272634296875001 0.677905759375 0.5153472406249999 0.692412859375 0.5054001953125 0.7186530421875 0.5032656484375 0.7448023187499999 0.5043649546875 0.755239303125 0.51545935625 0.7747035375
0 0.5346622609375 0.836465965625 0.5355481125 0.8495178781250001 0.541652975 0.87034639375 0.5512211625 0.8846034984375001 0.5586067531250001 0.8897424484374999 0.5681589234375 0.8922437421874999 0.5876901734375 0.8920164749999999 0.5978827078125 0.8866729875000001 0.609585440625 0.8747808156250001 0.6188921234375 0.8563854140625 0.625146375 0.8275757562500001 0.621421546875 0.8014946593750001 0.6181556609375 0.79369533125 0.6083740203125 0.7820531515625 0.5862172484375 0.76663630625 0.57037879375 0.7694330484374999 0.560186259375 0.7747765359375001 0.5517333953125 0.782712225 0.539390296875 0.8024491796875 0.5365833531249999 0.8129316171875001 0.5346622609375 0.836465965625
0 0.6245288734375001 0.9773695109375 0.6323253578125 0.9655227921874999 0.6351851328125 0.957978740625 0.6377697140625 0.9263163249999999 0.6346413265625 0.9132469656250001 0.6252865937500001 0.8963749312499999 0.6164054250000001 0.8888505828125 0.5886196078125 0.8891739 0.5727816906250001 0.9061294375 0.568021621875 0.9166346015625001 0.5650012234374999 0.929731965625 0.5652467109375 0.9506286609375 0.5698253578125 0.966250046875 0.5811332140625 0.983099353125 0.5938161453124999 0.990579465625 0.59496551875 0.990566090625 0.6141228843750001 0.9853279265625 0.6245288734375001 0.9773695109375
0 0.57331330625 0.9892570218750001 0.573612275 0.985594509375 0.571766940625 0.9771255375000001 0.559802703125 0.956365203125 0.5495941515625 0.94995288125 0.5339691515625 0.9501346937499999 0.5257297421875 0.95545545625 0.5110066109375 0.9804449921874999 0.5086265765625 0.9856975734375 0.508919015625 0.9900063171875001 0.57331330625 0.9892570218750001
0 0.749249496875 0.985648803125 0.7501516500000001 0.9838233015625001 0.7554453265625 0.9189730953125 0.74284739375 0.9029878437500001 0.708971871875 0.8877073578125 0.6877009515625 0.8853424234375 0.6755552921875 0.8907086375000001 0.661685978125 0.9052384640625 0.6411194890624999 0.9420519921875 0.6385259999999999 0.9499195015625 0.6357510890625 0.9839135609375 0.6377860734375 0.986945796875 0.749249496875 0.985648803125
0 0.8062606546875 0.9036223031249999 0.8058017124999999 0.8853405359375 0.7864358671875 0.8476854406250001 0.7766635453124999 0.8432773671874999 0.7603633921874999 0.8434670359374999 0.7449933328125 0.8533925578125 0.73719685 0.8652392734375001 0.734816815625 0.8704918562499999 0.73268226875 0.8966411328125 0.7339950296875 0.9044631890625 0.7372609156250001 0.9122625187500001 0.751723271875 0.9309844625 0.786128665625 0.93058411875 0.8015005859375 0.9141274671874999 0.8062606546875 0.9036223031249999
0 0.8817462062500001 0.9825460484375 0.8910422421874999 0.9765429484375 0.9016616859375001 0.9659696046875 0.9116247484375 0.9514852312500001 0.92093143125 0.93308983125 0.9237383749999999 0.9226073937500001 0.9254460124999999 0.9016879734375 0.9195546046875 0.8782445296875 0.91193954375 0.8639646984375 0.819059378125 0.8663516781249999 0.8122288281250001 0.9500293640624999 0.8270160265625 0.972063071875 0.8361412874999999 0.979794221875 0.845689346875 0.9829656078125 0.8817462062500001 0.9825460484375
0 0.8014496546875 0.9522600656250001 0.8010252796874999 0.9522650031250001 0.781362790625 0.9576412796874999 0.7653268984375 0.974808759375 0.759323803125 0.9861992015625001 0.7591798890625 0.9879622234375001 0.7865851234375 0.9883363953125001 0.810543496875 0.9880576140624999 0.812434571875 0.985755365625 0.814142209375 0.96483594375 0.8143524609374999 0.9598698546875 0.8014496546875 0.9522600656250001
0 0.9091948343749999 0.8698335109374999 0.9095209687500001 0.8696894187499999 0.9255568609375 0.8525219406250001 0.9356532968750001 0.7766435828125 0.9280382359375 0.76236375 0.9189129749999999 0.7546326 0.909574259375 0.7495163781249999 0.8922095875 0.7471059921875 0.8817342921875 0.8634816359374999 0.8861768953125001 0.87010135 0.9091948343749999 0.8698335109374999
0 0.8208482984375 0.8205324640624999 0.835635496875 0.8425661718749999 0.8460593624999999 0.8487139375 0.8667651015625 0.8484730031250001 0.8807708265624999 0.8394285296874999 0.8905204343750001 0.8275590859375 0.8929004687500001 0.822306503125 0.8971695625 0.77000795 0.8943305859375 0.7569787625 0.8917210796875 0.7530904625 0.8734705578125 0.7376281640625 0.8461268078125 0.7379463359375 0.8359342734374999 0.743289825 0.826184665625 0.755159271875 0.818617653125 0.7761468703125 0.8166965609375 0.799681221875 0.8177958671875001 0.81011820625 0.8208482984375 0.8205324640624999
0 0.732954084375 0.792914271875 0.73557960625 0.8085583843749999 0.7484136796875 0.8306148203125 0.7631848609375 0.8408927171875 0.7682359203125 0.8418144156249999 0.780436928125 0.8416724437499999 0.7948617703124999 0.835299234375 0.8089445390625001 0.8181544796875 0.8184646750000001 0.797144153125 0.820599221875 0.770994878125 0.8160205749999999 0.7553734890625 0.808192059375 0.7437085859375 0.7916812078125 0.7308384875 0.7840821625000001 0.728314465625 0.7684571625000001 0.728496278125 0.756311503125 0.7338624968749999 0.74460876875 0.745754665625 0.7400621546874999 0.7536449046875 0.734661721875 0.7719948515625 0.732954084375 0.792914271875
0 0.62409251875 0.8506452546875 0.62629113125 0.8715192203125 0.634119646875 0.8831841265625 0.643244909375 0.890915275 0.6566077578125 0.8977488828125001 0.6652746140625 0.897648034375 0.6799273734375 0.895713325 0.7002964265625 0.8732705359375 0.7026764609375 0.8680179546875 0.7057238109374999 0.8587736296875 0.7084506937499999 0.8253679281249999 0.708258315625 0.8235414578125001 0.7034662140625 0.8105349984375 0.6973773671875 0.8014622953125 0.68629898125 0.793753871875 0.673054015625 0.788683103125 0.663288390625 0.7887967359375 0.648762696875 0.7994155328125 0.6303467703125001 0.8218355953125001 0.6279667359375 0.8270881781250001 0.62409251875 0.8506452546875
0 0.68945725625 0.7090481375000001 0.6955461015625 0.7181208421874999 0.7105307375 0.7257838125 0.7166451875 0.726899553125 0.7336976421875 0.7267011296875 0.7417807375 0.7254201859375 0.7584730109375 0.7121637328125 0.7729826890625 0.689789125 0.776762990625 0.6769441625 0.7788761921875 0.6510563796875 0.7770383265625 0.6401055015625 0.762464584375 0.6154568625 0.7459537328125 0.6025867625 0.7205631078125 0.6028822093749999 0.712537153125 0.60558804375 0.6936783 0.6214821500000001 0.685881815625 0.6333288703125 0.6787417140625001 0.6490866140625 0.676607165625 0.67523589375 0.68945725625 0.7090481375000001
0 0.8052232343749999 0.728684490625 0.81131208125 0.73775719375 0.8205672015625 0.7413004703125 0.8379813640625 0.7410978375 0.8403955015625 0.74003121875 0.8488483656250001 0.7320955312499999 0.85447826875 0.7228864671874999 0.8561640374999999 0.7177725859375 0.8584960296874999 0.689204503125 0.8561538734375 0.6784554234375 0.8465856875 0.66419831875 0.8352938468750001 0.659104821875 0.8255282218750001 0.65921845625 0.8194553921875001 0.6619015625 0.8097057828124999 0.673771009375 0.8049457140625 0.6842761703125 0.8021387703125 0.6947586078125 0.8008580421874999 0.7104481765624999 0.8052232343749999 0.728684490625
0 0.8719484640624999 0.6307783734375 0.8726208609375 0.6464452109375001 0.8756732921875001 0.6568594703125 0.894153284375 0.6814626546875 0.9022542390625 0.684153384375 0.9241806828125 0.683898246875 0.9353823640625001 0.6783704640625 0.9443887312499999 0.6696300890625 0.9502343203124999 0.5980186703125 0.9354676874999999 0.5817090484375 0.9204830515625 0.5740460781250001 0.9087643015625 0.5741824390625 0.900738346875 0.5768882718749999 0.8883792328125001 0.5848694140624999 0.8807962046875 0.59410120625 0.8751823171875 0.61506608125 0.8719484640624999 0.6307783734375
0 0.783834653125 0.58194630625 0.781486653125 0.6107105109375001 0.784539084375 0.6211247671875 0.7886748046875 0.6302201968750001 0.8030190765624999 0.645727953125 0.8143109171875 0.6508214484375 0.8338421671875 0.65059418125 0.841868121875 0.6478883453125001 0.8563938156249999 0.6372695484374999 0.870476584375 0.62012479375 0.8762368703125001 0.6057328656250001 0.87911139375 0.5705185078125 0.8786519265624999 0.5677807875 0.8755994953125 0.55736653125 0.8642916390625001 0.5405172234375 0.853213253125 0.5328088015625 0.8436610828125 0.53030750625 0.829775753125 0.5330815203125 0.8135103890625001 0.5411081171875 0.8020211093749999 0.5503853609375 0.7864281421875 0.5740787953125001 0.783834653125 0.58194630625
0 0.7029288218749999 0.502182565625 0.700367365625 0.5335616984375 0.701466671875 0.5439986828125 0.70799844375 0.559597340625 0.71756663125 0.5738544453125 0.7286450171875 0.5815628703125 0.7287106875 0.5815846828125 0.7598425343749999 0.58122243125 0.7598950171875 0.58119924375 0.7744207109375 0.570580446875 0.788503478125 0.553435690625 0.7954301265625 0.5402928734375 0.8005290515624999 0.5196605453124999 0.80103600625 0.5134500921875 0.799485765625 0.4906092484375 0.7946936640625 0.47760279062500005 0.7833858078125 0.46075348125 0.774260546875 0.45302233125 0.76492183125 0.44790611093750005 0.74148433125 0.44817883125 0.7252189671875 0.456205428125 0.7176359375 0.46543721875 0.7059492203125 0.4890852 0.7029288218749999 0.502182565625
0 0.86289848125 0.49782400937500004 0.8692167984375001 0.5160375968750001 0.880738109375 0.530271975 0.8922584296875 0.5359731875 0.9379424140625 0.53544160625 0.9430246546875001 0.5321596484375 0.9550802890625001 0.5195298765625 0.96203234375 0.4343636953125 0.948723865625 0.41453335625000004 0.9450310703125 0.41196388281249996 0.9317861046875 0.4068931125 0.9161611046875 0.40707492656250005 0.906182025 0.40980348749999995 0.8873231718750001 0.42569759375 0.8708603703125 0.4480949296875 0.8635068125 0.466467603125 0.861799175 0.48738702500000003 0.86289848125 0.49782400937500004
0 0.9387500890625 0.5555415890625001 0.9396359406249999 0.568593503125 0.9444280421875 0.5815999609375 0.9495227765625 0.58682038125 0.9495874750000001 0.586819628125 0.954597015625 0.5254502265625 0.9458789265625 0.5356476703124999 0.9387500890625 0.5555415890625001
0 0.8717258578125 0.7453882328125 0.8928301062499999 0.7347235296875 0.8956466593749999 0.731294578125 0.8959028046874999 0.728156665625 0.8951941234374999 0.7177151375 0.8875790625000001 0.703435303125 0.8838862671875001 0.70086583125 0.8721675171875001 0.7010021921875 0.8660946875000001 0.703685296875 0.8585116578124999 0.7129170874999999 0.8542275968749999 0.7223717359374999 0.85303225 0.7370153312500001 0.8587527546875 0.7455391890625 0.8717258578125 0.7453882328125
0 0.9311978046875 0.6955701750000001 0.9288498031250001 0.724334378125 0.9301625640625 0.7321564359375 0.935402515625 0.739964240625 0.935525490625 0.7399628093749999 0.9403859328124999 0.6804199390625 0.9335778390625 0.69031759375 0.9311978046875 0.6955701750000001