0 0.8553867635455003 0.38962805119933963 0.11350059576674383 0.12267639342673622
0 0.13975794774537398 0.2089548130702777 0.11491444193967855 0.15067191553445322
0 0.5571114693144782 0.28772593797656204 0.10116773392387764 0.10835932028847228
0 0.3898453326240673 0.3934161595755553 0.11312103345008424 0.1335797988100044
0 0.2977837445359324 0.33369762709048595 0.11331256533996834 0.13845579238665806
0 0.7287781049120758 0.2500590177643397 0.08622268663726551 0.10011958274339854
0 0.49595508958377205 0.6736290300165274 0.08975783123636454 0.08763330224138902
0 0.4261681999599155 0.6016462336637497 0.09159742142387764 0.10813656879249152
0 0.8414127650122232 0.4776553812714576 0.05897625548575362 0.062169452151241346
0 0.8879160782528132 0.6543263308346173 0.11771087720008425 0.13368662860909736
0 0.6494127832739724 0.23937739732336755 0.07608217562624872 0.09218653344631518
0 0.9325210325550681 0.4567415095962145 0.09350299205541646 0.09395603742375017
0 0.7633036787647205 0.6611419881290619 0.1659667331510061 0.18011507741215277
0 0.9519055245025498 0.5572681864579506 0.09618895099490032 0.10519795269729179
0 0.4723851626596837 0.23879943512677046 0.08340776704679129 0.1031718475610374
0 0.6872679057288934 0.4867245227983329 0.06974661732861946 0.07645015769832461
0 0.9169273940240252 0.3153716271873951 0.09647054391108015 0.10815256126493064
0 0.09991084798128533 0.5176226046734027 0.11384145628671752 0.17422517392874576
0 0.6356713450478397 0.32974847739548563 0.07128959772952044 0.08905463287167104
0 0.6840048958646573 0.5643228459365967 0.06616618672712846 0.07178757876596364
0 0.3338256597551525 0.6022294215434025 0.11216020993906746 0.1258604091111067
0 0.23914541852657506 0.5950364770142359 0.08876539017387772 0.10807065253347652
0 0.6449704075695255 0.7312388954235065 0.08071229167148566 0.09073540919430556
0 0.7547011805764382 0.3692629594437147 0.06525442982861965 0.07634560087368066
0 0.986296248927907 0.502597563832777 0.02740750214418597 0.09246830062666689
0 0.5779715424193044 0.38747136483829814 0.0942588130536354 0.10157322492375007
0 0.40141620798351935 0.2811700795034372 0.08944534288726551 0.10019459090020835
0 0.973930632319157 0.3738186004019089 0.052138735361685916 0.11293771751493065
0 0.8285421948408427 0.5531281599568049 0.09445261330958914 0.10352634992375016
0 0.4808942269930873 0.3482289865135413 0.10830028121048993 0.11641721987764324
0 0.3190253691764803 0.4451799877478123 0.07214397067326654 0.08293638373840295
0 0.7425453216670177 0.5308550760849646 0.07868467105719698 0.08601154160312507
0 0.5298188103360587 0.5256266346899302 0.06686689213665424 0.07492167066375863
0 0.5367895705742042 0.6037698184855204 0.07509455044290832 0.08125130642076392
0 0.387178287674141 0.5085872178961802 0.07818807246494205 0.09671736151194459
0 0.7772073227598312 0.46192258491867993 0.07738455752475755 0.08763760323639325
0 0.06361105996214947 0.38064993474552083 0.06334555556198099 0.11995013050895835
0 0.1878820175717595 0.5124428357717012 0.09334554391108 0.1080798260825695
0 0.7899893914644889 0.29874978448183964 0.08247010417148566 0.09077632273438371
0 0.9675316122599616 0.6914249809108673 0.06493677548007674 0.08911389350993489
0 0.9898464492120969 0.6238004166063187 0.020307101575806286 0.09705814437666671
0 0.5073005702002948 0.4486283768061455 0.06963184941909369 0.07332970364722229
0 0.24981899675047387 0.734171712196597 0.09272297515245516 0.11751611474138901
0 0.6479437171288512 0.4218632422131245 0.08358459521672276 0.08924337140221787
0 0.5935409850456057 0.5601639824294787 0.0820526774991622 0.08755139350993488
0 0.20417333702423573 0.6608439681805207 0.05869434941909377 0.07307513050895835
0 0.5849302047050788 0.481275916225069 0.07356263272534776 0.07955932852848094
0 0.9153301827909797 0.7648819711272214 0.08379701937624873 0.09236609842776904
0 0.3718909137524973 0.17301274059760385 0.08587460229857218 0.09562966821784728
0 0.8420598209481135 0.7524923803215271 0.07671443439767103 0.08284790103749576
0 0.7667194956576603 0.7902664436761453 0.07453177357861947 0.07656153344631508
0 0.4746480427932136 0.5457040517680205 0.06698166004618003 0.07804212471486113
0 0.1864646930002106 0.32454279226871513 0.07325756602297676 0.09514114201395403
0 0.21115954497884068 0.4155853663569096 0.07267767749916221 0.08733318796285161
0 0.6390448191074813 0.5136877195117009 0.07171685398814524 0.07961379826395412
0 0.242882947745374 0.20655455205236092 0.0905684886762697 0.12526042550792543
0 0.6926723501669123 0.36757447929534665 0.06723435650094309 0.07960689768930998
0 0.08967326207877752 0.3197481491263194 0.0723554991372655 0.09979682037167104
0 0.7239514784598102 0.4302738478364578 0.05286418403099056 0.06046830070986538
0 0.3298940972623811 0.7362232150463888 0.08513272889828238 0.10779123997887155
0 0.2953409777409059 0.6642033978920484 0.05886148757622758 0.059048998100139014
0 0.057022967847755436 0.2116635454028472 0.06692200772534769 0.07940476626596364
0 0.13983323467169634 0.41489634175562495 0.07470529811345097 0.0920570555540321
0 0.8456373775739936 0.26769849981256877 0.07267630482861946 0.07651834693178827
0 0.10289560494099015 0.8002357361322916 0.054161889623856665 0.07452852773541671
0 0.5444156689004844 0.7437590388502426 0.07619921190184406 0.09238411892076392
0 0.2783580263431821 0.5009403316876387 0.0827278143334036 0.11104790919430556
0 0.6925661678076709 0.8084365218484024 0.06715759252058469 0.07785135816375899
0 0.6209297770910007 0.8046224972471177 0.07940021976017916 0.09518668315422758
0 0.536406436414415 0.18954301111482594 0.07502747647534776 0.07959342314521271
0 0.649646926205184 0.6442110208984717 0.07389951480719699 0.0859001658551346
0 0.07771255303135904 0.6332482578837848 0.03657634297712853 0.07109886750798182
0 0.5900866411194938 0.6831839083412843 0.0723563948327925 0.08605911076395394
0 0.8877863505408218 0.5188609563095826 0.0637418921366546 0.07484893548139766
0 0.4279258498219175 0.7535178581887844 0.07685737665006317 0.09999903344631508
0 0.37892262978853497 0.6779190993550692 0.06808144737146468 0.057704703647222286
0 0.1272353344646994 0.6430583625571874 0.07789737208101158 0.09378767401194459
0 0.7928829477453739 0.19375315995680492 0.06353688962385676 0.07474673328250003
0 0.33270250184063216 0.23578615074184003 0.07171685398814542 0.07961379826395402
0 0.16473421787666984 0.7447656797115277 0.0864923551780505 0.11756595687666653
0 0.08998492511237059 0.7253630227014236 0.042914309214330836 0.07114895459715279
0 0.03478949562874593 0.2716931620440972 0.021807228164920943 0.06266836341180557
0 0.4250125639884086 0.4795166605254858 0.06220860174855112 0.06234211655805133