0 0 0.9920209218749999 0.00280494375 0.9901891734375001 0.014468778125000002 0.9756820749999999 0.0195086515625 0.9625149921875 0.0205134171875 0.9468358328125 0 0.9466643953125 0 0.9920209218749999
0 0 0.9336782625 0.010608573437500001 0.9335548203125 0.0185747421875 0.9253143125 0.02543955 0.9095565671875001 0.0280629640625 0.8990741296874999 0.02923596875 0.8807696359375001 0.0277855609375 0.8729475796875 0.022764046875 0.8599411203124999 0.009204828125 0.843114540625 0 0.8407157218749999 0 0.9336782625
0 0.0844305703125 0.9384605046875001 0.0907802625 0.9223658 0.09324252656250001 0.88394270625 0.09219098125 0.8782717140624999 0.084323565625 0.8639918828125 0.07121943750000001 0.856344140625 0.0652443234375 0.8564136671875 0.055026690625 0.8643327828125 0.04336285625 0.87883988125 0.0386187453125 0.8919599734375 0.038116028125 0.89980475625 0.043582517187499996 0.9363228375 0.046093275 0.9428260671875 0.0549444984375 0.950213609375 0.071784778125 0.9500176546875 0.07700812968750001 0.9476922953125 0.0844305703125 0.9384605046875001
0 0.093627909375 0.8809744281249999 0.08424951875 0.9359560890624999 0.0855323546875 0.9463930734374999 0.0970257921875 0.9802280453125001 0.10506077968750001 0.9918929500000001 0.107686178125 0.9933172812500001 0.14145105156249999 0.992924390625 0.1637671859375 0.9742254859375 0.17029685 0.9636975953125001 0.1774968015625 0.9427099906249999 0.180120215625 0.9322275531249999 0.181963509375 0.9034633484375 0.175994303125 0.874790053125 0.16974486875 0.8657173484375 0.10138549375000001 0.8665127828125 0.09820444843750001 0.8704692625 0.093627909375 0.8809744281249999
0 0.0882720375 0.81532035625 0.0916755703125 0.8231196859375001 0.10335012968749999 0.837234246875 0.1309514484375 0.8369130765625 0.141061328125 0.8290774765625001 0.15077203749999998 0.8145931031250001 0.15273671093750002 0.8082990953125 0.1544627046875 0.7813653406250001 0.152002784375 0.7649322046875 0.142349815625 0.7480601703125 0.134872459375 0.742921221875 0.119247459375 0.7431030359374999 0.109146690625 0.7484465234375001 0.095362159375 0.7655912781249999 0.09078562031250001 0.776096440625 0.088820946875 0.7823904500000001 0.0871117109375 0.8090627109374999 0.0882720375 0.81532035625
0 0.1572982359375 0.8041192859375 0.152554125 0.8172393781249999 0.1517162640625 0.8303140156250001 0.154952225 0.8407282734375 0.16694837812500002 0.8667184640625001 0.18229315 0.88613724375 0.2014428578125 0.8969848953125 0.24074298593750001 0.8965275968749999 0.2421697359375 0.895892428125 0.2518804453125 0.88140805625 0.264327225 0.8394555796875001 0.2645525390625 0.805484246875 0.2548446546875 0.7742414765625 0.2432385609375 0.75739216875 0.22013620625 0.7524350328125 0.19865183125000002 0.7526850265625 0.16611616875 0.7883388140625 0.1572982359375 0.8041192859375
0 0.03316299375 0.75857851875 0.0321575609375 0.7742680859375 0.0404150375 0.7976888 0.044466146875 0.8035700562500001 0.06730505 0.8033043015624999 0.070437115625 0.801258928125 0.075738859375 0.7946647921875 0.080315396875 0.7841596296875 0.08199111875000001 0.7580103515625 0.0787551578125 0.74759609375 0.0687670453125 0.735953915625 0.0534771890625 0.730905875 0.045497117187500005 0.7336117093750001 0.0379071046875 0.7454584265624999 0.03316299375 0.75857851875
0 0 0.711806628125 0.008414964062499999 0.7107772125 0.0163950359375 0.7080713796875 0.026663378124999998 0.7001129609375 0.04061548125 0.6803532796875 0.0446676203125 0.6673718890625 0.046618546875 0.6369280984375 0.0254988484375 0.581236021875 0.0112693421875 0.5748691515625 0.0054099671875 0.57493733125 0 0.5758953953125 0 0.711806628125
0 0.0524847546875 0.6809135765625001 0.0505316296875 0.6809363046875 0.040988492187499996 0.692805746875 0.038700221875 0.6980583296875 0.0370245015625 0.72420760625 0.0417773625 0.7333412734375 0.058381821874999996 0.7331480625 0.06719623125 0.7300107765625 0.0676543453125 0.7228619968750001 0.0524847546875 0.6809135765625001
0 0.09864916093750001 0.740486184375 0.12720456875 0.7401539125000001 0.1349917078125 0.7380148546874999 0.1431393515625 0.7326940921875 0.1569238828125 0.715549340625 0.165741815625 0.6997688671875 0.173109340625 0.6761663375 0.17444991875 0.655246915625 0.1733346546875 0.6421950046875 0.16524475156250001 0.6161593609375 0.148282 0.5915334515625 0.1352804125 0.5812328265625 0.11458811093750002 0.5763605546874999 0.1135331828125 0.5763728296874999 0.1002917359375 0.5790269796875 0.092144090625 0.5843477421875 0.0700443421875 0.609428184375 0.061226409375 0.6252086578125 0.055476865625 0.654018315625 0.0591578015625 0.6879441953125001 0.0623937640625 0.698358453125 0.06920082968749999 0.7139571124999999 0.0808069234375 0.7308064187500001 0.09864916093750001 0.740486184375
0 0.044870265625 0.6314701203124999 0.052682765625 0.6313792140625 0.06881048281249999 0.623352615625 0.0762329234375 0.614120825 0.0829301578125 0.6009780078125 0.08338925625 0.59914358125 0.08539174375 0.5678951953125 0.083490615625 0.5617768171875 0.07724118125 0.5527041140625 0.06781070156249999 0.5475878921875 0.0541388265625 0.5477469796875 0.048111878125 0.5504300890625 0.0253418421875 0.585970240625 0.024671553125000002 0.5964299515625 0.031143474999999997 0.61725846875 0.0373929109375 0.626331171875 0.044870265625 0.6314701203124999
0 0 0.5355638890625001 0.002135659375 0.5529393203125 0.0053716203125 0.5633535765625 0.015359732812499999 0.5749957546875 0.026497346875 0.577385584375 0.0270127375 0.5773795859375 0.06530594843750001 0.54175235625 0.0672735078125 0.5338905296875 0.0685303 0.514278571875 0.062462871875000006 0.49475183906250003 0.056045865625 0.4882940609375 0.046447812500000005 0.48579276875 0.034729062500000005 0.485929128125 0.026748990625000003 0.48863496093750003 0.0186013453125 0.493955725 0.0028636890625 0.5111232046875 0.00057541875 0.5163757875 0 0.525355075 0 0.5355638890625001
0 0 0.48544201718749996 0.0044126546875 0.48847469375 0.005300440625 0.48863614375 0.027197137500000003 0.48838135312500003 0.0278501546875 0.48820197343749994 0.0414671140625 0.47367214999999996 0.05045261875 0.4552767484375 0.052295914062500004 0.42651254375000003 0.047441971875 0.4108911578125 0.039406984374999995 0.39922625312500004 0.030144075 0.39149510468750004 0.010780396875 0.3891074421875 0.000679628125 0.3944509328125 0 0.3952962328125 0 0.48544201718749996
0 0 0.38945527812499997 0.0051458859375 0.391757759375 0.0228915828125 0.3889382921875 0.0310392265625 0.38361753125 0.045158903125 0.361242921875 0.0481174609375 0.34553063125 0.04716976875 0.32986379062500004 0.043933807812499996 0.31944953125 0.032160142187500004 0.30521515312499997 0.028421464062500002 0.3026456796875 0.0048163921875 0.3055333265625 0 0.3106726046875 0 0.38945527812499997
0 0.046098290624999996 0.3273116640625 0.048831534375 0.3455707046875 0.058652075000000005 0.359827809375 0.06612943125000001 0.364966759375 0.068694259375 0.36611436875000003 0.08720875 0.3658989328125 0.10357395 0.3593050953125 0.110996390625 0.35007330625 0.1203770203125 0.3143290234375 0.1217040390625 0.29362118125 0.1180603375 0.28562869375 0.11533143906250001 0.27876875156250003 0.1053651546875 0.2704430078125 0.0977202265625 0.2679189890625 0.0762358515625 0.26816898125 0.07020890468749999 0.2708520890625 0.0585450703125 0.2853591875 0.0497271359375 0.3011396625 0.0472712953125 0.3090071703125 0.046098290624999996 0.3273116640625
0 0.1474276296875 0.351146209375 0.14810156875 0.350706096875 0.1595533328125 0.336462765625 0.1607766109375 0.3173737921875 0.15770244687499999 0.30748024687500003 0.1494998875 0.2984302703125 0.14380808437499998 0.2958835234375 0.13599558437499998 0.29597443125 0.127847940625 0.301295190625 0.11917250937499999 0.3331251546875 0.119092859375 0.3343680953125 0.12857031875 0.3509333640625 0.1291888140625 0.3513584359375 0.1474276296875 0.351146209375
0 0.16496303750000002 0.34036605937500003 0.17422594687499998 0.348097209375 0.18325721875 0.35072929375 0.196279265625 0.35057776875 0.211670465625 0.3424355453125 0.223501871875 0.32531351875 0.2262477953125 0.31901042031250004 0.2279302203125 0.292756546875 0.22099394062500002 0.273083146875 0.216530059375 0.266602640625 0.2033609 0.258916946875 0.185782775 0.25912148749999997 0.17372888125 0.26448770312500003 0.1684271375 0.2710818390625 0.16139475781249998 0.2894545125 0.1577659109375 0.315626515625 0.16049915625 0.33388555625 0.16496303750000002 0.34036605937500003
0 0.18478292031250002 0.358476278125 0.17367304687500001 0.35084081562499997 0.173229371875 0.350845978125 0.1616805640625 0.3535191421875 0.1480636046875 0.3680489671875 0.141978915625 0.40208848281250004 0.151631884375 0.418960515625 0.1568528859375 0.42129660625 0.15814531874999999 0.4212815671875 0.17719008125 0.416050140625 0.187978903125 0.4045380484375 0.1904074109375 0.36664171093750003 0.18478292031250002 0.358476278125
0 0.22071583593750002 0.352799946875 0.211508815625 0.35040055625 0.21079266875 0.3504088890625 0.20313771093750002 0.3530044859375 0.1957152703125 0.3622362765625 0.1911387328125 0.372741440625 0.1901332984375 0.38843100625 0.1917512796875 0.393638134375 0.2016380046875 0.405162134375 0.217486753125 0.40497771875 0.2259586609375 0.39661519218749997 0.2282348484375 0.3610957578125 0.22071583593750002 0.352799946875
0 0.30462124375 0.36295297187500003 0.30579424843749997 0.34464847656250003 0.2904494765625 0.32522969687500003 0.2787307265625 0.32536605625 0.2705830828125 0.33068681875 0.26087237343749997 0.3451711890625 0.25824895937500003 0.3556536265625 0.2593642234375 0.3687055375 0.266133203125 0.38099164218750003 0.29329749843749997 0.38067555625 0.295803309375 0.37873344375 0.30462124375 0.36295297187500003
0 0.075838984375 0.4425366421875 0.104634315625 0.442201578125 0.10954144218749999 0.44001699843750003 0.1190845796875 0.42814755312499997 0.12303184375000001 0.41908684999999996 0.12487653437499999 0.39030085468750003 0.120315325 0.3784866546875 0.11211276562500001 0.369436678125 0.0989436078125 0.3617509796875 0.0852717328125 0.3619100671875 0.079244784375 0.364593175 0.06758095 0.379100275 0.06250169531250001 0.3974502203125 0.061663834375000004 0.41052486093749996 0.0717068625 0.43653777656250004 0.075838984375 0.4425366421875
0 0.14576609375 0.486891996875 0.1558668640625 0.48154850781249997 0.163289303125 0.47231671718749996 0.1633486046875 0.47215271562499994 0.1658964 0.43239492031250004 0.164352478125 0.4252707453125 0.154364365625 0.41362856875 0.138739365625 0.41381038124999997 0.1286385953125 0.41915387031250007 0.11680718906250001 0.43627589687499996 0.11546661250000001 0.45719531875 0.11870257343749999 0.4676095765625 0.1265699890625 0.4818894078125 0.13404734375 0.48702835625 0.14576609375 0.486891996875
0 0.226283671875 0.4859550921875 0.2376123625 0.4766778484375 0.2382040734375 0.47353538906250003 0.2406685015625 0.43507851875 0.228854996875 0.41537476875 0.221377640625 0.4102358203125 0.2101073859375 0.40818625468749997 0.20655317499999998 0.4082276109375 0.199893265625 0.41048581406249995 0.18644387812500002 0.4224007125 0.1795790703125 0.43815845781249996 0.17823849218750001 0.45907788125 0.1796889015625 0.4668999359375 0.18755631718750002 0.48117976875 0.196819225 0.4889109171875 0.2113495109375 0.49092254999999996 0.21522683125 0.4908774328125 0.226283671875 0.4859550921875
0 0.1283262390625 0.5313832890625 0.1281419109375 0.5342597109375 0.12884401875 0.5507133015625 0.13207997968750002 0.561127559375 0.1383294140625 0.5702002625 0.1458067703125 0.5753392125000001 0.1479781 0.5759720265625 0.183843275 0.5755546984375 0.1889430921875 0.572224296875 0.1963655328125 0.56299250625 0.2019465625 0.5520401578125 0.20334299687500001 0.53024909375 0.20362322656249998 0.5106484984375 0.19413782968749999 0.49116153906250004 0.18292179687500001 0.483453115625 0.17722999374999998 0.48090636875000004 0.16160499374999998 0.48108818124999997 0.15557804687500001 0.4837712890625 0.1474304015625 0.48909205 0.1400079609375 0.4983238421875 0.1333107265625 0.511466659375 0.1283262390625 0.5313832890625
0 0.2822196546875 0.5625322265625 0.2861669203125 0.5534715234375 0.2888533109375 0.5115509640625 0.2826702828125 0.49458955937500004 0.26911106406249996 0.4777629796875 0.2540447890625 0.4701283921875 0.2402571734375 0.470288825 0.2241891890625 0.47828569375 0.2081163875 0.5006830296875 0.20337227656249998 0.513803121875 0.20169655468749997 0.5399523984375 0.204597371875 0.5555965109375001 0.2252988015625 0.5827918953125 0.23747474375 0.5874213187499999 0.25508300781250004 0.587216428125 0.2684351234375 0.5796769796875 0.2822196546875 0.5625322265625
0 0.2445018890625 0.408760259375 0.242046046875 0.4166277703125 0.240202753125 0.4453919734375 0.249855721875 0.46226400781250004 0.2610717546875 0.46997242968749997 0.2719694703125 0.47148115468749996 0.2814674453125 0.4713706359375 0.29444245156250004 0.46697115 0.3039855890625 0.4551017046875 0.3087297 0.4419816140625 0.31023785 0.4184472640625 0.308787440625 0.4106252078125 0.3010875984375 0.393730446875 0.29003913593749997 0.38340709687499996 0.26464851093749997 0.38370254375 0.253319821875 0.3929797875 0.2445018890625 0.408760259375
0 0.3307777703125 0.49421688125 0.34353125156250003 0.48060842031249995 0.345819521875 0.47535583593749997 0.3468249546875 0.4596662703125 0.3452069734375 0.45445914375 0.33717198593750003 0.44279423749999997 0.33148018281249997 0.440247490625 0.31552003906250004 0.445659159375 0.3079300265625 0.4575058765625 0.30658945000000004 0.47842529687499996 0.30820742968750003 0.48363242656249994 0.3126713125 0.49011293125 0.31884474375 0.494355734375 0.3307777703125 0.49421688125
0 0.3399065734375 0.435145265625 0.349001909375 0.44549134218750003 0.3497488484375 0.44559475156249995 0.37218084375 0.44533373125000003 0.372439409375 0.44521862187499994 0.379694278125 0.43860176093750003 0.38301226875 0.43098551562500004 0.3851583890625 0.3974957625 0.3800322484375 0.387644759375 0.3707693390625 0.379913609375 0.3631244109375 0.3773895890625 0.3570974640625 0.380072696875 0.3447084265625 0.3906687671875 0.33923911093750003 0.39987782968749996 0.33678326875 0.407745340625 0.33594540781250004 0.42081998125000003 0.3373958171875 0.42864203593749994 0.3399065734375 0.435145265625
0 0.31225661875 0.6237352796875 0.3196858265625 0.6270594125 0.33589691718750003 0.6268707796874999 0.3477480140625 0.61809634375 0.3594118484375 0.6035892453125 0.36313028593749996 0.5950538 0.3661814953125 0.547440325 0.35896969843750004 0.534350478125 0.3420618625 0.52409530625 0.336370059375 0.521548559375 0.320745059375 0.5217303734375001 0.3147181125 0.5244134796875 0.2980876796875 0.5402848609374999 0.2926183640625 0.5494939234375 0.2889895171875 0.5756659265625 0.2915551890625 0.5965398953125 0.31225661875 0.6237352796875
0 0.184500796875 0.6963650109375 0.1874016140625 0.712009125 0.19225555625 0.727630509375 0.198504990625 0.7367032124999999 0.21524525468750003 0.7495733109375 0.24112311250000001 0.7513190296875 0.24916346875 0.7512254703125001 0.272723740625 0.7358396 0.2907496671875 0.7134195375 0.29532620625 0.7029143734375001 0.3016223984375 0.6777565234375 0.30380921562499996 0.6436317171875 0.298735390625 0.6192594140625001 0.28534374375 0.59981790625 0.2759132640625 0.5947016875 0.2643620859375 0.5922231171875 0.2409245859375 0.5924958375 0.21893749375 0.6005906140625 0.2007439953125 0.625625603125 0.1891350765625 0.654503440625 0.1865116625 0.6649858796875 0.184500796875 0.6963650109375
0 0.2687152796875 0.8714836609375001 0.2801538 0.8909478953125 0.28763115625 0.8960868453125 0.290803809375 0.897506421875 0.3107510015625 0.8972743140624999 0.31709560312499996 0.8931310171875 0.3307125625 0.8786011921875 0.33812560468749997 0.8634249875 0.34030823125 0.8293655546875 0.33735770781249996 0.8053604890624999 0.32949029375 0.7910806578125 0.3220129375 0.7859417093750001 0.31062933125000003 0.7808482156250001 0.296789884375 0.7836222265624999 0.27681083281249996 0.806065015625 0.269778453125 0.8244376890625 0.2673226109375 0.8323052015625001 0.26581446249999996 0.85583955 0.2687152796875 0.8714836609375001
0 0.251127309375 0.9540713140625 0.2542961 0.9046230312500001 0.2500786171875 0.9011029718750001 0.18332790000000002 0.9018796859375 0.1779743390625 0.9108938484375001 0.175963471875 0.94227298125 0.1772463078125 0.952709965625 0.183885803125 0.970923553125 0.19923057500000002 0.990342334375 0.206430990625 0.9952909515625 0.2244601640625 0.9950811625 0.24426510625 0.9728339546875 0.24884164531250003 0.9623287906250001 0.251127309375 0.9540713140625
0 0.41181128593749994 0.5145519921874999 0.424200325 0.5039559234375 0.4317903375 0.49210920781249995 0.4324825921875 0.48739779062500005 0.43404659843750004 0.46299179687500003 0.43073281406249997 0.44770088750000003 0.42448337968749994 0.438628184375 0.40936109531250003 0.43096521406250005 0.4013810234375 0.43367104999999995 0.3724164671875 0.47450924062500005 0.37157860625 0.487583875 0.3762649765625 0.5058201890625 0.38679124374999996 0.5185464640624999 0.39496497812500003 0.518451353125 0.41181128593749994 0.5145519921874999
0 0.3938329640625 0.5910488578125 0.3703954640625 0.591321578125 0.3583415703125 0.5966877921875 0.34807322812499997 0.604646209375 0.33624182187499996 0.6217682359375 0.32480047500000003 0.648031146875 0.319386075 0.6716109484375 0.31804549843749996 0.69253036875 0.32401470468750004 0.7212036687500001 0.34259543593749997 0.7510367062500001 0.35185834531250004 0.75876785625 0.3534678015625 0.7593797890625 0.387748771875 0.75898089375 0.3990684890625 0.7529925609375 0.42524205937500004 0.7252517359375 0.43897167656249997 0.6937362453125 0.4415950890625 0.6832538078125 0.4427680953125 0.6649493140625 0.43841686874999997 0.64148314375 0.43015939375 0.618062428125 0.41464705156250004 0.6012585734375 0.4034310171875 0.5935501515625 0.3938329640625 0.5910488578125
0 0.3345718984375 0.8701512062500001 0.3232981234375 0.8937991890625 0.3205071390625 0.9068965531250001 0.3211196859375 0.9277932484375 0.3261412 0.9407997078125 0.335961740625 0.9550568125 0.34343909687499996 0.9601957609375 0.34499204687499996 0.9608906140625001 0.35919439531249997 0.9607253546875001 0.36297034687499996 0.9599684937499999 0.38066112812499997 0.9427782875 0.3896466328125 0.9243828875 0.3916574984375 0.8930037562500001 0.388589109375 0.8799745703124999 0.3787685703125 0.865717465625 0.3675525359375 0.8580090406249999 0.3538806609375 0.8581681265625001 0.3418267671875 0.8635343437499999 0.3345718984375 0.8701512062500001
0 0.34689859843750004 0.9853949359374999 0.34639588125 0.99323971875 0.3486871171875 0.9951969859375 0.3819819984375 0.994809565625 0.38757599374999996 0.9932412046874999 0.388134671875 0.984523165625 0.3866313859375 0.9744806921875 0.3803819515625 0.9654079890625 0.3668776484375 0.962952146875 0.3567768796875 0.9682956359375 0.3514751359375 0.9748897718749999 0.34689859843750004 0.9853949359374999
0 0.39525851875 0.8840164375 0.402735875 0.8891553859375 0.40788660468750004 0.8914600343749999 0.42053369375000005 0.8913128734375 0.43236789375000007 0.88358463125 0.44598485312499997 0.8690548046875 0.45257046875 0.8561310343749999 0.4550351765625 0.8176698046875 0.4535776921875 0.811480940625 0.4382329203125 0.7920621609375 0.4229430640625 0.7870141187499999 0.4053649390625 0.787218659375 0.40129111718750005 0.789879040625 0.38309761875000004 0.8149140296875 0.380641778125 0.8227815390625001 0.37896605625 0.8489308156250001 0.385437978125 0.86975933125 0.39525851875 0.8840164375
0 0.47553828749999993 0.9119161859375 0.473824928125 0.9094287921875001 0.44732990156249997 0.9097370890625 0.3943441921875 0.9112278515625001 0.3912180609375 0.9295550718750001 0.3931134453125 0.9608887515625 0.398134959375 0.9738952109375001 0.413141259375 0.992885659375 0.44409676718749996 0.9925254593749999 0.45075667812500003 0.9902672578124999 0.46861503125 0.970462121875 0.47224269999999996 0.963343096875 0.47553828749999993 0.9119161859375
0 0.4560962203125 0.8711597921875001 0.465468959375 0.9076324203125001 0.473336375 0.9219122531249999 0.4865055328125 0.9295979484375 0.5000098359375 0.9320537890624999 0.5285265921875 0.913431121875 0.535781459375 0.906814259375 0.5401904265625 0.8989240234375 0.5444603140625001 0.8840674640625 0.5478005859375 0.8319432390625 0.5418140578124999 0.8126768625 0.5337790703125 0.8010119578125 0.520777484375 0.790711334375 0.509058734375 0.7908476953125 0.49895796406250004 0.7961911828125 0.46603224218749995 0.8227040875 0.46073050000000004 0.8292982234374999 0.4561539609375 0.8398033859374999 0.4546458109375 0.8633377359375001 0.4560962203125 0.8711597921875001
0 0.45614727187500004 0.777474265625 0.47149204375 0.796893046875 0.472140903125 0.7970322750000001 0.4881171453125 0.796846375 0.4991709375 0.7913450171874999 0.51100234375 0.7742229921875 0.512844225 0.768322359375 0.5150302812499999 0.7342094390625 0.5058160843749999 0.718104315625 0.49833872812499996 0.71296536875 0.47880747812499996 0.713192634375 0.470659834375 0.7185133968749999 0.461116696875 0.730382840625 0.4565401578125 0.7408880046874999 0.454084315625 0.748755515625 0.4530788828125 0.76444508125 0.45452929218750004 0.7722671359375 0.45614727187500004 0.777474265625
0 0.47624238593749996 0.7079884609375 0.5089090046875 0.7076083515625 0.5221690453125001 0.6989489734375 0.5341680249999999 0.6792120203125 0.5379633125 0.6687159484375 0.53990715 0.6383827875 0.5337807906250001 0.624343990625 0.5166504656249999 0.6023330109375 0.4994074859375 0.59730769375 0.48361491250000005 0.6001044375 0.45905932343750006 0.6330523890624999 0.4548618609375 0.6498242875 0.4531191109375 0.6770195375 0.45570787968750004 0.6853509421874999 0.46909952656250004 0.7047924515624999 0.47624238593749996 0.7079884609375
0 0.40052823593750003 0.5695614671875 0.40554975000000004 0.5825679265625 0.415370290625 0.5968250328125 0.42469754374999996 0.6055401375 0.45747971249999997 0.6051586828125 0.47128571093750005 0.592254928125 0.4835081671875 0.5682692859375 0.4866121953125 0.519831596875 0.47268685625 0.49425195781250003 0.463423946875 0.48652080625 0.45773214375000004 0.4839740625 0.44210714375000004 0.484155875 0.43005325 0.48952209062499996 0.41007419843750004 0.5119648781249999 0.4035445359375 0.5224927703125 0.40108869374999995 0.5303602781250001 0.399077828125 0.561739409375 0.40052823593750003 0.5695614671875
0 0.4520810234375 0.46023510625 0.45847139375 0.46462700312500005 0.47636780625 0.464418759375 0.47925720156249996 0.46253186093750004 0.4947942421875 0.4408811015625 0.49595188749999997 0.4228163109375 0.49326704687499995 0.4114157734375 0.491649065625 0.40620864531249995 0.481660953125 0.3945664671875 0.462129703125 0.394793734375 0.455935184375 0.40009176875 0.446224475 0.4145761421875 0.4437686328125 0.42244365000000006 0.4427632 0.4381332171875 0.4442136078125 0.44595527500000004 0.4520810234375 0.46023510625
0 0.5072964796874999 0.4513601234375 0.52636641875 0.46071430312499995 0.5444572453125 0.460503796875 0.5497625125 0.45870491874999997 0.5660578015625 0.44806339531250006 0.5756009390625 0.43619395 0.5821240921874999 0.4181538234375 0.58429205625 0.384323196875 0.579957815625 0.36820583125 0.5683517218749999 0.35135652500000003 0.5551825640625 0.34367082656250003 0.5336981890625 0.34392082031250004 0.5195235968749999 0.3519246921875 0.505739065625 0.36906944531249997 0.4967535609375 0.3874648453125 0.4937950015625 0.4031771375 0.49764351093750003 0.43448809062500005 0.5072964796874999 0.4513601234375
0 0.525711696875 0.49443536874999994 0.527266490625 0.47017314375 0.51788916875 0.4565594875 0.50226416875 0.45674130156250003 0.49411652500000003 0.4620620625 0.48652651249999995 0.47390878125 0.483567953125 0.4896210734375 0.48663634218749996 0.502650259375 0.49288577812499995 0.5117229625 0.49644724218749997 0.5125864953125 0.5116229718749999 0.5124099109375 0.525711696875 0.49443536874999994
0 0.5618441875 0.5153387 0.5513858359375 0.49789521406250004 0.53361131875 0.4981020390625 0.5179932265625 0.5151390921875 0.5157049578125 0.5203916734375 0.514531953125 0.53869616875 0.5161499328125 0.5439032953125 0.5241849203125 0.5555682 0.53147765 0.5605802609375 0.5435822031249999 0.5604394125 0.5515286703125 0.5552500265625 0.5601064640625 0.5424554984375 0.5618441875 0.5153387
0 0.546956065625 0.5832056421875 0.5445002234375 0.591073153125 0.5424893578125001 0.6224522859375 0.549296425 0.6380509453125 0.5644736234375001 0.6600846546875 0.5689946546875 0.6631918140625 0.6138261078125 0.662670153125 0.6211142484375001 0.6594255812500001 0.6410933 0.6369827921875 0.6477905359375 0.6238399718750001 0.6509386328125 0.6112610484375 0.652547325 0.586157740625 0.652424815625 0.5819784015625 0.6441673406249999 0.5585576875 0.636132353125 0.546892784375 0.6193920890625 0.534022684375 0.6137002859375 0.531475934375 0.6019815359375 0.5316122953125 0.58390069375 0.5396616203125 0.5654847078125 0.5529407984375 0.5538208734375 0.5674478984375 0.546956065625 0.5832056421875
0 0.621346678125 0.366472578125 0.6030982640625 0.3771368296875 0.591602003125 0.38902899999999996 0.5849047671875 0.40217182031250004 0.5827263281249999 0.4361658796875 0.5841767359375 0.4439879359375 0.58919825 0.45699439374999995 0.5990631296875 0.469236409375 0.6388925734375 0.46877295312499995 0.6504703296875001 0.46020089531249997 0.6557720734375 0.45360675937500006 0.6647575781249999 0.43521135937500005 0.6672134203125 0.42734385 0.66872156875 0.40380950000000004 0.6656531796875 0.390780315625 0.6576181921875001 0.3791154109375 0.64656973125 0.368792059375 0.6351861249999999 0.3636985640625 0.621346678125 0.366472578125
0 0.5904520015625 0.52398333125 0.5998842265625 0.5186572984375 0.6094273640625001 0.50678785625 0.611146453125 0.501280596875 0.6115988984375 0.49422029375000004 0.6109355140625 0.48325350624999996 0.6048536515625 0.4715658734375 0.5916844921875 0.463880178125 0.5720405859375 0.48109311093749996 0.5678656546874999 0.4944678765625 0.567564025 0.49917474687499996 0.5700297203125 0.51247224375 0.5762791546875 0.521544946875 0.580976928125 0.5240935828125 0.5904520015625 0.52398333125
0 0.679908109375 0.54598178125 0.68961881875 0.531497409375 0.6941953578125 0.5209922453125 0.69570350625 0.49745789531250006 0.68962164375 0.485770265625 0.6787407546875001 0.47283198593750003 0.6712634000000001 0.4676930375 0.658759415625 0.4654191109375 0.65736088125 0.465435384375 0.6416313796875001 0.4732637921875 0.6320882421875 0.48513323750000004 0.62539100625 0.4982760546875 0.623715284375 0.5244253328124999 0.626951246875 0.5348395906250001 0.6403428921875001 0.5542810968749999 0.6531856703125001 0.5591640609375 0.6547047671875 0.559146384375 0.6675190703125 0.5565778515625001 0.679908109375 0.54598178125
0 0.6686194609375 0.582044003125 0.667614028125 0.5977335671875 0.6690644375 0.605555625 0.6826236546875 0.622382203125 0.6930394671875 0.624276384375 0.697506346875 0.6242244078125 0.7021549046875 0.6221549375000001 0.7178925625 0.604987459375 0.72018083125 0.599734878125 0.7213538359375 0.581430384375 0.71973585625 0.5762232546875 0.71170086875 0.564558346875 0.7042235125 0.5594194015625 0.6866453875 0.559623940625 0.67090773125 0.5767914203125 0.6686194609375 0.582044003125
0 0.6149902375 0.7679329984375001 0.6228576515625 0.7822128312500001 0.633284 0.7904732015625 0.6695505875000001 0.7900512015625 0.6752568828125 0.7868290671875 0.6846324484374999 0.77757455 0.6932828093750001 0.7644090046875001 0.7033978328125 0.742854 0.705091709375 0.7164214390625 0.6997603828125001 0.6937832296875001 0.6863687359374999 0.6743417218750001 0.671246453125 0.666678753125 0.661480828125 0.6667923859375 0.6414468609374999 0.6748644359375 0.6255416328125001 0.69464684375 0.6119795890625 0.7235474078124999 0.6103038671875 0.749696684375 0.611754275 0.7575187437500001 0.6149902375 0.7679329984375001
0 0.5327223453125 0.68349831875 0.5251323328125 0.6953450375 0.5179323796874999 0.7163326375 0.5165918031250001 0.737252059375 0.522896153125 0.760695503125 0.534502246875 0.7775448093749999 0.54241458125 0.7821625531249999 0.56426868125 0.7819082578125001 0.571611621875 0.777113003125 0.58327545625 0.762605903125 0.5927636781250001 0.7363657203125 0.5944394 0.71021644375 0.5931565625 0.699779459375 0.5817180421875 0.680315225 0.56871645625 0.6700146 0.55504458125 0.6701736875 0.5470645078125 0.672879521875 0.5327223453125 0.68349831875
0 0.549462425 0.836465965625 0.5505776890625 0.8495178781250001 0.5570496125 0.87034639375 0.566870153125 0.8846034984375001 0.5743475078125 0.8897424484374999 0.5839455609375 0.8922437421874999 0.6034768109375 0.8920164749999999 0.6135775796875 0.8866729875000001 0.6250738421875 0.8747808156250001 0.6340593484375 0.8563854140625 0.6398088921875 0.8275757562500001 0.6356252390625 0.8014946593750001 0.6322217046875 0.79369533125 0.6222335921875 0.7820531515625 0.599801525 0.76663630625 0.584008953125 0.7694330484374999 0.573908184375 0.7747765359375001 0.5655929671875 0.782712225 0.5535939890625 0.8024491796875 0.550970575 0.8129316171875001 0.549462425 0.836465965625
0 0.6418221 0.9773695109375 0.6494121125000001 0.9655227921874999 0.6521399765625 0.957978740625 0.654168996875 0.9263163249999999 0.65081043125 0.9132469656250001 0.6411574625 0.8963749312499999 0.6321423296875001 0.8888505828125 0.6043565125 0.8891739 0.5888131484375 0.9061294375 0.584236609375 0.9166346015625001 0.5814456234375001 0.929731965625 0.5820581703125 0.9506286609375 0.5869121125000001 0.966250046875 0.59851820625 0.983099353125 0.6113351015624999 0.990579465625 0.612484475 0.990566090625 0.631553759375 0.9853279265625 0.6418221 0.9773695109375
0 0.593263871875 0.9508844859375 0.5295759999999999 0.9503522234374999 0.5281805078125 0.9569009062499999 0.5297984875 0.962108034375 0.5409018640625 0.986802125 0.5430112171875 0.9882518156250001 0.5704142859375 0.9879329515625 0.5751653375 0.98509694375 0.5901777906250001 0.9640184359375 0.5929056546875 0.956474384375 0.593263871875 0.9508844859375
0 0.754527103125 0.9705772671874999 0.769477878125 0.9542681625 0.7736336671874999 0.88941795625 0.7717757359374999 0.8841482953125 0.6643538609374999 0.8853982609375001 0.6590521171875 0.891992396875 0.6568736796875 0.9259864562500001 0.6583240875 0.9338085125 0.673556203125 0.970212959375 0.6853298671875 0.9844473390624999 0.6967134734375 0.9895408343750001 0.7183654203125001 0.9866759140625 0.754527103125 0.9705772671874999
0 0.8239657234375001 0.87756341875 0.822515315625 0.8697413624999999 0.81911178125 0.8619420328125 0.8042469296875 0.8431305874999999 0.7699959546875 0.843529134375 0.754826228125 0.8600770843750001 0.750249690625 0.8705822484375 0.7510298093750001 0.8888640156250001 0.7710609500000001 0.9265191109375 0.7807159359375 0.9308391500000001 0.797353665625 0.9306455515625001 0.8124117203125 0.9208119968749999 0.8200017328125 0.908965278125 0.8222900015624999 0.9037126953125 0.8239657234375001 0.87756341875
0 0.8420143734375 0.9004718046875 0.8330288687499999 0.9188672046875 0.8304054546874999 0.92934964375 0.8290648765625 0.9502690656249999 0.835369228125 0.97371250625 0.841466253125 0.9847789765625 0.9362174765625 0.9836764468749999 0.9414561765625 0.9019276734374999 0.9262789781249999 0.8798939640624999 0.91701606875 0.8721628140625001 0.8940812859375 0.8645907515625 0.8823625359375 0.8647271109375 0.8743824625000001 0.867432946875 0.862160996875 0.8754140890625 0.8517250828125 0.8859874328125 0.8420143734375 0.9004718046875
0 0.794384525 0.9525387890625 0.7808428625 0.9526963609375001 0.7787823828125 0.9552591187499999 0.7774418062499999 0.9761785406250001 0.7773187312500001 0.98114463125 0.7899242703125 0.9885013921875 0.7917632625000001 0.9884799937500001 0.810354284375 0.9833732062499999 0.826091940625 0.9662057265625 0.8318962125 0.9548152828124999 0.8320091921874999 0.9530522609375 0.794384525 0.9525387890625
0 0.8975144 0.8717106859375001 0.9087154343750001 0.87158035 0.9151674171874999 0.870555246875 0.9252681875000001 0.8652117593750001 0.935536528125 0.8572533453125001 0.9452472375 0.8427689703125001 0.94620058125 0.7669815203125 0.9326413625000001 0.750154940625 0.9269495609374999 0.74760819375 0.9113245609374999 0.7477900078124999 0.9039021203125 0.7570217968749999 0.8975144 0.8717106859375001
0 0.83286984375 0.82998265 0.8355481734374999 0.83387095 0.8534393078125 0.848803521875 0.8824558765624999 0.8484658843749999 0.8915185093750001 0.8436715875 0.9010616468749999 0.8318021421875 0.9082615984375 0.8108145421874999 0.9097697484375 0.7872801921875 0.9084869125000001 0.7768432078124999 0.9052509515624999 0.76642895 0.8900737515625 0.7443952421875 0.87690459375 0.736709546875 0.86127959375 0.736891359375 0.8449843046875 0.747532884375 0.8354411671875001 0.759402328125 0.8331528984375 0.7646549109375 0.8298014546875001 0.8169534640625 0.83286984375 0.82998265
0 0.7472806656250001 0.7981373078125 0.7537525875 0.8189658218750001 0.7653586812500001 0.8358151296875 0.7788784671875 0.8418644421874999 0.791079475 0.8417224703124999 0.7962735359375 0.840681359375 0.8125688249999999 0.8300398343750001 0.8286416265625001 0.8076424984375 0.8308518843750001 0.800561740625 0.8333906015625001 0.7609455875 0.8321606421875 0.75272901875 0.8287571093749999 0.7449296875 0.8187689953125 0.7332875109375 0.8073853906249999 0.7281940140625001 0.791760390625 0.7283758265625 0.78378031875 0.7310816640625 0.7653643328124999 0.744360840625 0.7558211953125 0.7562302843750001 0.7489563875 0.7719880328125 0.7472806656250001 0.7981373078125
0 0.6388002734375 0.8638723984375 0.6438217875000001 0.8768788578125 0.6500712234375 0.8859515609375 0.66128725625 0.893659984375 0.6746239875 0.8987307546875 0.6843896125 0.8986171203125 0.6987317749999999 0.8879983234375001 0.7167577015625 0.8655782609375 0.7190459703125 0.8603256796875 0.7194786296875 0.85738104375 0.7213847640625 0.8276362421875 0.7199415734375 0.8158946359374999 0.7119065859375 0.8042297296875001 0.7026436765625 0.7964985812500001 0.68752139375 0.7888356109375 0.665869446875 0.79170053125 0.6458903953124999 0.8141433203125 0.6436021265625 0.8193959015625 0.6386904421875 0.835130921875 0.6375174375 0.853435415625 0.6388002734375 0.8638723984375
0 0.6927560078125 0.69877535625 0.6988378703125 0.71046299375 0.713289528125 0.7239661875000001 0.754957646875 0.723481334375 0.7668621015625 0.7148974140625 0.7850556 0.689862421875 0.7867746890625 0.684355165625 0.78919610625 0.6465694625 0.7882394703125 0.6401787984375 0.776968521875 0.618099634375 0.7621813828125 0.6052068078125 0.7447708296875 0.6027964234375001 0.7309313828125 0.605570434375 0.7148036656250001 0.6135970328125 0.7073812265625 0.6228288234375 0.6895777875 0.6570046921875 0.687902065625 0.683153975 0.6927560078125 0.69877535625
0 0.8141035765625 0.7238608828124999 0.8183998859375 0.7329563125 0.8257096703125001 0.7407101875000001 0.8271993765625 0.7413767453125 0.8463375953125001 0.7411540515625 0.8551741171874999 0.7377543625 0.8625965578124999 0.7285225718749999 0.869394525 0.710762321875 0.8705060874999999 0.6934166312500001 0.869351534375 0.6840233453125 0.8661155734375001 0.6736090906250001 0.8580805859374999 0.661944184375 0.8523887828125 0.6593974375 0.8426231578125 0.659511071875 0.8305692625000001 0.6648772875 0.818905428125 0.6793843859375001 0.8143985234375 0.691848475 0.8127982093749999 0.7168210328125 0.8141035765625 0.7238608828124999
0 0.8832050546874999 0.6307783734375 0.884152746875 0.6464452109375001 0.8873887078125 0.6568594703125 0.906304584375 0.6814626546875 0.9144544515625 0.684153384375 0.9363808953125 0.683898246875 0.9474877812500001 0.6783704640625 0.9563424812499999 0.6696300890625 0.96093155 0.5980186703125 0.9458754515625 0.5817090484375 0.9307531687499999 0.5740460781250001 0.9190344187499999 0.5741824390625 0.9110543468750001 0.5768882718749999 0.8988328796875 0.5848694140624999 0.8914104406250001 0.59410120625 0.8861636125000001 0.61506608125 0.8832050546874999 0.6307783734375
0 0.8881753453125001 0.5730140515625 0.87601161875 0.5496387890625 0.865855934375 0.5406115390624999 0.8507336515624999 0.5329485703125 0.8372293484375 0.530492728125 0.8272961515624999 0.5332212890625 0.815074684375 0.5412024328125 0.801290153125 0.5583471875 0.7967136140625 0.56885235 0.794257771875 0.5767198609374999 0.7925820515625001 0.6028691359375 0.7972684203125 0.6211054500000001 0.8088745140625001 0.6379547578125 0.8218761000000001 0.6482553796875 0.8295210281250001 0.650779403125 0.8490522781250001 0.6505521359374999 0.8611061718749999 0.645185921875 0.87773660625 0.629314540625 0.8832059203125 0.6201054765625 0.8877824593750001 0.6096003140625 0.889625753125 0.5808361093750001 0.8881753453125001 0.5730140515625
0 0.7143077 0.48961700468749997 0.7116842875 0.5000994421875 0.7096734203125 0.5314785750000001 0.710788684375 0.5445304890625 0.719046159375 0.567951203125 0.7252955953125 0.5770239078125 0.7313911796875 0.5801127453125 0.772899309375 0.5796297546875 0.773956146875 0.57907066875 0.7842244890625001 0.571112253125 0.7980090203125 0.553967496875 0.80470625625 0.5408246765625 0.8078461156250001 0.5260901437500001 0.8092390593750001 0.5043535578125 0.8078901281249999 0.49114105312499995 0.8028686140625 0.47813459687500004 0.7912625203125 0.4612852875 0.778260934375 0.45098466562499995 0.77256913125 0.4484379140625 0.75499100625 0.44864245468749997 0.747010934375 0.4513482921875 0.7347894671875 0.459329434375 0.7231256328125 0.4738365328125 0.7143077 0.48961700468749997
0 0.8884914890625 0.5223976390625 0.9046566828125 0.5375019125 0.9383239781249999 0.5371101578124999 0.944294253125 0.5348132031249999 0.948368075 0.5321528234375 0.9649095140625 0.5115791187500001 0.97032080625 0.427137071875 0.9598150734375 0.41443562343749996 0.948599040625 0.4067272015625 0.919302165625 0.40706810156250006 0.8971475015625 0.4177778046875 0.8835305421875 0.4323076296875 0.8745450359375001 0.45070303125000005 0.8719216234375 0.46118546875 0.8705810453125 0.48210489062499995 0.875267415625 0.500341203125 0.8884914890625 0.5223976390625
0 0.9459327703125 0.5884284640625 0.9528767140625 0.5820951796875 0.95957395 0.5689523624999999 0.9619462890625 0.5578196015625 0.9621395328125001 0.5548040750000001 0.9581255437499999 0.5360893109375 0.9500059343749999 0.5248676046874999 0.9459327703125 0.5884284640625
0 0.884995303125 0.7453882328125 0.905916559375 0.7347235296875 0.908673465625 0.731294578125 0.9088745515625 0.728156665625 0.907982340625 0.7177151375 0.9001149249999999 0.703435303125 0.896376246875 0.70086583125 0.884657496875 0.7010021921875 0.8786305499999999 0.703685296875 0.8712081093749999 0.7129170874999999 0.867089225 0.7223717359374999 0.8661508203125001 0.7370153312500001 0.8720222 0.7455391890625 0.884995303125 0.7453882328125
0 0.943604446875 0.6955701750000001 0.941761153125 0.724334378125 0.9432115609375 0.7321564359375 0.9485897109374999 0.739964240625 0.9487126859374999 0.7399628093749999 0.9525283671875 0.6804199390625 0.9458927156250001 0.69031759375 0.943604446875 0.6955701750000001