0 0.12520969531249998 0.7844534390625 0.1374602625 0.78811809375 0.1578836796875 0.7876427328125 0.16622532031249998 0.783498790625 0.1766597796875 0.772766321875 0.1840040140625 0.7607945796875 0.18629822812500002 0.751562778125 0.18096039375 0.7080896046875 0.175013978125 0.6875766046875 0.1299715984375 0.663712171875 0.11434659843749999 0.664075846875 0.10326999375000001 0.669578459375 0.0942937078125 0.6842105890625 0.0919661328125 0.7131111703124999 0.0925815890625 0.7340760515625 0.097103296875 0.7549500140625 0.1031098640625 0.7639886125 0.12520969531249998 0.7844534390625
0 0.1917543078125 0.6843322765625001 0.18455726562500002 0.7054789968749999 0.1835673578125 0.7133692390624999 0.185172721875 0.7264438765625 0.1890522828125 0.742087984375 0.19715916718749998 0.7602561 0.20966725625 0.7743881765625 0.21844297343750002 0.78205111875 0.22169388906249998 0.783023603125 0.2472679125 0.7824283609375 0.2586692609375 0.7666916374999999 0.260970146875 0.7535260828125 0.2609968359375 0.7377910546875001 0.2558329828125 0.7116872390625 0.2434987765625 0.6909951125 0.23553908437499999 0.6820019734375 0.22903756406250003 0.6769084984375 0.21081729375 0.6720877796875 0.20332586562500002 0.67488454375 0.1917543078125 0.6843322765625001
0 0.1597106609375 0.6826135296875 0.16993867812500002 0.68237546875 0.1845949453125 0.6611191921875 0.18080666875 0.6302661578125 0.1763298265625 0.6213230750000001 0.16837013437499998 0.6123299359375001 0.1621896875 0.6098513875 0.1582834375 0.60994230625 0.14557477968750002 0.6181053046875 0.1382305453125 0.6300770484375 0.1368928765625 0.6510873890625 0.1410935109375 0.6693464234375 0.14905320312499998 0.6783395624999999 0.1597106609375 0.6826135296875
0 0.128889159375 0.6413368828125 0.12611805468749998 0.6187680453125 0.111479415625 0.6000459265625 0.10746085000000001 0.5976465609375 0.0992732625 0.5978371296875 0.0842828578125 0.6098573359375 0.0832340734375 0.6140775890625 0.0863805875 0.63970388125 0.0910520734375 0.6490357921875 0.09673756875 0.6554594625 0.1145079578125 0.660161153125 0.11513488281249999 0.6601465609375 0.12212819374999999 0.6548684890625001 0.1278403765625 0.645557134375 0.128889159375 0.6413368828125
0 0.2546581484375 0.6446903875000001 0.25330964375 0.6337076921875 0.2492454453125 0.611774121875 0.2466501734375 0.606589725 0.234463159375 0.595072578125 0.226269459375 0.5901803640625001 0.21606176875 0.59041795 0.20744048125 0.5983239375 0.2004173203125 0.612910609375 0.199724384375 0.6184337796875 0.2022287515625 0.6388302140625 0.20718653593749997 0.652089065625 0.21742042499999997 0.6636516703125 0.24075687031249998 0.668191434375 0.24160081562500002 0.6681717921875 0.25374046250000004 0.648383109375 0.2546581484375 0.6446903875000001
0 0.162289075 0.615047740625 0.174007825 0.6147749828125 0.1775930015625 0.6120691390624999 0.1846161640625 0.59748246875 0.1854080890625 0.5911702734375 0.1828395078125 0.5702508515625 0.18076329062500002 0.5661033359375 0.17052940156250002 0.5545407296875 0.16207475625 0.5494927109375001 0.148723953125 0.55242585625 0.14170079062500002 0.567012525 0.14245001562499998 0.585876371875 0.14318848281250002 0.59189070625 0.148148934375 0.6035760546875 0.1561086265625 0.61256919375 0.162289075 0.615047740625
0 0.0807529328125 0.5795131734375001 0.0939518984375 0.5963940203125 0.1226842203125 0.5957252671875 0.12646414687500002 0.5928724375 0.13380838125 0.5809006937500001 0.13576413437499998 0.5697099703124999 0.1329868546875 0.547090846875 0.130945415625 0.541631321875 0.12088540625 0.523508665625 0.1129257140625 0.514515528125 0.10056481875 0.509558428125 0.09275231874999999 0.509740265625 0.0785588015625 0.5297386296875 0.0746258625 0.545564571875 0.0743824296875 0.554748640625 0.0752493265625 0.5618089453125 0.0807529328125 0.5795131734375001
0 0.22723049843749998 0.5901579953125 0.2422602640625 0.5820034421875 0.2377929734375 0.5456202890624999 0.2369495109375 0.543935359375 0.2293108921875 0.5375571484375 0.2156390171875 0.5378753640625 0.21205383906250003 0.5405812125 0.2079737078125 0.5472321796874999 0.20535175 0.557782809375 0.207599259375 0.576087303125 0.2101945296875 0.5812716984375 0.219781146875 0.5903313812500001 0.22723049843749998 0.5901579953125
0 0.186216175 0.5017955875 0.17540099375 0.5020473140624999 0.1706421546875 0.5044114000000001 0.164929971875 0.5137227546875 0.168461771875 0.5424869578125 0.17105704375 0.5476713546875 0.180108809375 0.5536475953125 0.1907540625 0.553399825 0.19644766875 0.54708038125 0.19842748125 0.531299896875 0.19650104531249998 0.5156103296875 0.186216175 0.5017955875
0 0.1499274265625 0.535546490625 0.156500465625 0.5248318640625 0.1588602296875 0.5153362968749999 0.1582822984375 0.5106294265625 0.154921790625 0.4960221984375 0.14891522343750002 0.48698360156250003 0.14046057812499999 0.48193558437500006 0.1298789265625 0.483493075 0.1243139359375 0.5019794078125 0.12377886874999999 0.5103835421875 0.124260478125 0.5143059359375 0.12979886093749998 0.5306981515625 0.1344097265625 0.53590766875 0.1499274265625 0.535546490625
0 0.0701092390625 0.43398456406249997 0.0594091015625 0.44835424843749994 0.056787142187499993 0.45890487812499997 0.059355725000000005 0.47982430000000004 0.0699106875 0.494001834375 0.08176906874999999 0.501092690625 0.0828478078125 0.5010675828125 0.096657071875 0.49368476875 0.09046310156250001 0.4432389375 0.0804166109375 0.43374465781250005 0.0701092390625 0.43398456406249997
0 0.1014941125 0.4509245234375 0.10962768593750001 0.4533576109375 0.1272058109375 0.4529484765625 0.1307909875 0.4502426296875 0.1345500453125 0.44097673437499996 0.13621814062499998 0.42026465 0.13105154531250002 0.3781861046875 0.127513134375 0.3677132984375 0.12214871249999999 0.36390455625 0.0987112125 0.3644500703125 0.0879556796875 0.3725676109375 0.07930046562500001 0.3898146671875 0.0782838703125 0.4134399359375 0.08216343125 0.4290840421875 0.085079775 0.43688336562499996 0.09076526875 0.4433070359375 0.1014941125 0.4509245234375
0 0.045714784375 0.3723170453125 0.046971556250000004 0.3825526203125 0.052109273437500006 0.41873386406249996 0.05953596875 0.41856100625000003 0.0607479203125 0.416585421875 0.062714390625 0.4086724515625 0.060787953125 0.3929828828125 0.058206028124999996 0.379930975 0.0521994609375 0.37089237656249996 0.045714784375 0.3723170453125
0 0.0610129859375 0.297506071875 0.0512473609375 0.29773336875 0.0440770078125 0.3031450640625 0.038685896875 0.315071346875 0.0425387703125 0.346450478125 0.052919851562499995 0.3671880625 0.0587607390625 0.3715700890625 0.0818640515625 0.371032353125 0.086939003125 0.36508505625 0.091019134375 0.3584340890625 0.0858819703125 0.3165952453125 0.077922278125 0.3076021078125 0.0610129859375 0.297506071875
0 0.0856459171875 0.26681559374999997 0.08663582343750001 0.258925353125 0.0840672421875 0.23800593124999997 0.0811508984375 0.23020660624999997 0.0610218859375 0.2163878875 0.05288254999999999 0.21657733281249997 0.04780058125 0.2218044421875 0.0391453671875 0.23905150000000003 0.038155459375 0.246941740625 0.041045115625 0.270476090625 0.0488309265625 0.2860292765625 0.0564695453125 0.2924074890625 0.065833990625 0.294624153125 0.06688288437499999 0.294599740625 0.0756797234375 0.28933796875 0.0856459171875 0.26681559374999997
0 0.0355911390625 0.22605702499999997 0.037795021875 0.22789725624999999 0.0427242140625 0.22778252812500002 0.03569789375 0.1631169234375 0.032607670312499996 0.16187765 0.0229625484375 0.1870149484375 0.024888984375 0.20270451406249998 0.0355911390625 0.22605702499999997
0 0.0650862578125 0.1978765890625 0.0705374859375 0.20049675625000002 0.084489675 0.2001720140625 0.0849385796875 0.200036921875 0.089339784375 0.1960008828125 0.0981688796875 0.17219377656249998 0.0999447125 0.1631270125 0.0957279578125 0.12878429687499998 0.0943426953125 0.12507961875 0.08606192968750001 0.1134715515625 0.073701034375 0.10851445312500001 0.065888534375 0.108696290625 0.056765054687500004 0.11415344375 0.0494208203125 0.1261251859375 0.04353475625 0.14199658906249998 0.04706655625 0.1707607921875 0.054852367187499994 0.1863139828125 0.0650862578125 0.1978765890625
0 0.19776599374999998 0.4748648796875 0.19437466406249998 0.44724470624999996 0.19127438125000001 0.4399413640625 0.1855888859375 0.43351769375 0.1803545796875 0.4314185765625 0.15761985625 0.4319477328125 0.1469946515625 0.44621678749999993 0.145683671875 0.451492103125 0.144693765625 0.4593823453125 0.1466202015625 0.4750719109375 0.149215471875 0.4802563078125 0.1574962375 0.49186437187500004 0.16767759843750002 0.49909314687500006 0.1746930984375 0.498929859375 0.193963465625 0.4857707875 0.19776599374999998 0.4748648796875
0 0.23872199843750003 0.542881565625 0.2470806890625 0.537512628125 0.2544249234375 0.5255408874999999 0.2552074953125 0.5215453640625001 0.2498027703125 0.4775274140625 0.24036485000000002 0.46686412187500004 0.22572975624999997 0.459337553125 0.21791725624999997 0.45951939218750004 0.2061718171875 0.47552717656250004 0.199469728125 0.49272877499999995 0.1991219671875 0.5058488703124999 0.20072733125000003 0.5189235109375 0.20883421562499999 0.537091625 0.2163907921875 0.54340133125 0.23872199843750003 0.542881565625
0 0.1868528671875 0.44066911875 0.196889046875 0.4342227 0.2071763125 0.4143152546875 0.2081662203125 0.4064250140625 0.20656085625 0.393350375 0.198453971875 0.375182259375 0.1904942796875 0.3661891203125 0.1739060609375 0.3587080125 0.1660935609375 0.35888985 0.158428253125 0.3682466671875 0.15187335625 0.394623240625 0.153157646875 0.40508295156249996 0.16126453125 0.42325106718749994 0.1768863046875 0.44090109375 0.1868528671875 0.44066911875
0 0.124745640625 0.3684673078125 0.15212254375 0.36783010312500003 0.15354444375 0.36675694999999997 0.1615575125 0.3442800375 0.162250446875 0.3387568671875 0.1570811765625 0.29665653281250004 0.15481498437500002 0.28936655624999996 0.13612645 0.2727559328125 0.126360825 0.2729832296875 0.1097459171875 0.2812371484375 0.10076963125 0.29586927812499997 0.09878981718749999 0.3116497625 0.10200054375 0.3377990390625 0.10978635625 0.3533522265625 0.12229444375000001 0.367484303125 0.124745640625 0.3684673078125
0 0.12005724375 0.26829064687500004 0.14132982968750002 0.267795521875 0.14941432500000001 0.257345996875 0.1500577640625 0.25221733749999997 0.146702553125 0.22489134375000003 0.1413608171875 0.20770782968749998 0.133401125 0.198714690625 0.11518085468749999 0.1938939703125 0.10605737500000001 0.1993511234375 0.098713140625 0.211322865625 0.09740216093750001 0.2165981828125 0.09997074218749999 0.2375176015625 0.10320815781249999 0.24793185312500002 0.11831151718749999 0.267248325 0.12005724375 0.26829064687500004
0 0.13299545 0.189827396875 0.1422394328125 0.209280246875 0.15492051406250001 0.21263540781249998 0.1710593171875 0.21225977187499998 0.1805125953125 0.193966225 0.18104766249999998 0.1855620890625 0.1804055171875 0.1803322328125 0.17730186875 0.16781694687499998 0.1721113265625 0.1574481546875 0.1596032390625 0.14331608125 0.1534227921875 0.14083753125 0.1436571671875 0.141064828125 0.1381188640625 0.1438161359375 0.12946364999999999 0.1610631921875 0.12918544062499998 0.1715592703125 0.1298918015625 0.1773121109375 0.13299545 0.189827396875
0 0.205213175 0.20833090156249998 0.23170604843749998 0.2077142734375 0.23357720781250002 0.2065950515625 0.241242515625 0.1972382375 0.24744965156249998 0.18398176093750002 0.2491083921875 0.16558635 0.2455765921875 0.1368221453125 0.23779078125000003 0.12126895468750001 0.2317842140625 0.11223035781249999 0.212600725 0.09956485468750001 0.196975725 0.09992853125 0.1860463125 0.11460612031249999 0.1778593625 0.14364308125 0.1784748203125 0.1646079625 0.18171223593750002 0.17502221406250001 0.19632064062500001 0.1982838046875 0.205213175 0.20833090156249998
0 0.1721923734375 0.29529875156249996 0.175847234375 0.2967644625 0.192523828125 0.2963763109375 0.202010890625 0.2749367140625 0.2030890734375 0.2629796953125 0.20106631406250003 0.24650565000000002 0.19623158125 0.2278680140625 0.18177036875000002 0.2137814015625 0.16809849375000002 0.21409961718749998 0.1589750140625 0.21955676875000002 0.154894884375 0.2262077375 0.152593996875 0.23937329375 0.151604090625 0.2472635375 0.155135890625 0.27602774218750004 0.1577311609375 0.28121213749999996 0.1721923734375 0.29529875156249996
0 0.20916585 0.36650240625 0.22067964375 0.36623441875 0.2272082078125 0.36130710625 0.23128833750000002 0.3546561375 0.2335825515625 0.3454243359375 0.23048128124999998 0.3201665109375 0.219823534375 0.30116376875 0.2074626390625 0.296206671875 0.1921587109375 0.2991852734375 0.184493403125 0.3085420890625 0.18187144375 0.31909271875 0.1808815375 0.3269829609375 0.18540324375 0.3478569234375 0.187998515625 0.3530413203125 0.1979113328125 0.3619889984375 0.20916585 0.36650240625
0 0.2649398375 0.44806483437500005 0.2672006140625 0.44055476093749996 0.2615718078125 0.39471181093749996 0.2521907421875 0.3841127546875 0.24178297187500003 0.379110196875 0.23006422187500003 0.3793829546875 0.224030965625 0.38607938124999996 0.221087934375 0.39401508281250003 0.21942919375 0.41241049375000005 0.22135562968750003 0.428100059375 0.23290447812499998 0.45213297812500003 0.2628720703125 0.451435475 0.2649398375 0.44806483437500005
0 0.2942911625 0.74573721875 0.2969388375 0.74679901875 0.3226103765625 0.7462015078124999 0.329126340625 0.7423040249999999 0.340055753125 0.7276264359375 0.3393065296875 0.7087625875 0.33808645312499996 0.6988258625 0.3339553703125 0.677942809375 0.3168988875 0.6586717984375 0.29998959687500004 0.6485757640625 0.28241147187500004 0.6489848984375 0.2752411171875 0.6543965921875 0.2633217984375 0.6769644218749999 0.262529871875 0.6832766171875 0.2657406 0.7094258921875001 0.27300735781249996 0.723942203125 0.2942911625 0.74573721875
0 0.2968622796875 0.5927962703125 0.291217565625 0.5815202109375 0.28553207187499996 0.5750965390625 0.27731227812500003 0.57018874375 0.2709537671875 0.570336740625 0.2593254203125 0.5770177078125001 0.2540815015625 0.5981189640625 0.25860320937500003 0.6189929281250001 0.265251921875 0.6332613828125 0.2757820828125 0.6407378015625 0.2859455671875 0.64050124375 0.29291674375 0.635239875 0.29993990625 0.62065320625 0.300113140625 0.6192724140625 0.2968622796875 0.5927962703125
0 0.30965549531250003 0.572569878125 0.31912240468749997 0.557137990625 0.3201711875 0.5529177375 0.3167036015625 0.5246765203125 0.312032115625 0.5153446078125 0.295617778125 0.50130345 0.2913904546875 0.4987794421875 0.279992778125 0.5016671265625 0.26938443749999996 0.5189596437499999 0.267024675 0.5284552125 0.26952904218749996 0.548851646875 0.27420052968749997 0.5581835578125001 0.2891352546875 0.5730474921875001 0.30965549531250003 0.572569878125
0 0.33426215625 0.48901273749999996 0.3353109390625 0.4847924859375 0.332228640625 0.4596891796875 0.322449590625 0.44864046718750006 0.30387712968749997 0.4363783828125 0.292618453125 0.43664043281250003 0.287962175 0.438953565625 0.2822499921875 0.448264921875 0.2812012078125 0.4524851734375 0.2856962265625 0.4890941625 0.2880293015625 0.49533362031249994 0.296310065625 0.5069416859375 0.3040914734375 0.5115877328125 0.31520499218750003 0.5113290625 0.32723899375 0.50359940625 0.33426215625 0.48901273749999996
0 0.341797315625 0.45273240000000003 0.3574404 0.452368303125 0.365183765625 0.448521571875 0.381009334375 0.42586281875000004 0.3839523671875 0.41792711875000005 0.38433694687500003 0.4118866453125 0.3797714703125 0.374703828125 0.370213365625 0.36186528125 0.3529830015625 0.34915431875 0.3354048765625 0.3495634546875 0.3246493453125 0.3576809953125 0.31698403750000004 0.367037809375 0.3107502125 0.3960293125 0.31331879375 0.41694873125000004 0.32110460625 0.43250192031249995 0.335886890625 0.44920346406249995 0.341797315625 0.45273240000000003
0 0.25993114375 0.3888253109375 0.293774259375 0.388037603125 0.297763415625 0.3843794234375 0.3060975578125 0.3645174375 0.305989853125 0.360848584375 0.3028112328125 0.3349608 0.3022446859375 0.33313830625 0.291689721875 0.318960771875 0.2832350765625 0.3139127546875 0.2751015046875 0.3114796640625 0.2633827546875 0.31175242187499996 0.254259275 0.3172095734375 0.24656727812499998 0.3423014140625 0.24589844374999997 0.3528065859375 0.2504201515625 0.3736805453125 0.25993114375 0.3888253109375
0 0.33575185625000004 0.5202882343749999 0.3344408765625 0.52556355 0.3357251671875 0.5360232609375 0.33928365625 0.5490524390625 0.351296790625 0.567129634375 0.3591506453125 0.574551796875 0.3887513375 0.5738628328125001 0.3973557640625 0.5673688015625 0.4014358953125 0.5607178328125 0.40405785312500003 0.550167203125 0.40020498125000004 0.5187880703125 0.3972886375 0.5109887468750001 0.3912820703125 0.50195015 0.37405170625 0.48923918750000006 0.35452045625 0.4896937828125 0.3403269390625 0.5096921453125 0.33575185625000004 0.5202882343749999
0 0.3437016578125 0.6624032453125 0.3473234953125 0.664144103125 0.372456421875 0.663559128125 0.378536834375 0.658970046875 0.38747884374999997 0.6416658828124999 0.3826287921875 0.6021653890625001 0.3794596140625 0.59469975 0.3666304546875 0.5779527484375 0.360128934375 0.572859271875 0.3441828609375 0.57060801875 0.3314742046875 0.57877101875 0.3224979171875 0.5934031484375 0.318564978125 0.60922909375 0.3211335609375 0.630148515625 0.3272873203125 0.6483620890624999 0.3437016578125 0.6624032453125
0 0.37108023437500004 0.7309706703125001 0.3918050609375 0.7304882953125 0.3958549828125 0.727431690625 0.4009250203125 0.7128904796875 0.397232684375 0.6828188109375 0.3944768765625 0.6763269515625 0.3887913828125 0.66990328125 0.3803367375 0.6648552640625 0.3744773625 0.6649916421875 0.3598155796875 0.6732001015625 0.35573545 0.67985106875 0.353113490625 0.6904016984375 0.355682071875 0.7113211203125 0.35827734218749996 0.716505515625 0.37108023437500004 0.7309706703125001
0 0.3380614609375 0.2726936078125 0.3287641 0.28471080937500004 0.3244834 0.3136568515625 0.3260887640625 0.3267314890625 0.3312793046875 0.3371002828125 0.347518059375 0.3554473953125 0.371343371875 0.3548928546875 0.3825288203125 0.347708240625 0.3928160875 0.3278007953125 0.39543804531250004 0.3172501671875 0.393511609375 0.3015606 0.39027419375 0.2911463484375 0.3779399859375 0.2704542234375 0.3703013671875 0.2640760140625 0.35435529374999997 0.2618247625 0.3488169921875 0.26457606875 0.3380614609375 0.2726936078125
0 0.2590331875 0.296395253125 0.2755061875 0.29601184062499997 0.2834809984375 0.2899929984375 0.28919318125000004 0.28068164375000004 0.2901469578125 0.2701042828125 0.2879636625 0.2523227734375 0.2840560171875 0.23884280000000002 0.27154792968749997 0.224710725 0.263093284375 0.21966270781250002 0.2507323890625 0.214705609375 0.2412878375 0.217547834375 0.2293685171875 0.240115665625 0.23322139062499997 0.2714947984375 0.23613773437500002 0.27929412187499997 0.24637162343750002 0.29085672812499996 0.2590331875 0.296395253125
0 0.26876518437499997 0.162963734375 0.26646429843749997 0.176129290625 0.269353953125 0.199663640625 0.27454449375 0.2100324328125 0.2897509875 0.22516684687500002 0.30961379375 0.224704534375 0.3160283828125 0.2208676859375 0.32337261875 0.20889594531250003 0.326984484375 0.190455075 0.324415903125 0.16953565312500002 0.32149955937499997 0.161736328125 0.3086703984375 0.14498932343749998 0.300215753125 0.1399413078125 0.29208218124999996 0.1375082203125 0.284590753125 0.140304984375 0.26876518437499997 0.162963734375
0 0.37911213906249996 0.259127146875 0.3809213484375 0.2580449796875 0.38663353125 0.2487336234375 0.39056647031249997 0.232907678125 0.3883189609375 0.21460318437499998 0.38248627343749997 0.1990045375 0.36738291562500003 0.1796880671875 0.3631555921875 0.1771640578125 0.3494837171875 0.177482275 0.335932346875 0.20271049218749998 0.334594678125 0.2237208328125 0.336521115625 0.2394103984375 0.33911638593750004 0.2445947953125 0.35961370000000004 0.259580978125 0.37911213906249996 0.259127146875
0 0.4125742484375 0.190009675 0.42513571250000004 0.17267169843750002 0.42536513437499995 0.1717485171875 0.4210948671875 0.13696998124999998 0.41804542343750006 0.1308783171875 0.399035815625 0.111652765625 0.3837318890625 0.11463136874999999 0.3747556015625 0.1292634953125 0.3708226625 0.14508944375 0.3737123171875 0.1686237921875 0.3855515703125 0.1932610359375 0.394688890625 0.19765294375 0.4026939828125 0.19746662343750002 0.4125742484375 0.190009675
0 0.4903782875 0.329148759375 0.5011338203125 0.321031221875 0.5091468890625 0.29855430781250003 0.5104986593749999 0.29081954374999996 0.5048116593749999 0.24450263906249997 0.49657167500000005 0.22804217968749999 0.4834214421875 0.20868024843750002 0.4623161390625 0.196078903125 0.44272495625 0.1965348921875 0.4157042125 0.2155011875 0.4103131015625 0.227427471875 0.40769114218749997 0.2379780984375 0.4102330375 0.27463254843749996 0.41542357812499997 0.2850013375 0.440760825 0.3158804171875 0.452947840625 0.3273975640625 0.4769383078125 0.33206455625000003 0.477126375 0.332060178125 0.4903782875 0.329148759375
0 0.42721764218749997 0.44965155156250003 0.44087185624999997 0.4551273109375 0.47602125156249997 0.45430919999999997 0.48665410781249996 0.43122255000000004 0.48677115468750004 0.42938414687500004 0.4793824671875 0.36920812187499996 0.47538987343750005 0.35543510624999997 0.44760454687499995 0.328546609375 0.43914990156249994 0.32349859062499997 0.41766552656249994 0.3239986453125 0.40495686875 0.3321616453125 0.3891046125 0.370555421875 0.3984690984375 0.41491827499999995 0.4013854421875 0.4227175953125 0.40852910781249996 0.43304092968749996 0.42721764218749997 0.44965155156250003
0 0.4241692875 0.4838485203125 0.424398709375 0.48292534062500003 0.4207705875 0.45337665625 0.4203164140625 0.4524693875 0.39740055625 0.43333475625 0.38568180625 0.43360751249999996 0.37801649843749996 0.442964328125 0.371140528125 0.46672597343750005 0.3727458921875 0.4798006109375 0.3790735328125 0.4914541375 0.39222132187500003 0.5001346953125 0.41271545156249995 0.49965768906249997 0.4241692875 0.4838485203125
0 0.41352974218750005 0.54435714375 0.42096779375000004 0.5730304281249999 0.4237571953125 0.57618199375 0.44879697968750004 0.5755991859375 0.4514017671875 0.5736332703125 0.4584249296875 0.5590466000000001 0.455856346875 0.5381271796875 0.45294000468749995 0.53032785625 0.44238504218749997 0.516150321875 0.433930396875 0.5111023046875001 0.42448584375 0.5139445296875 0.4173154890625 0.5193562234375 0.41323535937500006 0.526007190625 0.41352974218750005 0.54435714375
0 0.4130587484375 0.589973596875 0.40944688281249997 0.60841446875 0.4103834125 0.631994278125 0.42449686406250003 0.6592009921875001 0.45333298906249997 0.6648106359375 0.462785140625 0.664590634375 0.46420150937500004 0.66352165625 0.4744887765625 0.6436142125 0.47451546406249995 0.6278791874999999 0.4703148296875 0.6096201531250001 0.4673984875 0.6018208296875 0.45261620156250004 0.5851192843749999 0.4399342328125 0.577547259375 0.4262623578125 0.5778654750000001 0.417138878125 0.5833226296875 0.4130587484375 0.589973596875
0 0.43459390156250005 0.739839525 0.44045327656250005 0.7397031468749999 0.4587002359375 0.7287888406249999 0.4651044546875 0.712351759375 0.46103039843750004 0.6791712328124999 0.45895418125000004 0.675023715625 0.44872029218750004 0.6634611078125 0.44253984375 0.6609825593750001 0.42691484375 0.6613462343750001 0.42332966718750004 0.66405208125 0.41598543125000004 0.6760238249999999 0.41261435625000004 0.6932353046874999 0.415525415625 0.7169439828125 0.417858490625 0.7231834421875 0.43459390156250005 0.739839525
0 0.5402927875 0.7532173625 0.552680371875 0.742439434375 0.5600246062500001 0.7304676921875 0.5639575453125001 0.7146417484375001 0.5640077078125 0.713853859375 0.5586939531249999 0.6705768046875 0.5559040375000001 0.6650035812499999 0.5433959500000001 0.65087150625 0.5326671078125 0.6432540203125 0.5207817375 0.6413032328125 0.515486603125 0.6414264796875 0.4975108578125 0.6440722921875001 0.490340503125 0.649483984375 0.4756430890625 0.68101770625 0.4747826296875 0.7062277140625 0.48093638906249997 0.7244412890625 0.48840112812500003 0.7373795484375 0.500909215625 0.7515116234375 0.508393140625 0.7559800531249999 0.5164660671875 0.7557921546874999 0.5402927875 0.7532173625
0 0.615081571875 0.7341979249999999 0.6148460640625 0.7195179625 0.6142681328124999 0.7148110921875 0.609596646875 0.7054791812500001 0.597824225 0.6943538375 0.5775825390625 0.69482496875 0.5653169171875 0.7117546031249999 0.5645249921875 0.7180667984375 0.5665156421875001 0.73427935 0.5688487171875 0.7405188078125 0.5740392578125 0.7508876015625 0.5858116812499999 0.7620129437500001 0.5948866109375001 0.7618017234375001 0.605115378125 0.756720296875 0.6108275609375 0.7474089421875 0.615081571875 0.7341979249999999
0 0.5918741015625 0.680389640625 0.60150981875 0.673117259375 0.6083591 0.6650906390625 0.614445840625 0.652448859375 0.6106785875 0.6217670390625 0.6092551921875 0.61655536875 0.5896034375 0.5920999609375001 0.5811487921875 0.5870519437499999 0.57644096875 0.5851639625 0.57132185625 0.5852831109375 0.5596644171875 0.5875519984375 0.5489088859375 0.5956695390625 0.5448287546875 0.60232050625 0.5422067968750001 0.6128711359375 0.5412168890625 0.620761378125 0.5444276171875 0.6469106546875001 0.547343959375 0.654709978125 0.5578989234375 0.6688875140625 0.57405291875 0.6808044328125 0.5918741015625 0.680389640625
0 0.5006511109375 0.6365464015625 0.5065484890625 0.64006755 0.5179216203125 0.6398028375 0.5296269125 0.6332495812500001 0.5372922203125 0.6238927671875001 0.5415462328125 0.6106817515625 0.5417442140625 0.6091037046875 0.537891340625 0.5777245703125 0.534777015625 0.571503296875 0.51804160625 0.5548472109375 0.5118611578125 0.5523686624999999 0.49818928281249997 0.5526868781250001 0.48906580312500003 0.5581440328125 0.4814004953125 0.567500846875 0.478109703125 0.5885566453125 0.4813204296875 0.6147059234375 0.4884640953125 0.6250292546875 0.5006511109375 0.6365464015625
0 0.5064053281249999 0.5585886828125 0.5163264359374999 0.5452651875 0.5164996703125 0.5438843953125 0.5126628515625 0.512636009375 0.512152490625 0.511271128125 0.4931428828125 0.49204557656250003 0.4814241328125 0.4923183328125 0.47588583125 0.495069640625 0.4646353453125 0.5071323015625 0.46201338593749997 0.5176829296875 0.466856165625 0.5411718203125 0.47904318124999995 0.5526889671874999 0.48958017187499997 0.5589802921875 0.5064053281249999 0.5585886828125
0 0.54138500625 0.5750710359375 0.5557794234375 0.5793770031250001 0.5584776265625 0.5793142015625 0.571992859375 0.569113828125 0.580561134375 0.5551467953125 0.5776714796875 0.531612446875 0.5725678796875 0.5179636296875 0.5665613125 0.50892503125 0.55583246875 0.501307546875 0.5431505 0.49373552031249995 0.53924425 0.4938264390625 0.5337059484375 0.49657774374999997 0.51951243125 0.5165761078125 0.5194590546875 0.548046159375 0.522054325 0.5532305546875 0.54138500625 0.5750710359375
0 0.47283325156249995 0.43870241718749997 0.4718433453125 0.446592659375 0.47409085468749995 0.464897153125 0.477007196875 0.47269647499999995 0.4852879625 0.48430454375 0.49468462031250005 0.48991500937500004 0.5196345874999999 0.4893342921875 0.5210863578125 0.4887161265625 0.5300626453125 0.47408399843750004 0.5346377296875 0.46348790937500006 0.5327112921875 0.4477983421875 0.5242833359375 0.4270153 0.518597840625 0.42059162812500006 0.5081900703125 0.41558906875 0.4945181953125 0.4159072859375 0.48017748750000006 0.42673067343750004 0.47283325156249995 0.43870241718749997
0 0.47989556718750004 0.391732234375 0.48508610937499996 0.40210102656249996 0.4930458 0.4110941640625 0.5027407937499999 0.41608012656250004 0.527925359375 0.41549395 0.5324293734375 0.4127999015625 0.5427166406249999 0.39289245781250004 0.542562715625 0.3732935953125 0.5394242296875 0.3477326765625 0.53889045625 0.3457783 0.5314257171875 0.33284003906250004 0.5234660250000001 0.32384690156249996 0.5150113796875 0.318798884375 0.50297155625 0.3164567140625 0.4899418265625 0.322004784375 0.47770143593750003 0.3419576875 0.47671152812499995 0.34984793281250004 0.47668484062500005 0.3655829578125 0.47989556718750004 0.391732234375
0 0.47168876875 0.1677622140625 0.46924068906249994 0.17175279375000002 0.47405678125 0.210976709375 0.47924732187499997 0.22134550000000003 0.4914343375 0.23286265 0.49916371249999997 0.235962365625 0.5103881515625 0.2357011140625 0.5184570140625 0.22961128749999998 0.527112228125 0.21236423124999998 0.526496771875 0.19139935 0.52325935625 0.1809850984375 0.5203430124999999 0.17318577500000001 0.5078349249999999 0.1590537015625 0.49938027968750004 0.1540056828125 0.48961465468750004 0.1542329796875 0.48407635156250006 0.1569842859375 0.47168876875 0.1677622140625
0 0.5360491703125 0.2197449953125 0.5482361859375 0.23126214374999998 0.5670986015625 0.24131271875000002 0.5784398203125 0.2435189859375 0.5793464515625 0.24349788437500003 0.5970643109375 0.23012565624999998 0.6093047015625 0.210172753125 0.609157509375 0.2009977765625 0.607391609375 0.18661567343750002 0.6025354859375 0.170994296875 0.5828837328125 0.1465388890625 0.5744290859375 0.141490871875 0.5643423890625 0.1391032421875 0.5470853359375 0.14212730468749998 0.5330657000000001 0.15556561875 0.5293066421875 0.16483151406250002 0.5266846828125 0.17538214531250002 0.53053755625 0.20676127812499998 0.5360491703125 0.2197449953125
0 0.5368914484375 0.3334857828125 0.5603289484375 0.33294026875 0.5694524265625 0.327483115625 0.5818464062500001 0.3103763140625 0.5765529859375 0.26726487187500003 0.5736393125 0.2578920453125 0.561131225 0.24375997031250002 0.5422688078125 0.233709396875 0.5305500578125 0.2339821546875 0.51620935 0.2448055390625 0.5078752078125001 0.264667525 0.512049153125 0.2986615828125 0.51528656875 0.3090758359375 0.5284368015625 0.32843776562500004 0.5368914484375 0.3334857828125
0 0.555914721875 0.39748931875000004 0.566469684375 0.41166685156250005 0.5726501328125 0.4141454015625 0.5882751328125 0.41378172500000004 0.6029369140624999 0.4055732671875 0.6115921281250001 0.388326209375 0.612729146875 0.37046741875 0.61166960625 0.3618381578125 0.6087291625 0.349056834375 0.6004483984375 0.33744876874999996 0.5939468765625 0.33235529218750004 0.5711782109375 0.3223956359375 0.5633657109375 0.3225774734375 0.557827409375 0.3253287796875 0.5442760375 0.3505569984375 0.5433583515625 0.3542497203125 0.5460152296875 0.375888246875 0.555914721875 0.39748931875000004
0 0.5549236140625 0.490316234375 0.559594546875 0.49310510937499996 0.5841653375 0.49253321874999995 0.5881267390625 0.489543421875 0.5996090171875 0.4678030796875 0.59487518125 0.429249084375 0.586949203125 0.41614361093749996 0.5762203593749999 0.408526125 0.5661336609375 0.40613849375 0.5602742859375 0.406274871875 0.54919768125 0.41177748281250004 0.5368100984375 0.42255541250000006 0.5333721125 0.4344362359375 0.5359406953125 0.4553556578125 0.546963921875 0.4813230953125 0.5549236140625 0.490316234375
0 0.6068702765625 0.396131725 0.6101076921875 0.4065459765625 0.6234051171874999 0.435082884375 0.6290906109375001 0.4415065546875 0.645999903125 0.451602590625 0.659671778125 0.4512843734375 0.6652100796875 0.4485330671875 0.6794035968750001 0.4285347046875 0.6830154625 0.4100938328125 0.6798047359375 0.3839445546875 0.65819985625 0.35953460625 0.653972534375 0.35701059687500003 0.6396585140625 0.352098959375 0.6263077109374999 0.3550321046875 0.6155521796875 0.36314964375000003 0.6114720484375 0.3698006125 0.6068702765625 0.396131725
0 0.59701031875 0.3329776328125 0.6114715312500001 0.3470642484375 0.6133071703125 0.3476941203125 0.646659496875 0.3469178359375 0.6485809062500001 0.3462005171875 0.6557512609375 0.340788825 0.6696237046875 0.318175534375 0.670170165625 0.3150487140625 0.6640376765625 0.26510359375000003 0.658011709375 0.2555081875 0.6412762984375 0.238852103125 0.6328216531249999 0.2338040890625 0.6165545078125 0.2289379078125 0.60906308125 0.2317346734375 0.596675496875 0.24251260000000002 0.5847561781249999 0.2650804328125 0.5814653843750001 0.2861362328125 0.5872713828125 0.31746990468749997 0.59701031875 0.3329776328125
0 0.64730309375 0.2392816359375 0.6540759406250001 0.2433255015625 0.68452781875 0.24261672500000003 0.69027184375 0.238281528125 0.700880184375 0.22098901093749998 0.703010525 0.2124166234375 0.6955486718749999 0.1516446984375 0.6810141109375001 0.1309785734375 0.6637837484375 0.1182676109375 0.6422993734375 0.118767665625 0.6279586640625 0.12959105312500002 0.617671396875 0.14949849531249998 0.6156915828125 0.16527898125 0.6166281125 0.1888587890625 0.620507675 0.204502896875 0.625698215625 0.2148716875 0.64730309375 0.2392816359375
0 0.653759215625 0.603731671875 0.6591503249999999 0.5918053890625 0.66200170625 0.5803315796875 0.659617740625 0.5609157421875001 0.6588826296875 0.5577204109375 0.6510968187499999 0.542167221875 0.642816053125 0.5305591578125 0.6348885203125 0.5258258609375 0.631722525 0.52589955 0.61319810625 0.528626121875 0.6024425734375 0.5367436609375 0.598683515625 0.54600955625 0.5937606703125 0.5697257437500001 0.5950449609375 0.5801854546875 0.6133857359375 0.6099161765625001 0.6269548171875 0.6168945124999999 0.638783278125 0.6166192015624999 0.646909934375 0.61175829375 0.653759215625 0.603731671875
0 0.6451551671875 0.7089218515625 0.6688337921875 0.708370725 0.6732046109375001 0.70507193125 0.6802277734375 0.6904852609375001 0.6810196984375 0.6841730671875 0.6784832234375 0.6635151390625 0.6741007031249999 0.6565366609375001 0.6550910953125 0.637311109375 0.637191896875 0.6351053156249999 0.6300215421875001 0.640517009375 0.6213663281249999 0.6577640671875 0.620574403125 0.6640762609374999 0.622532946875 0.6800273203125 0.6274933984375 0.6917126671875 0.6400014859375001 0.7058447421875 0.6451551671875 0.7089218515625
0 0.6664805874999999 0.7141186953124999 0.6575043 0.728750825 0.660715028125 0.75490010625 0.678239775 0.7859610203125 0.699202509375 0.8051411125 0.7111441125 0.8092386921875001 0.7163235109375 0.8091181390625 0.730452509375 0.8044137593749999 0.747267984375 0.7738647656250001 0.7482578921874999 0.7659745265625 0.7450471640624999 0.7398252484375 0.7418097484375 0.7294109984375 0.73661920625 0.7190422062499999 0.72411111875 0.70491013125 0.7114291515625 0.6973381062499999 0.6879916515625 0.6978836203125 0.6664805874999999 0.7141186953124999
0 0.70612779375 0.6604937375000001 0.7163860765625001 0.6543578078125 0.7221644421875 0.6364128421874999 0.7192801390625 0.612922075 0.7146868984375 0.600638140625 0.6956772890625 0.5814125890625 0.6820054140625 0.5817308046874999 0.6709288109375 0.5872334171875 0.6619525234375 0.6018655468749999 0.6560664593750001 0.6177369500000001 0.6592771875000001 0.6438862265624999 0.6618724578124999 0.6490706234375 0.6726720890625 0.6612724265625001 0.70612779375 0.6604937375000001
0 0.6684912015625 0.5773509328124999 0.676634315625 0.5812649703125 0.6969341640625 0.5807924859375 0.700062275 0.579238509375 0.7109916875 0.564560921875 0.7133995984375 0.5522670062499999 0.7113661375 0.5357057984375 0.706175596875 0.52533700625 0.69203545625 0.5138653171875001 0.685855009375 0.51138676875 0.668276884375 0.5117959046875 0.6611065296875 0.517207596875 0.6524513140625 0.534454653125 0.6514614078125 0.542344896875 0.6527456984375 0.5528046078125 0.65534096875 0.557989003125 0.6684912015625 0.5773509328124999
0 0.7770955953125 0.6546720015624999 0.7768012109375 0.6363220484375 0.7735637953125 0.6259077984375 0.76528303125 0.61429973125 0.7617498203124999 0.6121901578125 0.7402943890625 0.6126895390625 0.73403303125 0.6150270828125 0.7243879093750001 0.640164384375 0.7282674703125 0.6558084890625 0.731999840625 0.6622776203125 0.74304975625 0.672510034375 0.75495159375 0.67659396875 0.75988866875 0.6764790578125 0.7648552046875 0.6746249062499999 0.775784615625 0.659947315625 0.7770955953125 0.6546720015624999
0 0.7450315796875 0.6031774875 0.7537199875 0.6029752625 0.7557387265625 0.601972396875 0.7630829625 0.5900006546875 0.76407286875 0.5821104140625 0.7621464328124999 0.5664208453125 0.756955890625 0.556052053125 0.7489961984375 0.5470589140625 0.7428157515625 0.5445803671875 0.7291438765625 0.544898584375 0.7182144640625 0.5595761718750001 0.715913578125 0.5727417296875 0.7168767953125 0.5805865125 0.719472065625 0.58577090625 0.7339332796875 0.5998575234375 0.7450315796875 0.6031774875
0 0.7910423875 0.755497590625 0.7976018515625001 0.7586504390625 0.8158201703125 0.758226403125 0.8203392624999999 0.7548156984375 0.8280045703125 0.745458884375 0.8338906328125001 0.7295874812500001 0.833911984375 0.7169994609375 0.833334053125 0.7122925906249999 0.8310009781250001 0.70605313125 0.827268609375 0.6995840015625 0.8165397656250001 0.6919665171875 0.798961640625 0.6923756515624999 0.7839787859375 0.6979691828125001 0.7766345515624999 0.7099409234375 0.7758426265625 0.7162531203125 0.7782185640625 0.735603584375 0.780808496875 0.7439349843749999 0.7910423875 0.755497590625
0 0.786792328125 0.6490979046875001 0.7864445671875 0.662218003125 0.79195618125 0.6752017234375 0.80251114375 0.68937925625 0.8047144375 0.6911053796875 0.8306692968749999 0.6905012734375 0.83376114375 0.6886519046874999 0.8411053781250001 0.6766801625000001 0.8408109937500001 0.6583302093750001 0.837573578125 0.6479159578125 0.8286506671874999 0.6310780359375 0.816289771875 0.6261209375 0.806524146875 0.6263482359375 0.793815490625 0.634511234375 0.7913674125 0.638501815625 0.786792328125 0.6490979046875001
0 0.6968154796875 0.5024469796875 0.715831921875 0.5020043671875001 0.7241530515625 0.497870615625 0.7311762125 0.48328394531249996 0.7320055828124999 0.47408623906249997 0.729998878125 0.45774294062500004 0.7214906531249999 0.43630616718750004 0.7161262328125 0.43249742343750003 0.6936786390624999 0.42515269375000003 0.6842340874999999 0.42799492031249997 0.6773848046875 0.4360215421875 0.6684085171875 0.4506536703125 0.6709771 0.471573090625 0.6764887125 0.48455681093749997 0.6889968015625 0.4986888875 0.6968154796875 0.5024469796875
0 0.7289499421875 0.4492000375 0.7456853515625 0.46585611875 0.7531054640625 0.46666357812500003 0.7694136546875 0.46628400000000003 0.78410570625 0.45971707500000003 0.794540165625 0.4489846078125 0.7999312765625 0.4370583234375 0.8038642140625001 0.42123238125 0.8022588515625 0.4081577421875 0.7961050921874999 0.389944165625 0.79091455 0.379575375 0.7719049421874999 0.360349821875 0.7387018171874999 0.3611226328125 0.733163515625 0.363873940625 0.72060205 0.3812119171875 0.7166691125 0.397037859375 0.71567920625 0.40492810468749996 0.7188899328125 0.43107738125 0.7289499421875 0.4492000375
0 0.6754532249999999 0.311415046875 0.6783695671875 0.319214371875 0.6861553796875001 0.3347675578125 0.7116665078125 0.3590865890625 0.7200444515625 0.3624464015625 0.7484515640625 0.36178521875 0.7546352578125 0.35808647968749996 0.7707819 0.33804265624999996 0.7766485328125 0.314435621875 0.7721107046875 0.2774779765625 0.7676512375 0.26468830312499997 0.751905734375 0.2401419765625 0.7366284953125 0.22738555468750002 0.726220725 0.22238299687500002 0.706689475 0.22283759218750002 0.6972449234375 0.2256798171875 0.686489390625 0.23379735781250002 0.676202125 0.25370480156249997 0.6712792796875 0.2774209890625 0.6754532249999999 0.311415046875
0 0.7046978484374999 0.15756350624999998 0.706597596875 0.1889880984375 0.71861073125 0.2070652953125 0.727380165625 0.2149809140625 0.753211275 0.2143796890625 0.7643486328125 0.2046895359375 0.7664756374999999 0.1980840265625 0.76746554375 0.190193784375 0.7642548171875 0.1640445046875 0.761659546875 0.158860109375 0.740375740625 0.13706508906249998 0.7263827921875 0.134768378125 0.718891365625 0.13756514375 0.7100889593749999 0.145637225 0.7046978484374999 0.15756350624999998
0 0.7385243515625 0.5271773421875 0.74144069375 0.534976665625 0.749721459375 0.5465847328125 0.7536966171875 0.549698984375 0.7919947453125 0.548807584375 0.7930112828125 0.54819955 0.799713371875 0.5309979515625 0.7981346968749999 0.5021882890625 0.780757140625 0.4803023484375 0.7723024953125 0.47525432968750003 0.7586306203125 0.47557254687499995 0.7407047343750001 0.48910178281250005 0.7369456765625 0.498367678125 0.7356346968749999 0.5036429921875001 0.7385243515625 0.5271773421875
0 0.8310324328125 0.553166403125 0.8066637921875 0.53217004375 0.7972192406249999 0.5350122671875 0.78171474375 0.560285946875 0.7807248359375001 0.5681761875 0.7826512734375 0.58386575625 0.7968086515625 0.6019723625 0.8248294046875 0.6013201718750001 0.8267304328125 0.5998854046875 0.8348415484375 0.5841891515625 0.8310324328125 0.553166403125
0 0.8455378187499999 0.68964853125 0.8513705046875 0.705247178125 0.8611094421875001 0.7207549078125 0.8695899546874999 0.7303364859375 0.9233828734375 0.7290844421875 0.9359970265625 0.7085222765625 0.9361936734375 0.7077309796875 0.93038225625 0.6604007875 0.92989664375 0.6588386500000001 0.9224319046874999 0.645900390625 0.9144722125 0.636907253125 0.9014691718750001 0.6267202984375 0.8933355984375 0.6242872078125 0.8698980984375 0.624832721875 0.8610956921874999 0.632904803125 0.8488553 0.6528577062500001 0.8449223625 0.66868365 0.8455378187499999 0.68964853125
0 0.8634776687500001 0.6270590359375 0.893392159375 0.62636276875 0.90020620625 0.6212199890625001 0.9059183890625 0.611908634375 0.9126116390625001 0.5922421859375 0.909734828125 0.5688124328125 0.9076305078125 0.5620431703125 0.8951224203124999 0.5479110953124999 0.8866677749999999 0.542863078125 0.8827615249999999 0.5429539984375 0.8459465343750001 0.5621676812499999 0.8402343515625 0.5714790359374999 0.8408498078125 0.592443915625 0.84668249375 0.6080425640625 0.8492777640625 0.613226959375 0.8634776687500001 0.6270590359375
0 0.8146097859375001 0.5123373265625 0.8198003281249999 0.5227061187500001 0.825485821875 0.5291297890625 0.8430372578125 0.5444556796875 0.8745906187499999 0.5578539015625 0.88306993125 0.5576565437500001 0.9024737234375 0.5260266765625 0.914914684375 0.48377869687499997 0.9149354187500001 0.4835487546875 0.9089888828125 0.4351181140625 0.90621903125 0.4289106734375 0.8842930796875 0.4018857984375 0.85892914375 0.38674174843750003 0.8381136031249999 0.37673663125 0.8280269046875001 0.374349 0.8146761031249999 0.37728214531250004 0.792322325 0.4105824453125 0.7893526046875 0.43425317343750003 0.7935265499999999 0.46824723125 0.8146097859375001 0.5123373265625
0 0.7805420375 0.35810995624999997 0.8005148625 0.3851802890625 0.813039009375 0.3916212359375 0.8192367687500001 0.39147698124999997 0.824594509375 0.38986463125 0.8591353015625 0.3680814796875 0.8645264125000001 0.3561551984375 0.8656193328124999 0.3499015578125 0.8625643249999999 0.32502051875000004 0.8525666546874999 0.3066079484375 0.8423327640625 0.295045340625 0.8254234734375 0.2849493078125 0.8000328484375 0.28554028124999997 0.7873241921874999 0.2937032796875 0.7799799562499999 0.305675021875 0.7757259453125 0.318886040625 0.7737461328124999 0.334666525 0.7750304234375001 0.34512623593749997 0.7805420375 0.35810995624999997
0 0.769135034375 0.253243084375 0.7819641953125 0.269990090625 0.7861915171875 0.2725141 0.7913991171875 0.27460250625 0.8200604515625001 0.27393540625 0.8273810234375001 0.2649994 0.8326677640625 0.247437384375 0.830436309375 0.2292636359375 0.8281032343750001 0.22302417812500003 0.813815903125 0.2023775140625 0.80845148125 0.1985687703125 0.7941374609375 0.19365713125 0.7827397828125 0.19654481562499998 0.7719842515625001 0.20466235781250003 0.76627206875 0.213973709375 0.7639123046875 0.22346927968750002 0.7665451015625 0.2449116875 0.769135034375 0.253243084375
0 0.865824940625 0.1601474625 0.8636376828125 0.1542979703125 0.8491764703125 0.14021135625 0.8341444265625 0.1357146453125 0.8314751484375 0.1357767734375 0.8234647734375 0.13818740000000002 0.8109033078125 0.1555253765625 0.8089234953125001 0.1713058625 0.8105288578125001 0.1843805 0.8282625328125001 0.2110658859375 0.854699471875 0.21045055937499998 0.8630626640625 0.20544816875 0.8671427953125 0.1987972015625 0.8692497171875001 0.188040025 0.865824940625 0.1601474625
0 0.9232821328125 0.2558632421875 0.923622915625 0.255855309375 0.9442593015625 0.250181990625 0.963817240625 0.23399237187500002 0.977515803125 0.217939128125 0.9825858406249999 0.20339791875 0.9803570140625 0.17407890625 0.9785268984375 0.15917381875 0.970652771875 0.1381156453125 0.9604188828125 0.1265530375 0.9454627171875 0.11641154375 0.9285534249999999 0.106315509375 0.9186659718750001 0.1039750421875 0.9066540109375 0.1042546234375 0.8829627171875 0.117866246875 0.8739864296875 0.13249837656250002 0.8677526046875 0.1614898796875 0.866342675 0.17712598125 0.869858421875 0.20575943749999998 0.8748162046875001 0.2190182890625 0.8796856734375 0.226772153125 0.8921937609375 0.240904228125 0.9029226046875 0.24852171250000002 0.9232821328125 0.2558632421875
0 0.8805968796875 0.32737019375 0.897734125 0.3269713203125 0.9065338703125001 0.3225998015625 0.9155101578125 0.307967671875 0.9172358234375 0.298093503125 0.9121497390625001 0.256670671875 0.900486865625 0.241446125 0.8920322203125 0.23639810468750003 0.8819455218750001 0.2340104765625 0.8725009703125 0.23685269999999997 0.8581602609375001 0.2476760875 0.84787299375 0.26758353125 0.8487158703125001 0.2888053609375 0.8490851046874999 0.291812528125 0.8543211375 0.30414705937500003 0.8805968796875 0.32737019375
0 0.9291060296874999 0.413113821875 0.9380823171875001 0.39848169218749996 0.9385277750000001 0.3949310828125 0.9338641921875 0.35694925624999996 0.9326240796875 0.35402792031249997 0.9201159921875 0.339895846875 0.9074340234375 0.33232382031249996 0.8925707062500001 0.33022543125000003 0.8911118953124999 0.3302593859375 0.8859496484375 0.332823875 0.8671810484375 0.3634183265625 0.8645590890625 0.37396895625000004 0.8655223078125 0.3818137390625 0.8707128484375 0.39218253125 0.8809467390625001 0.4037451390625 0.8959029046874999 0.41388663281250004 0.92168925625 0.415730784375 0.9239437828125 0.41567831093749996 0.9291060296874999 0.413113821875
0 1 0.1427762890625 0.9889598390625001 0.1572027953125 0.98599011875 0.180873521875 0.9862403453124999 0.1964709828125 0.9867059015624999 0.2002626265625 0.9947124609375001 0.22000651875 1 0.2251570921875 1 0.1427762890625
0 1 0.27595885 0.995284271875 0.2665385578125 0.98309725625 0.2550214109375 0.9626027890625 0.2476312234375 0.9508840390625 0.24790398125 0.943713684375 0.2533156734375 0.936690521875 0.26790234218750003 0.9343896359375 0.28106790312499996 0.9363160718750001 0.29675746875 0.9421487578125 0.3123561125 0.957252115625 0.3316725859375 0.9607213671875 0.333340103125 0.9919713781249999 0.33261275156250003 0.996314615625 0.3307633953125 1 0.3234196109375 1 0.27595885
0 1 0.33753392656250003 0.9979241343749999 0.33629448906250003 0.9881585093749999 0.3365217859375 0.9673162796874999 0.34225169375000003 0.9568818218749999 0.3529841640625 0.9514907109375 0.3649104484375 0.9505008046875 0.3728006875 0.9524272406250001 0.38849025625 0.95566465625 0.3989045046875 0.9704469421875 0.41560604999999995 0.9789015875 0.4206540671875 0.9984328375 0.420199471875 1 0.4191540921875 1 0.33753392656250003
0 0.92026543125 0.49345821093750003 0.9282251234375 0.5024513500000001 0.9474086109375 0.515116853125 0.9591273609375 0.514844096875 0.97769539375 0.5065447187500001 0.990082978125 0.4957667921875 0.993999903125 0.4893818625 0.9935985625000001 0.48611320312500006 0.9828721843749999 0.42906340624999995 0.9726382953125 0.4175007984375 0.9661367750000001 0.41240732187500007 0.9537758796875 0.407450225 0.9283852546875 0.4080411984375 0.9106065593749999 0.43074540624999996 0.9081156984375 0.44076850468749995 0.9086615218749999 0.4452138828125 0.9147538171875 0.48047449374999995 0.92026543125 0.49345821093750003
0 0.9272276875 0.644378821875 0.9392177109375 0.6440997515625 0.9471866734375001 0.639333165625 0.9577950140624999 0.6220406484375001 0.9581909765625 0.6188845515625 0.9554297500000001 0.596396171875 0.9542632125000001 0.59327644375 0.939480928125 0.5765749 0.9310262828125 0.5715268828125 0.9251669078125 0.5716632609375 0.914090303125 0.5771658734375 0.911963296875 0.5837713812499999 0.90441849375 0.6180382 0.909609034375 0.628406990625 0.9198429234375001 0.6399695984375 0.9272276875 0.644378821875
0 1 0.5113676234375 0.9924116859375 0.5063575953125 0.9862312375 0.5038790468750001 0.9569343625 0.5045609390625 0.9460049500000001 0.519238528125 0.9420720125000001 0.535064471875 0.945924884375 0.5664436046875 0.9511154265625 0.5768123968750001 0.9701250343750001 0.5960379484375 0.9779375343750001 0.595856109375 1 0.5859948203124999 1 0.5113676234375
0 1 0.5878412390625 0.9917722343750001 0.5880327421875 0.9818353656250001 0.6072621093749999 0.9839117859375 0.6241731953125 0.99627443125 0.6403112171875 1 0.643229934375 1 0.5878412390625
0 1 0.641432784375 0.974520834375 0.6229075125 0.9631716140625001 0.6231716671875 0.958604221875 0.625440646875 0.9429525328125001 0.6415393484374999 0.9329863390625001 0.6640617203125 0.9323175046875001 0.674566890625 0.9352071593750001 0.698101240625 0.938123503125 0.7059005625 0.955501059375 0.727786503125 0.9620025796875 0.7328799796875 0.9730968624999999 0.7373291281250001 0.9817581343749999 0.737127534375 0.9952057046875 0.7321071671875 1 0.7279358484375 1 0.641432784375