0 0.334375 0.70546875 0.1171875 0.15078125
0 0.0359375 0.82578125 0.06484375 0.08359375
0 0.43125 0.61015625 0.1078125 0.134375
0 0.246875 0.75546875 0.075 0.096875
0 0.10390625 0.77734375 0.08984375 0.11875
0 0.29609375 0.5578125 0.121875 0.15703125
0 0.0765625 0.6390625 0.11015625 0.1546875
0 0.35078125 0.8859375 0.0828125 0.10859375
0 0.29296875 0.4109375 0.0921875 0.1125
0 0.08984375 0.4515625 0.09921875 0.13359375
0 0.0359375 0.909375 0.05390625 0.078125
0 0.53671875 0.73359375 0.078125 0.1046875
0 0.128125 0.875 0.0796875 0.1109375
0 0.59375 0.66328125 0.08984375 0.11171875
0 0.21875 0.8421875 0.05703125 0.07265625
0 0.46484375 0.70625 0.0671875 0.0890625
0 0.17265625 0.60703125 0.09140625 0.11328125
0 0.0484375 0.55546875 0.0515625 0.06640625
0 0.29765625 0.8296875 0.0765625 0.10234375
0 0.446875 0.79296875 0.0703125 0.09140625
0 0.4734375 0.46640625 0.09765625 0.13125
0 0.640625 0.88125 0.08984375 0.11484375
0 0.57265625 0.88515625 0.04609375 0.0640625
0 0.4765625 0.8984375 0.08671875 0.11875
0 0.60546875 0.77109375 0.0796875 0.10078125
0 0.7234375 0.89296875 0.0671875 0.09375
0 0.18046875 0.71171875 0.07890625 0.1
0 0.5578125 0.55 0.0796875 0.1109375
0 0.0328125 0.740625 0.0609375 0.0828125
0 0.5296875 0.82421875 0.0390625 0.0640625
0 0.01015625 0.6296875 0.0203125 0.121875
0 0.00625 0.79453125 0.0125 0.0671875
0 0.19609375 0.47734375 0.06171875 0.07890625
0 0.71015625 0.79375 0.084375 0.10703125
0 0.0078125 0.90234375 0.01484375 0.084375
0 0.00546875 0.50078125 0.01015625 0.06640625
0 0.91484375 0.87890625 0.0640625 0.090625
0 0.39609375 0.496875 0.0609375 0.08515625