0 0.27694333437499996 0.747901290625 0.297700978125 0.7480220546874999 0.302835828125 0.74625355625 0.3162522546875 0.73718653125 0.32024943437500003 0.72048735625 0.3182782171875 0.7058437625 0.3175355890625 0.7032265609375 0.306810509375 0.688793325 0.300247128125 0.68352938125 0.29403575000000004 0.6808803640625001 0.27255137500000004 0.680755371875 0.267044003125 0.6833362109375 0.25663671093749996 0.70025938125 0.2601567421875 0.7264086578125 0.2654710046875 0.7368910953125 0.27694333437499996 0.747901290625
0 0.5358172859375 0.7097190203125 0.5330364609375 0.6890610921875 0.5295958765625 0.6707509171875 0.526234740625 0.6602798453125 0.5227770484375001 0.6563404078125 0.518422240625 0.6602343921875 0.5179316390625 0.6696379046875001 0.522437278125 0.7031089781250001 0.5254623015625 0.7125329453125 0.5302195140625 0.7165880046875001 0.53388099375 0.71660930625 0.5358172859375 0.7097190203125
0 0.2873680875 0.561033778125 0.29395286249999997 0.5668921953125 0.3316825375 0.5671117 0.3381493375 0.5613292140625 0.3469555078125 0.547009609375 0.35061302968749997 0.528512103125 0.346930196875 0.501153421875 0.3464788265625 0.49997499999999995 0.33344861875 0.48291547343749996 0.31836873125 0.472376221875 0.31020422812500004 0.469715840625 0.29262610312500004 0.4696135734375 0.2847170484375 0.47609976249999997 0.2745652046875 0.5021694984375 0.2706247390625 0.5308882515625 0.274337878125 0.54397425 0.2873680875 0.561033778125
0 0.3746367828125 0.48516072499999996 0.3792884859375 0.47477359531249996 0.3765730328125 0.45460129687500006 0.374767553125 0.4498876078125 0.3647464796875 0.440684228125 0.3526757265625 0.438001121875 0.3452152296875 0.4405705984375 0.33897134375000004 0.453627703125 0.342100259375 0.4768715046875 0.3538564140625 0.49026558593749997 0.35869132187499997 0.4923275703125 0.361143975 0.49234183906249995 0.3746367828125 0.48516072499999996
0 0.39622513125 0.5471906062499999 0.40387425625000006 0.5436061078125001 0.40411442500000005 0.5432155734374999 0.39835163125 0.500405471875 0.3955850765625 0.496526046875 0.38706857031249997 0.49125074062499996 0.37339669531249997 0.4911712 0.3626373984375 0.5054794421875 0.36138828125 0.510697934375 0.3631482953125 0.523772571875 0.3661574296875 0.5316287171875 0.37111968906250004 0.5394962265625 0.37939105156249997 0.5470926687500001 0.39622513125 0.5471906062499999
0 0.452545853125 0.538378028125 0.45654865781250004 0.53186911875 0.46022573749999995 0.5193160265625 0.45459613125000004 0.477495340625 0.44659601562500006 0.4651827796875 0.43186813281249997 0.4572584578125 0.41464201093749997 0.45977111718749997 0.4010324734375 0.481901415625 0.3995902453125 0.500183184375 0.41127477968750004 0.528992840625 0.42164785625 0.54081115 0.4225298234375 0.5410985375 0.446443546875 0.5412376625 0.452545853125 0.538378028125
0 0.4491624265625 0.464750940625 0.45707426093750003 0.4647969703125 0.460826925 0.4614414125 0.467758190625 0.43609325625000006 0.464567040625 0.4123871421875 0.44626402656249997 0.38950249375 0.42622188124999993 0.3710957328125 0.41059688124999993 0.37100482968750004 0.3943302140625 0.3878939125 0.391638865625 0.41139417187499994 0.39339888125 0.4244688109375 0.399065146875 0.437566175 0.40713309531249997 0.4467581921875 0.41564960156249997 0.45203350000000003 0.4491624265625 0.464750940625
0 0.5070577187499999 0.520967990625 0.5024694640625 0.5123408031250001 0.491783078125 0.49934697968749997 0.47730708593750004 0.4992627609375 0.47425306562499997 0.5014901359375 0.4690011421875 0.5132175390625 0.4718171671875 0.5341369609375 0.4744742984375 0.5393781796875 0.484495371875 0.548581559375 0.48983255625 0.55085775 0.491511178125 0.5508675171874999 0.5006735015625 0.5467323281249999 0.5062968703124999 0.5375911671875 0.5070577187499999 0.520967990625
0 0.4621108921875 0.4608311484375 0.4642229109375 0.47652071406249996 0.46953717343749996 0.4870031484375 0.47760512187500004 0.496195165625 0.4868823796875 0.5008797453125 0.49155360156250005 0.500906921875 0.50334775 0.49895781406250006 0.5125059234375 0.48725313437500006 0.5146521578125001 0.474201221875 0.5128921421875 0.461126584375 0.5075778796875 0.4506441484375 0.49650079687500004 0.433595984375 0.48638316875000004 0.430924240625 0.47892267187500004 0.43349371875 0.4633600109375 0.4556126546875 0.4621108921875 0.4608311484375
0 0.44012412031250003 0.3757056078125 0.4580997765625 0.3758101875 0.46295920781250005 0.36564822656249996 0.45934139687500003 0.33877257968749996 0.457084546875 0.3328804703125 0.4513217265625 0.32631474374999997 0.4451103484375 0.3236657265625 0.4333915984375 0.3235975484375 0.42743566875 0.3300950984375 0.42528943437500005 0.3431470125 0.42775345624999994 0.36145150625 0.43041058750000005 0.366692725 0.4361734078125 0.37325845156250004 0.44012412031250003 0.3757056078125
0 0.49314628593750004 0.4173750015625 0.4936368875 0.4079714859375 0.493432725 0.4064548296875 0.47429091874999996 0.3715399078125 0.46647841874999996 0.37149445625 0.4574168 0.376667496875 0.4507160453125 0.3906800015625 0.4525894828125 0.404597225 0.45763803281250004 0.414555540625 0.468011109375 0.4263738484375 0.46966709531250006 0.4273996015625 0.48523181718749997 0.4274901546875 0.49314628593750004 0.4173750015625
0 0.5318989171874999 0.4486453453125 0.528931259375 0.426599490625 0.51406778125 0.4075193921875 0.500747909375 0.410054778125 0.49514398281250005 0.4191672546875 0.49442628906249997 0.42543399062500004 0.49684807031249995 0.4434246921875 0.5024737078125 0.4518708953125 0.5109902140625 0.45714620312500004 0.5246620890625 0.45722574375 0.5282163375 0.45463354218749996 0.5318989171874999 0.4486453453125
0 0.5478609234375 0.5541743546875 0.5550659718750001 0.5424583109375 0.5561390890625 0.5359323546875 0.5520910531250001 0.5058606859375 0.5494339218750001 0.5006194671875 0.5374597234375 0.4914047234375 0.5276940984375 0.49134790937500006 0.5125799953125 0.5095501359375 0.510530315625 0.5160704125 0.51174521875 0.5395933984375 0.51705948125 0.5500758359375 0.5218586125 0.5541666249999999 0.5475583546875 0.5543161421875 0.5478609234375 0.5541743546875
0 0.555591165625 0.5044020328125 0.57596949375 0.504520590625 0.5815180671875 0.5004738765625001 0.589972234375 0.48353934218749994 0.5900977562499999 0.47504821250000007 0.588988946875 0.4668111921875 0.5868042078125 0.46000499375 0.5841470765625 0.454763775 0.56721061875 0.437681521875 0.560999240625 0.43503250624999995 0.545374240625 0.43494160312499996 0.5397703140625 0.4440540796875 0.5356709546875 0.457094628125 0.5331727171875 0.4675316140625 0.5356367375 0.48583610781250003 0.555591165625 0.5044020328125
0 0.6044896750000001 0.5355684968750001 0.602025653125 0.5172640015625001 0.59901651875 0.5094078578125 0.5932536984375 0.50284213125 0.5815349484375 0.502773953125 0.572728778125 0.5170935578125 0.57253566875 0.5301568328124999 0.578201934375 0.543254196875 0.5804138421875 0.54513963125 0.599534 0.5452508703125 0.6032405562500001 0.540786990625 0.6044896750000001 0.5355684968750001
0 0.5223526796875 0.37772914687500003 0.5192606765625001 0.364908046875 0.5105036015625 0.3589410234375 0.49703475625 0.3588626640625 0.49431860937499994 0.36084361875000004 0.48632557812500005 0.37685445156249997 0.4885271984375 0.393209634375 0.49063359218749997 0.3987089359375 0.49409128437499994 0.4026483734375 0.5033006828125 0.407298684375 0.5186182453125 0.40738779999999997 0.5206344734374999 0.4041092359375 0.5233734890624999 0.3853124375 0.5223526796875 0.37772914687500003
0 0.5068330546875 0.343626259375 0.5072691453125 0.33526758125 0.5062131359375 0.3274227984375 0.5044655875 0.3187901265625 0.495597078125 0.3108998921875 0.487784578125 0.310854440625 0.4802275265625 0.319955553125 0.47922823281250004 0.3241303484375 0.48087560625 0.336368209375 0.48650124375 0.3448144109375 0.490759496875 0.3474520640625 0.500525121875 0.3475088796875 0.5068330546875 0.343626259375
0 0.5477700953125 0.381015703125 0.555301934375 0.3774861671875 0.562410428125 0.37230176406250004 0.5696154765625 0.3605857234375 0.5718638890625 0.35119243437500003 0.569751871875 0.3355028703125 0.5643354296875 0.3213618078125 0.55626748125 0.312169790625 0.54579785 0.3068831203125 0.52236035 0.306746765625 0.5135541796875 0.32106637031249996 0.511305765625 0.3304596546875 0.5157410046875001 0.363407746875 0.5302633109375 0.3799533765625 0.5318286109375 0.3809229578125 0.5477700953125 0.381015703125
0 0.5395750125000001 0.3825293015625 0.5325324265625 0.39101083281250004 0.5337473296875 0.4145338203125 0.544472409375 0.42896705468749996 0.547716040625 0.43097622968750005 0.5612032124999999 0.431054696875 0.5683584671874999 0.4251867 0.5690966890625 0.401675078125 0.566184109375 0.38728729375 0.558682221875 0.38264046406249996 0.5395750125000001 0.3825293015625
0 0.6392171156249999 0.5499849234374999 0.6366474921874999 0.5308959515625 0.631115184375 0.5245928546874999 0.617443309375 0.5245133140625 0.613088503125 0.5284072984375 0.6119642953125 0.533103940625 0.6141959953125 0.5496825828125 0.620066225 0.5584960109375 0.6215750171875001 0.5594305875 0.635123915625 0.5595094125 0.6380929078124999 0.5546815671875 0.6392171156249999 0.5499849234374999
0 0.6289951296875 0.5204418484375 0.632850290625 0.5186352609375 0.6384542171875001 0.509522784375 0.635336475 0.4863619984375 0.6288193625 0.47419285312500004 0.62225598125 0.46892890937500004 0.61053723125 0.4688607328125 0.6014756125 0.474033771875 0.5990739296875 0.47793912031249997 0.5978248109375001 0.4831576109375 0.5999368296875 0.498847178125 0.613319040625 0.51852163125 0.6162998171875 0.5203679890624999 0.6289951296875 0.5204418484375
0 0.6395720140625001 0.5047785234375 0.6358246578125 0.5204340015625 0.6379366765625 0.53612356875 0.6432509390625001 0.5466060046875 0.6490137578125 0.5531717296875 0.6581398968750001 0.5580820390625 0.6722544375 0.5581641562499999 0.6786626359375 0.555957103125 0.687372253125 0.5481691343749999 0.6913750578125 0.541660225 0.6938732953125 0.5312232375 0.6841418859374999 0.50242494375 0.6803321906249999 0.4958705796875 0.665956309375 0.4905611859375 0.654237559375 0.4904930078125 0.6451759406249999 0.495666046875 0.6395720140625001 0.5047785234375
0 0.637640315625 0.4767764078125 0.6520446234375 0.476860209375 0.6540969453125001 0.47640038125000006 0.6593806468750001 0.4678086171875 0.6584654390625 0.46100980625 0.653523709375 0.43589740781249997 0.6477608890625 0.42933168281249995 0.6340890140625 0.42925214218749996 0.6285816421875 0.4318329796875 0.622977715625 0.44094545625 0.622823228125 0.451396078125 0.623456834375 0.4561029484375 0.62614574375 0.46447980468749994 0.6365188203125001 0.476298115625 0.637640315625 0.4767764078125
0 0.6123102703125001 0.42404080312500003 0.5982863921875 0.4213463375 0.59108134375 0.433062375 0.589832225 0.43828086875 0.5922962468749999 0.4565853609375 0.5962250484375 0.4624839734375 0.61869080625 0.4626146765625 0.6235462468749999 0.45676716875 0.62037821875 0.4332328203125 0.6123102703125001 0.42404080312500003
0 0.625499309375 0.419083709375 0.6307512328125 0.4073563046875 0.63358069375 0.3921309671875 0.6313660078125001 0.37567871406250003 0.6217580453125 0.3550463890625 0.610152140625 0.34390799843750003 0.5987315828125 0.34384155625 0.589003478125 0.3509365078125 0.5817984296875001 0.36265255 0.580093909375 0.37753604687500003 0.5820651265625 0.3921796421875 0.5847733484375001 0.3992501734375 0.5900876109375 0.4097326109375 0.5958504312499999 0.41629833749999995 0.6128512015625 0.42354879375000004 0.6193254515625 0.42358646093749996 0.625499309375 0.419083709375
0 0.60737605 0.33664352656249996 0.604560025 0.3157241046875 0.5945389515625 0.3065207234375 0.5906327015625 0.3064979984375 0.5835242078125 0.311682403125 0.5783688390624999 0.31687816875 0.5747180375000001 0.3260020078125 0.5807363062500001 0.34171429999999997 0.5884522515625 0.348291390625 0.6001710015625 0.3483595671875 0.6061269312500001 0.3418620171875 0.60737605 0.33664352656249996
0 0.6753451296875 0.3544388015625 0.6717546984375 0.327766540625 0.6646088015625 0.3196250375 0.6544623078125 0.3145015375 0.6537389265625 0.3144973296875 0.6411713015625 0.3194886828125 0.6305085609375001 0.3272652875 0.6233035109375 0.3389813296875 0.6215865234375 0.349422859375 0.6229241359375 0.35935958437500004 0.6255744234375 0.3703491 0.6469646625000001 0.392521734375 0.670657471875 0.39265957500000004 0.6761625640625 0.3837078109375 0.6753451296875 0.3544388015625
0 0.605556496875 0.31732746875 0.614964625 0.322078128125 0.6260698312499999 0.3221427375 0.6369819078125001 0.30141495625000003 0.635700615625 0.29189661875 0.6316230046875 0.2717537203125 0.6286138703125 0.2638975765625 0.618592796875 0.254694196875 0.60456891875 0.25199972812500004 0.601014671875 0.2545919296875 0.5934576203125 0.26369304374999997 0.590085 0.2777829734375 0.5933234281249999 0.3018403078125 0.5951834203125 0.30550916093749997 0.605556496875 0.31732746875
0 0.667290040625 0.4332331671875 0.6723767828125 0.429523278125 0.6763795874999999 0.4230143671875 0.676488609375 0.42092469687499995 0.6747989953125 0.40837304375 0.666296175 0.3916011453125 0.6608853578125 0.387650346875 0.6472134828125 0.38757080625 0.6417061109375 0.3901516453125 0.632899940625 0.404471253125 0.630401703125 0.4149082359375 0.6334108374999999 0.4227643828125 0.6434319109375 0.43196776249999996 0.645689021875 0.43310749687500005 0.667290040625 0.4332331671875
0 0.6899039546875 0.49231258906250003 0.7009186984375 0.48715091250000003 0.708123746875 0.47543487031250004 0.7084377374999999 0.472693175 0.70482970625 0.445890165625 0.7012425796875 0.4388145203125 0.68661125 0.424358559375 0.66708 0.4242449296875 0.663525753125 0.42683713125 0.6595229484375 0.43334604375 0.6573767125 0.44639795624999995 0.6601927375 0.467317378125 0.665154996875 0.4751848859375 0.6840445796875 0.4922785015625 0.6899039546875 0.49231258906250003
0 0.739266046875 0.5589040140625 0.7464710953125 0.5471879734375 0.748338540625 0.53713925 0.7438153 0.503537428125 0.739431034375 0.49488941875 0.7271048328124999 0.4830597484375 0.7134329578124999 0.48298020781249995 0.7008794296875 0.512955290625 0.6999823140625 0.5207887125 0.7031503421874999 0.5443230609375 0.715828546875 0.5587676578125 0.7261309984375 0.5631614296875 0.7301312890625 0.5631847015625 0.739266046875 0.5589040140625
0 0.6804799921875 0.380226509375 0.673002909375 0.389231315625 0.670856675 0.40228322812500006 0.6742178109375 0.41275430156250004 0.6868106421875 0.4271016296875 0.7025691875 0.4271933109375 0.7109751828124999 0.41035527031249996 0.709919175 0.4025104875 0.702299784375 0.3894017609375 0.6943172093750001 0.3803070125 0.6804799921875 0.380226509375
0 0.67915025625 0.34587069531250003 0.6980937515625001 0.3459809046875 0.7009467093749999 0.343105590625 0.7074477515625001 0.326159696875 0.7060397390625 0.315699984375 0.6943552046875 0.2868903296875 0.68628725625 0.2776983109375 0.67652163125 0.27764149531250004 0.6709177046875 0.28675397343750003 0.6668183453125 0.2997945234375 0.6659212296875 0.3076279421875 0.6680332484375 0.3233175109375 0.6744035203125 0.3416447296875 0.6778612125000001 0.34558416406250003 0.67915025625 0.34587069531250003
0 0.6703655046875 0.274000875 0.6910895296875 0.2741214453125 0.693278878125 0.2730954796875 0.7008359296875 0.26399436718749997 0.7033341671875 0.2535573828125 0.703075296875 0.24728496406249997 0.700611275 0.22898047031250002 0.6971570046875 0.22216688750000002 0.686783928125 0.21034857968749998 0.6805725515625001 0.20769956562499997 0.6649475515625001 0.20760866249999999 0.65588593125 0.2127817 0.6534842484375 0.21668705 0.6513380140625 0.22973895937500002 0.6548580453125 0.2558882375 0.663277996875 0.267695184375 0.6703655046875 0.274000875
0 0.759445384375 0.5254128437500001 0.76190940625 0.5437173375000001 0.7687282359375 0.5581278468749999 0.7722465546875 0.56030716875 0.7934509609375 0.5604305328125 0.79847366875 0.55438158125 0.7997227875 0.5491630890625 0.796554759375 0.525628740625 0.793193621875 0.515157665625 0.7874308015625 0.508591940625 0.7789142953125 0.5033166312499999 0.7750080453125 0.5032939062499999 0.7678995515625 0.5084783109375001 0.7606945031250001 0.5201943515624999 0.759445384375 0.5254128437500001
0 0.7614905453125 0.45876163124999997 0.7476579203125 0.45868115625000005 0.7437144171875001 0.4650936375 0.7431693046875 0.47554198750000004 0.7445773171875001 0.4860016984375 0.749891578125 0.496484134375 0.7617390671875001 0.5056013671875 0.762214428125 0.5056041328124999 0.7712793984374999 0.503140765625 0.776883325 0.4940282890625 0.7737152984375 0.47049394062500005 0.7614905453125 0.45876163124999997
0 0.7413532375 0.42725617031249996 0.72795994375 0.41402340625 0.70842869375 0.41390977656250005 0.7040738859375 0.4178037609375 0.7029836609375 0.43870045781250006 0.7063447984375 0.4491715296875 0.7187021390624999 0.4616352484375 0.739056234375 0.46175366562500003 0.740155375 0.4611261953125 0.7448786843749999 0.45344567968750005 0.7413532375 0.42725617031249996
0 0.7345890125000001 0.397715346875 0.7426256890625 0.3816170859375 0.7423827078125 0.3769124890625 0.7395666828125 0.35599306875000003 0.724122325 0.3383969203125 0.719864071875 0.3357592671875 0.706192196875 0.3356797265625 0.70263795 0.338271928125 0.6957849046875 0.352602896875 0.6948877890625 0.36043631875000004 0.6966478046875 0.37351095624999997 0.7142882687500001 0.3958230640625 0.7171796734375 0.39761406250000003 0.7345890125000001 0.397715346875
0 0.7276522609375 0.3254756359375 0.7431183671875 0.3098883375 0.7453599375 0.3062433453125 0.7441772062500001 0.2974571890625 0.730122375 0.2640873328125 0.7266646828125001 0.260147896875 0.7185001796875 0.2574875171875 0.7048283046875 0.25740797656250003 0.699224378125 0.266520453125 0.6943528140625 0.2868725734375 0.69623603125 0.3008624375 0.7059124375 0.316204078125 0.7159335109375 0.325407459375 0.7276522609375 0.3254756359375
0 0.770494703125 0.249761053125 0.760729078125 0.24970423749999998 0.7499697828125 0.26401248125 0.7501286765625 0.279690684375 0.7569475046874999 0.29410119375 0.7674171359375 0.2993878625 0.7768307578125 0.2968297515625 0.7819943765625 0.28843325468750003 0.777928740625 0.2582308390625 0.770494703125 0.249761053125
0 0.8337504328125 0.32786546250000004 0.8335915390625 0.3121872609375 0.8310635171874999 0.293407325 0.8204024375 0.27944952968750003 0.8141910593749999 0.276800515625 0.8067305625 0.2793699890625 0.8031763156249999 0.2819621921875 0.7963232703124999 0.2962931625 0.7950741515625 0.301511653125 0.7964821640624999 0.31197136406250003 0.8151077015625001 0.331048909375 0.831733215625 0.3311456328125 0.8337504328125 0.32786546250000004
0 0.8164168953125 0.3585758203125 0.8112857734375 0.320458221875 0.8084285015624999 0.31554245000000003 0.7967097515625 0.315474271875 0.7912023796875001 0.31805510937500003 0.785598453125 0.3271675859375 0.785757346875 0.342845790625 0.789118484375 0.3533168625 0.7971864328125 0.36250888125 0.80589173125 0.366904646875 0.80848826875 0.366919753125 0.8164168953125 0.3585758203125
0 0.7762020484375001 0.34978811875 0.772641684375 0.323339215625 0.76818084375 0.3137599203125 0.7625318578125 0.3073238859375 0.746569278125 0.30723101875 0.7377314046875 0.31227633125 0.7337286 0.31878524218750004 0.730333246875 0.337055646875 0.73475039375 0.355371503125 0.7451234703125 0.3671898125 0.7547414609375 0.369729615625 0.755802421875 0.36973578906250004 0.7666078453125 0.3673148046875 0.77061065 0.36080589218750003 0.7762020484375001 0.34978811875
0 0.770329753125 0.3873524078125 0.7584972765625 0.375996571875 0.7458553875 0.3759230234375 0.740328871875 0.38195210625 0.7377636562500001 0.38899195937500003 0.7408964828125 0.41226481406250004 0.746312925 0.426405878125 0.75478828125 0.4321809421875 0.7612986984375001 0.4322188171875 0.7732081171875 0.43048166875 0.77591916875 0.41727627187499994 0.7724554578125 0.3915453828125 0.770329753125 0.3873524078125
0 0.7695665765624999 0.43532495625 0.765563771875 0.44183386875 0.765018659375 0.45228221562500004 0.76802779375 0.46013836250000006 0.7737906140625 0.4667040875 0.7819551171875 0.4693644671875 0.78755904375 0.46025199062500005 0.78669614375 0.4393439328125 0.7832384515624999 0.43540449687500005 0.7750739484375 0.4327441171875 0.7695665765624999 0.43532495625
0 0.8138675015624999 0.519956128125 0.817755234375 0.51712070625 0.8246082796875 0.5027897375 0.825562228125 0.484505128125 0.8250048890624999 0.4803648265625 0.8173751093750001 0.46355445937499995 0.8089551578125 0.45174751406249997 0.7949312796875 0.4490530453125 0.7910250296875 0.4490303203125 0.775814371875 0.47376418593749997 0.774565253125 0.47898267812500006 0.775428153125 0.4998907359375 0.7780852828125 0.5051319546874999 0.7943414484375 0.5198425296875 0.8138675015624999 0.519956128125
0 0.8456307000000001 0.5639983421875 0.8422688 0.5390237703125 0.8399451671874999 0.535535121875 0.8291235328125 0.5276335249999999 0.8193579078125 0.5275767109375 0.810199734375 0.5392813890625 0.81195975 0.552356028125 0.8146168812499999 0.5575972453125 0.8207317046875 0.5667779000000001 0.8251204812499999 0.5699824390625 0.839862953125 0.5700682078125 0.8456307000000001 0.5639983421875
0 0.8678812421875 0.535883134375 0.8710040234375 0.5321223046875 0.8653649328125 0.4902311609375 0.8622282718750001 0.48360232812500004 0.8494535125 0.4756893671875 0.8338285125 0.4755984640625 0.8282245859374999 0.48471094062500003 0.8273274703125001 0.49254435937499996 0.8290874859375 0.5056189984375 0.8374108828125 0.52395758125 0.843173703125 0.5305233078125 0.8503747625000001 0.5357812843749999 0.8678812421875 0.535883134375
0 0.831888196875 0.47946778593749995 0.8419498703125001 0.4772134390625 0.847553796875 0.4681009625 0.8484509125 0.46026754375 0.844737771875 0.44718154062500004 0.838974953125 0.440615815625 0.8256550812500001 0.44315120312499995 0.8223562828125001 0.45488997031249995 0.822163171875 0.4679532453125 0.83036829375 0.4794589421875 0.831888196875 0.47946778593749995
0 0.887450965625 0.584396553125 0.8978431640625001 0.5705764921875 0.8979328750000001 0.56979315 0.8944304437499999 0.54377461875 0.8913139984375 0.5365710703125 0.885551178125 0.53000534375 0.8793398 0.5273563265625001 0.869574175 0.5272995125 0.8671724921875 0.5312048593750001 0.8621760171874999 0.552078828125 0.8635840296874999 0.5625385390625001 0.873059990625 0.5821902671875 0.8765191640625 0.5843329546875 0.887450965625 0.584396553125
0 0.8096764703125 0.4186866828125 0.803561646875 0.40950602812500003 0.789889771875 0.40942648750000005 0.7849898515625 0.42376882031249996 0.786749865625 0.43684345625 0.7951970265625 0.44646752031250003 0.81213254375 0.446566046875 0.8147976218749999 0.44223239531249997 0.8096764703125 0.4186866828125
0 0.8061551343750001 0.38672858125 0.8049583234375 0.3778378265625 0.8030256687499999 0.3718169578125 0.7969108453125 0.36263630625 0.7828869671875001 0.3599418375 0.780485284375 0.363847184375 0.7792361671875 0.3690656796875 0.7817001875 0.387370171875 0.7863059531250001 0.3980162265625 0.8013847640625 0.398103953125 0.80584169375 0.39273637968749997 0.8061551343750001 0.38672858125
0 0.8538926546875001 0.4166052390625 0.8508830296875001 0.3942476078125 0.8491527765625 0.38973032343749997 0.8322163187499999 0.372648071875 0.8226607796875 0.370124759375 0.8216842203124999 0.370119078125 0.8146381937499999 0.37254580625 0.8093862703125 0.384273209375 0.8134514140625001 0.3999741390625 0.8198216859375 0.418301359375 0.8274410765625 0.43141008437500006 0.84114733125 0.44048974531249996 0.841488353125 0.44049172968750006 0.8489254515625 0.431535078125 0.8533768140625 0.42110945468749994 0.8538926546875001 0.4166052390625
0 0.9004581546875 0.52982755625 0.9033893125000001 0.5276897890625001 0.9105943609375 0.5159737484375 0.9128427734375 0.5065804609375 0.910449153125 0.488798953125 0.9083234484375 0.484605978125 0.9002554999999999 0.4754139609375 0.88978586875 0.4701272921875 0.88002024375 0.4700704765625 0.8709586249999999 0.47524351718749996 0.8672760437499999 0.48123171718749996 0.8723448890625001 0.518886675 0.877646684375 0.52492714375 0.8854166828125001 0.529740046875 0.9004581546875 0.52982755625
0 0.93902505 0.5883602796875 0.9430278546875 0.5818513671875001 0.9451825843749999 0.5728494671875 0.9403161421874999 0.53669809375 0.9305769749999999 0.525602015625 0.9169050999999999 0.525522475 0.9113977296875 0.5281033140625 0.9041926796875 0.539819353125 0.9029435609375 0.545037846875 0.9064635921875001 0.571187125 0.9194938 0.58824665 0.9211563578125 0.589276475 0.9330619796875 0.5893457390625 0.93902505 0.5883602796875
0 0.9611273234375 0.5869138796875 0.9691952718750001 0.5961058968749999 0.971242915625 0.5973742515625 0.9918628484375 0.5974942140625 0.9966355765625 0.5897333406249999 0.9975326921875001 0.5818999203125 0.9947166671875 0.5609804984375 0.9917075328125 0.5531243531250001 0.9714099375 0.525571028125 0.9616443125 0.5255142125 0.9515890234375 0.5450523109375001 0.9506919078125 0.55288573125 0.9535079328125 0.573805153125 0.9611273234375 0.5869138796875
0 0.9202938734374999 0.501041603125 0.9229510031249999 0.5062828203125 0.9428907140625 0.52695186875 0.9492273046875 0.5269887343749999 0.9519582156249999 0.5260481796875001 0.9611163875000001 0.5143434984375 0.9639666281249999 0.5065214421875 0.9611506046875 0.485602021875 0.9528272078125 0.46726343750000005 0.9451112625 0.46068635 0.9275331375 0.4605840828125 0.92237776875 0.4657798515625 0.9178298515625001 0.48273710937500003 0.9202938734374999 0.501041603125
0 0.8872671437499999 0.44271772187499997 0.9031511984374999 0.4673921703125 0.9230126343749999 0.467507721875 0.9351981531250001 0.450835215625 0.9365438265625 0.4390850859375 0.934607809375 0.4247029828125 0.9322232343750001 0.414237590625 0.9269089718749999 0.4037551546875 0.9145827703125 0.3919254828125 0.9103245171875001 0.38928782968750003 0.9005588921875001 0.389231015625 0.8914972734375001 0.39440405625 0.8823391 0.40610873437499995 0.8815316953125001 0.41315881250000003 0.8820245 0.4168197109375 0.8872671437499999 0.44271772187499997
0 0.8806876046875001 0.45618093281250005 0.87591845625 0.43525015 0.8658973828125 0.42604677031250004 0.8541786328125 0.4259785921875 0.8450204593749999 0.43768326875 0.8455313546875001 0.45597640000000006 0.8539513078125 0.467783346875 0.8619780296874999 0.4718364609375 0.8710275015625 0.471889109375 0.8806876046875001 0.45618093281250005
0 0.8818162171875 0.41454755312499997 0.8824890546875 0.40867248749999996 0.8803330359375 0.3926560546875 0.875991059375 0.3857719859375 0.8725333671875 0.38183255 0.8608146171875 0.381764371875 0.8529055624999999 0.3882505578125 0.8516564421874999 0.39346905 0.8551764734375 0.419618328125 0.8646779765625 0.42501387968750004 0.871092909375 0.42505119999999996 0.876212290625 0.42366002968750005 0.8818162171875 0.41454755312499997
0 0.8630312515625 0.3812885625 0.8682242546875001 0.3780921921875 0.8700184875 0.3624253546875 0.868258471875 0.34935071562500003 0.8632962125000001 0.34148320781249997 0.8532751390625 0.332279828125 0.8435095140625 0.33222301249999997 0.8379055875000001 0.3413354890625 0.83665646875 0.34655398125 0.8387684875 0.3622435484375 0.8417776218749999 0.37009969374999996 0.84984556875 0.37929171093749997 0.8587160562499999 0.38126345625 0.8630312515625 0.3812885625
0 0.90982993125 0.377639896875 0.9104130578125 0.3725481734375 0.906752225 0.345352925 0.8994910718750001 0.3370801109375 0.8909745656249999 0.331804803125 0.8792558156249999 0.3317366265625 0.8682410718750001 0.336898303125 0.87272055625 0.3774240015625 0.877682815625 0.385291509375 0.8824908578124999 0.3907694328125 0.8970410375 0.3908540828125 0.9042260046875 0.3867523734375 0.90982993125 0.377639896875
0 0.9142991874999999 0.2854344671875 0.90505753125 0.27694690624999996 0.8897845343749999 0.27947092812499996 0.8830280437500001 0.2872702625 0.8793772421874999 0.2963941015625 0.8788321296875001 0.30684244843749997 0.8875075296875 0.3277959578125 0.8968225015625 0.3330855875 0.9075522203125 0.3331480109375 0.9177980531250001 0.311426509375 0.9142991874999999 0.2854344671875
0 0.9390462812499999 0.3416924546875 0.9367934609375 0.32495691875 0.9344020421874999 0.320239821875 0.928639221875 0.31367409375 0.918873596875 0.313617278125 0.9081143015625001 0.3279255234375 0.9088183078125001 0.33315537812499996 0.9160856953125001 0.3436491765625 0.9241536437500001 0.35284119375 0.9319661437500001 0.352886646875 0.9379220734375 0.3463890984375 0.9390462812499999 0.3416924546875
0 0.911962465625 0.3695604421875 0.91106535 0.3773938640625 0.915482496875 0.395709721875 0.9255035703125 0.4049131015625 0.9313629453125 0.404947190625 0.9375166875 0.39663945312500004 0.94106623125 0.3827941625 0.94161134375 0.372345815625 0.9266280109375 0.355274925 0.9207686359375 0.3552408359375 0.911962465625 0.3695604421875
0 1 0.413206828125 0.9995906453125001 0.410165853125 0.982302184375 0.39046867500000004 0.97804393125 0.3878310203125 0.958160678125 0.3851024625 0.95265330625 0.38768330156249997 0.9407414468749999 0.40067839843749997 0.9354895234375 0.41240580312499997 0.9343992984374999 0.43330250000000003 0.9361593140625001 0.44637713906250004 0.9467878390625 0.4673420109375 0.957160915625 0.47916031875 0.9588497609375001 0.4802064265625 0.9875905375 0.48037363437499997 0.9939182875 0.4767612875 1 0.4668718890625 1 0.413206828125
0 1 0.47527355 0.9946194 0.47834519374999995 0.987862909375 0.48614452343750003 0.9842121078125 0.49526836406249997 0.9817138703125 0.5057053484375 0.9831218828124999 0.516165059375 0.9861310171875 0.52402120625 0.9973188093750001 0.5350749031250001 1 0.5350905015625 1 0.47527355
0 0.9679463984375 0.381898940625 0.9710056046875 0.3812135171875 0.9758027359374999 0.3711818390625 0.9718075015625001 0.341502409375 0.9674232343750001 0.3328544 0.9577541640625 0.326265946875 0.9479885390625 0.32620913125 0.9444342921875 0.328801334375 0.936332128125 0.3483507953125 0.935787015625 0.35879914375 0.9411012781249999 0.36928157968750003 0.9534274796875 0.38111125156250003 0.9550991874999999 0.38182419843750004 0.9679463984375 0.381898940625
0 0.9944186984375 0.34302104375 0.9980820921875001 0.31632163125 0.9974660875 0.31174550624999997 0.9942139718749999 0.2991847609375 0.9880991484375 0.29000410625 0.9838408953125001 0.2873664546875 0.9682158953125001 0.28727555 0.9626119687499999 0.29638802656249996 0.9616126734374999 0.300562821875 0.9653640203125 0.3284304796875 0.9733028328125 0.3395627421875 0.978738675 0.3429298203125 0.9944186984375 0.34302104375
0 0.8237662562500001 0.710489428125 0.8466328890625 0.7106224625 0.8411841203125 0.6701451578125 0.8314114640625 0.6573505140625 0.8271532109375 0.6547128578125 0.8154344609375 0.65464468125 0.8118802140625 0.6572368843749999 0.80502716875 0.671567853125 0.806787184375 0.6846424921875001 0.812805453125 0.7003547828125 0.8208734015625 0.7095468 0.8237662562500001 0.710489428125