0 0.1508463015625 0.7417078734375 0.1567056765625 0.741776053125 0.1580070640625 0.7433716718750001 0.1672663109375 0.7434794124999999 0.1695000625 0.7432312390625 0.1742838015625 0.7419805937499999 0.17779375625 0.7367961921874999 0.17974688125 0.7368189187499999 0.181856625 0.7311827859375 0.179769471875 0.7036388812500001 0.1780484546875 0.70152875625 0.17745401249999998 0.693683975 0.1677732875 0.6818145296875 0.1501951625 0.6816099906249999 0.146487059375 0.684179465625 0.138589659375 0.6958443671875 0.1373441953125 0.7000100703125 0.139286040625 0.7256363625 0.141165575 0.7298384296875 0.1508463015625 0.7417078734375
0 0.1475119203125 0.65392529375 0.161495190625 0.6710700453125 0.1699645046875 0.674821428125 0.1887362078125 0.67503985625 0.19099021249999998 0.674025875 0.201038884375 0.6649986250000001 0.207464353125 0.6467850359375 0.2092136609375 0.6389675265625 0.20616219062500002 0.5986976390625001 0.20565267812500002 0.5971241359375 0.1957738046875 0.5826397640625001 0.1854137375 0.5746813484375 0.17740309062499998 0.5719755140625 0.16568434062499998 0.5718391546875 0.1561168625 0.5743404484375 0.146068190625 0.5833676984375 0.1382840390625 0.6094033421875 0.1402655140625 0.6355526203124999 0.1475119203125 0.65392529375
0 0.24291693906249998 0.6350811265625 0.25581245625000004 0.633292678125 0.2654648328125 0.619035571875 0.2659177078125 0.604410159375 0.2655610421875 0.5997032890625 0.2613320875 0.590248640625 0.2496982359375 0.57835646875 0.2438388609375 0.5782882875 0.23251640624999997 0.5833817859375 0.22812896249999998 0.5898622875 0.22413971250000003 0.6093234453124999 0.2243642796875 0.61228703125 0.2289499 0.6264485484375 0.237733409375 0.6350208109375 0.24291693906249998 0.6350811265625
0 0.23359597499999998 0.74699286875 0.23925720312499998 0.744446121875 0.2469564546875 0.7301662906249999 0.24699041562500001 0.725463965625 0.245167459375 0.70140663125 0.2422292671875 0.6935345749999999 0.239002359375 0.68957809375 0.22453789375 0.6789592953125 0.21867851875 0.678891115625 0.20911104218749998 0.681392409375 0.2010154953125 0.6904423859375 0.199854959375 0.7008793718749999 0.20144013749999998 0.7217987921875 0.21562155624999998 0.741558471875 0.23359597499999998 0.74699286875
0 0.3025565671875 0.746709125 0.302407940625 0.73573438125 0.3007335953125 0.7136382421875 0.2967537421875 0.7087585828125 0.288544946875 0.7034378203125 0.280732446875 0.7033469140624999 0.2713631171875 0.7084631359375 0.2619088875 0.7253351671875 0.26329591875 0.7436396609375 0.2656453390625 0.7488922437500001 0.275029590625 0.7587834531250001 0.2959154234375 0.75902648125 0.3025565671875 0.746709125
0 0.3102567890625 0.7014318328125 0.3136636234375 0.69821295625 0.32156102343750004 0.686548053125 0.323234615625 0.680950390625 0.3205051359375 0.644929759375 0.3128143359375 0.635500146875 0.29483991718749997 0.6300657515625 0.2852724390625 0.6325670437500001 0.274346278125 0.6428903953125 0.269958834375 0.649370896875 0.2656846390625 0.6702221390624999 0.26823220625 0.6780896484375 0.278111078125 0.6925740203124999 0.2898534078125 0.70119441875 0.3102567890625 0.7014318328125
0 0.3206105875 0.767119446875 0.3475880359375 0.7674333578125 0.3529185640625 0.7643005703125 0.3590609859375 0.7552278671875 0.3619764984375 0.74219868125 0.3620224921875 0.73958659375 0.360288703125 0.7167059765625 0.359995025 0.716049403125 0.34816302656250003 0.701542303125 0.3399542328125 0.6962215421875 0.324131084375 0.693424803125 0.3128086296875 0.6985182984375 0.303156253125 0.7127754046875 0.30199571718749996 0.7232123859375 0.303977190625 0.7493616656250001 0.31365791718749997 0.7612311078125 0.3206105875 0.767119446875
0 0.3448929125 0.6815402703125 0.3643724015625 0.6817669359375 0.37920012187499996 0.6572485359375 0.377581309375 0.6358852640625 0.373256809375 0.619375428125 0.36572735624999997 0.6101436375 0.35146103906250004 0.6021397656249999 0.3342792078125 0.6071650796875 0.32813678749999997 0.616237784375 0.32171131875 0.634451371875 0.3234946453125 0.6579857203125 0.3258440640625 0.6632383015625 0.33767606250000004 0.677745403125 0.3448929125 0.6815402703125
0 0.3269080578125 0.58521473125 0.3268443671875 0.5850180421875 0.31481422187499997 0.5678960156249999 0.3079804484375 0.5655877046875 0.3058283921875 0.5655626640625 0.29352799531249996 0.5702609484375001 0.29089552812499997 0.5741492515625 0.2858287421875 0.5845407828125 0.2878102171875 0.610690059375 0.2901596359375 0.6159426406249999 0.29737304062500003 0.624786925 0.31753034062499996 0.6250214765625 0.3288258421875 0.61116731875 0.32886476249999996 0.6110371406249999 0.3269080578125 0.58521473125
0 0.303030678125 0.5379330812500001 0.30772951718749997 0.5484382421875 0.323467765625 0.5629907953125 0.3373377875 0.5657648125 0.3562745953125 0.5581472921875 0.36437014218749997 0.549097315625 0.36923878125 0.5360908578125 0.3693067 0.526686209375 0.3679989265625 0.5094276859375 0.36001089999999997 0.49156890937500003 0.352481446875 0.48233711875 0.3323557546875 0.47426506718750006 0.3206370046875 0.47412870625 0.309512696875 0.4818371328125 0.30337027499999997 0.49090983593750004 0.3002566140625 0.501324090625 0.29889793125 0.5091461500000001 0.3002849640625 0.5274506437500001 0.303030678125 0.5379330812500001
0 0.3959152546875 0.633739178125 0.41532656250000005 0.6266819625 0.42322396093750003 0.6150170578124999 0.4280925984375 0.6020105984375 0.4253185359375 0.5654016125 0.42061969687499995 0.5548964468750001 0.41309024375 0.5456646562499999 0.40273017656250004 0.5377062421875001 0.39754014843749996 0.53540738125 0.38051661718749996 0.53520929375 0.37363144843749996 0.53998026875 0.36553590156250004 0.5490302453125 0.35930858125 0.5698587609375 0.3587424875 0.5881405281250001 0.3616863484375 0.6012378921875 0.3663851890625 0.6117430578125 0.3782171875 0.62625015625 0.38642598125 0.63157091875 0.3927356046875 0.6337021796875 0.3959152546875 0.633739178125
0 0.4234805203125 0.7011881875 0.4274899578125 0.6989987921874999 0.43694418749999997 0.682126759375 0.436973903125 0.678012225 0.43501224374999997 0.652124440625 0.43456641874999996 0.650747628125 0.424687546875 0.6362632546875 0.42058314843750005 0.6336028734375 0.40456185468749994 0.6281912046875 0.3949943765625 0.6306925 0.3841814640625 0.6553865890624999 0.385964790625 0.6789209375 0.39301305000000003 0.694678684375 0.40333977968749996 0.7009538296875 0.4234805203125 0.7011881875
0 0.3861367 0.7600763015625 0.41402057187499997 0.760400759375 0.4156182609375 0.7592936640625 0.42156253593750004 0.7476060328125 0.424186496875 0.7358797671875 0.423017428125 0.7204516937500001 0.42113789218750003 0.716249628125 0.41125901875000004 0.7017652562500001 0.39172776875 0.7015379890625 0.3806034609375 0.7092464140625 0.3779709953125 0.7131347140625001 0.3739817453125 0.732595871875 0.3742261265625 0.73582095 0.3789900796875 0.7523359015625 0.3843682609375 0.7589300375 0.3861367 0.7600763015625
0 0.44766769999999995 0.7702073953124999 0.45479463750000004 0.7733641875 0.4740944015625 0.773588759375 0.477162721875 0.773163221875 0.48457892812500003 0.7680242734375 0.49423130468750004 0.7537671671874999 0.4953182515625 0.747509521875 0.49294048281249997 0.716130390625 0.49106094687499996 0.7119283249999999 0.4749264046875 0.6921459171875 0.466717609375 0.6868251562500001 0.451092609375 0.6866433421875 0.4318727546875 0.7034017421875001 0.42875909375 0.713816 0.427989184375 0.724257528125 0.42981823593749996 0.7483953234375 0.44356330312500003 0.7675470140625 0.44766769999999995 0.7702073953124999
0 0.5213264609375 0.7662561390625 0.5271489375 0.7695227390625 0.545092340625 0.769731528125 0.561549496875 0.7562736875 0.567165425 0.74797864375 0.564497040625 0.7127642859375001 0.5606153109374999 0.7053166890625 0.550934584375 0.69344724375 0.540772665625 0.6881037562500001 0.5272989375 0.6905595953125 0.5161746296875 0.69826801875 0.5100322078125 0.7073407234375 0.5055598640625 0.7255770375 0.50909816875 0.746519184375 0.5137970078125 0.7570243484375 0.5213264609375 0.7662561390625
0 0.49212177187500006 0.6898744953125 0.4964351859375 0.692670359375 0.5203157609375 0.692948234375 0.5242492609375 0.688942025 0.5275610687500001 0.6811426921875 0.5259758890625 0.6602232734375 0.5236264703125 0.654970690625 0.5059350968749999 0.6403954125 0.49812259687499993 0.6403045046875 0.4869982890625 0.6480129265625 0.48261084531250004 0.6544934296875 0.48184660468749996 0.67016026875 0.49212177187500006 0.6898744953125
0 0.4437618921875 0.6555694437499999 0.4444588953125 0.656159746875 0.46904798750000004 0.6564458671875 0.4767668703125 0.6533408703125 0.48290929218749995 0.6442681671875 0.48777792968749994 0.6312617078125 0.48789256718749996 0.62891168125 0.4863767390625 0.6089074859375 0.4859946046875 0.607727359375 0.47396445781249996 0.59060533125 0.46575566406249996 0.58528456875 0.45383876718750005 0.5825332828125 0.44622441406249996 0.5850573031249999 0.43110895625 0.6044760828125 0.4295521265625 0.6096832125 0.4315336 0.6358324890625 0.43388302031250003 0.6410850703125 0.4437618921875 0.6555694437499999
0 0.491113953125 0.5581132375 0.48952877499999997 0.5371938171874999 0.481801175 0.5253471000000001 0.4697160046875 0.5175137546874999 0.4555015953125 0.5173483562500001 0.4501548796875 0.5197536171875 0.43719069531250004 0.5418100531250001 0.43622830625000003 0.554861965625 0.43877587343749996 0.562729475 0.4529572921875 0.5824891562500001 0.4609380640625 0.58766211875 0.461914625 0.58767348125 0.4746398140625 0.5853540749999999 0.4829335078125 0.5789190265624999 0.491113953125 0.5581132375
0 0.3967208953125 0.4326500359375 0.3783785296875 0.44811233437500003 0.370877425 0.46500709375 0.36465010468750003 0.48583560937500003 0.3658389890625 0.501525175 0.36838655625 0.5093926843750001 0.3847192453125 0.5317900203125 0.3989855625 0.539793890625 0.3999473359375 0.5401187578125 0.41255061875 0.5402654109375 0.42593301875 0.534882209375 0.4333492234375 0.5297432609375 0.4430016 0.5154861546875 0.44922892187499996 0.49465763906250004 0.45038945625000004 0.48422065468750003 0.44724744687499995 0.4685083609375 0.44469988125000004 0.46064085312499997 0.4346228609375 0.44354155312500004 0.4141008734375 0.43023964843750007 0.3967208953125 0.4326500359375
0 0.4024129546875 0.36612908125 0.40459257656250003 0.3948932859375 0.4094895625 0.408013378125 0.41701901562500004 0.41724516874999995 0.43538973125 0.42790941718750003 0.4488471265625 0.42984807500000005 0.45598748906250003 0.42993116093749995 0.4605822078125 0.42558993593750005 0.4790094734375 0.3983718265625 0.480566303125 0.393164696875 0.4817268390625 0.3827277140625 0.48073610312500004 0.3696530765625 0.4781885359375 0.361785565625 0.47583911562500003 0.3565329828125 0.4575533 0.33411292187499997 0.45344890312499997 0.331452540625 0.44543825625 0.32874670625 0.42981325625 0.3285648921875 0.42415202812499997 0.331111640625 0.420443925 0.333681115625 0.4039697859375 0.360921953125 0.4024129546875 0.36612908125
0 0.4963771640625 0.345582040625 0.5079826656249999 0.3313476625 0.511045840625 0.3164042734375 0.5094069203125 0.2947756515625 0.4992359796875 0.2802997546875 0.486724640625 0.26970368749999996 0.46758968593750005 0.274706275 0.4528705234375 0.2993549125 0.45445570156250004 0.32027433437499997 0.45955083593749996 0.3360093515625 0.4750909359375 0.3479469765625 0.4790118578125 0.3490207140625 0.488488140625 0.3491309796875 0.4963771640625 0.345582040625
0 0.50617056875 0.47868732812500003 0.5044466875 0.45593745625000004 0.49120972187499995 0.43970774218750003 0.4883403140625 0.43967435312500003 0.47351369375 0.4417306234375 0.46366316875 0.4533728015625 0.46257622343750004 0.459630446875 0.46416140156249996 0.48054986718750003 0.46604093750000003 0.4847519328125 0.47945783750000004 0.49889364374999995 0.494329646875 0.49906669375 0.4991591640625 0.496894096875 0.5035466078125 0.49041359531250006 0.50617056875 0.47868732812500003
0 0.5049272609375001 0.6373961015625 0.5132441859375 0.6475934031249999 0.532281528125 0.647814921875 0.5472166703125 0.6418071171874999 0.5543214796875 0.6196824999999999 0.5513776171875 0.6065851328125 0.54452750625 0.593442315625 0.5328936546875 0.5815501453125 0.5133624046875 0.5813228796875001 0.5059462 0.586461828125 0.49864324218749995 0.6059715140625 0.5002284218749999 0.6268909375 0.5049272609375001 0.6373961015625
0 0.5197111750000001 0.578979271875 0.548791034375 0.579317646875 0.5500490874999999 0.5787517 0.5651645453125 0.559332921875 0.56827820625 0.548918665625 0.5685612515625 0.53977778125 0.5676448203125 0.527683740625 0.5592484718749999 0.507011640625 0.534905134375 0.4819084703125 0.523186384375 0.48177211093750005 0.50484401875 0.49723441093750004 0.5004565750000001 0.5037149125 0.4975410625 0.5167440984375 0.49697496875 0.535025865625 0.5026645453125 0.5586056687500001 0.5146946906250001 0.5757276953125 0.5197111750000001 0.578979271875
0 0.5889167390625001 0.6925208046875 0.5904735703124999 0.687313675 0.58869024375 0.6637793265624999 0.583991403125 0.6532741625 0.570404428125 0.6413592640625 0.5591495796875 0.6387608265625 0.55817301875 0.6387494625000001 0.547165075 0.643701471875 0.5392676765625 0.6553663765625 0.536154015625 0.665780634375 0.537541046875 0.684085128125 0.5422398875 0.6945902921875 0.5476180671875001 0.701184428125 0.5597032375000001 0.7090177718749999 0.573809140625 0.709181909375 0.5810193406249999 0.704185709375 0.5889167390625001 0.6925208046875
0 0.490947559375 0.3756502953125 0.48783389843749997 0.386064553125 0.48647521562499996 0.39388660937500003 0.48825854218750003 0.41742095937499996 0.49315552812499996 0.43054105 0.5049875265625 0.44504815000000003 0.5233242203125 0.45569265156250005 0.5331609796875 0.45580711249999994 0.5481544234375 0.4481630640625 0.5542968453125 0.439090359375 0.5587691890625 0.4208540453125 0.5561932734374999 0.38685998593750004 0.55364570625 0.3789924765625 0.548267525 0.372398340625 0.523641140625 0.3564360546875 0.513875515625 0.3563224203125 0.495335003125 0.36916979375 0.490947559375 0.3756502953125
0 0.5390590296875 0.3641856125 0.54922095 0.369529103125 0.562892825 0.36968819062499997 0.5722621546875 0.364571965625 0.5766495984375 0.358091465625 0.582480625 0.33203309375 0.58109359375 0.3137286 0.5718940625 0.2953332015625 0.56651588125 0.2887390640625 0.5563539609375 0.283395575 0.5407289609375 0.2832137609375 0.529604653125 0.2909221859375 0.5219054015625 0.305202015625 0.5191880359375001 0.32084613125 0.5225281921875 0.3391733515625 0.527425178125 0.3522934421875 0.5390590296875 0.3641856125
0 0.6260777937500001 0.41035782187500003 0.6266127625 0.399391034375 0.6260480421875 0.39193849062499997 0.621548753125 0.3763410359375 0.6140192984375 0.3671092453125 0.597880403125 0.3566483640625 0.58558696875 0.3565053171875 0.5728055265625 0.3640170578125 0.5584147109375001 0.38527310625 0.560178221875 0.40854596093750006 0.5665216546875 0.42272793281250004 0.576400528125 0.43721230625 0.5862174453125 0.4423743796875 0.6004640046875 0.44254015312500006 0.6205298140625 0.42727530781249995 0.6231622796875 0.42338700625000003 0.6260777937500001 0.41035782187500003
0 0.5757363265625 0.5108547140625 0.5857185874999999 0.512619078125 0.5929282671875 0.5127029703125 0.5952675765625 0.51108198125 0.6086054078124999 0.49138125468749994 0.606960784375 0.4696773546875 0.6017495953124999 0.4549860328125 0.5903138921875 0.4457087890625 0.5766420171875 0.44554970312500003 0.570980790625 0.44809645 0.5672726875 0.4506659234375 0.5595734359375 0.46494575625 0.5584129 0.475382740625 0.5615549093750001 0.4910950328125 0.5664518953125001 0.504215125 0.5757363265625 0.5108547140625
0 0.6280921968750001 0.6146334718750001 0.6284601421875 0.5937367765625 0.6212137359375001 0.575364103125 0.6093817375 0.5608570046875 0.588611296875 0.5532419171875 0.5861807390625 0.5532136359375001 0.5683661125 0.5603797453125 0.5589118828124999 0.5772517781250001 0.5546376875 0.5981030171875 0.5554302765625 0.608562728125 0.5577796968750001 0.6138153125 0.5885906984375 0.6515923828125 0.6015247265625 0.651742884375 0.6100612265625001 0.6470814375 0.6249785359375 0.6250477296875 0.6280921968750001 0.6146334718750001
0 0.581618021875 0.7507150859375 0.5863168609375 0.7612202515625001 0.5938463140625 0.7704520406250001 0.602656453125 0.7750847140625 0.61697333125 0.77525130625 0.6250963140625 0.7708156671874999 0.6312387359375 0.7617429640625 0.634352396875 0.75132870625 0.632172775 0.7225645 0.6298233546875001 0.71731191875 0.6140851078125 0.702759365625 0.6062726078125 0.702668459375 0.58577896875 0.7154931046875 0.5798346953125 0.7271807375 0.581618021875 0.7507150859375
0 0.6442184671875 0.693537321875 0.641636278125 0.6594604562499999 0.6391106515625 0.6538139296875001 0.6116536531250001 0.6391250187499999 0.597019390625 0.65201784375 0.593028240625 0.6637282015625 0.594415271875 0.6820326953125 0.6014635312500001 0.6977904421875001 0.610946109375 0.707044959375 0.6129063578125 0.7080757249999999 0.6355185296875 0.708338840625 0.6442184671875 0.693537321875
0 0.6393825828125 0.7662066125 0.6553189781250001 0.7833740890625001 0.6713115546874999 0.79461705625 0.7067298328125 0.7950291859374999 0.7145071703125 0.791900675 0.724159546875 0.777643571875 0.7340949703125 0.754245584375 0.7353587874999999 0.72199440625 0.735195315625 0.7198370875 0.7262257734374999 0.701901575 0.7020805828125 0.6794133343750001 0.6860592875 0.674001665625 0.6723874125 0.673842578125 0.6647730609375 0.6763665953125 0.6516956281249999 0.6840522953125 0.6385332953125 0.7034938015625001 0.6320752703125 0.7187024953125001 0.634165725 0.74628998125 0.6393825828125 0.7662066125
0 0.6642678609375 0.67276755625 0.6819394187500001 0.672973184375 0.6841497453125001 0.67197885 0.6922452921875 0.6629288734375 0.697312078125 0.6525373421875 0.69824050625 0.64418775625 0.6979432859375 0.6402653640625 0.69317933125 0.6237504109375 0.6795923562499999 0.6118355125 0.6715817093750001 0.60912968125 0.658306128125 0.614200446875 0.6486537515624999 0.6284575546875 0.6482008765625 0.64308296875 0.6486368015624999 0.648835809375 0.6508333734375 0.6572217578124999 0.6585609734375 0.6690684765625 0.6642678609375 0.67276755625
0 0.747036934375 0.6494881109375 0.7449224562500001 0.6447607859375 0.733090459375 0.6302536859375001 0.72700855625 0.6251028187500001 0.7149751375 0.6249627984374999 0.6960943312500001 0.6441926203125 0.6955282390625 0.6624743875 0.69807580625 0.670341896875 0.7027746453125 0.6808470609375 0.7144084953125 0.6927392328125 0.7201294890625001 0.695273278125 0.7304738171875 0.6953936453125 0.7433090765625 0.6878502765625 0.7492759999999999 0.6790367921875 0.747036934375 0.6494881109375
0 0.7809185875 0.794331328125 0.7976397609375 0.794525896875 0.8104456390625 0.78324388125 0.817748596875 0.76373419375 0.817980703125 0.761646796875 0.8145146484374999 0.7159056781250001 0.80155735625 0.6916986859375001 0.7831866421875 0.6810344374999999 0.7656085171875 0.680829896875 0.7562391875000001 0.68594611875 0.7393687515625 0.7079570984375 0.737811921875 0.713164228125 0.7401896906250001 0.7445433578125 0.7499836640625 0.77078354375 0.7637687859375 0.78531336875 0.7809185875 0.794331328125
0 0.7692916249999999 0.6727800734375 0.782744215625 0.6835128874999999 0.8050619265625001 0.6837725781249999 0.808948565625 0.6810793875 0.8186009437499999 0.66682228125 0.8158268796874999 0.6302132953124999 0.8134774609375001 0.6249607125 0.8059480062500001 0.6157289234375 0.7977392125 0.610408159375 0.791681690625 0.6077250546874999 0.779962940625 0.6075886953125 0.7743017125 0.6101354390625 0.757629425 0.6347613515625 0.7564688890625 0.6451983359375 0.7596108984375001 0.6609106265625 0.7692916249999999 0.6727800734375
0 0.7408338265625 0.6300760765625 0.7586100984375 0.63289554375 0.76973440625 0.625187121875 0.7741218515625 0.6187066171875 0.7743164546875 0.6180557265625 0.77212445 0.5891280890624999 0.7650921187499999 0.5767995953125 0.7556095390625 0.567545078125 0.7515051421875001 0.5648846984375 0.7378332671875001 0.5647256109375001 0.7304170625 0.5698645609375 0.7260296187499999 0.5763450609375 0.721557275 0.594581375 0.729001828125 0.615568978125 0.7367294296875 0.62741569375 0.7408338265625 0.6300760765625
0 0.68723593125 0.6084095140625 0.6954447265625 0.613730278125 0.7071634765625 0.6138666374999999 0.718287784375 0.6061582140625 0.7279401609375 0.591901109375 0.72961658125 0.5844093265625 0.72813790625 0.564895425 0.7202691109375 0.5421720265625 0.7105883859375 0.5303025859375 0.700426465625 0.5249590937499999 0.682848340625 0.5247545546875 0.6717240328125 0.532462975 0.6655816109375 0.5415356796874999 0.662269803125 0.5493350140625 0.6634586875 0.5650245765624999 0.67755520625 0.5965400703125 0.68723593125 0.6084095140625
0 0.66296361875 0.4850967703125 0.66435065 0.5034012640625 0.6809094265625 0.5215323359374999 0.7016522546874999 0.5217737 0.7037245453125001 0.5208414640625 0.715330046875 0.5066070859375 0.7166887296875 0.49878503125 0.7154998453125 0.4830954625 0.71080100625 0.47259029999999996 0.6948646109375 0.45542281874999996 0.6831458609375 0.4552864578125 0.6737765312499999 0.46040268125 0.6643223015624999 0.47727471406250005 0.66296361875 0.4850967703125
0 0.6386005375 0.43049493281249995 0.616947371875 0.4302429765625 0.6054330484375 0.444365525 0.604074365625 0.45218758281250004 0.6119152140625 0.4784050390625 0.621039171875 0.48492986875 0.6330786234375 0.4850699609375 0.6403346015625 0.4800420390625 0.6499869781250001 0.46578493437499996 0.6515438078125 0.4605778046875 0.6484017984375 0.44486551093750004 0.6386005375 0.43049493281249995
0 0.6666686984375 0.44955500312499996 0.67826325625 0.443643796875 0.683966934375 0.4352191421875 0.681617471875 0.4042135703125 0.6766497296875 0.3965978234375 0.668440934375 0.3912770609375 0.656722184375 0.3911407 0.6436447515625 0.3988264 0.641012284375 0.40271469687500006 0.641040634375 0.42884125156249997 0.6457394734374999 0.43934641250000006 0.6530707796875 0.445963275 0.6597481640625 0.44947447656249995 0.6666686984375 0.44955500312499996
0 0.7510873734375 0.5110856265625 0.7457091921875 0.504491490625 0.7417821453125 0.5019460640625 0.7297948671875 0.5018065796875 0.7182805421875 0.515929128125 0.7151668828125 0.526343384375 0.7157613234375 0.5341881671875 0.7208564578125001 0.5499231890625 0.7299804187500001 0.55644801875 0.743888596875 0.5566098546875 0.75522011875 0.5398725578125 0.755765009375 0.5380500609375 0.7543928390625 0.5199416875 0.7510873734375 0.5110856265625
0 0.7624647015625 0.5193590718750001 0.7822229890625 0.51958898125 0.787546796875 0.51646014375 0.795444196875 0.5047952375 0.7977401625 0.49453475156250004 0.7967667640625 0.4816889234375 0.790717009375 0.46816352187500004 0.785338828125 0.4615693875 0.7771300328125 0.4562486265625 0.7632600109375 0.453474609375 0.7536925328125 0.45597590625000006 0.74208703125 0.47021028437499995 0.7405302 0.47541741249999997 0.7419172328125 0.49372190624999995 0.7442666515624999 0.49897448750000006 0.7624647015625 0.5193590718750001
0 0.788070415625 0.5317398140625 0.7788166999999999 0.5242327125 0.7654359000000001 0.5240770125 0.7589032296875 0.528603728125 0.7545157859375 0.5350842296875 0.7559028171875 0.5533887234375 0.75864853125 0.5638711609375 0.7620735875 0.5704425718749999 0.7652000234375 0.572469059375 0.7826865203125 0.5726725328125 0.7855110875 0.5707152921875001 0.7903445078125 0.5617507296875 0.788070415625 0.5317398140625
0 0.6980130734375 0.45319356875 0.7197023109375 0.4751500625 0.7408266984375 0.4753958671875 0.7453976156250001 0.4733396015625 0.755248140625 0.461697425 0.7586561875 0.4525929046875 0.7556245328125 0.41258451249999994 0.755389590625 0.41205925312499997 0.7476619890625 0.40021253593750006 0.733197525 0.3895937359375 0.7271400031249999 0.386910628125 0.7173743781249999 0.3867969953125 0.7027401140625 0.399689821875 0.6932858859375 0.41656185468749996 0.6917290546875 0.42176898124999995 0.6931160859375 0.440073475 0.6980130734375 0.45319356875
0 0.6635227703125001 0.39397276406250004 0.6736846890625 0.3993162515625 0.6912628140625 0.39952079218750003 0.6986790203125001 0.39438184375 0.7118413515625 0.3749403359375 0.71197509375 0.37219863750000004 0.710558340625 0.3535019046875 0.7051610390625 0.3382858953125 0.6978297328124999 0.33166903125 0.681610290625 0.3236424359375 0.675750915625 0.3235742546875 0.6644284609375 0.3286677515625 0.6547760828125 0.34292485625 0.6518605703125 0.3559540421875 0.6528513078125 0.3690286796875 0.6602958609375 0.39001628125 0.6635227703125001 0.39397276406250004
0 0.5937249859375 0.31174515937499997 0.5986219734375 0.324865253125 0.6210121859375 0.34994569375 0.6280289234375 0.35231580625 0.6413228265625001 0.3524704953125 0.6501109125 0.34767166562499996 0.670491303125 0.32047628281249996 0.6730600734375 0.31188452031249997 0.670731840625 0.2811591203125 0.669075921875 0.2760452375 0.6620276640625 0.26028749375000004 0.6566494828125 0.25369335937500004 0.6484406875000001 0.2483725953125 0.640430040625 0.2456667609375 0.6171906875000001 0.24800896875 0.6097744828125 0.25314791875 0.59661215 0.272589421875 0.591941659375 0.2882108109375 0.5937249859375 0.31174515937499997
0 0.6821256531250001 0.25771681874999997 0.6843447140625 0.25671855625 0.6922421140624999 0.245053653125 0.6940713890625 0.238935275 0.6919231406249999 0.2105851 0.683693575 0.1966206734375 0.673135359375 0.18604732968749998 0.657510359375 0.185865515625 0.6457067109375 0.1974849671875 0.64259305 0.20789922500000002 0.64202695625 0.22618099218749999 0.6492733640624999 0.24455366562499997 0.6568028171875 0.25378545625000004 0.6625160359375 0.257488640625 0.6821256531250001 0.25771681874999997
0 0.7177769140625 0.3143320609375 0.730856503125 0.2994689390625 0.7338144796875 0.2895753921875 0.7315556 0.25976521875 0.7270917031249999 0.24978531249999997 0.717807271875 0.2431457234375 0.696322896875 0.2428957296875 0.69261479375 0.24546520468750002 0.6794524625 0.26490671093749996 0.676494484375 0.27480025625 0.6775842953125 0.289182359375 0.6824246734375 0.3041306265625 0.6937387640625 0.3140523515625 0.7177769140625 0.3143320609375
0 0.6933371562499999 0.216369484375 0.7030178828125 0.2282389265625 0.7140149015625 0.23310992656249999 0.7257031125 0.23324593125 0.737975984375 0.22603308125 0.7423634296875 0.2195525765625 0.747337496875 0.20021173750000001 0.7452916265625 0.173212609375 0.742108584375 0.1646845484375 0.734380984375 0.15283783281250002 0.7240209171875 0.1448794140625 0.7160102687500001 0.14217358125 0.7062446437500001 0.1420599484375 0.6951203359375 0.1497683703125 0.6889779140625001 0.158841075 0.682552446875 0.1770546609375 0.6817882046875 0.1927215 0.6933371562499999 0.216369484375
0 0.7352082484375 0.3781441765625 0.7405864296875 0.3847383140625 0.75700401875 0.395379834375 0.77653526875 0.3956071015625 0.7913676796875 0.38532920625 0.7993178265625 0.3711413578125 0.7967269 0.33694919687499997 0.791594028125 0.3239352203125 0.781913303125 0.312065775 0.7715532359374999 0.3041073609375 0.7537769640625 0.30128789375 0.7422563609374999 0.30376646093750004 0.731132053125 0.3114748828125 0.7216778234375 0.32834691718750003 0.723263003125 0.34926633749999997 0.7260087171875 0.359748775 0.7352082484375 0.3781441765625
0 0.7458520375 0.2943641546875 0.7676544640625 0.29461784999999996 0.779734584375 0.285244921875 0.7823670515625001 0.2813566234375 0.7850844171875 0.265712509375 0.7838955328125 0.25002294375 0.7815461140625 0.2447703625 0.7759697859375 0.2355612984375 0.7615053203125 0.2249425015625 0.7497865703125 0.2248061421875 0.740417240625 0.22992236250000003 0.7327179890625 0.24420219531249998 0.729802475 0.2572313796875 0.7356901984374999 0.283426109375 0.7432196531249999 0.29265789999999997 0.7458520375 0.2943641546875
0 0.8022878609375 0.24938382187500002 0.8112608968749999 0.23903774375000003 0.8166107437499999 0.228518875 0.8143611875 0.1988317546875 0.8008441312500001 0.1788262265625 0.7906822124999999 0.1734827390625 0.7809165874999999 0.17336910625 0.775255359375 0.175915853125 0.7656029828124999 0.19017295781250002 0.76073434375 0.20317941718750002 0.7615269328125 0.2136391265625 0.7687733406249999 0.23201180156249998 0.780407190625 0.24390397187500001 0.8022878609375 0.24938382187500002
0 0.7900708734374999 0.3160667296875 0.8036578499999999 0.327981628125 0.8116684968750001 0.3306874625 0.8311997468750001 0.3309147296875 0.8428052484374999 0.31668035 0.8443620796875001 0.3114732203125 0.8455226140625 0.3010362359375 0.8439374359375 0.2801168140625 0.84138986875 0.27224930468749997 0.8317091421875 0.260379859375 0.819197803125 0.2497837890625 0.8072809062499999 0.24703250312499997 0.794005325 0.2521032703125 0.7823998234375 0.2663376484375 0.7812392874999999 0.276774634375 0.782428171875 0.2924642 0.7851738875 0.3029466375 0.7900708734374999 0.3160667296875
0 0.8563658859375 0.38876588437500004 0.8632631234374999 0.37034006875 0.8615458468750001 0.3476773640625 0.850251665625 0.3338296765625 0.8420428718749999 0.328508915625 0.82661601875 0.330942028125 0.8113024140625 0.3477458828125 0.8103400265625 0.36079779375 0.8134820359375 0.3765100875 0.82551218125 0.3936321140625 0.8291541734375001 0.395245290625 0.8450267281249999 0.395429984375 0.8563658859375 0.38876588437500004
0 0.7902843500000001 0.46192125781250004 0.8171897687499999 0.46223433125 0.8250071734375 0.4552115453125 0.8296656375 0.44200669374999996 0.827467853125 0.41300278749999997 0.820846078125 0.4002980640625 0.813316625 0.3910662734375 0.805305978125 0.3883604390625 0.789680978125 0.388178625 0.7741692265625 0.40236755156250004 0.7681400515625 0.42581099218749996 0.7689326421875 0.4362707046875 0.7712820609375 0.4415232859375 0.78526533125 0.458668040625 0.7902843500000001 0.46192125781250004
0 0.8012865421875001 0.49755675000000005 0.7953422671875 0.509244378125 0.792426753125 0.5222735640625 0.7957669109375 0.540600784375 0.8004657500000001 0.5511059484375 0.8135354640625 0.563664759375 0.8480435921874999 0.564066296875 0.849208975 0.5634299281249999 0.855351396875 0.5543572250000001 0.8600218875 0.5387358359375 0.8580404140625 0.5125865609375 0.8535397218749999 0.5046963234375 0.841905871875 0.4928041515625 0.8336970765625 0.487483390625 0.8237333046875 0.484754828125 0.8122127015625 0.48723339687499995 0.8012865421875001 0.49755675000000005
0 0.8242316031250001 0.56343764375 0.8160228093749999 0.5581168828124999 0.8003978093749999 0.55793506875 0.78879230625 0.5721694484375 0.78587679375 0.5851986328125001 0.7884243609375 0.5930661421875 0.802605778125 0.6128258234375 0.810418278125 0.61291673125 0.8317894062500001 0.5987959859374999 0.8321573515624999 0.577899290625 0.8242316031250001 0.56343764375
0 0.8705925562499999 0.6486204125 0.871647428125 0.645802346875 0.8690060640624999 0.6109445671875 0.8577414734375 0.594912125 0.847579553125 0.5895686375 0.8325489953125 0.59723160625 0.8230947656250001 0.6141036390625 0.824481796875 0.6324081328125 0.829378784375 0.645528225 0.8442188375 0.659250253125 0.8586127796874999 0.659417740625 0.862497009375 0.6576703890625 0.8705925562499999 0.6486204125
0 0.8414777859375 0.4774975921875 0.8455821828125 0.480157975 0.84822580625 0.48132893593750004 0.8776807109375 0.481671675 0.88057251875 0.475158446875 0.8773333593749999 0.43241164374999996 0.87569985 0.426949671875 0.8679722484375001 0.41510295625 0.8638678515624999 0.4124425734375 0.8578103296874999 0.4097594671875 0.8421853296874999 0.4095776546875 0.833014146875 0.4173088015625 0.8270698718749999 0.42899643593750003 0.8259093359375 0.43943341875 0.8272963687500001 0.4577379125 0.8414777859375 0.4774975921875
0 0.9166155046875 0.41773810468750006 0.9249091984375 0.41130305468749995 0.9287135109375001 0.38940129687499997 0.9283172171875 0.3841714421875 0.925645090625 0.369509665625 0.91771934375 0.35504801874999997 0.9034780953125001 0.3445930921875 0.88923354375 0.34442734218750004 0.8782605484375001 0.34936363125000003 0.8633432390625 0.3713973390625 0.862097775 0.3755630421875 0.8636631390625 0.396220971875 0.8680704265625 0.4080290546875 0.8734486078125 0.41462318906249995 0.881657403125 0.41994395156250003 0.887341003125 0.422461434375 0.8980711359375 0.42258629062499997 0.9166155046875 0.41773810468750006
0 0.862891959375 0.3139369828125 0.8768752296875 0.3310817359375 0.880447571875 0.3333972515625 0.9051509921875001 0.3336847015625 0.9100783546875 0.3314680890625 0.9232406859375001 0.3120265828125 0.9277130296875 0.29379026874999997 0.9267222937499999 0.2807156296875 0.922023453125 0.270210465625 0.912540875 0.26095594843750003 0.9002276828125 0.25297480625 0.8865558078125 0.25281571875000003 0.8752333531250001 0.2579092140625 0.867817146875 0.2630481640625 0.8581647703125 0.27730526875 0.8566079406249999 0.28251239687499996 0.85819311875 0.30343181874999997 0.862891959375 0.3139369828125
0 0.828846790625 0.22518098593749997 0.8385275171875 0.2370504296875 0.8543033328125 0.24567018593749998 0.8825236999999999 0.2459985609375 0.884043834375 0.2454179265625 0.8938943578125 0.23377574843749999 0.89896114375 0.2233842171875 0.899889571875 0.2150346296875 0.8974721750000001 0.1831325125 0.89324321875 0.17367786406250002 0.870654859375 0.14598249375 0.8624460640624999 0.1406617328125 0.8448679390624999 0.1404571921875 0.83179050625 0.1481428890625 0.8236949593749999 0.15719286562499998 0.8186281734374999 0.16758439687499999 0.81760920625 0.2004915765625 0.8179500187500001 0.20498925156249997 0.828846790625 0.22518098593749997
0 0.8208651187499999 0.7082909421875 0.8244034234375001 0.729233090625 0.8323291703125 0.7436947359375 0.8450386578125 0.756905734375 0.8552005781249999 0.7622492234375 0.8656419 0.7640947265625 0.8732813937499999 0.7641836203125 0.8842993046875 0.7599751953125 0.8992166156250001 0.7379414875 0.90016415625 0.7337070015625 0.898603746875 0.7131144453125 0.8942912796875 0.6986948453124999 0.887639315625 0.688166953125 0.8779585890625 0.676297509375 0.861739146875 0.6682709124999999 0.846114146875 0.6680890984375 0.8404529203125 0.670635846875 0.8293286125 0.6783442703125 0.8249411671875 0.684824771875 0.8218275078125 0.6952390296875001 0.8208651187499999 0.7082909421875
0 0.9028317921875001 0.7380085546874999 0.9125125187500001 0.749877996875 0.9177829296875 0.7522124640625 0.9377334515625 0.752444609375 0.9418093937500001 0.750218896875 0.9497067921875001 0.7385539953125 0.9492821484375 0.7071975875 0.9469327296875001 0.70194500625 0.9374501515624999 0.6926904890625 0.9134182093750001 0.6845729859375 0.90775698125 0.687119734375 0.8983027515625001 0.7039917671875 0.9004823734375 0.732755971875 0.9028317921875001 0.7380085546874999
0 0.9390458828125 0.6706138515625 0.9412537421874999 0.657903009375 0.9379843109375001 0.6147567031250001 0.926959040625 0.6012387234375 0.919054275 0.5961150281250001 0.8949657328124999 0.59583473125 0.885943415625 0.6007614640625001 0.8745360609375 0.617610771875 0.8718186953125 0.633254884375 0.8732057265625001 0.651559378125 0.8781027140625 0.6646794703125 0.89619038125 0.6844846046875 0.9059759328125001 0.6896301859375 0.9183939499999999 0.6897746812500001 0.931148484375 0.68227875625 0.9390458828125 0.6706138515625
0 1 0.7016675828125 0.9880744109374999 0.6912096140624999 0.9744025359374999 0.6910505265625 0.96112695625 0.6961212953125 0.9534277046874999 0.710401128125 0.952069021875 0.718223184375 0.95325790625 0.73391275 0.9558054734375 0.741780259375 0.97174186875 0.7589477421875 0.9847201906249999 0.76391920625 0.9872924031249999 0.7639491359374999 0.995377515625 0.7618353875 1 0.7550077171875 1 0.7016675828125
0 1 0.60603573125 0.9889393999999999 0.5996150234375001 0.9698044453125 0.6046176125 0.958397090625 0.62146691875 0.9539247468750001 0.6397032328125001 0.95511363125 0.6553927984375 0.962558184375 0.6763803984375001 0.9739938890625 0.6856576421875 0.9806218328125 0.688937646875 1 0.6891631312500001 1 0.60603573125
0 0.8697625859375 0.5955414671875 0.8904444609375 0.595782121875 0.9002420578124999 0.5879461765625 0.904629503125 0.5814656734375 0.9055636 0.5783413984375 0.9037089406250001 0.553865671875 0.893448496875 0.536920996875 0.886117190625 0.530304134375 0.8800596687500001 0.5276210265625 0.8663877937500001 0.5274619406250001 0.851470484375 0.549495646875 0.8507741624999999 0.555757840625 0.851328975 0.5630796390625 0.852857515625 0.567800140625 0.8695864999999999 0.5954273328124999 0.8697625859375 0.5955414671875
0 0.9383931750000001 0.602125725 0.9424975718749999 0.6047861046875 0.9461909343749999 0.6057975250000001 0.9597115015625001 0.6059548515625 0.9639819468749999 0.6050360984375 0.9733512781250001 0.599919875 0.9847586328125001 0.5830705703125 0.9878722921875 0.5726563109375 0.9864852609374999 0.5543518171875 0.9792388546874999 0.53597914375 0.96545373125 0.52144931875 0.9552918109374999 0.5161058296875 0.9398649593749999 0.5185389453125 0.9267875265625 0.5262246421875 0.92240008125 0.5327051421875 0.9161727609374999 0.5535336578125001 0.9169653500000001 0.5639933703125 0.9242117578125001 0.58236604375 0.9383931750000001 0.602125725
0 1 0.46706929375 0.985354303125 0.46689887499999994 0.9702388453124999 0.48631765624999995 0.9669270375 0.4941169859375 0.9657294828125 0.5129994953125 0.9794667265625 0.5308396078125 0.9867085812499999 0.5360184875 1 0.5361731468750001 1 0.46706929375
0 0.9345883718750001 0.4785197515625 0.9420059453125 0.48242016718749997 0.9662843765625 0.482702671875 0.9754058499999999 0.47638208281249994 0.9868132046874999 0.459532775 0.9891909 0.4458441765625 0.9866397515625 0.41217698281250004 0.9848033828125 0.40725694843750004 0.9751226562499999 0.3953875046875 0.9669138625 0.39006674218750004 0.9487412953125001 0.38201741875 0.9352675671874999 0.3844732609375 0.930681975 0.388338834375 0.91352849375 0.4194907 0.9159062625000001 0.4508698328125 0.9206051015625001 0.46137499843749996 0.9345883718750001 0.4785197515625
0 0.9294516390625001 0.5188911093749999 0.9304635781249999 0.5155064765625 0.9280885124999999 0.48416300312500005 0.9171949968750001 0.4730276046875 0.8968711578124999 0.46234062812500004 0.883510678125 0.479167209375 0.8768870625 0.4947658671875 0.8755283796875 0.5025879234375 0.8778778 0.5078405046875 0.8994717765625 0.5365645171875 0.9146147843750001 0.536740721875 0.9197992625 0.533148215625 0.9294516390625001 0.5188911093749999
0 0.629962853125 0.5865066546875 0.6327890671875 0.586539540625 0.6573529812500001 0.57715705625 0.6705153125 0.557715546875 0.675836125 0.5339372859375 0.675177284375 0.5252426515625 0.6730061828125 0.5133299578125 0.6545222203125001 0.488294965625 0.6484646984375 0.4856118609375 0.6174128453125001 0.48786315937499997 0.609996640625 0.49300211093749996 0.5968343078125 0.51244361875 0.595475625 0.5202656734375 0.5976552468749999 0.5490298796874999 0.6139879359375 0.5714272125 0.629962853125 0.5865066546875
0 1 0.3160849078125 0.9837098281250001 0.30397953125 0.9770738453125001 0.30173803125 0.9654312921875 0.3016025578125 0.9512992921875 0.3140528890625 0.9418450625 0.330924921875 0.93904276875 0.3402977546875 0.9392805453124999 0.34343566718749996 0.94422283125 0.362304053125 0.954101703125 0.3767884265625 0.9644617703125 0.38474684375 0.9834362406249999 0.39235715781249997 0.9858941234374999 0.39238575781249996 0.99981616875 0.3877708515625 1 0.3874022359375 1 0.3160849078125
0 1 0.22872730937500002 0.9880988453124999 0.22283772656249998 0.9746251171875 0.225293565625 0.965453934375 0.23302471875 0.9561978515625 0.2525116796875 0.9548391687500001 0.26033373437499996 0.95582990625 0.2734083734375 0.9630763124999999 0.291781046875 0.96845449375 0.298375184375 0.9743929203125001 0.30170683593750003 1 0.3020048015625 1 0.22872730937500002
0 0.8944964765625001 0.22369513125 0.8976384859375001 0.23940742187500003 0.908989290625 0.2604404765625 0.9204786703125001 0.26829591875 0.9438703531250001 0.26856810625 0.95459050625 0.2570521640625 0.96248790625 0.245387259375 0.9630539984375 0.227105490625 0.953260025 0.2008653078125 0.9433811515625001 0.186380934375 0.9373236296874999 0.1836978265625 0.9177923796874999 0.183470559375 0.90295996875 0.19374845624999998 0.893902034375 0.21585034531249997 0.8944964765625001 0.22369513125