0 0.09158506718750001 0.7412865937500001 0.105008240625 0.7240469453125 0.1109767875 0.7109124515625 0.1149922109375 0.6978347874999999 0.11664204843749999 0.6874181218750001 0.1118259375 0.656452271875 0.10335227656249998 0.6424419203125 0.091330240625 0.6324230640625 0.0713477046875 0.630930765625 0.064707084375 0.6311239875 0.058127115625 0.6333891765625 0.0428054015625 0.6442036546875001 0.0376071875 0.6586118171875001 0.0315294671875 0.6847103125 0.02616749375 0.7185644796874999 0.0272957 0.7237159828124999 0.0357693609375 0.737726334375 0.052539554687500004 0.749680765625 0.06490934375 0.749320840625 0.09158506718750001 0.7412865937500001
0 0.1136179984375 0.62335001875 0.1181308234375 0.64395603125 0.1266044828125 0.6579663828125 0.1299235859375 0.660332365625 0.15902514375000001 0.659485596875 0.16998569375 0.6541119531249999 0.1834088671875 0.6368723046875 0.183895025 0.6359509 0.1901128515625 0.5966930875 0.19042067812500002 0.5926014703125 0.188576725 0.579694296875 0.176196815625 0.5657976062500001 0.163349859375 0.560987084375 0.151631109375 0.5613280656249999 0.1300375625 0.5749172 0.1264891859375 0.5789086953125 0.11537700937499999 0.5999693500000001 0.1133147125 0.6129901828125 0.1136179984375 0.62335001875
0 0.12239837656250001 0.792233325 0.1348328734375 0.7996480140625 0.1524109984375 0.79913654375 0.1586828328125 0.7963618859375 0.175088021875 0.7799340875 0.1821603265625 0.735281309375 0.18035519687499998 0.727038903125 0.16684708125 0.707990709375 0.156365709375 0.7005191890625 0.136834459375 0.701087490625 0.12387833125 0.709240971875 0.117551909375 0.71849763125 0.112915375 0.7404067296875 0.1089557640625 0.7654067296875 0.1104309265625 0.7757324671875 0.12239837656250001 0.792233325
0 0.1821615796875 0.7954195078125 0.18734160312499998 0.7970832999999999 0.20491973593749999 0.796571828125 0.22009587343749998 0.7891314031250001 0.237425296875 0.7717780921874999 0.2457594296875 0.7559826015625 0.24947156406249998 0.7325451015625 0.2487558171875 0.7247894328125 0.244958740625 0.7119390906249999 0.2391539515625 0.705627578125 0.22198828593750003 0.703534884375 0.18785106875 0.72267333125 0.1834777734375 0.7318731609375 0.172147253125 0.778861821875 0.173275459375 0.7840133234375 0.1786677890625 0.7929290015625 0.1821615796875 0.7954195078125
0 0.2723840421875 0.665518984375 0.285340171875 0.6573655031250001 0.3086381421875 0.6268777 0.3118956671875 0.6133684609375 0.313823915625 0.60119398125 0.313175196875 0.5982318671875 0.2998308390625 0.55973766875 0.29751984062500003 0.5559166640625001 0.28703846875 0.5484451453125 0.27336659375 0.54884295625 0.265141634375 0.5516744421875 0.2592276734375 0.5583269343749999 0.2485279578125 0.576783421875 0.24410007500000003 0.5924652515625 0.239563021875 0.6211110843750001 0.2467447171875 0.6494159374999999 0.252137046875 0.6583316156250001 0.2591246265625 0.663312628125 0.2645715421875 0.6657463046875 0.2723840421875 0.665518984375
0 0.3391866765625 0.6570948125 0.34140911093750004 0.6528826828125001 0.34272898125 0.6445493484375 0.34248635156249996 0.6362614796875 0.337973528125 0.615655465625 0.3302156140625 0.6094007859375 0.3224031140625 0.60962810625 0.3098594453125 0.6151774203125 0.2921175609375 0.6351348953125 0.2843390375 0.6498773531250001 0.28110123124999997 0.6703200625 0.284996578125 0.6923697328125 0.2888482421875 0.6987380734374999 0.299742071875 0.7036054265625 0.305601446875 0.7034349359375 0.313468534375 0.6967256140625 0.3391866765625 0.6570948125
0 0.29760916718749997 0.802688203125 0.30500161875 0.7943725875000001 0.3113818515625 0.7540893843750001 0.3086909875 0.7388577046875 0.301812578125 0.7209126890625 0.29487958281250004 0.709449675 0.2894326671875 0.7070159984375 0.2835732921875 0.7071864890625 0.2710296234375 0.7127358015625 0.262750078125 0.7220492921874999 0.254415946875 0.7378447828125 0.2511162703125 0.758678115625 0.2532635109375 0.781945125 0.26481850156250003 0.8010501484375 0.2737592078125 0.8059743312500001 0.2811592484375 0.8083511781249999 0.2889717484375 0.8081238578125 0.29760916718749997 0.802688203125
0 0.3597163359375 0.6747722265625 0.3415074078125 0.703815871875 0.335842146875 0.7273102015624999 0.3384018453125 0.74797304375 0.343794175 0.7568887203125 0.347812034375 0.7597528046875001 0.3657563703125 0.7592306765625 0.37782221875 0.7507142765625 0.38846735 0.7387397906250001 0.398038859375 0.7151318 0.40411657968750003 0.689033303125 0.40381329218750006 0.6786734671875 0.3957520921875 0.6620589484375 0.38876451093750003 0.6570779359375 0.37704576093750003 0.6574189171875 0.37272705156249997 0.6601367437500001 0.3597163359375 0.6747722265625
0 0.43824524218749994 0.6895884031249999 0.429740653125 0.6644927484375 0.4096190734375 0.6730123625 0.40382834843750004 0.6835562859375 0.3881834484375 0.7386910624999999 0.39168381874999997 0.744478571875 0.40638316718749995 0.744050865625 0.411978821875 0.741886934375 0.4202583671875 0.732573446875 0.434876896875 0.7108553046874999 0.43824524218749994 0.6895884031249999
0 0.38031748906249996 0.568023625 0.384745371875 0.5523417953124999 0.3920604703125 0.5184307984375 0.3860069796875 0.49527744843750005 0.38369598125 0.49145644375 0.380202190625 0.4889659359375 0.3665108984375 0.48703136406249997 0.3639718453125 0.48710524218750006 0.354811565625 0.489704728125 0.34416643593749996 0.5016792140625 0.3326418015625 0.525344034375 0.32821391875 0.5410258640625 0.328408034375 0.5643497046875 0.3317926515625 0.5798042140625 0.33718498124999996 0.5887198921875 0.34567865000000003 0.593397865625 0.365811259375 0.592812065625 0.38031748906249996 0.568023625
0 0.3661070078125 0.597598965625 0.3616791265625 0.613280796875 0.36104832187499997 0.6418129703125001 0.3625344015625 0.6508423078125001 0.36829915625 0.65495164375 0.381254884375 0.6545746703125 0.3961499859375 0.647272028125 0.40442953125000003 0.637958540625 0.40998561875000006 0.6274282125 0.41884138281250005 0.596064553125 0.416281684375 0.5754017109375 0.41243002031250003 0.56903336875 0.4054424390625 0.56405235625 0.3956768140625 0.56433650625 0.3823082265625 0.5750941546874999 0.3661070078125 0.597598965625
0 0.4563359171875 0.58518815 0.45779863125000003 0.573804865625 0.4504531765625 0.56494601875 0.4450062609375 0.5625123421875 0.4352406359375 0.5627964921874999 0.425007965625 0.5721668109375 0.4147207078125 0.58801913125 0.4119426640625 0.5932842953125 0.4082305296875 0.6167217953125 0.41007448125 0.62962896875 0.41505435156250003 0.6411488125 0.4294419734375 0.648506671875 0.44157318281249996 0.6455615234375001 0.447585884375 0.6404336859375 0.4563359171875 0.58518815
0 0.41447685312500004 0.561326925 0.4221025359375 0.564734071875 0.4285478484375 0.56454653125 0.43596122812500004 0.5607017937500001 0.45411557187499996 0.53814015 0.4546017296875 0.537218746875 0.46084017812500006 0.49783072656250005 0.4599991765625 0.48871781406250003 0.45460684687499997 0.47980213593750004 0.44761926562500004 0.4748211234375 0.44021922656249995 0.4724442765625 0.42767555625 0.47799359218750004 0.4189835515625 0.48991124687500004 0.406633996875 0.5187844015625 0.40682811250000006 0.542108240625 0.4090845234375 0.552411246875 0.41447685312500004 0.561326925
0 0.46246526093749996 0.663098784375 0.473251840625 0.6627849265625 0.48786194531250004 0.65004703125 0.4932858015625 0.6366691703125 0.49794659374999994 0.6072420875 0.4988891796875 0.5926985359375 0.49657818125000003 0.58887753125 0.467693765625 0.587125815625 0.4617798046875 0.593778309375 0.456223715625 0.6043086343749999 0.45254675625 0.61893175 0.45106190156250003 0.6283067499999999 0.4515774890625 0.6459184718750001 0.45809802499999996 0.659985653125 0.46246526093749996 0.663098784375
0 0.5066108203125 0.552538309375 0.511179178125 0.5236948390625 0.5051436703125 0.5050309671875 0.49779821718750006 0.49617211875 0.493440684375 0.49422517812500005 0.4901203734375 0.4943217890625 0.4700420078125 0.4995719078125 0.4613500015625 0.5114895640625 0.4494129078125 0.5377585515625001 0.44528831249999995 0.5638002171875 0.4552480515625 0.58683990625 0.45894362656250004 0.5901021906249999 0.4776610734375 0.58955756875 0.4885057640625 0.5793917937499999 0.5019289375 0.56215214375 0.5066108203125 0.552538309375
0 0.46443828906249995 0.4867741328125 0.47029766406249995 0.48660364375 0.4746163734375 0.483885815625 0.4876270890625 0.46925033281250006 0.49277071718750004 0.461324171875 0.4932492921875 0.46014377343749996 0.4967139515625 0.4382687734375 0.4910905234375 0.42897099531249994 0.4790684859375 0.4189521390625 0.4732091109375 0.41912262968749997 0.4688904015625 0.42184045625 0.46297643906249997 0.42849295 0.4550547671875 0.441684271875 0.4529924703125 0.4547051046875 0.4544239640625 0.47021644531250006 0.4594038328125 0.4817362890625 0.46443828906249995 0.4867741328125
0 0.5201563390625 0.490337234375 0.5256032546875 0.4927709109375 0.5334157546875 0.49254359062499997 0.5492045125 0.47264294375000004 0.551118815625 0.46792134687500003 0.55540839375 0.4408380125 0.5549789453125 0.436184609375 0.5538507390625 0.43103310781250004 0.5469177453125 0.41957009218749997 0.5434239546875 0.41707958593749994 0.5375645796875 0.4172500765625 0.5226007390625 0.4319423890625 0.51815586875 0.4403666515625 0.5125464203125001 0.4757833171875 0.51322334375 0.47887422031250004 0.5201563390625 0.490337234375
0 0.5939080437500001 0.49726385625 0.599876590625 0.48412936406249996 0.6006165671875 0.44263318749999997 0.5910147015625 0.42347133281250005 0.5859802453125 0.418433490625 0.5742614953125 0.41877447031250004 0.5636709515625 0.4242669546875 0.5601225750000001 0.42825844999999996 0.5513759828125 0.44665810781250004 0.546838928125 0.47530394062500003 0.54672975625 0.48826794375000004 0.55674408125 0.50482563125 0.5652723281250001 0.51235398125 0.5769910781250001 0.5120129999999999 0.5813097875000001 0.5092951718750001 0.5939080437500001 0.49726385625
0 0.5466165828125 0.5650857328125001 0.5546845390625 0.5141466546875 0.5480523703125 0.500477440625 0.5445585796875 0.4979869328125 0.5269804546875 0.49849840468749995 0.516747784375 0.507868721875 0.5139697390625 0.5131338875 0.507564503125 0.5781243921875 0.515202621875 0.5853546234375 0.5258285500000001 0.585045440625 0.5376317109375 0.578545609375 0.5466165828125 0.5650857328125001
0 0.52561795625 0.71362296875 0.5358506265625 0.70425265 0.54624705625 0.675436325 0.5532588671875 0.6311654921875001 0.55265229375 0.6104458203124999 0.5515240875 0.6052943156249999 0.5461317578125 0.5963786375 0.5243440968749999 0.5866439328124999 0.5126253468749999 0.5869849140625 0.5020348015625 0.5924773984375 0.49138967187500004 0.604451884375 0.485008665625 0.6201905437499999 0.48253390781250005 0.6358155437499999 0.48270379218750004 0.7083912296875 0.485014790625 0.712212234375 0.49395549687500007 0.7171364171875 0.5000405109375 0.7179962265625 0.5141030140625 0.71758705 0.52561795625 0.71362296875
0 0.564407184375 0.6881279625000001 0.5644569500000001 0.6881206234375 0.5727361375 0.6358478953125 0.574407809375 0.622838428125 0.5638718515625001 0.6218489109374999 0.5595531421875 0.6245667390625 0.55363918125 0.6312192296875 0.5500362187500001 0.6416927265625 0.5467365421875 0.662526059375 0.5470398296875 0.672885896875 0.5492962421875001 0.683188903125 0.5541142171875 0.6884274578125 0.564407184375 0.6881279625000001
0 0.5927144156249999 0.6250923390625001 0.6009939609375 0.6157788484375 0.603082953125 0.6111817765625001 0.6094348296875001 0.571077609375 0.6096556109375 0.5610913484375 0.6046757406250001 0.5495715046874999 0.595322575 0.5472514890625 0.5870976156250001 0.550082975 0.5815961140625 0.5541313 0.570787225 0.5855517906250001 0.569549846875 0.5933642906250001 0.5716970859375 0.6166313 0.5770894156249999 0.6255469796875001 0.5927144156249999 0.6250923390625001
0 0.5895814734375 0.5368554640625 0.5976283484375 0.5471843984375 0.6069924953125 0.5469119296875 0.61373471875 0.543929171875 0.6233062296874999 0.52032118125 0.6285590296875 0.49943101875 0.62374291875 0.46846517031249996 0.6194787953125 0.4647009953125 0.6053944609374999 0.4677029734375 0.59474933125 0.47967745937500006 0.5915588281249999 0.4875467890625 0.5882591515625 0.5083801218749999 0.5895814734375 0.5368554640625
0 0.6596646703125 0.4994331953125 0.6594353875000001 0.49535720625 0.655638309375 0.4825068640625 0.64871259375 0.4741542359375 0.6378588 0.47447004843749996 0.6318429359375 0.479310990625 0.6203728875000001 0.49649380781249997 0.6187230484375 0.506910475 0.61704898125 0.5665789875 0.6224372640625 0.5697920203125 0.6243903875 0.569735190625 0.6401286078124999 0.5620191906249999 0.648408153125 0.552705703125 0.6524363171875 0.5450712156249999 0.6596646703125 0.4994331953125
0 0.632739253125 0.668512978125 0.6362876296875 0.664521484375 0.63684596875 0.6631443515625 0.6441774359375 0.6168552890625 0.6441243609375 0.6150423171875 0.63617233125 0.5854637953124999 0.6233253750000001 0.5806532734375 0.6154582890625 0.5873625953125 0.6126802453125 0.592627759375 0.6069058125 0.6290860921875 0.606796640625 0.6420500953125 0.6128501296875 0.6652034453125 0.622148709375 0.6740054625 0.632739253125 0.668512978125
0 0.681633453125 0.6059152015625 0.686650459375 0.5941854828124999 0.6940360625 0.5475546234374999 0.6907621484375001 0.5421415328125 0.685859921875 0.5399512234375 0.6790239875 0.5401501296875 0.6751371484375001 0.5425961734375 0.6668576015625 0.5519096640625001 0.6557454265625 0.5729703171875 0.6525549234375 0.580839646875 0.64966770625 0.5990688140625 0.652639865625 0.6171274890625 0.6563374625 0.623241096875 0.6684468375 0.62288875 0.678855409375 0.6111803640625 0.681633453125 0.6059152015625
0 0.6743124875000001 0.479371334375 0.6701878921875 0.5054130015625 0.6723351328125 0.5286800109375001 0.6792681265625 0.540143025 0.6996242968749999 0.5343663921874999 0.7074913828125 0.52765706875 0.7145031937499999 0.48338623593749996 0.7133749875000001 0.47823473125 0.698738665625 0.4540350359375 0.6861949968750001 0.4595843484375 0.6775029906250001 0.4715020046875 0.6743124875000001 0.479371334375
0 0.6981636453125 0.452755684375 0.701046015625 0.4443768859375 0.7062430046875 0.4115643875 0.7056970875 0.3929166796875 0.7018454234375 0.386548340625 0.69023989375 0.37962796249999997 0.6764378109375 0.3800295625 0.67142034375 0.3822492875 0.6683450828125 0.385708584375 0.660508353125 0.43518775 0.6610542703125 0.45383545625000005 0.6633106828125 0.46413846249999996 0.6699355437500001 0.47509200937499996 0.67931054375 0.47481922499999996 0.6843280109375 0.4725995 0.690241971875 0.4659470078125 0.6981636453125 0.452755684375
0 0.6227320890625 0.47024429375 0.6366869187499999 0.46407068125000006 0.6426008796875 0.4574181890625 0.6457913828125 0.449548859375 0.650740896875 0.418298859375 0.64694381875 0.4054485171875 0.6446328218749999 0.4016275125 0.62746715625 0.399534815625 0.6192421968749999 0.402366303125 0.6152813593750001 0.408961965625 0.611678396875 0.41943546249999997 0.6079662625 0.44287296249999997 0.6078570890624999 0.455836965625 0.61323689375 0.470520575 0.6227320890625 0.47024429375
0 0.6580541234374999 0.3046140296875 0.6474089937499999 0.316588515625 0.6410279859375 0.332327175 0.636078471875 0.363577175 0.637922425 0.3764843484375 0.6463960859375 0.3904947 0.6557492515625001 0.3928147140625 0.669172425 0.375575065625 0.672362928125 0.3677057359375 0.6792655671875 0.33639890625 0.6793747390625 0.323434903125 0.677118328125 0.313131896875 0.6717259984374999 0.30421621875 0.6580541234374999 0.3046140296875
0 0.7569538640625 0.3651147828125 0.75723166875 0.3645882671875 0.76358354375 0.3244841 0.7629466421875 0.30272844375 0.75447298125 0.28871809375 0.743991609375 0.281246575 0.732272859375 0.2815875546875 0.7228651078125 0.285749540625 0.7114254140625 0.345702203125 0.7127477359375 0.37417754687500004 0.714595521875 0.3758086875 0.7483194828124999 0.3748274203125 0.7569538640625 0.3651147828125
0 0.7805954640625 0.3517900765625 0.78365434375 0.3450586484375 0.7914395171875 0.295905003125 0.790494490625 0.2892900765625 0.7881834921875 0.28546907187500004 0.7827365765625001 0.2830353953125 0.7788303265625001 0.28314905625 0.773328825 0.28719738125 0.7600451796875001 0.334242871875 0.7599360078124999 0.3472068734375 0.7626136734375 0.3541926125 0.7783140078125 0.3537357796875 0.7805954640625 0.3517900765625
0 0.6720743859375 0.640798746875 0.680510603125 0.652088415625 0.6947506578125 0.651674071875 0.69818075625 0.647815625 0.7065148890625 0.632020134375 0.7101178515625 0.6215466375 0.7033486156250001 0.59063761875 0.6994969515625 0.5842692765625 0.6889064078125 0.5897617609375 0.6810393218749999 0.5964710828124999 0.6774363578125 0.60694458125 0.6713586390625 0.6330430765624999 0.6720743859375 0.640798746875
0 0.7234912125 0.6446166109375 0.72743395625 0.641715309375 0.7404073484375 0.5984698890625 0.7430109984375 0.5820310875 0.742009565625 0.58037531875 0.7221750296875 0.5705837828125 0.7138954828124999 0.579897271875 0.7111174390625 0.5851624359375001 0.7079269359375 0.5930317656249999 0.705452178125 0.6086567656249999 0.704930546875 0.6242249359375001 0.70564629375 0.63198060625 0.7116629703124999 0.6449607765625001 0.7234912125 0.6446166109375
0 0.74627190625 0.6400007078125001 0.7419774265625 0.5934666875 0.73925396875 0.59224985 0.7313868828125 0.5989591734374999 0.7281963796875 0.606828503125 0.725721621875 0.622453503125 0.727153115625 0.6379648421875 0.7319676953124999 0.64592526875 0.7449885296875001 0.6455464015625 0.7454469875 0.6452090421875 0.74627190625 0.6400007078125001
0 0.7710789765625 0.5717529875 0.7675851859375 0.56926248125 0.7597726859375 0.5694898015625001 0.7538587234375 0.57614229375 0.747259371875 0.617808959375 0.760932778125 0.6404165734375 0.7687896671875001 0.6401879609375001 0.77399813125 0.6318803468749999 0.780533121875 0.59062004375 0.7710789765625 0.5717529875
0 0.762512525 0.5791955062499999 0.773570115625 0.564616853125 0.7764415687499999 0.55753445625 0.7787100953125 0.543211540625 0.7765665046875 0.533423684375 0.7727148406250001 0.5270553421875 0.7629492156250001 0.5273394921875 0.7499385000000001 0.541974975 0.7446602171875 0.5519787875 0.7407418515625 0.5767183703125001 0.7413860234375 0.5836984734375 0.743697021875 0.587519478125 0.749556396875 0.5873489875 0.762512525 0.5791955062499999
0 0.741999853125 0.568775659375 0.745542159375 0.5562301953125 0.7507391484375 0.52341769375 0.749836584375 0.51929649375 0.7386940515625 0.497587303125 0.7289284265625 0.497871453125 0.72064888125 0.507184940625 0.718096478125 0.5134804046875 0.7127345046875 0.5473345734375 0.7170216875000001 0.5669102859375 0.7221635078124999 0.5731114796875 0.73856975625 0.57263410625 0.741999853125 0.568775659375
0 0.767647 0.4854041359375 0.774132925 0.44445361562499996 0.7711286265624999 0.439486309375 0.7664411265625 0.43962270156249994 0.7539035296875001 0.453725984375 0.7511254843749999 0.45899114843750005 0.747522521875 0.46946464375 0.745872684375 0.47988131093749997 0.7477166375000001 0.492788484375 0.7564903359375 0.4959030109375 0.7587038765624999 0.495838603125 0.7621588453125 0.4936643421875 0.765707221875 0.489672846875 0.767647 0.4854041359375
0 0.7601419578125 0.38303756718750004 0.7551620890625 0.3715177234375 0.7493027140625 0.3716882140625 0.7430308796875 0.37446287031250003 0.7347513328125 0.383776359375 0.7283703265625 0.3995150203125 0.725786396875 0.428104021875 0.7323069328125 0.44217120468750004 0.7433099359375 0.434074553125 0.7543675249999999 0.4194959 0.7551706109375 0.4168803671875 0.7602851078125 0.38458870156249997 0.7601419578125 0.38303756718750004
0 0.7832901453125001 0.40627674999999996 0.785842546875 0.3999812859375 0.789224715625 0.3786271203125 0.7886521171875 0.37242258437500003 0.7825440421875001 0.355751234375 0.7747315421875001 0.35597855625 0.76881758125 0.3626310484375 0.763074675 0.3767958421875 0.7596925062500001 0.398150009375 0.7609808499999999 0.412110215625 0.7670146156250001 0.41938712499999997 0.7734891 0.4191987359375 0.7832901453125001 0.40627674999999996
0 0.8045683171875 0.44868756249999997 0.8111401718750001 0.40719450625000003 0.8087129093750001 0.3924465875 0.8013674546875 0.383587740625 0.7974612046875 0.38370139999999997 0.7888237859375 0.389137053125 0.7793068609375 0.40626304375 0.778566884375 0.44775921875 0.779217021875 0.454803953125 0.8008511359374999 0.45417446406249995 0.803132590625 0.4522287609375 0.8045683171875 0.44868756249999997
0 0.8094146890625 0.3763547421875 0.8173848765624999 0.34812745 0.8179760671875 0.3443948109375 0.80943891875 0.3271029 0.8008560859375 0.32605655 0.79967329375 0.32738705 0.7915098078125 0.3445600640625 0.7893375218750001 0.35827533906250003 0.7895801515625 0.3665632109375 0.7922490234375 0.37426205 0.7955229375 0.3796751375 0.8067534078125 0.3793483640625 0.8094146890625 0.3763547421875
0 0.8105732375000001 0.40340915937500005 0.8140124421875001 0.41238166875 0.8153226124999999 0.41331560781250004 0.8263533296875 0.412994646875 0.834423196875 0.40012303125 0.840804203125 0.384384371875 0.8432789609375 0.3687593703125 0.8433881328125 0.355795365625 0.8426723859375 0.3480396953125 0.8403613890624999 0.344218690625 0.8329613484375 0.341841846875 0.8250942609375 0.3485511671875 0.8163476703124999 0.3669508265625 0.8105732375000001 0.40340915937500005
0 0.8725445875 0.35306768125 0.8697495546875 0.3510752765625 0.8628051109375001 0.351277340625 0.8544994171875 0.362665321875 0.8524371203125 0.3756861546875 0.853152865625 0.383441825 0.8549968187499999 0.39634899687499997 0.8597553625 0.40735685000000005 0.8624029312499999 0.4072798125 0.8681394734375001 0.40082689687500006 0.8749450546875 0.3578581453125 0.8748555859374999 0.3568886859375 0.8725445875 0.35306768125
0 0.81341498125 0.4149264140625 0.8103397203125 0.418385709375 0.8043711734375 0.431520203125 0.8034370828125 0.44969254062499997 0.8078384046875 0.46330295 0.8162901093749999 0.46305703125 0.8217309531250001 0.4569367390625 0.8237932515624999 0.4439159046875 0.82247093125 0.4154405625 0.8173212296875001 0.414812753125 0.81341498125 0.4149264140625
0 0.81265804375 0.49089888125 0.8096858843750001 0.47284020625 0.8058342203125 0.46647186406249996 0.7999748453125 0.46664235468750004 0.792107759375 0.47335167812499995 0.789329715625 0.478616840625 0.7843802015625 0.509866840625 0.790488278125 0.5265381875 0.79398206875 0.5290286953125001 0.79984144375 0.5288582046875 0.8057554046875 0.5222057125 0.8085334484375 0.5169405484375 0.8133737906249999 0.4986545515625 0.81265804375 0.49089888125
0 0.8148495499999999 0.49731552968750004 0.788361075 0.5356726625 0.7835207343749999 0.5539586578125 0.7852555140625 0.5798298359375 0.7875665125 0.5836508406250001 0.8056662703124999 0.5675711984375 0.8147707343749999 0.5530493765625 0.8168445625 0.5479343125 0.8236088968749999 0.5052259796875 0.8187557999999999 0.49720186875000005 0.8148495499999999 0.49731552968750004
0 0.8159966937500001 0.5729270890625 0.8109297015625 0.5720839468750001 0.80265015625 0.581397434375 0.791950440625 0.5998539218750001 0.7882383046875 0.6232914218750001 0.7905493031249999 0.6271124265625 0.7925024281249999 0.627055596875 0.8078787265624999 0.6097591171875 0.81106923125 0.6018897875 0.8122050125 0.5968668218750001 0.8159966937500001 0.5729270890625
0 0.8550521375000001 0.5816548078125 0.8623853234375 0.5353548953125 0.8606148640625 0.52106309375 0.858303865625 0.5172420890625 0.852444490625 0.5174125796875 0.8488961140625 0.521404075 0.8424059359375 0.5501067390625 0.84260005 0.5734305796875 0.8448564624999999 0.583733584375 0.8475141109375001 0.588127740625 0.8521723140624999 0.5879922 0.8550521375000001 0.5816548078125
0 0.8547363984375 0.544369215625 0.8579845171875 0.5238614015625 0.8566621953125001 0.495386059375 0.8516823265625 0.48386621406249997 0.8481885359374999 0.48137570781249994 0.8419167015625 0.48415036562499997 0.83363715625 0.493463853125 0.8308591125 0.49872901562500005 0.8267345171875 0.5247706828125 0.829045515625 0.5285916890625 0.8513184328125 0.54446866875 0.8547363984375 0.544369215625
0 0.8362468671875 0.46992882500000005 0.84117215 0.48793067187499994 0.8468911109375 0.494827915625 0.8616790578125 0.49439763125 0.8689565578125 0.4742262046875 0.8715653640625 0.45775485 0.870602428125 0.4248623703125 0.86988668125 0.4171067 0.8675756828125 0.4132856953125 0.8586349765625 0.40836151093749995 0.8543162671875001 0.4110793390625 0.8460367218749999 0.4203928265625 0.8428462187499999 0.4282621578125 0.8384183359374999 0.44394398749999997 0.8359435796874999 0.45956898749999997 0.8362468671875 0.46992882500000005
0 0.8481472484375001 0.4190353328125 0.8443677578125 0.4017777984375 0.840103634375 0.3980136234375 0.832291134375 0.3982409453125 0.8267896328125 0.40228927031249995 0.8193653624999999 0.44916427031249995 0.8247993046875 0.4612541390625 0.8374848515625001 0.460885028125 0.841565484375 0.45629480781250004 0.8425378 0.454452 0.8481472484375001 0.4190353328125