0 0.29296875 0.3703125 0.06015625 0.07890625
0 0.11484375 0.42578125 0.04765625 0.0625
0 0.04296875 0.24296875 0.03828125 0.053125
0 0.1 0.2671875 0.04765625 0.06171875
0 0.284375 0.45625 0.07109375 0.0953125
0 0.46328125 0.44765625 0.06640625 0.08359375
0 0.0578125 0.3046875 0.06171875 0.084375
0 0.025 0.4765625 0.05 0.084375
0 0.13046875 0.225 0.04609375 0.0625
0 0.046875 0.41015625 0.046875 0.071875
0 0.13984375 0.28515625 0.0421875 0.05859375
0 0.53359375 0.44375 0.0671875 0.07890625
0 0.11171875 0.15 0.07265625 0.0953125
0 0.1828125 0.2984375 0.04921875 0.06484375
0 0.23984375 0.40703125 0.053125 0.0640625
0 0.1109375 0.334375 0.046875 0.065625
0 0.428125 0.30390625 0.05859375 0.0765625
0 0.58984375 0.44609375 0.0484375 0.05703125
0 0.08046875 0.4734375 0.05390625 0.08125
0 0.1265625 0.47890625 0.03984375 0.05859375
0 0.40546875 0.39375 0.0859375 0.103125
0 0.4484375 0.640625 0.05859375 0.08359375
0 0.5265625 0.36484375 0.0671875 0.08203125
0 0.3484375 0.32890625 0.06484375 0.09375
0 0.190625 0.3734375 0.059375 0.08125
0 0.21484375 0.46640625 0.0578125 0.0734375
0 0.29765625 0.25859375 0.08359375 0.115625
0 0.346875 0.46640625 0.05 0.065625
0 0.16875 0.490625 0.0390625 0.0515625
0 0.33828125 0.4171875 0.03125 0.046875
0 0.0515625 0.15703125 0.0515625 0.07265625
0 0.22578125 0.25546875 0.05859375 0.07109375
0 0.16875 0.4390625 0.03828125 0.053125
0 0.0734375 0.2078125 0.03828125 0.0546875
0 0.24375 0.33203125 0.06015625 0.08515625
0 0.01484375 0.27734375 0.02890625 0.06015625
0 0.25234375 0.19375 0.03671875 0.0546875
0 0.46171875 0.37265625 0.04140625 0.059375
0 0.02109375 0.346875 0.0421875 0.075
0 0.140625 0.378125 0.04375 0.065625
0 0.071875 0.1 0.04140625 0.0515625
0 0.21796875 0.184375 0.03046875 0.0484375
0 0.17265625 0.1703125 0.053125 0.0890625
0 0.01796875 0.2015625 0.0359375 0.0765625
0 0.39609375 0.47578125 0.03515625 0.0546875
0 0.16484375 0.25 0.0328125 0.04296875
0 0.01015625 0.415625 0.01953125 0.06328125
0 0.009375 0.13046875 0.01875 0.06640625
0 0.08515625 0.384375 0.04296875 0.065625